Dump predicted miss count (no contention misses): 6140003873
Dump formated leases
0, 5dc, 1, 0, 1
0, 624, 2, 0, 1
0, 628, 1, 0, 1
0, 62c, 1, 0, 1
0, 638, 1, 0, 1
0, 648, 1, 0, 1
0, 668, 1, 0, 1
0, 66c, 2, 0, 1
0, 670, 1, 0, 1
0, 674, 1, 0, 1
0, 67c, 1, 0, 1
0, 694, 1, 0, 1
0, 6a0, 1, 0, 1
0, 6b0, 1, 0, 1
0, 6b4, 1, 0, 1
0, 6c4, 1, 0, 1
1, 6f4, 1, 0, 1
1, 6f8, 1, 0, 1
1, 6fc, 1, 0, 1
1, 700, 1, 0, 1
1, 708, 1, 0, 1
1, 730, 1, 2, 0.8978365395309049
1, 734, 1, 3, 1
1, 738, 1, 26d4, 1
1, 744, 1, 6, 1
1, 758, 1, 1d8, 1
1, 77c, 1, 6, 1
1, 780, 7fffffff, 9d96a, 1
1, 784, 1, 7fffffff, 0.9968200354717359
1, 788, 7fffffff, 631f5, 1
1, 790, 1, 222, 1
1, 7a4, 1, 2, 1
1, 7b4, 1, 3, 1
1, 7c4, 1, ba3, 1
1, 7c8, 1, ba0, 1
1, 7d8, 1, a00c5, 1
