Dump predicted miss count (no contention misses): 3685260809
Dump formated leases
0, 660, 3, 0, 1
0, 664, 3, 0, 1
0, 66c, 3, 0, 1
0, 678, 1, 0, 1
0, 688, 1, 12c1, 1
0, 694, 7fffffff, 1288, 1
0, 698, 1, 7fffffff, 0.9963700809272856
0, 69c, 1, 0, 1
0, 6b4, 3, 0, 1
0, 6c0, 1, 0, 1
1, 6f4, 4, 0, 1
1, 6f8, 1, 7fffffff, 0.9916265389906396
1, 6fc, 1, 0, 1
1, 710, 3, 0, 1
2, 72c, 1, 0, 1
2, 73c, 1, 0, 1
2, 768, 1, 0, 1
2, 76c, 1, 0, 1
2, 770, 1, 0, 1
2, 774, 1, 0, 1
2, 77c, 1, 0, 1
2, 79c, 1, 0, 1
2, 7ac, 2, 0, 1
