Dump predicted miss count (no contention misses): 5313001843
Dump formated leases
0, 730, 1, 0, 1
0, 7a4, 4, 0, 1
0, 7a8, 6, 0, 1
0, 7b8, 1, 0, 1
0, 7bc, 1, 6540e, 1
0, 7c8, 1, 0, 1
0, 7d0, 1, 21, 1
0, 7dc, 1, e8f, 1
0, 7e0, 1, 7fffffff, 0.9989705992369753
0, 7f8, 7fffffff, 6, 1
0, 80c, e2, 1a2, 1
1, 738, 1, 0, 1
1, 74c, 1, 0, 1
1, 75c, 1, 0, 1
1, 760, 1, 0, 1
1, 774, 1, 0, 1
1, 794, 1, 0, 1
1, 798, 1, 0, 1
2, 860, 7fffffff, 296, 1
2, 86c, 7fffffff, 186ef, 1
2, 870, f76, 0, 1
2, 888, d63, 0, 1
3, 8fc, 7fffffff, 2, 0.9999758719075831
3, 900, 1, ecd, 1
3, 918, 1, 4, 1
3, 934, 1, 309, 1
3, 93c, 7fffffff, 0, 1
