sample rate: 0.00390625
1592,
	[6,15112]
	[7,75]

1596,
	[1,14350]
	[2,903]

1600,
	[1,13654]
	[1985,830]
	[363249,30]
	[273642,1]
	[118558,1]
	[310984,1]
	[260974,1]
	[539014,1]
	[606106,1]
	[413200,2]
	[729178,1]
	[112384,1]
	[348646,1]
	[274580,1]
	[564808,1]
	[598514,1]
	[300214,3]
	[399594,1]
	[498974,2]
	[584108,1]
	[550242,1]
	[239776,2]
	[217778,1]
	[141974,2]
	[261134,1]
	[226948,3]
	[468744,2]
	[695356,1]
	[699312,1]
	[365110,1]
	[213982,3]
	[92604,3]
	[362732,1]
	[481732,1]
	[356398,2]
	[515118,1]
	[335818,2]
	[578254,1]
	[476656,1]
	[394700,2]
	[299116,1]
	[506886,1]
	[518594,1]
	[363510,1]
	[454818,2]
	[379128,1]
	[49088,2]
	[344850,1]
	[310824,1]
	[308766,1]
	[651840,2]
	[528404,2]
	[57000,1]
	[448302,2]
	[408306,1]
	[431722,1]
	[459414,1]
	[598354,2]
	[609902,1]
	[267628,1]
	[317318,2]
	[456214,1]
	[500552,2]
	[345010,1]
	[436318,2]
	[463690,1]
	[351642,1]
	[570182,1]
	[683328,1]
	[180116,1]
	[245150,1]
	[404190,1]
	[365408,1]
	[528244,1]
	[253542,1]
	[116340,1]
	[261294,1]
	[467646,1]
	[366048,1]
	[499134,1]
	[574618,2]
	[550722,1]
	[469064,1]
	[614178,1]
	[697530,1]
	[281234,2]
	[449764,1]
	[568764,1]
	[622366,2]
	[588384,2]
	[363670,1]
	[625886,2]
	[588064,1]
	[613858,1]
	[333142,1]
	[225690,2]
	[488684,1]
	[346908,1]
	[153842,1]
	[239296,1]
	[426028,1]
	[195300,2]
	[304490,1]
	[457516,1]
	[638190,2]
	[665446,1]
	[556096,1]
	[595816,1]
	[190246,2]
	[112544,3]
	[334880,3]
	[283132,1]
	[195460,1]
	[191344,2]
	[471442,1]
	[431562,1]
	[544548,1]
	[645826,1]
	[222054,2]
	[345170,1]
	[245470,2]
	[275220,1]
	[479674,1]
	[423650,2]
	[552780,2]
	[322052,2]
	[492960,1]
	[415098,1]
	[399114,1]
	[430922,1]
	[130266,1]
	[169986,1]
	[288986,1]
	[402132,1]
	[497556,1]
	[543246,1]
	[524768,1]
	[516536,1]
	[579992,1]
	[124412,1]
	[183912,1]
	[128048,1]
	[404030,1]
	[248946,1]
	[441372,1]
	[391362,1]
	[725106,2]
	[669402,1]
	[257498,1]
	[330604,1]
	[242772,1]
	[479034,1]
	[404968,1]
	[303552,1]
	[94662,1]
	[201954,1]
	[396598,1]
	[380614,1]
	[412422,1]
	[330764,1]
	[370164,1]
	[348166,1]
	[391522,1]
	[209546,1]
	[213502,1]
	[380294,1]
	[495498,1]
	[344370,3]
	[222992,2]
	[493120,1]
	[612120,1]
	[486786,2]
	[372862,1]
	[525088,1]
	[429504,1]
	[50986,1]
	[60796,1]
	[386468,1]
	[412102,3]
	[511482,1]
	[179476,2]
	[475238,1]
	[441212,1]
	[439154,1]
	[253862,2]
	[373022,1]
	[271424,2]
	[179956,1]
	[338836,2]
	[275060,1]
	[187388,1]
	[580632,1]
	[538694,1]
	[562110,1]
	[398016,1]
	[447706,2]
	[588544,1]
	[114442,1]
	[475398,1]
	[566706,1]
	[594078,1]
	[310504,1]
	[375538,1]
	[534578,1]
	[364470,1]
	[383930,1]
	[246728,1]
	[391682,1]
	[598034,1]
	[496436,1]
	[197838,1]
	[181854,1]
	[366368,1]
	[610498,2]
	[411622,1]
	[580152,1]
	[176320,2]
	[463530,1]
	[356078,2]
	[717310,2]
	[231864,2]
	[357038,1]
	[477296,1]
	[369684,1]
	[556416,1]
	[434878,1]
	[587904,1]
	[251644,1]
	[475994,1]
	[320634,2]
	[242932,2]
	[465268,2]
	[413520,1]
	[325848,1]
	[601830,1]
	[352442,2]
	[475558,1]
	[375858,2]
	[405608,1]
	[610062,1]
	[78838,1]
	[64912,1]
	[163812,1]
	[260654,1]
	[598630,1]
	[300374,1]
	[419374,1]
	[532520,1]
	[627944,1]
	[675576,1]
	[216040,1]
	[265730,1]
	[351184,1]
	[307188,2]
	[416378,1]
	[308926,1]
	[254800,1]
	[314300,1]
	[649942,1]
	[534418,1]
	[379334,1]
	[721266,1]
	[307348,1]
	[303232,2]
	[171564,1]
	[387886,1]
	[460992,1]
	[150206,1]
	[287088,1]
	[433940,1]
	[225050,1]
	[332342,1]
	[526986,1]
	[511002,1]
	[542810,1]
	[461152,1]
	[478554,1]
	[217618,1]
	[169826,1]
	[339934,1]
	[343890,1]
	[510682,1]
	[474758,2]
	[239936,1]
	[360834,1]
	[503250,1]
	[655476,1]
	[269526,1]
	[354660,1]
	[516856,1]
	[542490,3]
	[641870,1]
	[460054,1]
	[384250,2]
	[503410,1]
	[401812,1]
	[310344,1]
	[469224,1]
	[405448,1]
	[321434,1]
	[325390,1]
	[86590,1]
	[201794,1]
	[149886,1]
	[578094,1]
	[60956,1]
	[219996,1]
	[279176,1]
	[244830,1]
	[605786,1]
	[291364,2]
	[132164,1]
	[126150,1]
	[551158,1]
	[551042,1]
	[440892,1]
	[385006,1]
	[299276,1]
	[175680,1]
	[494858,1]
	[514318,1]
	[172044,1]
	[328226,1]
	[312242,1]
	[496756,1]
	[188188,1]
	[76780,1]
	[233602,1]
	[177898,1]
	[306708,2]
	[593918,1]
	[172204,2]
	[422392,1]
	[259236,1]
	[362252,1]
	[487426,1]
	[134382,1]
	[188028,1]
	[96560,2]
	[146090,1]
	[165870,1]
	[358616,1]
	[503570,1]
	[382032,1]
	[608324,1]
	[451022,2]
	[709398,1]
	[373320,2]
	[482830,1]
	[605946,1]
	[82794,1]
	[207968,1]
	[197678,1]
	[467966,2]
	[279016,1]
	[209226,1]
	[294200,1]
	[202114,1]
	[346428,1]
	[396118,1]
	[481572,1]
	[437576,2]
	[546766,1]
	[439314,1]
	[385188,1]
	[206070,2]
	[354820,2]
	[523466,1]
	[437736,1]
	[433620,2]
	[263192,1]
	[306868,1]
	[487746,2]
	[515554,1]
	[280594,1]
	[417476,1]
	[564328,1]
	[462730,1]
	[275700,1]
	[249746,1]
	[372542,1]
	[412262,1]
	[173622,1]
	[531262,1]
	[348006,1]
	[366688,1]
	[219516,2]
	[426188,1]
	[370324,1]
	[491222,1]
	[681706,1]
	[633638,1]
	[48928,1]
	[283452,1]
	[253382,1]
	[302752,1]
	[570938,1]
	[399914,1]
	[485048,1]
	[58898,1]
	[193882,1]
	[261454,1]
	[336938,1]
	[444230,1]
	[247368,1]
	[590442,1]
	[514638,2]
	[633798,1]
	[532200,1]
	[21236,2]
	[152424,1]
	[29148,1]
	[451822,1]
	[455778,1]
	[332182,1]
	[586646,1]
	[729062,2]
	[334560,1]
	[350384,1]
	[409564,1]
	[669838,1]
	[106530,1]
	[293262,1]
	[303072,1]
	[201634,1]
	[421752,1]
	[262552,1]
	[683488,1]
	[681430,1]
	[194042,1]
	[422232,1]
	[229326,1]
	[205430,1]
	[517336,1]
	[429664,1]
	[306068,1]
	[261774,1]
	[324750,1]
	[302432,1]
	[196100,1]
	[76620,2]
	[356718,1]
	[239136,2]
	[318576,1]
	[207168,1]
	[363990,1]
	[308286,1]
	[437096,1]
	[225850,1]
	[243412,1]
	[302592,2]
	[389624,1]
	[492640,1]
	[617814,1]
	[287568,1]
	[78678,1]
	[280914,1]
	[264770,1]
	[318416,1]
	[276478,1]
	[296258,1]
	[626206,1]
	[489004,1]
	[633958,1]
	[512420,1]
	[164292,2]
	[44972,2]
	[440114,1]
	[424130,1]
	[653898,1]
	[416654,1]
	[227748,1]
	[213182,1]
	[338356,1]
	[328066,1]
	[409404,1]
	[369182,1]
	[176000,1]
	[282972,1]
	[332502,1]
	[476816,1]
	[526506,1]
	[611960,1]
	[210026,1]
	[336458,2]
	[562910,2]
	[485208,1]
	[655796,1]
	[568124,1]
	[564008,1]
	[112704,1]
	[138338,2]
	[393580,1]
	[437256,1]
	[618134,1]
	[647884,1]
	[410982,1]
	[184232,1]
	[388962,1]
	[126310,1]
	[321114,1]
	[406088,1]
	[380134,1]
	[502930,1]
	[542650,1]
	[661650,1]
	[209706,1]
	[497076,1]
	[349904,2]
	[556576,1]
	[500712,1]
	[199576,1]
	[267148,1]
	[413840,1]
	[383770,1]
	[630162,1]
	[433140,1]
	[703268,1]
	[530302,1]
	[373138,1]
	[184072,1]
	[171884,1]
	[392482,1]
	[527422,1]
	[324270,1]
	[391842,1]
	[467326,1]
	[377756,1]
	[701486,1]
	[102734,1]
	[285510,1]
	[459894,1]
	[282812,1]
	[582210,1]
	[586166,1]
	[146410,1]
	[167928,2]
	[464948,1]
	[480772,1]
	[412698,1]
	[284870,1]
	[236918,1]
	[433460,1]
	[332022,1]
	[552140,1]
	[130426,2]
	[324430,1]
	[642146,1]
	[552620,1]
	[359714,1]
	[647724,1]
	[560052,1]
	[116500,1]
	[328866,1]
	[444070,1]
	[251164,1]
	[392162,1]
	[455138,1]
	[432820,1]
	[116180,1]
	[519510,1]
	[326488,1]
	[487106,1]
	[369524,1]
	[448964,1]
	[33104,1]
	[90706,1]
	[374440,1]
	[368426,1]
	[356238,1]
	[373800,1]
	[432980,1]
	[341214,1]
	[191664,1]
	[417956,1]
	[411302,1]
	[395158,1]
	[448804,1]
	[223952,1]
	[158278,1]
	[414320,1]
	[247208,1]
	[294680,2]
	[570502,1]
	[554518,1]
	[737090,1]
	[351024,1]
	[428522,1]
	[319056,1]
	[475878,1]
	[420174,1]
	[233282,1]
	[358136,1]
	[548984,1]
	[162394,1]
	[150366,1]
	[414480,1]
	[163652,1]
	[501512,1]
	[306388,1]
	[602586,1]
	[413360,1]
	[462890,1]
	[392802,1]
	[376658,1]
	[430304,1]
	[388366,1]
	[286928,1]
	[408146,1]
	[340414,1]
	[466846,1]
	[693298,1]
	[52884,1]
	[241354,1]
	[243092,1]
	[268726,1]
	[325070,1]
	[439954,1]
	[314620,1]
	[521292,1]
	[256698,1]
	[451502,1]
	[536476,1]
	[510522,1]
	[392918,1]
	[189766,1]
	[298956,1]
	[586762,1]
	[340094,1]
	[681590,1]
	[292942,1]
	[290884,1]
	[329964,1]
	[397536,1]
	[544228,1]
	[257658,1]
	[505468,1]
	[547202,1]
	[314460,1]
	[302272,1]
	[522870,1]
	[659752,1]
	[233122,1]
	[415898,1]
	[590282,1]
	[255280,1]
	[227268,1]
	[461792,1]
	[276798,1]
	[298316,2]
	[311464,1]
	[377094,1]
	[148308,1]
	[291204,1]
	[124092,1]
	[277118,1]
	[495658,1]
	[545028,1]
	[415258,1]
	[209866,1]
	[301174,1]
	[436158,1]
	[344530,1]
	[489644,1]
	[260814,2]
	[263512,1]
	[143872,1]
	[246888,1]
	[459254,1]
	[574458,1]
	[381552,1]
	[522550,1]
	[574894,1]
	[590718,1]
	[456876,1]
	[396758,1]
	[348806,1]
	[151944,1]
	[251324,1]
	[189446,1]
	[443910,1]
	[221094,1]
	[504828,1]
	[498814,1]
	[486626,1]
	[104472,1]
	[249426,1]
	[471602,1]
	[548344,1]

1612,
	[1,14340]
	[1747,40]
	[387,34]
	[627,37]
	[307,43]
	[227,46]
	[1027,42]
	[147,42]
	[1667,41]
	[467,35]
	[1587,39]
	[947,51]
	[67,43]
	[1187,41]
	[1427,37]
	[547,32]
	[1507,30]
	[1347,37]
	[1907,40]
	[1827,21]
	[867,32]
	[1267,41]
	[707,40]
	[787,45]
	[1107,32]

1632,
	[6,15097]
	[3,77]

1660,
	[3,14275]
	[391923,40]
	[391603,45]
	[392803,31]
	[392643,43]
	[392323,34]
	[391203,35]
	[391363,34]
	[392083,38]
	[392163,48]
	[391283,49]
	[391843,35]
	[392723,41]
	[577,45]
	[390405,40]
	[391763,37]
	[391523,44]
	[392003,35]
	[392483,52]
	[392243,30]
	[391443,30]
	[391683,45]
	[392883,38]
	[391049,41]
	[391123,31]
	[392403,40]
	[392563,37]

1664,
	[3,14235]
	[392807,37]
	[390409,41]
	[391447,36]
	[392487,49]
	[391607,48]
	[392567,36]
	[578,27]
	[391367,44]
	[392887,39]
	[391847,46]
	[391527,33]
	[391127,30]
	[391687,40]
	[391927,43]
	[392327,41]
	[392647,34]
	[392247,44]
	[392167,43]
	[392727,45]
	[391767,35]
	[391287,43]
	[391050,36]
	[392007,27]
	[392087,33]
	[391207,35]
	[392407,39]

1604,
	[1983,15233]
	[296111,1]
	[389077,2]
	[280287,1]
	[347539,1]
	[381165,1]
	[108201,1]
	[375231,2]
	[197211,2]
	[307979,1]
	[357429,2]
	[175453,2]
	[203145,3]
	[325781,1]
	[147761,1]
	[199189,1]
	[187321,2]
	[258529,1]
	[141827,1]
	[46883,2]
	[329737,1]
	[5345,1]
	[11279,2]
	[127981,1]
	[153695,1]
	[284243,1]
	[288199,1]
	[70619,1]
	[240727,1]
	[157651,1]
	[211057,1]
	[363363,1]
	[86443,1]
	[319847,2]
	[377209,1]
	[72597,1]
	[317869,1]
	[159629,1]
	[294133,1]
	[169519,1]
	[177431,1]
	[343583,1]
	[298089,1]
	[359407,2]
	[167541,1]
	[44905,2]
	[254573,1]
	[264463,1]
	[112157,1]
	[234793,1]
	[48861,1]
	[331715,1]
	[290177,1]
	[266441,1]
	[17213,1]
	[13257,1]
	[64685,1]
	[226881,1]
	[272375,1]
	[106223,1]
	[9301,1]

1684,
	[1985,14286]
	[86540,1]
	[84845,1]
	[181804,1]
	[581947,1]
	[338776,1]
	[376468,1]
	[431972,1]
	[600552,1]
	[15132,1]
	[32944,2]
	[112144,2]
	[253052,1]
	[189916,1]
	[217748,1]
	[176293,2]
	[301084,2]
	[459644,1]
	[329236,3]
	[555068,1]
	[367228,37]
	[62599,2]
	[167968,1]
	[478571,1]
	[512760,1]
	[469664,1]
	[541232,1]
	[254480,1]
	[263072,3]
	[463620,2]
	[477936,1]
	[122004,1]
	[454715,1]
	[294560,1]
	[191824,2]
	[253372,3]
	[558091,1]
	[471092,1]
	[530572,1]
	[319056,1]
	[277548,1]
	[427996,2]
	[584488,1]
	[286128,3]
	[72544,2]
	[43041,3]
	[258776,2]
	[399364,1]
	[233652,1]
	[421792,1]
	[607864,1]
	[313172,1]
	[267741,1]
	[673548,1]
	[317936,1]
	[393160,1]
	[288676,1]
	[371852,1]
	[205980,1]
	[352452,1]
	[528504,3]
	[532480,1]
	[330824,1]
	[595936,2]
	[406048,1]
	[586236,1]
	[568584,2]
	[268316,1]
	[240804,1]
	[496536,1]
	[464888,1]
	[304740,2]
	[314920,1]
	[459484,1]
	[334960,2]
	[657804,1]
	[707264,1]
	[578764,1]
	[96400,2]
	[49061,1]
	[474748,1]
	[522307,1]
	[295040,1]
	[261644,1]
	[346728,1]
	[615816,1]
	[475388,1]
	[443740,2]
	[430064,1]
	[296148,2]
	[280564,1]
	[108488,2]
	[102681,1]
	[223472,1]
	[603888,1]
	[522940,1]
	[412412,1]
	[669732,1]
	[727144,2]
	[361352,2]
	[70636,2]
	[437056,1]
	[295200,1]
	[671640,2]
	[23084,2]
	[326048,1]
	[434988,2]
	[138465,1]
	[294880,1]
	[288996,2]
	[522460,1]
	[300924,1]
	[619792,2]
	[479364,2]
	[453760,1]
	[207408,1]
	[461392,2]
	[334800,1]
	[382352,3]
	[414160,1]
	[434200,2]
	[531212,1]
	[626316,1]
	[349744,2]
	[112677,1]
	[391572,1]
	[190076,1]
	[374080,2]
	[402232,1]
	[627744,1]
	[333289,1]
	[339724,2]
	[329864,1]
	[378056,1]
	[275320,1]
	[550292,2]
	[503060,1]
	[238736,2]
	[74612,1]
	[395075,1]
	[199616,1]
	[439124,2]
	[227608,2]
	[496856,1]
	[438336,1]
	[363267,1]
	[389184,1]
	[325888,1]
	[288516,1]
	[177828,1]
	[373760,1]
	[219656,1]
	[269116,1]
	[188221,3]
	[530412,1]
	[398096,2]
	[641587,1]
	[430224,1]
	[719192,2]
	[426883,1]
	[211544,1]
	[154292,1]
	[488584,1]
	[223632,1]
	[479044,2]
	[220029,1]
	[494948,1]
	[326848,1]
	[604048,1]
	[368676,2]
	[341164,1]
	[629972,1]
	[479684,1]
	[586556,1]
	[733035,2]
	[735096,1]
	[323820,1]
	[104725,2]
	[328276,1]
	[146417,1]
	[528664,1]
	[392212,2]
	[264660,2]
	[191664,1]
	[441512,1]
	[305060,2]
	[362632,1]
	[299336,1]
	[386488,1]
	[274520,1]
	[345768,1]
	[417016,2]
	[187848,1]
	[393960,1]
	[481112,1]
	[546796,2]
	[234920,2]
	[221084,1]
	[171944,1]
	[506556,1]
	[512600,1]
	[364700,1]
	[352932,1]
	[610092,2]
	[618044,1]
	[491452,1]
	[141884,2]
	[258616,1]
	[147928,2]
	[70873,2]
	[367716,1]
	[393480,1]
	[411452,1]
	[505288,1]
	[521192,2]
	[596576,1]
	[582740,1]
	[166060,1]
	[379964,1]
	[243512,1]
	[293132,1]
	[568104,1]
	[257745,1]
	[277625,1]
	[721260,1]
	[381232,1]
	[114609,1]
	[409544,1]
	[486836,1]
	[354360,1]
	[605803,1]
	[251837,2]
	[428156,1]
	[465848,2]
	[711240,1]
	[248596,1]
	[332252,1]
	[164152,1]
	[358016,2]
	[320484,2]
	[534235,1]
	[312692,1]
	[291224,1]
	[231957,1]
	[570652,1]
	[341241,2]
	[614388,1]
	[108701,2]
	[461072,1]
	[237788,1]
	[715216,1]
	[280244,1]
	[329704,1]
	[256708,1]
	[149996,1]
	[463140,2]
	[443420,1]
	[227981,1]
	[657644,1]
	[610252,1]
	[173372,1]
	[375508,1]
	[239056,1]
	[116653,1]
	[417336,1]
	[229516,1]
	[301244,1]
	[651600,1]
	[475708,2]
	[542980,1]
	[473960,1]
	[491772,2]
	[151744,1]
	[134092,2]
	[450892,3]
	[441192,2]
	[386008,1]
	[587984,2]
	[336868,1]
	[669419,1]
	[562860,1]
	[519444,2]
	[13277,1]
	[223312,1]
	[272772,1]
	[144272,1]
	[358176,1]
	[437376,1]
	[251464,1]
	[269596,1]
	[613908,1]
	[495268,1]
	[713308,1]
	[181324,1]
	[357376,1]
	[40896,1]
	[320324,1]
	[247861,1]
	[439764,1]
	[406208,1]
	[665756,1]
	[284135,2]
	[256548,1]
	[88448,1]
	[64965,1]
	[235240,1]
	[292652,2]
	[490652,1]
	[397936,1]
	[552360,1]
	[576376,1]
	[493680,2]
	[744963,3]
	[531372,2]
	[62921,2]
	[420992,2]
	[237148,2]
	[304900,2]
	[388236,1]
	[469344,1]
	[499244,1]
	[295573,1]
	[445968,2]
	[380924,1]
	[185300,2]
	[44872,2]
	[395388,1]
	[124605,2]
	[286928,1]
	[661467,1]
	[542820,1]
	[487476,3]
	[442312,1]
	[427036,1]
	[413200,1]
	[239536,1]
	[314760,1]
	[409864,1]
	[398256,2]
	[311264,2]
	[511172,2]
	[556816,2]
	[537096,2]
	[351492,1]
	[193252,1]
	[369304,1]
	[60989,1]
	[215840,1]
	[364380,1]
	[505128,1]
	[68568,1]
	[395228,2]
	[367876,1]
	[136533,1]
	[387756,1]
	[340684,1]
	[594028,2]
	[416068,1]
	[560632,1]
	[351024,1]
	[363165,1]
	[292492,1]
	[427356,1]
	[404300,2]
	[382672,1]
	[481912,2]
	[207088,1]
	[284700,1]
	[203912,1]
	[350384,2]
	[425608,1]
	[465208,1]
	[451372,2]
	[534708,1]
	[344820,2]
	[341004,1]
	[619952,2]
	[319429,1]
	[353400,1]
	[169556,1]
	[195480,1]
	[152064,1]
	[94729,1]
	[298536,2]
	[300604,1]
	[342592,1]
	[467436,1]
	[330984,1]
	[574308,1]
	[370744,1]
	[343285,2]
	[383620,2]
	[369784,1]
	[460912,2]
	[197868,1]
	[309036,2]
	[572400,1]
	[523260,1]
	[445168,1]
	[390304,1]
	[665443,2]
	[359444,1]
	[112304,2]
	[286448,1]
	[353880,1]
	[439284,1]
	[184245,2]
	[356428,1]
	[394600,1]
	[469824,1]
	[545048,1]
	[175600,2]
	[183552,1]
	[118585,2]
	[221564,1]
	[389984,1]
	[673395,1]
	[697404,1]
	[388953,1]
	[258456,1]
	[70796,1]
	[278496,2]
	[86700,2]
	[162084,1]
	[148248,1]
	[483020,1]
	[317148,1]
	[74849,2]
	[286768,1]
	[237628,1]
	[570019,1]
	[507036,1]
	[578284,1]
	[612000,2]
	[439924,1]
	[527076,1]
	[404460,1]
	[507516,1]
	[415108,1]
	[276748,1]
	[419404,2]
	[273252,1]
	[532640,1]
	[349193,2]
	[136160,1]
	[391412,2]
	[179896,1]
	[621707,1]
	[382512,2]
	[432920,1]
	[375668,1]
	[280724,1]
	[448984,1]
	[347048,1]
	[495428,2]
	[436108,1]
	[282472,1]
	[223152,1]
	[175760,1]
	[681347,1]
	[606276,1]
	[400804,1]
	[391099,1]
	[217108,1]
	[277388,1]
	[423060,1]
	[128368,1]
	[502900,1]
	[582100,1]
	[617731,1]
	[179416,1]
	[60776,1]
	[278816,1]
	[506716,2]
	[287408,1]
	[693275,1]
	[347261,1]
	[50993,1]
	[231264,1]
	[146340,1]
	[182201,1]
	[318896,1]
	[645716,1]
	[582420,1]
	[554908,1]
	[310464,2]
	[532320,1]
	[283112,1]
	[423700,1]
	[446128,1]
	[632200,1]
	[64752,1]
	[342272,1]
	[417496,1]
	[469024,1]
	[313012,1]
	[396188,1]
	[376788,1]
	[552840,2]
	[693428,1]
	[620272,1]
	[430384,1]
	[226968,1]
	[108328,1]
	[265140,1]
	[520872,1]
	[489224,1]
	[329076,2]
	[596256,1]
	[483820,1]
	[76680,2]
	[290424,1]
	[122324,2]
	[102604,2]
	[499084,1]
	[546636,1]
	[640152,1]
	[499724,1]
	[468076,1]
	[409384,1]
	[628224,1]
	[740987,2]
	[159536,1]
	[126140,1]
	[385688,1]
	[478884,1]
	[337656,1]
	[232852,1]
	[459324,2]
	[319216,1]
	[313332,1]
	[325260,1]
	[637924,1]
	[100216,1]
	[185460,1]
	[231744,1]
	[631720,1]
	[485728,1]
	[406688,1]
	[139816,1]
	[322232,1]
	[379644,1]
	[472840,1]
	[415908,1]
	[398416,1]
	[639832,2]
	[633948,1]
	[137908,1]
	[282312,1]
	[364060,1]
	[354200,1]
	[402392,1]
	[574628,1]
	[527396,1]
	[230944,1]
	[421152,1]
	[472680,1]
	[463460,2]
	[582260,1]
	[365097,2]
	[683568,1]
	[300124,1]
	[110556,1]
	[387596,1]
	[413520,1]
	[350224,1]
	[312852,1]
	[293452,1]
	[554748,1]
	[422432,1]
	[403027,1]
	[238896,1]
	[373440,1]
	[262912,1]
	[451212,1]
	[512920,1]
	[503380,1]
	[519284,1]
	[371117,1]
	[292332,1]
	[348156,1]
	[546163,2]
	[352612,1]
	[553000,1]
	[416548,1]
	[143792,1]
	[177508,2]
	[341792,1]
	[92584,1]
	[442787,1]
	[312372,1]
	[552200,1]
	[624088,1]
	[298856,1]
	[370104,1]
	[441352,1]
	[550452,1]
	[311477,1]
	[418296,1]
	[616136,1]
	[505448,1]
	[189191,1]
	[449144,1]
	[259256,1]
	[245420,1]
	[544408,1]
	[530892,1]
	[536936,1]
	[667504,1]
	[130513,1]
	[443100,1]
	[166220,1]
	[282952,1]
	[392052,1]
	[417816,1]
	[435788,1]
	[265697,1]
	[717284,1]
	[246848,1]
	[171784,1]
	[516736,1]
	[309433,2]
	[592440,1]
	[405568,1]
	[433880,1]
	[631880,1]
	[378696,1]
	[630132,1]
	[315783,1]
	[405248,1]
	[106657,1]
	[272932,1]
	[356588,1]
	[558564,1]
	[337028,1]
	[371372,1]
	[351652,1]
	[485408,1]
	[211224,1]
	[120416,1]
	[304580,1]
	[354040,1]
	[281044,1]
	[534548,1]
	[467756,1]
	[681500,1]
	[419244,1]
	[197708,1]
	[399844,1]
	[263392,1]
	[441672,1]
	[118348,1]
	[258936,1]
	[185780,1]
	[176080,1]
	[520392,1]
	[534388,1]
	[475228,2]
	[273649,1]
	[465528,1]
	[410344,1]
	[612320,1]
	[86380,1]
	[54732,1]
	[278336,1]
	[161764,1]
	[314120,1]
	[310304,1]
	[247648,1]
	[297108,1]
	[243885,1]
	[461712,1]
	[317776,1]
	[64592,1]
	[438811,1]
	[90753,1]
	[205660,1]
	[381712,1]
	[344660,1]
	[663688,1]
	[464100,1]
	[193732,1]
	[306488,1]
	[454868,1]
	[280884,1]
	[492560,1]
	[259576,1]
	[316988,1]
	[514988,1]
	[422272,1]
	[351237,1]
	[576696,1]
	[205020,1]
	[306008,1]
	[333840,1]
	[417176,1]
	[445328,1]
	[261484,1]
	[639672,1]
	[329313,1]
	[412572,1]
	[203432,1]
	[209636,1]
	[419724,1]
	[379171,1]
	[197228,1]
	[437536,1]
	[339096,1]
	[687544,1]
	[240644,1]
	[307916,1]
	[369464,2]
	[205340,2]
	[199456,1]
	[435148,1]
	[375828,1]
	[217588,1]
	[393640,1]
	[388716,1]
	[140136,1]
	[142441,1]
	[429264,1]
	[419564,1]
	[412092,1]
	[643808,2]
	[365020,1]
	[618364,1]
	[30951,1]
	[147768,1]
	[322072,1]
	[98705,1]
	[249076,1]
	[446916,1]
	[316828,1]
	[451692,1]
	[655576,1]
	[337265,1]
	[120256,1]
	[431012,1]
	[231424,1]
	[451052,1]
	[374720,1]
	[449944,1]
	[489544,1]
	[685476,1]
	[559044,1]
	[78428,1]
	[25205,1]
	[298376,1]
	[411132,1]
	[377736,1]
	[462820,1]
	[193892,1]
	[219816,1]
	[322872,1]
	[324940,1]
	[366928,1]
	[339564,1]
	[314280,1]
	[118508,1]
	[407956,1]
	[394120,1]
	[485248,1]
	[31113,1]
	[189596,1]
	[411292,1]
	[126537,1]
	[469504,1]
	[414640,1]
	[410979,1]
	[405088,1]
	[181644,1]
	[383780,1]
	[310784,1]
	[378216,1]
	[380764,1]
	[208996,1]
	[35089,1]
	[102444,1]
	[233012,1]
	[498451,1]
	[530259,1]
	[199936,1]
	[207888,1]
	[208101,1]
	[235933,1]
	[414320,1]
	[306168,1]
	[282792,1]
	[518331,1]
	[302832,1]
	[507356,1]
	[157948,1]
	[311104,1]
	[606116,1]
	[594348,1]
	[343700,1]
	[197388,1]
	[195640,1]
	[439444,1]
	[554428,1]
	[556976,1]
	[124072,1]
	[335748,1]
	[385208,1]
	[53037,1]
	[415748,1]
	[546316,1]
	[331357,1]
	[661780,1]
	[646036,1]
	[5325,1]
	[15209,1]
	[270384,1]
	[50916,1]
	[442940,1]
	[484768,1]
	[457256,1]
	[400004,1]
	[473320,1]

1556,
	[1,14276]
	[1271,41]
	[1671,31]
	[391,41]
	[1351,37]
	[311,45]
	[71,29]
	[951,39]
	[1191,51]
	[471,50]
	[231,28]
	[711,33]
	[1751,36]
	[1111,38]
	[1031,43]
	[1831,48]
	[551,38]
	[1911,31]
	[631,35]
	[1511,34]
	[791,46]
	[1591,26]
	[1431,39]
	[871,34]
	[151,31]

1540,
	[6,89]

1528,
	[1983,76]
	[301942,1]
	[270294,2]
	[17110,1]
	[238646,1]
	[365245,1]

1816,
	[7,14240]
	[606,40]
	[305508,2]
	[90591,1]
	[164067,1]
	[102359,1]
	[287163,3]
	[265215,2]
	[404375,2]
	[227363,2]
	[399759,1]
	[528419,2]
	[422975,1]
	[49000,1]
	[140448,1]
	[68803,2]
	[62759,2]
	[352527,2]
	[320079,2]
	[321827,2]
	[423135,1]
	[415023,1]
	[352687,1]
	[215115,1]
	[495343,2]
	[367791,1]
	[307991,2]
	[201919,1]
	[150071,1]
	[422187,2]
	[262987,1]
	[236743,2]
	[393715,1]
	[345843,1]
	[474983,1]
	[576131,2]
	[66948,1]
	[124544,1]
	[341292,3]
	[331059,1]
	[362547,1]
	[373675,1]
	[447151,1]
	[653743,1]
	[627666,1]
	[41048,1]
	[247723,2]
	[275235,2]
	[380359,2]
	[481507,1]
	[578679,1]
	[446991,2]
	[403095,1]
	[110684,1]
	[271419,1]
	[400559,1]
	[452247,1]
	[88363,1]
	[296863,3]
	[457811,2]
	[205255,1]
	[356343,1]
	[351887,1]
	[679507,2]
	[82852,1]
	[134007,1]
	[499639,1]
	[223227,1]
	[390059,1]
	[431407,2]
	[588379,1]
	[387351,1]
	[721175,1]
	[416463,3]
	[477051,1]
	[522535,1]
	[341079,2]
	[235635,1]
	[336623,1]
	[286683,1]
	[342187,2]
	[409779,1]
	[509179,1]
	[332007,1]
	[335823,1]
	[562295,1]
	[544170,1]
	[136472,1]
	[235795,1]
	[227683,1]
	[370019,1]
	[445563,2]
	[276503,2]
	[326123,1]
	[411527,1]
	[355703,2]
	[138516,2]
	[128283,1]
	[274435,1]
	[612395,1]
	[627819,2]
	[540194,2]
	[17115,1]
	[388791,2]
	[280959,1]
	[485643,3]
	[431727,2]
	[547031,1]
	[465443,1]
	[588219,1]
	[494543,1]
	[729127,3]
	[277676,1]
	[126055,1]
	[157863,1]
	[452087,1]
	[475943,1]
	[545123,2]
	[558799,1]
	[399439,1]
	[439199,2]
	[548299,1]
	[695411,1]
	[591882,1]
	[259651,2]
	[215755,1]
	[161839,1]
	[308951,2]
	[384495,1]
	[440159,1]
	[207483,2]
	[637999,1]
	[586151,2]
	[560227,1]
	[169951,1]
	[396423,1]
	[200011,1]
	[223547,1]
	[322947,1]
	[497731,1]
	[513475,2]
	[549180,1]
	[469579,1]
	[556731,1]
	[429339,1]
	[522695,1]
	[401187,1]
	[112539,1]
	[335195,1]
	[420439,2]
	[487391,1]
	[350139,2]
	[343775,1]
	[429179,1]
	[502495,1]
	[23212,2]
	[166348,1]
	[374955,1]
	[246603,1]
	[377811,1]
	[341707,1]
	[186228,2]
	[213047,1]
	[272687,1]
	[511247,1]
	[288431,1]
	[433475,1]
	[471007,1]
	[510767,1]
	[337731,2]
	[130351,1]
	[74527,2]
	[382587,1]
	[328671,1]
	[413915,1]
	[687459,2]
	[645631,1]
	[307203,1]
	[340919,1]
	[287003,1]
	[316743,1]
	[400079,2]
	[264735,1]
	[530967,1]
	[449219,2]
	[37072,1]
	[90804,2]
	[229964,1]
	[269724,2]
	[360959,1]
	[368431,1]
	[320399,1]
	[558479,1]
	[398811,2]
	[372887,1]
	[116355,1]
	[326923,1]
	[382267,1]
	[602215,1]
	[480707,1]
	[681415,1]
	[195555,1]
	[477851,1]
	[177583,1]
	[288591,1]
	[296543,1]
	[242787,2]
	[624163,2]
	[435223,1]
	[490887,1]
	[570247,1]
	[564203,1]
	[353220,1]
	[213847,1]
	[408511,1]
	[265055,1]
	[419639,1]
	[357771,2]
	[441267,1]
	[663603,1]
	[114660,1]
	[174300,1]
	[243824,1]
	[76595,1]
	[315155,1]
	[295115,2]
	[483895,1]
	[286843,2]
	[382107,1]
	[220999,1]
	[391647,1]
	[746946,1]
	[156352,1]
	[241519,1]
	[207643,2]
	[436183,1]
	[358571,1]
	[264415,1]
	[399599,2]
	[621935,1]
	[607939,1]
	[701295,1]
	[152376,2]
	[301532,1]
	[141799,1]
	[292727,1]
	[201119,2]
	[505203,1]
	[278411,2]
	[594423,1]
	[397211,1]
	[476731,1]
	[508539,1]
	[9240,1]
	[209711,1]
	[483735,1]
	[268711,1]
	[364135,1]
	[264575,2]
	[608099,2]
	[548146,1]
	[416303,1]
	[459399,1]
	[451287,3]
	[671402,1]
	[389004,1]
	[308311,1]
	[576611,1]
	[616051,1]
	[606031,1]
	[436818,1]
	[72856,2]
	[293367,1]
	[148003,1]
	[217503,1]
	[213367,1]
	[248991,1]
	[511087,1]
	[586311,1]
	[449059,1]
	[532555,1]
	[265748,1]
	[321412,1]
	[382907,1]
	[376863,1]
	[338851,2]
	[137983,1]
	[364615,1]
	[147843,1]
	[501707,1]
	[428071,1]
	[292567,2]
	[292247,2]
	[409139,1]
	[619867,2]
	[159931,1]
	[458131,1]
	[479919,2]
	[473875,1]
	[455903,1]
	[302747,2]
	[280799,1]
	[74687,1]
	[626231,1]
	[339799,1]
	[629887,1]
	[738994,1]
	[420599,1]
	[122079,2]
	[310859,1]
	[205415,1]
	[467191,1]
	[461147,1]
	[647859,2]
	[319759,1]
	[673463,2]
	[209871,1]
	[289391,1]
	[321199,1]
	[227523,1]
	[225295,1]
	[410099,1]
	[413595,1]
	[468939,1]
	[518559,1]
	[267283,1]
	[450179,1]
	[193487,2]
	[397851,1]
	[546871,2]
	[317851,2]
	[468626,1]
	[88683,1]
	[406443,2]
	[499479,1]
	[616371,1]
	[27188,1]
	[292407,2]
	[433155,1]
	[263704,1]
	[347200,1]
	[197783,2]
	[346803,2]
	[344575,1]
	[185375,2]
	[209231,1]
	[370179,2]
	[735018,1]
	[221799,1]
	[279211,1]
	[378611,2]
	[350619,1]
	[433795,2]
	[244695,2]
	[534943,1]
	[548779,1]
	[558639,1]
	[355543,1]
	[498679,1]
	[510607,1]
	[538439,1]
	[373355,1]
	[601895,1]
	[241359,2]
	[338051,1]
	[401667,1]
	[415503,1]
	[687619,1]
	[643570,1]
	[170324,1]
	[179651,2]
	[376383,1]
	[461467,1]
	[532875,1]
	[331847,2]
	[685551,1]
	[132419,1]
	[318971,1]
	[424255,1]
	[428231,1]
	[255195,1]
	[312447,1]
	[294475,1]
	[314195,1]
	[353955,1]
	[276343,1]
	[401034,1]
	[17192,1]
	[283584,1]
	[331219,1]
	[344895,1]
	[251219,1]
	[418211,1]
	[223067,1]
	[537171,1]
	[407871,2]
	[336143,1]
	[504723,1]
	[132496,2]
	[138303,1]
	[173767,2]
	[116035,1]
	[439839,1]
	[286523,1]
	[536851,1]
	[318011,1]
	[492955,1]
	[411367,1]
	[590287,1]
	[552275,1]
	[173927,1]
	[181719,1]
	[157703,1]
	[262667,2]
	[523015,1]
	[247800,1]
	[134327,2]
	[392447,1]
	[175675,1]
	[300519,1]
	[507271,1]
	[568659,2]
	[631795,1]
	[410419,2]
	[275075,1]
	[398011,2]
	[421707,1]
	[415663,1]
	[431567,1]
	[397691,1]
	[168203,1]
	[311339,1]
	[323267,1]
	[351099,1]
	[186015,1]
	[414555,1]
	[398491,2]
	[189671,1]
	[392287,1]
	[417731,1]
	[546551,1]
	[657719,1]
	[379239,1]
	[48923,1]
	[414235,1]
	[256943,1]
	[365723,1]
	[631955,1]
	[546231,2]
	[723090,1]
	[60928,1]
	[162372,2]
	[201759,1]
	[165655,2]
	[451607,1]
	[358091,1]
	[268391,1]
	[131939,1]
	[422027,1]
	[302587,1]
	[222907,1]
	[262507,1]
	[550687,1]
	[319368,1]
	[336943,1]
	[446203,1]
	[209551,1]
	[334395,1]
	[596331,2]
	[620027,1]
	[359519,1]
	[466871,1]
	[568179,1]
	[241892,1]
	[364935,1]
	[308631,1]
	[394035,1]
	[667426,1]
	[104427,1]
	[257423,2]
	[588699,1]
	[653903,2]
	[393082,1]
	[124307,1]
	[261399,1]
	[191739,1]
	[423775,2]
	[250739,2]
	[497251,1]
	[294315,1]
	[407391,1]
	[363335,1]
	[185855,1]
	[293047,1]
	[487711,1]
	[433315,1]
	[632115,1]
	[482935,1]
	[379399,1]
	[452875,1]
	[377076,1]
	[191899,1]
	[311019,1]
	[334715,1]
	[342667,1]
	[199371,1]
	[239131,1]
	[485163,1]
	[675531,1]
	[358891,2]
	[233407,1]
	[123987,1]
	[445883,1]
	[298611,1]
	[552915,1]
	[509019,1]
	[612235,2]
	[431247,1]
	[580267,1]
	[689527,2]
	[136235,2]
	[418371,1]
	[335983,1]
	[407551,1]
	[675691,2]
	[613823,1]
	[635618,1]
	[102732,1]
	[261239,1]
	[398171,1]
	[172179,1]
	[279531,1]
	[380839,1]
	[161519,1]
	[467671,1]
	[227043,1]
	[197143,1]
	[540667,1]
	[520467,1]
	[94780,1]
	[60691,2]
	[322627,2]
	[497411,1]
	[322147,1]
	[300199,1]
	[439359,1]
	[78876,1]
	[253447,1]
	[336783,1]
	[173447,1]
	[549099,1]
	[558959,1]
	[387511,2]
	[578359,1]
	[703363,2]
	[237916,1]
	[142279,1]
	[175995,1]
	[387671,1]
	[530327,1]
	[313460,1]
	[192059,1]
	[265535,1]
	[132099,1]
	[485803,1]
	[137823,1]
	[236903,1]
	[503295,1]
	[457171,1]
	[193647,1]
	[358411,3]
	[457651,1]
	[533195,1]
	[366043,1]
	[552755,1]
	[397531,1]
	[392925,1]
	[261772,1]
	[348551,1]
	[282707,1]
	[471487,1]
	[310219,1]
	[415343,2]
	[516491,1]
	[426483,1]
	[225615,1]
	[306403,1]
	[435543,1]
	[487231,1]
	[492795,1]
	[391327,1]
	[621775,1]
	[360799,1]
	[277143,1]
	[408191,1]
	[534623,1]
	[425043,1]
	[333127,1]
	[229431,1]
	[189511,1]
	[443975,1]
	[451447,1]
	[247403,1]
	[376063,1]
	[270619,1]
	[596491,1]
	[620347,1]
	[371607,1]
	[218036,1]
	[167723,1]
	[169471,1]
	[270779,1]
	[538759,1]
	[655811,1]
	[342987,1]
	[215435,1]
	[155635,2]
	[112616,1]
	[84387,1]
	[315943,1]
	[520627,1]
	[466711,2]
	[582015,1]
	[623690,1]
	[221319,1]
	[294795,1]
	[501387,1]
	[487071,1]
	[510927,1]
	[580107,1]
	[381154,1]
	[687306,1]
	[245868,2]
	[329151,1]
	[426323,1]
	[294635,1]
	[343935,2]
	[419479,1]
	[475143,1]
	[634183,1]
	[307440,1]
	[52899,1]
	[203987,1]
	[434435,1]
	[199531,1]
	[527151,1]
	[365148,1]
	[237703,1]
	[279051,1]
	[436023,1]
	[234995,1]
	[568819,1]
	[258531,1]
	[357931,1]
	[532715,1]
	[673783,1]
	[548459,2]
	[504563,1]
	[324695,1]
	[455423,1]
	[522375,1]
	[476578,1]
	[202132,1]
	[189831,1]
	[356823,1]
	[183467,1]
	[409939,1]
	[217663,1]
	[293207,1]
	[124147,1]
	[259171,1]
	[203347,2]
	[460039,1]
	[475463,1]
	[417571,1]
	[363655,1]
	[562455,1]
	[448899,1]
	[635771,1]
	[146468,1]
	[335272,1]
	[279371,1]
	[394675,1]
	[313087,1]
	[470059,1]
	[435863,1]
	[576771,2]
	[375903,1]
	[321987,1]
	[351727,1]
	[435063,1]
	[651522,2]
	[392767,1]
	[247083,1]
	[395943,1]
	[543055,1]
	[403415,1]
	[634023,1]
	[673623,1]
	[355383,1]
	[361907,1]
	[417251,1]
	[512835,1]
	[363104,1]
	[317223,1]
	[276983,1]
	[515543,1]
	[370339,1]
	[248831,1]
	[443495,1]
	[540827,1]
	[300039,1]
	[556098,1]
	[335035,1]
	[191419,1]
	[276823,1]
	[330099,2]
	[518879,1]
	[661855,1]
	[705431,1]
	[417091,1]
	[587906,1]
	[225455,1]
	[189351,1]
	[242627,1]
	[471167,1]
	[393555,1]
	[584403,1]
	[624003,1]
	[647546,1]
	[120331,1]
	[136075,1]
	[281119,1]
	[318651,1]
	[610487,1]
	[327711,1]
	[194180,1]
	[392980,1]
	[261559,1]
	[535103,1]
	[493275,1]
	[516971,1]
	[518719,1]
	[399119,1]
	[637679,1]
	[182252,1]
	[112379,1]
	[578519,1]
	[233940,1]
	[168043,1]
	[406123,1]
	[231896,1]
	[449859,1]
	[328351,1]
	[529059,1]
	[572635,1]
	[638159,1]
	[544643,1]
	[608259,1]
	[552122,1]
	[43092,1]
	[144187,1]
	[90431,1]
	[471807,1]
	[282867,1]
	[338531,1]
	[417891,1]
	[411847,1]
	[373835,1]
	[536691,1]
	[463055,1]
	[610167,1]
	[711315,1]
	[420914,1]

1848,
	[6,15211]
	[2,74]

1808,
	[6,15266]
	[8,79]

1812,
	[7,14234]
	[1881,852]
	[1296,44]
	[1888,95]
	[606,33]
	[32937,1]
	[127881,1]
	[159529,1]
	[96233,1]

1820,
	[7,14205]
	[1878,855]
	[1885,70]
	[606,34]
	[1293,41]
	[333588,1]
	[175348,1]
	[112052,1]

1828,
	[1,14294]
	[66,35]
	[1026,32]
	[866,35]
	[1346,42]
	[1106,37]
	[1746,39]
	[1186,49]
	[1426,34]
	[546,52]
	[306,37]
	[466,38]
	[146,47]
	[1906,38]
	[1266,33]
	[1506,34]
	[1666,43]
	[626,44]
	[946,26]
	[1826,56]
	[226,33]
	[706,38]
	[786,35]
	[386,43]
	[1586,38]

1772,
	[1,14411]
	[232,40]
	[1192,32]
	[312,40]
	[1592,48]
	[392,39]
	[1432,45]
	[1912,43]
	[1672,39]
	[792,44]
	[952,38]
	[152,34]
	[72,49]
	[1032,32]
	[1352,45]
	[632,32]
	[872,43]
	[1112,31]
	[1832,44]
	[1512,31]
	[1752,35]
	[1272,33]
	[712,45]
	[552,32]
	[472,34]

1880,
	[3,14246]
	[391202,30]
	[391362,40]
	[391282,36]
	[391842,30]
	[392642,46]
	[392562,41]
	[392402,30]
	[392802,37]
	[392242,48]
	[391762,43]
	[391442,37]
	[391682,33]
	[392322,36]
	[392082,34]
	[391122,52]
	[391922,28]
	[391048,34]
	[392722,32]
	[392482,41]
	[391602,38]
	[392162,34]
	[576,35]
	[392882,39]
	[390404,34]
	[392002,52]
	[391522,37]

1876,
	[3,14236]
	[392728,27]
	[390410,36]
	[391448,37]
	[391768,36]
	[392568,42]
	[391608,33]
	[392808,47]
	[391128,32]
	[392248,46]
	[392408,44]
	[392088,39]
	[391688,40]
	[392168,41]
	[392648,40]
	[392008,33]
	[392888,33]
	[391848,36]
	[391288,41]
	[392488,29]
	[391528,43]
	[391051,36]
	[579,33]
	[391928,39]
	[391368,40]
	[392328,32]
	[391208,38]

1896,
	[3,14259]
	[276328,1]
	[64987,1]
	[247763,1]
	[340809,3]
	[388441,1]
	[602225,1]
	[463765,2]
	[659667,1]
	[651755,2]
	[353157,2]
	[574,29]
	[108663,1]
	[332417,2]
	[421507,1]
	[253457,1]
	[265485,3]
	[612035,1]
	[442087,2]
	[70616,1]
	[286363,1]
	[29223,1]
	[331937,2]
	[314215,2]
	[193637,1]
	[233517,1]
	[201869,1]
	[387961,1]
	[273717,1]
	[501267,1]
	[383205,1]
	[319909,1]
	[203287,1]
	[423245,1]
	[427521,1]
	[699387,2]
	[159771,2]
	[425623,2]
	[320869,1]
	[617889,1]
	[475473,1]
	[383140,1]
	[335733,2]
	[296173,2]
	[199651,1]
	[452995,1]
	[326403,1]
	[164367,1]
	[350619,1]
	[526901,1]
	[281629,2]
	[319451,1]
	[723123,1]
	[549059,1]
	[618369,1]
	[167538,1]
	[106220,2]
	[260569,1]
	[100431,2]
	[235095,1]
	[130501,2]
	[332737,1]
	[241749,1]
	[441607,1]
	[374355,1]
	[469459,1]
	[418351,1]
	[132079,2]
	[33179,2]
	[344285,2]
	[632135,2]
	[157713,1]
	[298231,2]
	[292377,1]
	[51061,3]
	[443025,2]
	[342227,1]
	[263107,1]
	[455053,2]
	[451257,2]
	[582285,1]
	[362967,2]
	[452057,1]
	[640047,1]
	[300064,2]
	[387321,2]
	[365803,1]
	[441127,2]
	[502525,1]
	[279091,1]
	[207883,1]
	[560127,1]
	[316913,1]
	[362487,1]
	[344765,2]
	[418511,1]
	[240724,1]
	[379249,1]
	[72739,1]
	[302347,1]
	[413755,1]
	[350459,1]
	[233837,1]
	[453795,1]
	[458071,1]
	[333690,1]
	[9298,1]
	[92519,1]
	[430837,1]
	[185725,3]
	[306463,1]
	[544303,1]
	[665521,1]
	[647959,1]
	[456173,2]
	[359629,2]
	[136195,1]
	[435113,1]
	[352037,2]
	[310739,1]
	[172279,2]
	[366283,2]
	[326723,2]
	[572155,1]
	[653493,1]
	[483545,1]
	[356953,1]
	[405203,1]
	[486701,1]
	[291119,1]
	[265645,1]
	[578489,2]
	[693373,1]
	[657929,1]
	[244745,2]
	[104547,1]
	[442865,1]
	[264845,2]
	[270859,1]
	[259311,1]
	[548259,1]
	[374835,2]
	[163727,2]
	[262947,1]
	[188263,1]
	[328781,1]
	[322927,1]
	[473575,2]
	[372777,1]
	[485603,2]
	[667739,1]
	[481807,2]
	[349514,1]
	[151859,2]
	[164047,1]
	[197753,1]
	[243327,1]
	[466921,1]
	[417871,2]
	[635611,2]
	[645581,3]
	[396353,1]
	[677389,1]
	[471677,1]
	[533075,1]
	[590677,1]
	[352197,1]
	[409799,1]
	[332897,1]
	[444305,1]
	[381009,1]
	[276393,1]
	[205345,2]
	[399349,1]
	[435433,1]
	[461387,1]
	[633713,2]
	[337013,1]
	[647639,2]
	[574853,1]
	[251079,1]
	[314535,2]
	[124647,1]
	[390179,1]
	[601905,1]
	[465663,1]
	[382587,2]
	[341289,1]
	[396833,2]
	[86440,2]
	[199331,1]
	[415013,2]
	[538609,1]
	[499049,1]
	[435753,1]
	[622005,1]
	[517251,1]
	[274350,1]
	[126385,1]
	[114677,2]
	[277033,1]
	[486861,1]
	[275295,2]
	[473415,1]
	[295395,2]
	[301409,1]
	[596371,2]
	[691475,1]
	[578809,1]
	[375228,1]
	[367541,2]
	[353775,1]
	[409639,1]
	[293497,1]
	[187318,2]
	[118473,1]
	[454893,1]
	[356153,1]
	[497471,1]
	[719167,2]
	[610457,3]
	[405043,1]
	[233037,2]
	[397291,1]
	[102649,2]
	[338271,1]
	[274975,1]
	[576591,1]
	[382747,1]
	[440349,1]
	[195230,1]
	[304085,3]
	[318011,1]
	[64827,1]
	[369599,1]
	[260889,1]
	[205665,1]
	[267063,1]
	[381947,1]
	[358211,1]
	[471037,1]
	[306943,1]
	[235895,2]
	[621685,2]
	[429899,1]
	[594313,3]
	[465983,1]
	[112154,1]
	[29078,1]
	[314055,2]
	[41091,2]
	[92679,2]
	[336053,1]
	[292537,1]
	[342067,1]
	[239371,1]
	[504583,1]
	[346343,1]
	[290959,1]
	[215795,2]
	[593833,1]
	[345085,2]
	[389074,1]
	[165560,1]
	[171639,1]
	[302827,1]
	[496831,2]
	[229881,1]
	[445563,2]
	[260729,2]
	[284625,1]
	[152179,1]
	[377831,1]
	[520567,1]
	[598109,1]
	[681505,2]
	[517411,1]
	[424983,2]
	[292857,1]
	[253297,1]
	[494773,1]
	[398091,2]
	[384325,1]
	[440189,1]
	[651915,1]
	[355448,1]
	[226878,2]
	[74572,1]
	[292217,2]
	[234935,2]
	[186205,1]
	[485443,1]
	[386703,1]
	[48858,1]
	[106285,1]
	[239051,1]
	[349979,1]
	[112619,1]
	[166105,1]
	[300769,1]
	[384005,1]
	[435593,1]
	[263587,2]
	[427841,1]
	[536711,2]
	[368821,1]
	[305525,1]
	[334635,2]
	[348561,1]
	[400149,1]
	[291439,1]
	[412497,1]
	[388761,1]
	[734991,1]
	[501587,1]
	[236768,1]
	[68943,1]
	[430997,1]
	[241109,2]
	[526261,1]
	[178133,1]
	[344605,2]
	[489079,1]
	[366603,1]
	[323087,1]
	[606021,2]
	[372617,1]
	[535133,1]
	[376893,1]
	[687519,1]
	[13254,1]
	[486541,1]
	[312477,1]
	[399669,1]
	[333377,1]
	[527381,2]
	[130181,1]
	[291279,2]
	[315175,1]
	[673433,1]
	[408381,1]
	[744961,1]
	[551117,1]
	[310259,2]
	[403785,1]
	[376093,1]
	[364225,1]
	[312797,1]
	[221809,1]
	[564083,1]
	[455533,2]
	[323407,1]
	[525323,1]
	[266438,1]
	[268801,2]
	[322767,2]
	[584023,1]
	[568199,1]
	[641785,1]
	[709197,2]
	[387096,1]
	[96635,1]
	[183987,1]
	[245385,1]
	[389859,1]
	[550157,1]
	[593993,1]
	[269601,1]
	[380529,1]
	[331319,1]
	[414555,1]
	[379184,1]
	[27100,1]
	[46945,1]
	[335893,1]
	[387481,1]
	[359949,1]
	[342387,1]
	[701445,1]
	[365185,1]
	[379111,1]
	[351492,1]
	[84462,1]
	[377511,2]
	[231139,1]
	[427361,2]
	[461547,1]
	[271659,2]
	[556811,1]
	[339689,1]
	[240789,1]
	[225285,1]
	[522945,1]
	[517091,1]
	[343027,1]
	[546841,2]
	[564723,1]
	[430219,1]
	[614253,1]
	[733093,1]
	[189296,1]
	[152019,2]
	[449199,2]
	[322607,1]
	[645901,1]
	[155975,1]
	[483225,1]
	[705241,1]
	[434335,1]
	[406643,1]
	[394775,1]
	[594633,1]
	[179551,1]
	[401247,1]
	[80811,1]
	[169901,1]
	[180031,1]
	[241429,1]
	[508539,1]
	[503005,2]
	[299351,2]
	[558549,1]
	[616151,2]
	[399029,1]
	[294275,2]
	[306623,1]
	[271179,1]
	[522465,1]
	[420409,1]
	[580707,1]
	[278306,1]
	[211054,1]
	[427201,1]
	[187943,1]
	[150441,1]
	[385903,2]
	[538449,1]
	[455373,1]
	[366443,1]
	[418031,1]
	[390499,1]
	[372937,1]
	[408999,1]
	[586081,2]
	[546521,1]
	[408061,2]
	[261689,1]
	[457911,2]
	[228856,1]
	[343645,1]
	[308201,1]
	[221489,1]
	[370239,1]
	[271339,1]
	[255835,1]
	[578329,1]
	[610297,1]
	[661885,1]
	[638149,1]
	[199186,1]
	[157873,1]
	[332577,1]
	[225765,1]
	[619947,2]
	[479749,2]
	[58748,2]
	[389699,1]
	[631975,1]
	[133912,1]
	[311997,2]
	[223067,1]
	[148063,1]
	[475153,1]
	[210101,1]
	[491137,1]
	[431797,1]
	[539089,1]
	[296108,1]
	[129956,1]
	[224965,2]
	[415173,2]
	[217373,1]
	[257093,2]
	[411537,1]
	[304725,2]
	[429579,1]
	[324825,2]
	[588139,1]
	[645741,2]
	[337173,1]
	[683563,1]
	[553015,1]
	[205505,1]
	[245545,1]
	[617729,1]
	[629757,1]
	[655551,1]
	[457751,1]
	[416453,1]
	[256933,1]
	[439549,1]
	[580227,1]
	[566621,1]
	[159626,1]
	[54792,1]
	[450937,1]
	[229561,1]
	[554113,2]
	[374195,1]
	[338751,1]
	[556491,2]
	[635771,2]
	[400789,1]
	[254570,2]
	[153692,1]
	[74637,1]
	[120371,1]
	[448879,1]
	[391597,1]
	[363127,1]
	[165625,1]
	[254875,1]
	[154077,1]
	[468819,1]
	[334475,1]
	[330519,1]
	[552215,1]
	[550637,1]
	[420249,1]
	[580547,1]
	[594473,1]
	[298086,1]
	[292152,1]
	[355513,2]
	[342547,2]
	[253617,1]
	[587979,1]
	[582125,1]
	[564563,1]
	[177493,1]
	[360109,1]
	[174177,1]
	[255515,2]
	[445723,2]
	[287643,2]
	[335275,2]
	[709357,1]
	[460129,1]
	[11276,1]
	[327981,1]
	[251239,1]
	[403625,1]
	[510757,1]
	[603803,1]
	[371657,1]
	[516451,1]
	[298871,1]
	[528479,2]
	[516931,1]
	[287483,1]
	[140311,1]
	[496511,1]
	[464863,1]
	[385743,1]
	[429419,1]
	[481487,1]
	[582605,1]
	[584663,2]
	[404745,1]
	[284305,1]
	[160091,1]
	[479429,1]
	[422147,1]
	[196175,1]
	[285425,1]
	[499369,1]
	[365025,1]
	[361069,1]
	[582765,1]
	[72594,1]
	[462645,1]
	[316273,1]
	[227343,1]
	[142529,1]
	[257413,1]
	[386063,2]
	[544623,2]
	[582445,1]
	[373097,2]
	[220944,1]
	[213032,1]
	[363425,2]
	[169741,1]
	[343965,1]
	[393495,2]
	[237313,2]
	[504743,1]
	[208043,1]
	[681345,1]
	[390659,1]
	[606341,1]
	[282262,2]
	[3364,1]
	[395073,1]
	[171959,1]
	[397611,1]
	[358531,1]
	[434175,1]
	[250919,1]
	[84767,1]
	[94737,1]
	[126545,1]
	[402207,1]
	[625961,1]
	[547001,1]
	[559029,1]
	[234790,1]
	[60871,1]
	[187623,1]
	[112459,1]
	[114517,1]
	[470877,1]
	[607759,1]
	[487181,1]
	[527061,1]
	[495413,1]
	[416293,1]
	[459969,1]
	[82869,1]
	[96795,2]
	[314855,1]
	[721065,1]
	[100286,1]
	[112299,1]
	[448719,2]
	[207403,1]
	[199971,1]
	[453315,1]
	[614413,1]
	[399189,1]
	[211519,1]
	[435273,1]
	[493195,1]
	[346823,1]
	[416613,2]
	[325778,1]
	[193477,1]
	[233197,1]
	[316433,1]
	[393975,2]
	[528639,1]
	[374515,1]
	[424045,1]
	[626281,1]
	[535293,1]
	[363360,1]
	[310579,1]
	[522305,1]
	[637829,2]
	[428161,1]
	[127978,2]
	[274495,1]
	[146005,1]
	[168323,1]
	[585921,1]
	[281469,1]
	[556651,1]
	[427041,1]
	[460747,1]
	[225445,1]
	[362007,1]
	[572635,1]
	[501427,1]
	[147903,1]
	[70841,2]
	[595891,1]
	[707299,1]
	[644003,1]
	[42989,1]
	[243487,1]
	[479269,1]
	[237953,1]
	[600007,1]
	[483865,1]
	[387641,1]
	[429739,1]
	[604283,1]
	[465823,1]
	[659827,1]
	[620267,1]
	[300929,1]
	[224027,1]
	[263747,1]
	[346983,1]
	[424525,2]
	[46880,1]
	[136035,1]
	[106445,2]
	[389379,1]
	[377671,1]
	[193957,1]
	[538289,1]
	[558389,1]
	[564403,1]
	[341129,1]
	[552855,1]
	[94352,1]
	[457271,2]
	[305045,1]
	[622325,1]
	[209141,1]
	[381467,1]
	[280669,1]
	[445403,2]
	[457591,1]
	[491297,1]
	[536871,1]
	[392557,1]
	[365643,1]
	[405683,1]
	[184147,1]
	[703343,1]
	[327821,1]
	[468659,1]
	[177973,1]
	[328461,1]
	[296813,1]
	[498889,1]
	[203142,1]
	[78528,1]
	[355673,1]
	[478789,2]
	[608079,1]
	[418191,1]
	[157648,1]
	[124167,1]
	[246963,1]
	[122589,1]
	[194117,1]
	[492875,1]
	[340169,1]
	[419929,1]
	[408221,1]
	[570577,1]
	[568839,1]
	[158353,2]
	[703183,1]
	[487821,2]
	[137868,1]
	[239691,1]
	[412017,1]
	[311219,1]
	[649697,1]
	[475953,2]
	[375613,1]
	[429099,1]
	[314375,1]
	[526581,1]
	[396193,1]
	[631815,1]
	[568519,1]
	[436233,1]
	[318491,1]
	[358371,1]
	[554433,1]
	[499209,1]
	[560607,1]
	[675491,1]
	[359011,1]
	[327363,1]
	[600487,1]
	[149801,1]
	[182249,1]
	[386223,1]
	[532915,1]
	[639887,1]
	[584503,1]
	[509339,2]
	[379729,1]
	[207723,1]
	[465183,1]
	[277513,1]
	[523425,1]
	[175450,1]
	[62769,1]
	[393175,1]
	[154397,1]
	[554273,1]
	[578169,1]
	[671375,1]
	[370719,1]
	[25122,1]
	[369759,1]
	[209621,1]
	[484803,1]
	[586401,1]
	[70681,1]
	[140151,1]
	[284785,1]
	[366123,1]
	[156135,1]
	[446981,1]
	[280829,1]
	[508379,1]
	[399829,1]
	[532595,1]
	[406163,1]
	[459649,1]
	[344925,1]
	[677549,1]
	[729137,1]

1644,
	[392929,1]
	[1985,68]
	[580832,1]
	[707424,1]
	[739072,1]
	[644128,1]
	[422592,2]

1520,
	[2,91]

1732,
	[2,66]

1524,
	[3,87]

1752,
	[6,73]

1736,
	[3,52]

1860,
	[3,62]

1740,
	[1940,32]
	[1964,29]

len(carl_order):
58
Printing carl assignment order:
1596,2,0.9441074523396881
1556,1,0.9404479578392622
1612,1,0.9396500884607824
1772,1,0.9395006193363322
1828,1,0.9384191176470589
1600,1,0.8923016599137368
1520,2,0.5
1732,2,0.5
1524,3,0.3333333333333333
1736,3,0.3333333333333333
1860,3,0.3333333333333333
1876,3,0.3120082407346527
1880,3,0.31194026582583373
1896,3,0.3113862683438155
1664,3,0.31137213727934904
1660,3,0.31114453235685174
1848,6,0.16720633600980156
1632,6,0.16709061477982226
1540,6,0.16666666666666666
1752,6,0.16666666666666666
1592,7,0.16652960075441078
1808,8,0.16638114238626014
1816,7,0.13390506281501544
1820,7,0.13343540993462089
1812,7,0.13323473800475505
1612,1907,0.0010424377423582862
1556,1911,0.001009649749821301
1828,1906,0.001007464690403308
1772,1912,0.0010034081276058336
1820,1885,0.0005525194611167191
1812,1888,0.0005507300938500014
1740,1964,0.0005124500151214758
1604,1983,0.0005018813053513338
1684,1985,0.0004706367597420096
1528,1983,0.00046738742727820624
1644,1985,0.0004567590260285474
1600,1985,0.00025385119793297836
1660,577,7.701101428639883e-05
1816,606,7.01449194034876e-05
1880,576,6.251998406633549e-05
1876,579,5.888146625556697e-05
1896,574,5.053541399830968e-05
1664,578,4.676944396327733e-05
1528,17110,1.1017826843833322e-05
1812,159529,9.779281613972638e-06
1604,13257,6.194420561511835e-06
1820,333588,4.875408924923578e-06
1604,389077,4.660813416124002e-06
1528,365245,3.6741175320805572e-06
1684,744963,2.7463921709390087e-06
1816,746946,2.695059321506286e-06
1896,744961,2.6895297565548995e-06
1600,737090,2.679404753397675e-06
1660,392883,2.5554161291100652e-06
1876,392888,2.5553866463105652e-06
1880,392882,2.555367073271684e-06
1664,392887,2.555343970575536e-06
1644,739072,1.7968649327433455e-06
bin_width: 15721130
assigning lease 2 to address 1596
Average Cache Occupancy Per Bin: [0.05,0.05,0.05,0.05,0.05]
Total cost: 813824.0
assigning lease 1 to address 1556
Average Cache Occupancy Per Bin: [0.10,0.10,0.10,0.10,0.10]
Total cost: 1592832.0
assigning lease 1 to address 1612
Average Cache Occupancy Per Bin: [0.15,0.15,0.15,0.15,0.15]
Total cost: 2370816.0
assigning lease 1 to address 1772
Average Cache Occupancy Per Bin: [0.20,0.20,0.20,0.20,0.20]
Total cost: 3153408.0
assigning lease 1 to address 1828
Average Cache Occupancy Per Bin: [0.25,0.25,0.25,0.25,0.25]
Total cost: 3933696.0
assigning lease 1 to address 1600
Average Cache Occupancy Per Bin: [0.30,0.30,0.30,0.30,0.30]
Total cost: 4718336.0
assigning lease 2 to address 1520
Average Cache Occupancy Per Bin: [0.30,0.30,0.30,0.30,0.30]
Total cost: 4724992.0
assigning lease 2 to address 1732
Average Cache Occupancy Per Bin: [0.30,0.30,0.30,0.30,0.30]
Total cost: 4730624.0
assigning lease 3 to address 1524
Average Cache Occupancy Per Bin: [0.30,0.30,0.30,0.30,0.30]
Total cost: 4738304.0
assigning lease 3 to address 1736
Average Cache Occupancy Per Bin: [0.30,0.30,0.30,0.30,0.30]
Total cost: 4746752.0
assigning lease 3 to address 1860
Average Cache Occupancy Per Bin: [0.30,0.30,0.30,0.30,0.30]
Total cost: 4755968.0
assigning lease 3 to address 1876
Average Cache Occupancy Per Bin: [0.45,0.45,0.45,0.45,0.45]
Total cost: 7074560.0
assigning lease 3 to address 1880
Average Cache Occupancy Per Bin: [0.59,0.60,0.60,0.60,0.60]
Total cost: 9396992.0
assigning lease 3 to address 1896
Average Cache Occupancy Per Bin: [0.74,0.75,0.75,0.74,0.75]
Total cost: 11753984.0
assigning lease 3 to address 1664
Average Cache Occupancy Per Bin: [0.89,0.90,0.90,0.89,0.90]
Total cost: 14092544.0
assigning lease 3 to address 1660
Average Cache Occupancy Per Bin: [1.04,1.04,1.05,1.04,1.04]
Total cost: 16477952.0
assigning lease 6 to address 1848
Average Cache Occupancy Per Bin: [1.34,1.34,1.34,1.34,1.34]
Total cost: 21190400.0
assigning lease 6 to address 1632
Average Cache Occupancy Per Bin: [1.64,1.63,1.64,1.64,1.64]
Total cost: 25835264.0
assigning lease 6 to address 1540
Average Cache Occupancy Per Bin: [1.64,1.64,1.64,1.64,1.64]
Total cost: 25859840.0
assigning lease 6 to address 1752
Average Cache Occupancy Per Bin: [1.64,1.64,1.64,1.64,1.64]
Total cost: 25890560.0
assigning lease 7 to address 1592
Average Cache Occupancy Per Bin: [1.94,1.94,1.94,1.94,1.94]
Total cost: 30554624.0
assigning lease 8 to address 1808
Average Cache Occupancy Per Bin: [2.24,2.24,2.24,2.24,2.24]
Total cost: 35264512.0
assigning lease 7 to address 1816
Average Cache Occupancy Per Bin: [2.58,2.58,2.59,2.59,2.58]
Total cost: 40706816.0
assigning lease 7 to address 1820
Average Cache Occupancy Per Bin: [2.93,2.93,2.93,2.93,2.93]
Total cost: 46176000.0
assigning lease 7 to address 1812
Average Cache Occupancy Per Bin: [3.28,3.27,3.28,3.28,3.28]
Total cost: 51639808.0
assigning lease 1907 to address 1612
Average Cache Occupancy Per Bin: [5.99,6.00,6.25,6.14,6.39]
Total cost: 94319616.0
assigning lease 1911 to address 1556
Average Cache Occupancy Per Bin: [9.00,8.80,9.09,9.15,9.33]
Total cost: 141492736.0
assigning lease 1906 to address 1828
Average Cache Occupancy Per Bin: [12.1,11.3,12.2,12.2,12.5]
Total cost: 190473216.0
assigning lease 1912 to address 1772
Average Cache Occupancy Per Bin: [15.3,14.4,15.2,15.3,15.2]
Total cost: 240534528.0
assigning lease 1885 to address 1820
Average Cache Occupancy Per Bin: [20.8,21.0,20.9,20.9,21.3]
Total cost: 327427328.0
assigning lease 1888 to address 1812
Average Cache Occupancy Per Bin: [26.4,27.5,26.9,27.0,27.4]
Total cost: 415111936.0
assigning lease 1964 to address 1740
Average Cache Occupancy Per Bin: [26.6,28.1,27.2,27.4,27.7]
Total cost: 419091200.0
assigning lease 1983 to address 1604
Average Cache Occupancy Per Bin: [125.,126.,126.,126.,126.]
Total cost: 1971986432.0
addr: 1684 ri: 1985
bin target: 2012304640
	bin: 0.0 current capacity: 125.43541284882194  avg impact: 98.32771053989121
	bin: 1.0 current capacity: 126.8593023529479  avg impact: 99.58832221347957
	bin: 2.0 current capacity: 126.72116673547004  avg impact: 98.48932742112049
	bin: 3.0 current capacity: 126.27967989578357  avg impact: 98.97417806480831
	bin: 4.0 current capacity: 126.24243880687966  avg impact: 98.9095313123166
num_full_bins: 0
printing bin ranks sorted:
	bin: 1.0 rank: 0.011454130581765056
	selecting this^ bin
	bin: 2.0 rank: 0.01298448571043575
	bin: 3.0 rank: 0.017381504326208812
	bin: 4.0 rank: 0.017769381472152252
	bin: 0.0 rank: 0.026082038695873225
acceptable_ratio: 0.011454130581765056
Assigning 1684 dual lease lease 1985 * 0.011454130581765056. Bin saturation: [126.,128.,127.,127.,127.]
addr: 1528 ri: 1983
bin target: 2012304640
	bin: 1.0 current capacity: 128.0  avg impact: 0.5812345550224444
	bin: 2.0 current capacity: 127.84927635266176  avg impact: 0.3874897033482962
num_full_bins: 1
printing bin ranks sorted:
	bin: 1.0 rank: 0.0
	bin: 2.0 rank: 0.3889745870298819
acceptable_ratio: 0
addr: 1644 ri: 1985
bin target: 2012304640
	bin: 1.0 current capacity: 128.0  avg impact: 0.4202038911961163
	bin: 2.0 current capacity: 127.84927635266176  avg impact: 0.3555571387044061
	bin: 4.0 current capacity: 127.37536149431212  avg impact: 0.7757610299005224
num_full_bins: 1
printing bin ranks sorted:
	bin: 1.0 rank: 0.0
	bin: 2.0 rank: 0.423908370641771
	bin: 4.0 rank: 0.8051944885243593
acceptable_ratio: 0
addr: 1600 ri: 1985
bin target: 2012304640
	bin: 0.0 current capacity: 126.56167128515185  avg impact: 11.242868165329083
	bin: 1.0 current capacity: 128.0  avg impact: 10.14442702273946
	bin: 2.0 current capacity: 127.84927635266176  avg impact: 9.756741913590181
	bin: 3.0 current capacity: 127.41334305556074  avg impact: 10.467497947030525
	bin: 4.0 current capacity: 127.37536149431212  avg impact: 11.63055327447836
num_full_bins: 1
printing bin ranks sorted:
	bin: 1.0 rank: 0.0
	bin: 2.0 rank: 0.015448153561209994
	bin: 4.0 rank: 0.053706688834706084
	bin: 3.0 rank: 0.056045575304428795
	bin: 0.0 rank: 0.12793254298611273
acceptable_ratio: 0
addr: 1660 ri: 577
bin target: 2012304640
	bin: 0.0 current capacity: 126.56167128515185  avg impact: 1.8413414302915885
	bin: 1.0 current capacity: 128.0  avg impact: 1.9254636276145545
	bin: 2.0 current capacity: 127.84927635266176  avg impact: 1.87872907354624
	bin: 3.0 current capacity: 127.41334305556074  avg impact: 1.9908920033101947
	bin: 4.0 current capacity: 127.37536149431212  avg impact: 1.87872907354624
num_full_bins: 1
printing bin ranks sorted:
	bin: 1.0 rank: 0.0
	bin: 2.0 rank: 0.08022638786002972
	bin: 3.0 rank: 0.2946704007368741
	bin: 4.0 rank: 0.33247928851648095
	bin: 0.0 rank: 0.7811309142272395
acceptable_ratio: 0
addr: 1816 ri: 606
bin target: 2012304640
	bin: 0.0 current capacity: 126.56167128515185  avg impact: 1.6386730470392394
	bin: 1.0 current capacity: 128.0  avg impact: 1.8922772090810267
	bin: 2.0 current capacity: 127.84927635266176  avg impact: 1.9898172714047908
	bin: 3.0 current capacity: 127.41334305556074  avg impact: 1.765475128060133
	bin: 4.0 current capacity: 127.37536149431212  avg impact: 1.9995712776371672
num_full_bins: 1
printing bin ranks sorted:
	bin: 1.0 rank: 0.0
	bin: 2.0 rank: 0.07574748169304289
	bin: 4.0 rank: 0.31238621632232966
	bin: 3.0 rank: 0.3322940862292744
	bin: 0.0 rank: 0.8777398990280209
acceptable_ratio: 0
addr: 1880 ri: 576
bin target: 2012304640
	bin: 0.0 current capacity: 126.56167128515185  avg impact: 1.9967541773396695
	bin: 1.0 current capacity: 128.0  avg impact: 1.7914803834075541
	bin: 2.0 current capacity: 127.84927635266176  avg impact: 1.8008110104044683
	bin: 3.0 current capacity: 127.41334305556074  avg impact: 1.6981741134384105
	bin: 4.0 current capacity: 127.37536149431212  avg impact: 1.8288028913952115
num_full_bins: 1
printing bin ranks sorted:
	bin: 1.0 rank: 0.0
	bin: 2.0 rank: 0.08369764870794627
	bin: 4.0 rank: 0.34155594822542
	bin: 3.0 rank: 0.3454633655034396
	bin: 0.0 rank: 0.7203333946517574
acceptable_ratio: 0
addr: 1876 ri: 579
bin target: 2012304640
	bin: 0.0 current capacity: 126.56167128515185  avg impact: 1.866516210984834
	bin: 1.0 current capacity: 128.0  avg impact: 1.6414087282529946
	bin: 2.0 current capacity: 127.84927635266176  avg impact: 1.838377775643354
	bin: 3.0 current capacity: 127.41334305556074  avg impact: 1.9415520385621134
	bin: 4.0 current capacity: 127.37536149431212  avg impact: 1.838377775643354
num_full_bins: 1
printing bin ranks sorted:
	bin: 1.0 rank: 0.0
	bin: 2.0 rank: 0.08198730931975508
	bin: 3.0 rank: 0.30215875381518137
	bin: 4.0 rank: 0.3397770109950793
	bin: 0.0 rank: 0.7705953510520291
acceptable_ratio: 0
addr: 1896 ri: 574
bin target: 2012304640
	bin: 0.0 current capacity: 126.56167128515185  avg impact: 1.7201409822321931
	bin: 1.0 current capacity: 128.0  avg impact: 1.9804866444078766
	bin: 2.0 current capacity: 127.84927635266176  avg impact: 1.9154002288639558
	bin: 3.0 current capacity: 127.41334305556074  avg impact: 1.887506050773704
	bin: 4.0 current capacity: 127.37536149431212  avg impact: 1.8410157539566177
num_full_bins: 1
printing bin ranks sorted:
	bin: 1.0 rank: 0.0
	bin: 2.0 rank: 0.07869041940525963
	bin: 3.0 rank: 0.31081062982488333
	bin: 4.0 rank: 0.3392901469449351
	bin: 0.0 rank: 0.836169087130097
acceptable_ratio: 0
addr: 1664 ri: 578
bin target: 2012304640
	bin: 0.0 current capacity: 126.56167128515185  avg impact: 1.7883701744085825
	bin: 1.0 current capacity: 128.0  avg impact: 1.8913653153431083
	bin: 2.0 current capacity: 127.84927635266176  avg impact: 1.844549342191051
	bin: 3.0 current capacity: 127.41334305556074  avg impact: 2.0505396240601024
	bin: 4.0 current capacity: 127.37536149431212  avg impact: 1.8258229529302283
num_full_bins: 1
printing bin ranks sorted:
	bin: 1.0 rank: 0.0
	bin: 2.0 rank: 0.0817129929195592
	bin: 3.0 rank: 0.2860988090918539
	bin: 4.0 rank: 0.34211340408740665
	bin: 0.0 rank: 0.8042678945503099
acceptable_ratio: 0
addr: 1528 ri: 17110
bin target: 2012304640
	bin: 0.0 current capacity: 126.56167128515185  avg impact: 1.7279897819049903
	bin: 1.0 current capacity: 128.0  avg impact: 0.5812345550224444
	bin: 2.0 current capacity: 127.84927635266176  avg impact: 0.6338149993034852
	bin: 4.0 current capacity: 127.37536149431212  avg impact: 0.7306874251405593
num_full_bins: 1
printing bin ranks sorted:
	bin: 1.0 rank: 0.0
	bin: 2.0 rank: 0.23780385049875574
	bin: 0.0 rank: 0.83237107644381
	bin: 4.0 rank: 0.8548641788487358
acceptable_ratio: 0
addr: 1812 ri: 159529
bin target: 2012304640
	bin: 1.0 current capacity: 128.0  avg impact: 0.0
	bin: 2.0 current capacity: 127.84927635266176  avg impact: 2.557243149824472
	bin: 4.0 current capacity: 127.37536149431212  avg impact: 4.103293847198007
num_full_bins: 1
printing bin ranks sorted:
	bin: 2.0 rank: 0.05893989679807357
	bin: 4.0 rank: 0.1522285580679104
acceptable_ratio: 0
addr: 1604 ri: 13257
bin target: 2012304640
	bin: 0.0 current capacity: 126.56167128515185  avg impact: 2.93734000036893
	bin: 1.0 current capacity: 128.0  avg impact: 2.225541802656679
	bin: 2.0 current capacity: 127.84927635266176  avg impact: 3.1209237503919884
	bin: 3.0 current capacity: 127.41334305556074  avg impact: 2.0194212502536395
	bin: 4.0 current capacity: 127.37536149431212  avg impact: 2.8407118317830844
num_full_bins: 1
printing bin ranks sorted:
	bin: 1.0 rank: 0.0
	bin: 2.0 rank: 0.04829456256959307
	bin: 4.0 rank: 0.21988802197363413
	bin: 3.0 rank: 0.29050746314844855
	bin: 0.0 rank: 0.4896704891730297
acceptable_ratio: 0
addr: 1820 ri: 333588
bin target: 2012304640
	bin: 1.0 current capacity: 128.0  avg impact: 5.401390866941498
	bin: 4.0 current capacity: 127.37536149431212  avg impact: 4.618578944388857
num_full_bins: 1
printing bin ranks sorted:
	bin: 1.0 rank: 0.0
	bin: 4.0 rank: 0.13524473939040466
acceptable_ratio: 0
addr: 1604 ri: 389077
bin target: 2012304640
	bin: 0.0 current capacity: 126.56167128515185  avg impact: 69.15984487120201
	bin: 1.0 current capacity: 128.0  avg impact: 34.6603970579723
	bin: 2.0 current capacity: 127.84927635266176  avg impact: 65.54272065684846
	bin: 3.0 current capacity: 127.41334305556074  avg impact: 37.61079667937356
	bin: 4.0 current capacity: 127.37536149431212  avg impact: 43.74663653312453
num_full_bins: 1
printing bin ranks sorted:
	bin: 1.0 rank: 0.0
	bin: 2.0 rank: 0.0022996245170742095
	bin: 4.0 rank: 0.014278549282638246
	bin: 3.0 rank: 0.015598099381951844
	bin: 0.0 rank: 0.02079716514007217
acceptable_ratio: 0
addr: 1528 ri: 365245
bin target: 2012304640
	bin: 0.0 current capacity: 126.56167128515185  avg impact: 14.096395360893268
	bin: 1.0 current capacity: 128.0  avg impact: 0.5812345550224444
	bin: 2.0 current capacity: 127.84927635266176  avg impact: 4.756616858966245
	bin: 4.0 current capacity: 127.37536149431212  avg impact: 6.399653968894094
num_full_bins: 1
printing bin ranks sorted:
	bin: 1.0 rank: 0.0
	bin: 2.0 rank: 0.03168715324508851
	bin: 4.0 rank: 0.09760504376079936
	bin: 0.0 rank: 0.10203521382767292
acceptable_ratio: 0
addr: 1684 ri: 744963
bin target: 2012304640
	bin: 0.0 current capacity: 126.56167128515185  avg impact: 1299.550806335168
	bin: 1.0 current capacity: 128.0  avg impact: 1370.0429605251022
	bin: 2.0 current capacity: 127.84927635266176  avg impact: 1170.484053499971
	bin: 3.0 current capacity: 127.41334305556074  avg impact: 1290.623594614382
	bin: 4.0 current capacity: 127.37536149431212  avg impact: 1328.3292608101326
num_full_bins: 1
printing bin ranks sorted:
	bin: 1.0 rank: 0.0
	bin: 2.0 rank: 0.00012877035521119867
	bin: 3.0 rank: 0.0004545530911470257
	bin: 4.0 rank: 0.00047024372956063734
	bin: 0.0 rank: 0.0011067891365512347
acceptable_ratio: 0
addr: 1816 ri: 746946
bin target: 2012304640
	bin: 0.0 current capacity: 126.56167128515185  avg impact: 963.0650621170361
	bin: 1.0 current capacity: 128.0  avg impact: 1127.7129152929847
	bin: 2.0 current capacity: 127.84927635266176  avg impact: 1172.0811213952177
	bin: 3.0 current capacity: 127.41334305556074  avg impact: 1001.2382855430875
	bin: 4.0 current capacity: 127.37536149431212  avg impact: 1255.5832309763994
num_full_bins: 1
printing bin ranks sorted:
	bin: 1.0 rank: 0.0
	bin: 2.0 rank: 0.00012859489380634087
	bin: 4.0 rank: 0.0004974887289647327
	bin: 3.0 rank: 0.0005859313940647416
	bin: 0.0 rank: 0.0014934907011229205
acceptable_ratio: 0
addr: 1896 ri: 744961
bin target: 2012304640
	bin: 0.0 current capacity: 126.56167128515185  avg impact: 1080.8189100910686
	bin: 1.0 current capacity: 128.0  avg impact: 1228.9264438370524
	bin: 2.0 current capacity: 127.84927635266176  avg impact: 1250.770467517284
	bin: 3.0 current capacity: 127.41334305556074  avg impact: 1151.0370727803918
	bin: 4.0 current capacity: 127.37536149431212  avg impact: 1207.0050068919982
num_full_bins: 1
printing bin ranks sorted:
	bin: 1.0 rank: 0.0
	bin: 2.0 rank: 0.00012050464194075013
	bin: 3.0 rank: 0.000509676845613801
	bin: 4.0 rank: 0.0005175111139731779
	bin: 0.0 rank: 0.0013307767854718322
acceptable_ratio: 0
addr: 1600 ri: 737090
bin target: 2012304640
	bin: 0.0 current capacity: 126.56167128515185  avg impact: 1107.090210436527
	bin: 1.0 current capacity: 128.0  avg impact: 906.1391836337465
	bin: 2.0 current capacity: 127.84927635266176  avg impact: 900.9119481869305
	bin: 3.0 current capacity: 127.41334305556074  avg impact: 1006.8544436691255
	bin: 4.0 current capacity: 127.37536149431212  avg impact: 1103.5602046417782
num_full_bins: 1
printing bin ranks sorted:
	bin: 1.0 rank: 0.0
	bin: 2.0 rank: 0.00016730119701660484
	bin: 4.0 rank: 0.0005660212311576081
	bin: 3.0 rank: 0.0005826631129534365
	bin: 0.0 rank: 0.0012991973926686844
acceptable_ratio: 0
addr: 1660 ri: 392883
bin target: 2012304640
	bin: 0.0 current capacity: 126.56167128515185  avg impact: 1218.8442047104757
	bin: 1.0 current capacity: 128.0  avg impact: 1276.4427025283806
	bin: 2.0 current capacity: 127.84927635266176  avg impact: 1244.5045688191624
	bin: 3.0 current capacity: 127.41334305556074  avg impact: 1295.4596602152644
	bin: 4.0 current capacity: 127.37536149431212  avg impact: 1174.4885208633223
num_full_bins: 1
printing bin ranks sorted:
	bin: 1.0 rank: 0.0
	bin: 2.0 rank: 0.00012111136520876561
	bin: 3.0 rank: 0.00045285620421539743
	bin: 4.0 rank: 0.0005318387490315641
	bin: 0.0 rank: 0.0011800759352913542
acceptable_ratio: 0
addr: 1876 ri: 392888
bin target: 2012304640
	bin: 0.0 current capacity: 126.56167128515185  avg impact: 1219.2604027827517
	bin: 1.0 current capacity: 128.0  avg impact: 1084.9074833679258
	bin: 2.0 current capacity: 127.84927635266176  avg impact: 1206.212066435428
	bin: 3.0 current capacity: 127.41334305556074  avg impact: 1295.429763127714
	bin: 4.0 current capacity: 127.37536149431212  avg impact: 1193.3250212929986
num_full_bins: 1
printing bin ranks sorted:
	bin: 1.0 rank: 0.0
	bin: 2.0 rank: 0.00012495617605919848
	bin: 3.0 rank: 0.0004528666556362081
	bin: 4.0 rank: 0.0005234437345586446
	bin: 0.0 rank: 0.0011796731129506248
acceptable_ratio: 0
addr: 1880 ri: 392882
bin target: 2012304640
	bin: 0.0 current capacity: 126.56167128515185  avg impact: 1314.586859341536
	bin: 1.0 current capacity: 128.0  avg impact: 1174.4002951441785
	bin: 2.0 current capacity: 127.84927635266176  avg impact: 1180.751944421298
	bin: 3.0 current capacity: 127.41334305556074  avg impact: 1116.7607946757007
	bin: 4.0 current capacity: 127.37536149431212  avg impact: 1225.415310985915
num_full_bins: 1
printing bin ranks sorted:
	bin: 1.0 rank: 0.0
	bin: 2.0 rank: 0.0001276505603487332
	bin: 4.0 rank: 0.0005097361686996751
	bin: 3.0 rank: 0.0005253201466564861
	bin: 0.0 rank: 0.0010941298436290521
acceptable_ratio: 0
addr: 1664 ri: 392887
bin target: 2012304640
	bin: 0.0 current capacity: 126.56167128515185  avg impact: 1187.0468120294152
	bin: 1.0 current capacity: 128.0  avg impact: 1250.9376860314749
	bin: 2.0 current capacity: 127.84927635266176  avg impact: 1212.4567473203263
	bin: 3.0 current capacity: 127.41334305556074  avg impact: 1372.21766425187
	bin: 4.0 current capacity: 127.37536149431212  avg impact: 1212.6311469977031
num_full_bins: 1
printing bin ranks sorted:
	bin: 1.0 rank: 0.0
	bin: 2.0 rank: 0.0001243125972710797
	bin: 3.0 rank: 0.0004275246994135564
	bin: 4.0 rank: 0.0005151100623090497
	bin: 0.0 rank: 0.0012116865992750077
acceptable_ratio: 0
addr: 1644 ri: 739072
bin target: 2012304640
	bin: 0.0 current capacity: 126.56167128515185  avg impact: 6.753940969892113
	bin: 1.0 current capacity: 128.0  avg impact: 9.846042364639183
	bin: 2.0 current capacity: 127.84927635266176  avg impact: 23.845386177711145
	bin: 3.0 current capacity: 127.41334305556074  avg impact: 10.941389582046583
	bin: 4.0 current capacity: 127.37536149431212  avg impact: 14.473935652208207
num_full_bins: 1
printing bin ranks sorted:
	bin: 1.0 rank: 0.0
	bin: 2.0 rank: 0.006320872566916948
	bin: 4.0 rank: 0.04315609248909323
	bin: 3.0 rank: 0.053618138723611666
	bin: 0.0 rank: 0.21296139857602828
acceptable_ratio: 0
Final saturation:
	0.0,1989692487.2911391
	1.0,2012304640.0
	2.0,2009935093.9461215
	3.0,2003081729.9110677
	4.0,2002484616.849075
DUMP LEASES
0, 638, 7, 0, 1 
0, 63c, 2, 0, 1 
0, 640, 1, 0, 1 
0, 64c, 773, 0, 1 
0, 660, 6, 0, 1 
0, 67c, 3, 0, 1 
0, 680, 3, 0, 1 
0, 644, 7bf, 0, 1 
0, 694, 1, 7c1, 0.988545869418235 
0, 614, 777, 0, 1 
0, 604, 6, 0, 1 
0, 5f8, 1, 0, 1 
0, 718, 7, 0, 1 
0, 738, 6, 0, 1 
0, 710, 8, 0, 1 
0, 714, 760, 0, 1 
0, 71c, 75d, 0, 1 
0, 724, 772, 0, 1 
0, 6ec, 778, 0, 1 
0, 758, 3, 0, 1 
0, 754, 3, 0, 1 
0, 768, 3, 0, 1 
0, 66c, 1, 0, 1 
0, 5f0, 2, 0, 1 
0, 6c4, 2, 0, 1 
0, 5f4, 3, 0, 1 
0, 6d8, 6, 0, 1 
0, 6c8, 3, 0, 1 
0, 744, 3, 0, 1 
0, 6cc, 7ac, 0, 1 
Dump dual leases

