sample rate: 0.00390625
1680,
	[1,322]
	[2,2]
	[530,1]
	[146,3]
	[50,2]
	[482,2]
	[818,1]
	[98,1]
	[194,2]
	[242,1]
	[914,1]
	[866,1]

1632,
	[3,38366]
	[2,276]
	[1507,1]
	[2622,1]
	[4195,1]
	[4520,1]
	[5030,1]
	[5940,1]
	[6131,1]
	[6325,2]
	[6925,1]
	[8657,1]
	[9837,1]
	[10082,1]
	[10835,1]
	[11352,2]
	[11881,2]
	[12150,1]
	[12975,2]
	[13540,1]
	[13827,1]
	[14117,1]
	[14706,3]
	[15005,2]
	[15307,1]
	[15920,2]
	[16231,2]
	[16545,2]
	[16862,1]
	[17182,3]
	[17505,2]
	[17831,5]
	[18160,3]
	[18492,1]
	[18827,1]
	[19165,1]
	[19506,1]
	[19850,2]
	[20197,1]
	[20547,1]
	[20900,2]
	[21256,3]
	[21977,2]
	[22342,1]
	[22710,1]
	[23081,3]
	[23455,5]
	[23832,1]
	[24212,3]
	[24595,2]
	[24981,5]
	[25370,2]
	[25762,1]
	[26555,2]
	[26956,2]
	[27360,3]
	[27767,2]
	[28177,1]
	[28590,3]
	[29425,2]
	[30272,1]
	[30700,4]
	[31131,1]
	[32002,3]
	[32442,1]
	[32885,2]
	[33331,1]
	[33780,2]
	[34232,3]
	[35145,2]
	[35606,3]
	[36070,4]
	[36537,3]
	[37480,4]
	[37956,3]
	[38435,2]
	[38917,4]
	[39402,2]
	[39890,5]
	[40381,2]
	[40875,2]
	[41372,3]
	[41872,2]
	[42375,4]
	[42881,6]
	[43390,4]
	[43902,5]
	[44417,3]
	[44935,2]
	[45456,9]
	[45980,3]
	[46507,4]
	[47037,6]
	[47570,7]
	[48106,5]
	[48645,2]
	[49187,3]
	[49732,3]
	[50280,2]
	[50831,3]
	[51385,3]
	[51942,3]
	[52502,3]
	[53065,1]
	[53631,3]
	[54200,2]
	[54772,6]
	[55347,5]
	[55925,3]
	[56506,8]
	[57090,4]
	[57677,3]
	[58267,7]
	[58860,8]
	[59456,4]
	[60055,3]
	[60657,1]
	[61262,4]
	[61870,3]
	[62481,7]
	[63095,9]
	[63712,1]
	[64332,3]
	[64955,4]
	[65581,4]
	[66210,6]
	[66842,5]
	[67477,6]
	[68115,3]
	[68756,9]
	[69400,3]
	[70047,3]
	[70697,5]
	[71350,2]
	[72006,10]
	[72665,3]
	[73327,8]
	[73992,4]
	[74660,8]
	[75331,8]
	[76005,5]
	[76682,8]
	[77362,2]
	[78045,6]
	[78731,5]
	[79420,4]
	[80112,4]
	[80807,9]
	[81505,2]
	[82206,8]
	[82910,5]
	[83617,5]
	[84327,7]
	[85040,5]
	[85756,9]
	[86475,2]
	[87197,4]
	[87922,4]
	[88650,2]
	[89381,6]
	[90115,4]
	[90852,3]
	[91592,7]
	[92335,7]
	[93081,12]
	[93830,5]
	[94582,3]
	[95337,6]
	[96095,7]
	[96856,3]
	[97620,11]
	[98387,9]
	[99157,9]
	[99930,6]
	[100706,6]
	[101485,8]
	[102267,6]
	[103052,8]
	[103840,7]
	[104631,8]
	[105425,10]
	[106222,12]
	[107022,12]
	[107825,5]
	[108631,11]
	[109440,12]
	[110252,11]
	[111067,8]
	[111885,4]
	[112706,8]
	[113530,12]
	[114357,11]
	[115187,4]
	[116020,10]
	[116856,9]
	[117695,8]
	[118537,10]
	[119382,12]
	[120230,8]
	[121081,8]
	[121935,9]
	[122792,14]
	[123652,10]
	[124515,8]
	[125381,8]
	[126250,6]
	[127122,8]
	[127997,8]
	[128875,8]
	[129756,11]
	[130640,5]
	[131527,15]
	[132417,11]
	[133310,7]
	[134206,5]
	[135105,8]
	[136007,12]
	[136912,7]
	[137820,15]
	[138731,6]
	[139645,12]
	[140562,7]
	[141482,7]
	[142405,9]
	[143331,13]
	[144260,10]
	[145192,9]
	[146127,12]
	[147065,11]
	[148006,6]
	[148950,10]
	[149897,14]
	[150847,14]
	[151800,16]
	[152756,10]
	[153715,18]
	[154677,10]
	[155642,12]
	[156610,13]
	[157581,6]
	[158555,11]
	[159532,6]
	[160512,18]
	[161495,11]
	[162481,11]
	[163470,10]
	[164462,13]
	[165457,17]
	[166455,7]
	[167456,10]
	[168460,15]
	[169467,12]
	[170477,14]
	[171490,11]
	[172506,17]
	[173525,11]
	[174547,15]
	[175572,13]
	[176600,13]
	[177631,16]
	[178665,10]
	[179702,13]
	[180742,13]
	[181785,12]
	[182831,9]
	[183880,11]
	[184932,18]
	[185987,18]
	[187045,18]
	[188106,16]
	[189170,19]
	[190237,18]
	[191307,10]
	[192380,15]
	[193456,13]
	[194535,12]
	[195617,11]
	[196702,14]
	[197790,20]
	[198881,17]
	[199975,13]
	[201072,19]
	[202172,9]
	[203275,11]
	[204381,19]
	[205490,10]
	[206602,21]
	[207717,22]
	[208835,15]
	[209956,27]
	[211080,16]
	[212207,18]
	[213337,10]
	[214470,16]
	[215606,18]
	[216745,22]
	[217887,13]
	[219032,24]
	[220180,11]
	[221331,10]
	[222485,19]
	[223642,20]
	[224802,15]
	[225965,17]
	[227131,22]
	[228300,26]
	[229472,13]
	[230647,18]
	[231825,19]
	[233006,22]
	[234190,20]
	[235377,18]
	[236567,20]
	[237760,21]
	[238956,16]

1696,
	[1,15]
	[2,285]
	[16641,1]
	[32474,1]
	[48693,1]
	[49347,1]
	[50863,1]
	[55523,1]
	[77426,1]
	[80935,1]
	[93910,1]
	[104048,1]
	[123924,1]
	[130864,1]
	[132449,1]
	[133326,1]
	[151055,1]
	[151151,1]
	[164478,1]
	[176648,1]
	[182009,1]
	[186163,1]
	[205698,1]
	[207877,1]
	[212575,1]
	[220500,1]
	[221555,1]
	[236807,1]
	[237776,1]
	[237968,1]

1648,
	[2,311]
	[1,2325]
	[3,38652]

1616,
	[1,19]
	[3,261]

1628,
	[2,2245]
	[3,36526]
	[57,4]
	[51,2]
	[9,1]
	[69,4]
	[105,5]
	[132,4]
	[117,5]
	[111,5]
	[6,3]
	[176,1]
	[93,4]
	[153,3]
	[147,4]
	[165,8]
	[192,5]
	[123,7]
	[209,1]
	[201,8]
	[210,4]
	[213,2]
	[233,1]
	[252,11]
	[189,2]
	[240,9]
	[87,3]
	[150,7]
	[255,7]
	[222,5]
	[162,6]
	[75,5]
	[234,7]
	[138,4]
	[15,1]
	[126,2]
	[228,5]
	[264,7]
	[198,6]
	[195,9]
	[237,8]
	[246,8]
	[156,5]
	[159,7]
	[288,6]
	[135,2]
	[294,9]
	[174,4]
	[285,5]
	[120,2]
	[324,10]
	[321,6]
	[333,11]
	[258,4]
	[186,5]
	[66,3]
	[171,4]
	[180,7]
	[243,8]
	[168,3]
	[315,5]
	[293,1]
	[273,4]
	[354,7]
	[318,7]
	[90,8]
	[342,11]
	[276,5]
	[339,7]
	[204,5]
	[249,9]
	[231,5]
	[312,14]
	[291,4]
	[390,12]
	[393,9]
	[327,6]
	[345,6]
	[381,7]
	[369,7]
	[309,6]
	[411,9]
	[330,10]
	[384,12]
	[360,6]
	[60,5]
	[414,9]
	[372,7]
	[378,5]
	[72,1]
	[387,9]
	[423,10]
	[183,4]
	[279,5]
	[396,9]
	[417,8]
	[459,15]
	[357,7]
	[438,8]
	[375,11]
	[462,8]
	[474,8]
	[408,7]
	[435,3]
	[351,4]
	[429,13]
	[45,2]
	[428,1]
	[129,4]
	[363,10]
	[303,11]
	[447,10]
	[39,1]
	[492,9]
	[426,7]
	[432,11]
	[486,9]
	[477,3]
	[510,10]
	[516,9]
	[480,15]
	[261,5]
	[78,2]
	[405,9]
	[465,12]
	[297,7]
	[537,9]
	[489,8]
	[519,12]
	[534,12]
	[388,1]
	[267,4]
	[564,11]
	[495,11]
	[522,5]
	[18,1]
	[108,2]
	[468,9]
	[507,11]
	[543,9]
	[450,8]
	[21,1]
	[501,14]
	[528,13]
	[549,6]
	[441,6]
	[498,13]
	[513,11]
	[561,6]
	[531,8]
	[540,9]
	[399,7]
	[141,4]
	[579,9]
	[219,4]
	[300,5]
	[420,7]
	[456,7]
	[12,2]
	[609,12]
	[336,7]
	[594,5]
	[600,13]
	[444,18]
	[612,10]
	[555,12]
	[366,4]
	[597,8]
	[633,9]
	[636,16]
	[585,6]
	[576,15]
	[588,15]
	[639,15]
	[472,1]
	[645,11]
	[177,2]
	[483,8]
	[446,1]
	[651,9]
	[573,9]
	[552,5]
	[570,15]
	[551,1]
	[225,6]
	[102,1]
	[99,1]
	[567,5]
	[621,14]
	[669,9]
	[657,12]
	[606,8]
	[615,9]
	[525,10]
	[558,7]
	[618,9]
	[627,7]
	[681,9]
	[471,6]
	[603,9]
	[675,9]
	[30,1]
	[546,6]
	[624,8]
	[581,1]
	[453,5]
	[648,9]
	[84,1]
	[642,7]
	[672,11]
	[666,15]
	[630,4]
	[660,10]
	[582,9]
	[705,8]
	[690,10]
	[504,5]
	[654,13]
	[270,1]
	[687,5]
	[711,10]
	[306,7]
	[663,7]
	[723,9]
	[735,8]
	[678,8]
	[702,5]
	[591,6]
	[696,11]
	[717,10]
	[81,1]
	[24,2]
	[747,13]
	[708,5]
	[741,4]
	[580,1]
	[699,9]
	[744,9]
	[750,9]
	[753,15]
	[732,10]
	[756,9]
	[759,12]
	[768,6]
	[720,8]
	[765,9]
	[771,11]
	[783,7]
	[54,4]
	[684,11]
	[777,10]
	[676,1]
	[774,12]
	[348,6]
	[810,10]
	[714,8]
	[816,7]
	[726,7]
	[822,4]
	[738,5]
	[216,2]
	[693,5]
	[801,6]
	[729,13]
	[795,2]
	[828,7]
	[144,3]
	[792,9]
	[834,11]
	[837,6]
	[831,8]
	[849,11]
	[813,8]
	[858,9]
	[789,8]
	[762,10]
	[840,9]
	[598,1]
	[870,12]
	[807,6]
	[825,6]
	[864,9]
	[873,7]
	[48,1]
	[819,5]
	[843,8]
	[804,13]
	[42,2]
	[207,2]
	[879,10]
	[885,4]
	[897,7]
	[855,4]
	[780,4]
	[876,9]
	[861,5]
	[909,6]
	[921,8]
	[894,9]
	[786,9]
	[798,4]
	[846,8]
	[867,3]
	[856,1]
	[936,5]
	[891,5]
	[882,4]
	[918,6]
	[740,1]
	[942,4]
	[63,2]
	[906,3]
	[924,4]
	[930,6]
	[939,7]
	[852,3]
	[951,4]
	[888,7]
	[912,7]
	[282,2]
	[969,3]
	[652,1]
	[963,4]
	[972,5]
	[975,4]
	[948,4]
	[960,6]
	[957,4]
	[402,4]
	[915,2]
	[993,3]
	[990,4]
	[927,5]
	[903,4]
	[1005,2]
	[987,4]
	[981,4]
	[996,3]
	[978,5]
	[1026,2]
	[954,3]
	[1008,6]
	[33,1]
	[900,5]
	[1002,5]
	[999,2]
	[1011,2]
	[1038,6]
	[785,1]
	[933,2]
	[1020,3]
	[1032,3]
	[966,3]
	[984,5]
	[1014,2]
	[1056,3]
	[96,1]
	[1017,2]
	[1050,3]
	[1053,3]
	[1044,5]
	[1062,5]
	[1074,3]
	[1047,6]
	[1065,4]
	[1023,2]
	[1035,2]
	[1068,2]
	[1077,3]
	[1029,3]
	[1041,4]
	[1089,2]
	[1059,1]
	[1083,4]
	[1071,4]
	[945,3]
	[1095,2]
	[1092,2]
	[1101,1]
	[1104,3]
	[1113,2]
	[1080,5]
	[1119,3]
	[1131,1]
	[1107,2]
	[1128,2]
	[1086,1]
	[1116,1]

1708,
	[1,18]
	[2,309]

1688,
	[2,2]

1660,
	[1336,1]
	[3436,1]
	[4199,1]
	[4238,1]
	[5422,1]
	[6174,1]
	[7385,1]
	[9127,1]
	[9865,1]
	[10878,1]
	[12151,1]
	[12184,1]
	[12441,1]
	[12435,1]
	[13293,1]
	[15024,1]
	[15332,1]
	[16549,1]
	[16582,1]
	[16555,1]
	[16585,1]
	[16887,1]
	[18179,1]
	[19863,1]
	[20201,1]
	[20925,1]
	[22747,1]
	[23875,1]
	[23845,1]
	[28199,1]
	[28635,1]
	[32042,1]
	[32047,1]
	[32003,1]
	[32476,1]
	[33353,1]
	[34257,1]
	[34242,1]
	[34718,2]
	[35146,1]
	[36107,1]
	[36095,1]
	[36553,1]
	[36562,1]
	[36538,1]
	[37017,1]
	[37496,1]
	[37981,1]
	[38442,1]
	[39418,1]
	[40909,1]
	[41400,1]
	[41373,1]
	[42379,1]
	[42418,1]
	[42906,1]
	[43915,1]
	[44457,1]
	[44424,1]
	[44436,1]
	[44978,1]
	[45499,1]
	[45484,2]
	[45993,1]
	[46511,1]
	[47068,1]
	[47580,1]
	[48107,1]
	[48134,1]
	[48119,1]
	[48146,1]
	[48149,1]
	[48670,1]
	[49224,1]
	[49751,1]
	[50847,1]
	[53090,1]
	[54243,1]
	[54779,1]
	[55348,1]
	[55959,1]
	[55968,1]
	[55944,1]
	[57708,1]
	[57699,1]
	[58304,1]
	[58277,1]
	[58312,1]
	[59472,1]
	[60658,1]
	[61892,2]
	[63096,1]
	[63722,1]
	[64977,1]
	[67505,1]
	[67520,1]
	[68140,1]
	[72025,1]
	[72678,1]
	[72666,1]
	[74026,1]
	[76018,1]
	[77402,1]
	[78061,1]
	[79451,1]
	[80140,1]
	[80143,1]
	[80841,1]
	[80829,1]
	[82210,1]
	[85772,1]
	[85787,1]
	[86503,1]
	[87932,1]
	[88663,1]
	[89388,1]
	[89397,1]
	[90877,1]
	[90874,1]
	[91629,1]
	[92369,1]
	[94604,1]
	[94625,1]
	[96117,1]
	[96857,1]
	[96896,1]
	[98415,1]
	[98427,1]
	[99173,1]
	[99952,1]
	[101507,1]
	[101525,1]
	[102283,1]
	[103080,1]
	[103053,1]
	[104647,1]
	[104650,1]
	[104668,1]
	[104662,1]
	[105432,1]
	[107870,1]
	[108635,1]
	[109456,1]
	[109453,1]
	[109465,1]
	[110256,1]
	[111092,1]
	[112734,1]
	[113573,1]
	[113561,1]
	[113531,1]
	[113564,1]
	[114361,1]
	[115212,1]
	[116901,1]
	[116887,1]
	[117726,1]
	[117723,1]
	[117699,1]
	[119401,1]
	[120264,1]
	[121957,1]
	[124558,1]
	[125412,2]
	[125424,1]
	[125421,1]
	[126269,1]
	[127138,1]
	[128019,1]
	[128004,1]
	[129793,1]
	[131572,1]
	[131570,1]
	[132418,1]
	[133311,2]
	[134243,1]
	[134228,1]
	[134234,1]
	[136038,1]
	[136014,1]
	[136922,1]
	[138750,1]
	[138771,1]
	[140584,2]
	[141507,1]
	[141498,1]
	[142442,1]
	[143353,1]
	[145214,1]
	[148031,1]
	[149901,1]
	[150887,1]
	[150863,1]
	[151801,1]
	[153760,1]
	[154696,1]
	[154714,1]
	[155687,1]
	[155676,1]
	[156650,1]
	[157626,1]
	[158571,1]
	[158580,1]
	[160543,1]
	[160516,1]
	[161496,1]
	[161529,1]
	[161523,1]
	[162491,1]
	[164505,1]
	[166456,2]
	[166477,1]
	[166495,1]
	[166498,1]
	[167499,1]
	[169512,1]
	[169507,1]
	[170520,2]
	[170514,2]
	[170484,1]
	[171497,1]
	[171533,1]
	[171527,1]
	[171500,1]
	[172516,1]
	[172510,1]
	[173570,1]
	[173550,1]
	[174569,1]
	[175594,1]
	[176619,1]
	[176634,1]
	[177665,1]
	[178702,1]
	[178678,1]
	[178705,1]
	[179733,1]
	[179721,1]
	[179712,1]
	[181813,1]
	[183881,1]
	[183911,1]
	[184975,2]
	[184957,1]
	[186018,1]
	[186006,1]
	[186024,1]
	[187052,1]
	[191347,1]
	[193484,1]
	[193481,1]
	[194554,1]
	[194536,1]
	[194578,1]
	[197827,1]
	[200018,1]
	[201103,1]
	[201091,1]
	[202206,1]
	[203288,2]
	[203285,1]
	[203297,1]
	[204418,1]
	[204426,1]
	[205509,1]
	[206636,1]
	[206627,1]
	[206630,1]
	[207727,1]
	[208860,1]
	[208854,1]
	[208866,1]
	[209999,1]
	[211099,1]
	[211108,1]
	[211096,1]
	[211111,1]
	[212250,1]
	[212217,1]
	[213380,1]
	[213338,1]
	[214474,1]
	[215616,1]
	[215628,1]
	[215643,1]
	[215646,1]
	[216790,1]
	[217888,1]
	[217900,1]
	[217930,1]
	[219039,2]
	[219036,1]
	[221362,1]
	[221359,1]
	[223687,1]
	[224827,1]
	[225993,1]
	[227135,1]
	[227153,1]
	[228310,1]
	[229482,1]
	[229488,1]
	[231835,1]
	[231859,1]
	[233013,1]
	[233046,1]
	[233019,1]
	[234194,2]
	[235396,1]
	[235399,1]
	[237770,1]
	[237785,1]
	[238999,1]
	[238993,1]

1736,
	[6630,1]

1584,
	[54245,1]
	[220225,1]

1580,
	[2,1]

len(carl_order):
20
Printing carl assignment order:
1680,1,0.9498525073746312
1708,2,0.5141509433962265
1688,2,0.5
1580,2,0.5
1696,2,0.46801872074882994
1616,3,0.3491271820448878
1648,3,0.3472410284013019
1628,3,0.319800387676826
1632,3,0.31463071073222765
1680,2,0.11764705882352941
1680,194,0.003401360544217687
1680,242,0.002976190476190476
1680,914,0.0022727272727272726
1628,1131,0.0017626027201187561
1736,6630,0.00015082956259426848
1584,54245,9.217439395335976e-06
1660,238999,8.245432692192526e-06
1696,237968,7.138073541022381e-06
1632,238956,6.849953629484058e-06
1584,220225,6.024822267743102e-06
bin_width: 6431993
assigning lease 1 to address 1680
Average Cache Occupancy Per Bin: [0.00,0.00,0.00,0.00,0.00]
Total cost: 32768.0
assigning lease 2 to address 1708
Average Cache Occupancy Per Bin: [0.01,0.00,0.00,0.00,0.00]
Total cost: 87040.0
assigning lease 2 to address 1688
Average Cache Occupancy Per Bin: [0.01,0.00,0.00,0.00,0.00]
Total cost: 87552.0
assigning lease 2 to address 1580
Average Cache Occupancy Per Bin: [0.01,0.00,0.00,0.00,0.00]
Total cost: 88064.0
assigning lease 2 to address 1696
Average Cache Occupancy Per Bin: [0.02,0.01,0.01,0.00,0.01]
Total cost: 141056.0
assigning lease 3 to address 1616
Average Cache Occupancy Per Bin: [0.03,0.01,0.01,0.01,0.01]
Total cost: 199424.0
assigning lease 3 to address 1648
Average Cache Occupancy Per Bin: [0.94,0.96,0.97,0.96,0.97]
Total cost: 6101760.0
assigning lease 3 to address 1628
Average Cache Occupancy Per Bin: [1.88,1.93,1.94,1.94,1.95]
Total cost: 12118528.0
assigning lease 3 to address 1632
Average Cache Occupancy Per Bin: [2.85,2.90,2.92,2.92,2.93]
Total cost: 18356224.0
assigning lease 2 to address 1680
Average Cache Occupancy Per Bin: [2.85,2.90,2.92,2.92,2.93]
Total cost: 18356992.0
assigning lease 194 to address 1680
Average Cache Occupancy Per Bin: [2.86,2.93,2.94,2.94,2.94]
Total cost: 18443008.0
assigning lease 242 to address 1680
Average Cache Occupancy Per Bin: [2.86,2.93,2.94,2.95,2.94]
Total cost: 18455296.0
assigning lease 914 to address 1680
Average Cache Occupancy Per Bin: [2.88,2.97,2.94,2.98,2.96]
Total cost: 18529024.0
assigning lease 1131 to address 1628
Average Cache Occupancy Per Bin: [8.20,13.1,14.4,15.1,17.6]
Total cost: 52796416.0
assigning lease 6630 to address 1736
Average Cache Occupancy Per Bin: [8.47,13.1,14.4,15.1,17.6]
Total cost: 54493696.0
assigning lease 54245 to address 1584
Average Cache Occupancy Per Bin: [10.6,13.1,14.4,15.1,19.8]
Total cost: 68380416.0
addr: 1660 ri: 238999
bin target: 823295104
	bin: 0.0 current capacity: 10.631295152217982  avg impact: 184.15558350265619
	bin: 1.0 current capacity: 13.166143682059355  avg impact: 268.6070584964878
	bin: 2.0 current capacity: 14.466204798419401  avg impact: 307.1267024077918
	bin: 3.0 current capacity: 15.17255382585149  avg impact: 369.64796448006086
	bin: 4.0 current capacity: 19.84650916131283  avg impact: 448.9049661590117
num_full_bins: 0
printing bin ranks sorted:
	bin: 4.0 rank: 0.24092736546019164
	selecting this^ bin
	bin: 3.0 rank: 0.3052294534689221
	bin: 2.0 rank: 0.36966435777646744
	bin: 1.0 rank: 0.42751615300326207
	bin: 0.0 rank: 0.6373344897581623
acceptable_ratio: 0.24092736546019164
Assigning 1660 dual lease lease 238999 * 0.24092736546019164. Bin saturation: [54.9,77.8,88.4,104.,128.]
addr: 1696 ri: 237968
bin target: 823295104
	bin: 3.0 current capacity: 104.23086405575505  avg impact: 29.871077285065454
	bin: 4.0 current capacity: 128.0  avg impact: 62.68838663226157
num_full_bins: 1
printing bin ranks sorted:
	bin: 4.0 rank: 0.0
	bin: 3.0 rank: 0.795724095164413
acceptable_ratio: 0
addr: 1632 ri: 238956
bin target: 823295104
	bin: 0.0 current capacity: 54.99941472029726  avg impact: 904.5382580484774
	bin: 1.0 current capacity: 77.88093462962973  avg impact: 1988.1946413809842
	bin: 2.0 current capacity: 88.46143207200497  avg impact: 2756.6505622751765
	bin: 3.0 current capacity: 104.23086405575505  avg impact: 3607.955369354413
	bin: 4.0 current capacity: 128.0  avg impact: 4623.730405179234
num_full_bins: 1
printing bin ranks sorted:
	bin: 4.0 rank: 0.0
	bin: 3.0 rank: 0.006587979481713508
	bin: 2.0 rank: 0.014342974212648204
	bin: 1.0 rank: 0.025208329369381038
	bin: 0.0 rank: 0.08070480671232193
acceptable_ratio: 0
addr: 1584 ri: 220225
bin target: 823295104
	bin: 4.0 current capacity: 128.0  avg impact: 6.606176343786443
num_full_bins: 1
printing bin ranks sorted:
	bin: 4.0 rank: 0.0
acceptable_ratio: 0
Final saturation:
	0.0,353755850.48504895
	1.0,500929626.3712361
	2.0,568983311.8571115
	3.0,670412187.990568
	4.0,823295104.0
DUMP LEASES
0, 690, 392, 0, 1 
0, 660, 3, 0, 1 
0, 6a0, 2, 0, 1 
0, 670, 3, 0, 1 
0, 650, 3, 0, 1 
0, 65c, 46b, 0, 1 
0, 6ac, 2, 0, 1 
0, 698, 2, 0, 1 
0, 67c, 1, 3a597, 0.7590726345398083 
0, 6c8, 19e6, 0, 1 
0, 630, d3e5, 0, 1 
0, 62c, 2, 0, 1 
Dump dual leases

