sample rate: 0.00390625
1444,
	[2,217]
	[1,2]

1432,
	[522,238]
	[117510,1]
	[121638,1]
	[125952,1]
	[134159,1]
	[134325,1]
	[134353,1]
	[138531,1]
	[142647,1]
	[146759,1]
	[155224,1]
	[167586,1]
	[167635,1]
	[176010,1]

1464,
	[1,2]

1428,
	[2,2]

1524,
	[3,237]

1540,
	[3,260]
	[1,1]

1520,
	[783,228]
	[39248,1]
	[92153,1]
	[169235,1]
	[92394,1]
	[84734,1]
	[164451,1]
	[282950,1]
	[262842,1]
	[203237,1]
	[260211,1]
	[354529,1]
	[242497,1]
	[349026,1]
	[336100,1]
	[307854,1]

1972,
	[1,2]

1620,
	[5,235]
	[1125,15]

1660,
	[2,221]
	[103646,1]
	[116494,1]
	[137767,1]
	[57568,1]
	[346969,1]
	[315847,1]
	[227269,1]
	[120736,1]
	[359401,1]
	[346234,1]
	[132895,1]
	[101773,1]
	[324142,1]
	[379666,1]
	[252784,1]
	[424879,1]
	[433720,1]

1624,
	[1,233]

1644,
	[2,254]

1648,
	[5,212]
	[1125,17]

1764,
	[3,28789]
	[2,81]

1748,
	[1,1847]
	[782,27034]
	[783,216]

1752,
	[781,1837]
	[782,25558]
	[174387,12]
	[173605,15]
	[172823,12]
	[172041,14]
	[171259,12]
	[170477,20]
	[169695,20]
	[168913,17]
	[168131,12]
	[167349,14]
	[166567,17]
	[165785,13]
	[165003,13]
	[164221,12]
	[163439,15]
	[162657,13]
	[161875,13]
	[161093,15]
	[160311,20]
	[159529,15]
	[158747,17]
	[157965,14]
	[157183,12]
	[156401,13]
	[155619,11]
	[154837,14]
	[154055,11]
	[153273,16]
	[152491,13]
	[151709,9]
	[150927,15]
	[150926,1]
	[150145,13]
	[149363,11]
	[148581,9]
	[147799,11]
	[147017,10]
	[146235,16]
	[145453,11]
	[144671,11]
	[143889,9]
	[143107,11]
	[142325,12]
	[141543,9]
	[140761,11]
	[139979,6]
	[139197,11]
	[138415,15]
	[138414,2]
	[137633,14]
	[136851,12]
	[136069,12]
	[135287,10]
	[134505,11]
	[133723,9]
	[132941,10]
	[132159,10]
	[131377,12]
	[130595,13]
	[129813,10]
	[129031,13]
	[128249,7]
	[127467,12]
	[126685,12]
	[125903,15]
	[125902,1]
	[125121,11]
	[124339,9]
	[123557,10]
	[122775,10]
	[121993,7]
	[121211,11]
	[120429,10]
	[119647,10]
	[118865,9]
	[118083,6]
	[117301,11]
	[116519,8]
	[115737,2]
	[114955,7]
	[114173,9]
	[113391,11]
	[112609,10]
	[111827,6]
	[111045,10]
	[110263,9]
	[109481,7]
	[108699,12]
	[107917,7]
	[107135,12]
	[106353,12]
	[105571,10]
	[104789,13]
	[104007,9]
	[103225,9]
	[102443,11]
	[101661,11]
	[100879,11]
	[100097,12]
	[99315,9]
	[98533,11]
	[97751,5]
	[96969,7]
	[96187,10]
	[95405,10]
	[94623,6]
	[93841,5]
	[93059,13]
	[92277,8]
	[91495,6]
	[90713,7]
	[89931,6]
	[89149,7]
	[88367,8]
	[87585,3]
	[86803,9]
	[86021,7]
	[85239,6]
	[84457,6]
	[83675,3]
	[82893,9]
	[82111,8]
	[81329,10]
	[80547,8]
	[79765,2]
	[78983,5]
	[78201,9]
	[77419,8]
	[76637,4]
	[75855,3]
	[75073,10]
	[74291,10]
	[73509,4]
	[72727,7]
	[71945,4]
	[71163,4]
	[70381,6]
	[69599,5]
	[68817,4]
	[68035,6]
	[67253,5]
	[66471,6]
	[65689,5]
	[64907,4]
	[64125,6]
	[63343,5]
	[62561,8]
	[61779,3]
	[60997,2]
	[60215,3]
	[59433,4]
	[58651,3]
	[57869,7]
	[57087,6]
	[56305,3]
	[55523,7]
	[54741,1]
	[53959,8]
	[53177,4]
	[52395,3]
	[51613,6]
	[50831,8]
	[50830,2]
	[50049,2]
	[49267,7]
	[48485,6]
	[47703,6]
	[46921,3]
	[46139,5]
	[45357,5]
	[44575,1]
	[43793,6]
	[43011,4]
	[42229,5]
	[41447,1]
	[40665,2]
	[39883,2]
	[39101,3]
	[38319,1]
	[38318,2]
	[37537,4]
	[36755,3]
	[35191,4]
	[34409,4]
	[33627,2]
	[32845,5]
	[32063,1]
	[31281,3]
	[30499,1]
	[29717,4]
	[28935,6]
	[28153,5]
	[27371,2]
	[26589,3]
	[25807,2]
	[25806,2]
	[25025,1]
	[24243,4]
	[23461,1]
	[22679,4]
	[21897,2]
	[21115,2]
	[20333,2]
	[19551,5]
	[18769,1]
	[17987,2]
	[17205,3]
	[16423,1]
	[15641,1]
	[14859,3]
	[14077,1]
	[13295,2]
	[13294,1]
	[11731,1]
	[8603,2]
	[7821,2]
	[7039,1]
	[6257,1]
	[4693,1]
	[3129,2]
	[2347,1]
	[1565,2]
	[783,2]

1736,
	[3,97]

1772,
	[185335,2]
	[184553,1]
	[183771,1]
	[182207,2]
	[181425,1]
	[180643,5]
	[178297,1]
	[177515,1]
	[176733,2]
	[175951,2]
	[173605,1]
	[172823,3]
	[171259,1]
	[165785,2]
	[165003,2]
	[164221,2]
	[163439,1]
	[162657,1]
	[159529,1]
	[157183,1]
	[153273,2]
	[151709,1]
	[150145,1]
	[148581,3]
	[147017,1]
	[146235,1]
	[145453,1]
	[143889,3]
	[141543,1]
	[139197,1]
	[137633,1]
	[136069,1]
	[132941,1]
	[132159,3]
	[131377,1]
	[130595,1]
	[129031,1]
	[128249,1]
	[125903,1]
	[123557,1]
	[121993,1]
	[121211,1]
	[118865,1]
	[115737,1]
	[114955,1]
	[114173,1]
	[113391,1]
	[110263,1]
	[109481,1]
	[108699,2]
	[104789,1]
	[103225,1]
	[98533,3]
	[96969,2]
	[96187,2]
	[94623,1]
	[93841,1]
	[92277,2]
	[90713,1]
	[89931,1]
	[86021,3]
	[84457,1]
	[83675,1]
	[76637,1]
	[73509,1]
	[70381,1]
	[65689,1]
	[57869,1]
	[56305,3]
	[51613,1]
	[47703,2]
	[46139,1]
	[45357,1]
	[44575,1]
	[32063,1]
	[26589,1]
	[25025,1]
	[17987,1]
	[7039,1]

len(carl_order):
26
Printing carl assignment order:
1464,1,1.0
1972,1,1.0
1624,1,1.0
1444,2,0.5022935779816514
1428,2,0.5
1644,2,0.5
1660,2,0.4642857142857143
1540,3,0.33418693982074266
1764,3,0.3336453674490633
1524,3,0.3333333333333333
1736,3,0.3333333333333333
1620,5,0.188
1648,5,0.1851528384279476
1748,1,0.06347733443310306
1432,522,0.0018164888339362855
1748,783,0.0012803967359797496
1752,782,0.0012056852360971112
1752,783,0.0012026458208057728
1520,783,0.0011983034545827223
1620,1125,0.0008928571428571428
1648,1125,0.0008928571428571428
1752,174387,8.72934236734604e-06
1772,185335,8.115376454607453e-06
1432,176010,7.006035430060096e-06
1520,354529,4.6443712078709085e-06
1660,433720,4.06527784021832e-06
bin_width: 4610623
assigning lease 1 to address 1464
Average Cache Occupancy Per Bin: [0.00,0.0,0.0,0.0,0.0]
Total cost: 512.0
assigning lease 1 to address 1972
Average Cache Occupancy Per Bin: [0.00,0.0,0.0,0.0,0.0]
Total cost: 1024.0
assigning lease 1 to address 1624
Average Cache Occupancy Per Bin: [0.01,0.0,0.0,0.0,0.0]
Total cost: 60672.0
assigning lease 2 to address 1444
Average Cache Occupancy Per Bin: [0.03,0.0,0.0,0.0,0.0]
Total cost: 172288.0
assigning lease 2 to address 1428
Average Cache Occupancy Per Bin: [0.03,0.0,0.0,0.0,0.0]
Total cost: 173312.0
assigning lease 2 to address 1644
Average Cache Occupancy Per Bin: [0.06,0.0,0.0,0.0,0.0]
Total cost: 303360.0
assigning lease 2 to address 1660
Average Cache Occupancy Per Bin: [0.09,0.0,0.0,0.0,0.0]
Total cost: 425216.0
assigning lease 3 to address 1540
Average Cache Occupancy Per Bin: [0.13,0.0,0.0,0.0,0.0]
Total cost: 625152.0
assigning lease 3 to address 1764
Average Cache Occupancy Per Bin: [0.99,0.98,0.99,0.97,0.98]
Total cost: 4593152.0
assigning lease 3 to address 1524
Average Cache Occupancy Per Bin: [1.03,0.98,0.99,0.97,0.98]
Total cost: 4775168.0
assigning lease 3 to address 1736
Average Cache Occupancy Per Bin: [1.03,0.99,0.99,0.98,0.98]
Total cost: 4789760.0
assigning lease 5 to address 1620
Average Cache Occupancy Per Bin: [1.10,0.99,0.99,0.98,0.98]
Total cost: 5109760.0
assigning lease 5 to address 1648
Average Cache Occupancy Per Bin: [1.17,0.99,0.99,0.98,0.98]
Total cost: 5402880.0
assigning lease 1 to address 1748
Average Cache Occupancy Per Bin: [1.46,1.32,1.32,1.31,1.31]
Total cost: 6731776.0
assigning lease 522 to address 1432
Average Cache Occupancy Per Bin: [8.73,1.32,1.32,1.31,1.31]
Total cost: 40273408.0
addr: 1748 ri: 783
bin target: 590159744
	bin: 0.0 current capacity: 8.73491673467989  avg impact: 215.60782566694348
	bin: 1.0 current capacity: 1.3256343014816  avg impact: 250.90689913272024
	bin: 2.0 current capacity: 1.326633732578005  avg impact: 245.70347217718734
	bin: 3.0 current capacity: 1.3154734186681496  avg impact: 245.74711400173035
	bin: 4.0 current capacity: 1.3164173258147542  avg impact: 223.72126283150888
num_full_bins: 0
printing bin ranks sorted:
	bin: 1.0 rank: 0.5048660125982126
	selecting this^ bin
	bin: 3.0 rank: 0.5155076880391761
	bin: 2.0 rank: 0.5155538305786431
	bin: 0.0 rank: 0.5531574881217568
	bin: 4.0 rank: 0.5662563364376966
acceptable_ratio: 0.5048660125982126
Assigning 1748 dual lease lease 783 * 0.5048660125982126. Bin saturation: [117.,128.,125.,125.,114.]
addr: 1752 ri: 782
bin target: 590159744
	bin: 0.0 current capacity: 117.58797996412024  avg impact: 221.38581445500967
	bin: 1.0 current capacity: 128.0  avg impact: 258.161491841775
	bin: 2.0 current capacity: 125.37396601221046  avg impact: 259.7628580779647
	bin: 3.0 current capacity: 125.38483897224015  avg impact: 260.02198835168264
	bin: 4.0 current capacity: 114.26567922499535  avg impact: 262.2563276155955
num_full_bins: 1
printing bin ranks sorted:
	bin: 1.0 rank: 0.0
	bin: 3.0 rank: 0.010057461079879194
	bin: 2.0 rank: 0.010109351303031061
	bin: 0.0 rank: 0.0470311074876738
	bin: 4.0 rank: 0.05236983564848754
acceptable_ratio: 0
addr: 1752 ri: 783
bin target: 590159744
	bin: 0.0 current capacity: 117.58797996412024  avg impact: 221.40330449919674
	bin: 1.0 current capacity: 128.0  avg impact: 258.18053655655643
	bin: 2.0 current capacity: 125.37396601221046  avg impact: 259.7816251729972
	bin: 3.0 current capacity: 125.38483897224015  avg impact: 260.04192144966095
	bin: 4.0 current capacity: 114.26567922499535  avg impact: 262.27342899213403
num_full_bins: 1
printing bin ranks sorted:
	bin: 1.0 rank: 0.0
	bin: 3.0 rank: 0.010056690141270525
	bin: 2.0 rank: 0.010108620985186239
	bin: 0.0 rank: 0.04702739220370373
	bin: 4.0 rank: 0.05236642090578133
acceptable_ratio: 0
addr: 1520 ri: 783
bin target: 590159744
	bin: 0.0 current capacity: 117.58797996412024  avg impact: 10.5644864045488
	bin: 1.0 current capacity: 128.0  avg impact: 0.0
num_full_bins: 1
printing bin ranks sorted:
	bin: 0.0 rank: 0.9855680283138626
acceptable_ratio: 0
assigning lease 1125 to address 1620
Average Cache Occupancy Per Bin: [118.,128.,125.,125.,114.]
Total cost: 546454644.9461119
assigning lease 1125 to address 1648
Average Cache Occupancy Per Bin: [119.,128.,125.,125.,114.]
Total cost: 551328884.9461119
addr: 1752 ri: 174387
bin target: 590159744
	bin: 0.0 current capacity: 119.57795832496214  avg impact: 3116.5439776793723
	bin: 1.0 current capacity: 128.0  avg impact: 3044.0770056454407
	bin: 2.0 current capacity: 125.37396601221046  avg impact: 2546.959200958309
	bin: 3.0 current capacity: 125.38483897224015  avg impact: 2089.6190315278436
	bin: 4.0 current capacity: 114.26567922499535  avg impact: 1029.4562274989735
num_full_bins: 1
printing bin ranks sorted:
	bin: 1.0 rank: 0.0
	bin: 2.0 rank: 0.0010310467426417685
	bin: 3.0 rank: 0.0012515013446483358
	bin: 0.0 rank: 0.002702365740819433
	bin: 4.0 rank: 0.013341335365342998
acceptable_ratio: 0
addr: 1772 ri: 185335
bin target: 590159744
	bin: 0.0 current capacity: 119.57795832496214  avg impact: 228.3456305145747
	bin: 1.0 current capacity: 128.0  avg impact: 157.35409639868624
	bin: 2.0 current capacity: 125.37396601221046  avg impact: 156.52928812440314
	bin: 3.0 current capacity: 125.38483897224015  avg impact: 150.7982170739182
	bin: 4.0 current capacity: 114.26567922499535  avg impact: 59.57303383946161
num_full_bins: 1
printing bin ranks sorted:
	bin: 1.0 rank: 0.0
	bin: 2.0 rank: 0.01677663023486365
	bin: 3.0 rank: 0.01734212166764512
	bin: 0.0 rank: 0.03688286767764668
	bin: 4.0 rank: 0.23054593479351945
acceptable_ratio: 0
addr: 1432 ri: 176010
bin target: 590159744
	bin: 0.0 current capacity: 119.57795832496214  avg impact: 103.02707638425436
	bin: 1.0 current capacity: 128.0  avg impact: 0.0
num_full_bins: 1
printing bin ranks sorted:
	bin: 0.0 rank: 0.081745905742551
acceptable_ratio: 0
addr: 1520 ri: 354529
bin target: 590159744
	bin: 0.0 current capacity: 119.57795832496214  avg impact: 189.89107545769846
	bin: 1.0 current capacity: 128.0  avg impact: 0.0
num_full_bins: 1
printing bin ranks sorted:
	bin: 0.0 rank: 0.044351961537623795
acceptable_ratio: 0
addr: 1660 ri: 433720
bin target: 590159744
	bin: 0.0 current capacity: 119.57795832496214  avg impact: 232.18761022100483
	bin: 1.0 current capacity: 128.0  avg impact: 0.0
num_full_bins: 1
printing bin ranks sorted:
	bin: 0.0 rank: 0.0362725714219697
acceptable_ratio: 0
Final saturation:
	0.0,551328884.9461119
	1.0,590159744.0
	2.0,578052091.2971158
	3.0,578102222.4167068
	4.0,526835968.74538577
DUMP LEASES
0, 5a4, 2, 0, 1 
0, 598, 20a, 0, 1 
0, 5b8, 1, 0, 1 
0, 594, 2, 0, 1 
0, 5f4, 3, 0, 1 
0, 604, 3, 0, 1 
0, 5f0, 1, 0, 1 
0, 7b4, 1, 0, 1 
0, 654, 465, 0, 1 
0, 67c, 2, 0, 1 
0, 658, 1, 0, 1 
0, 66c, 2, 0, 1 
0, 670, 465, 0, 1 
0, 6e4, 3, 0, 1 
0, 6d4, 1, 30f, 0.4951339874017874 
0, 6d8, 1, 0, 1 
0, 6c8, 3, 0, 1 
0, 6ec, 1, 0, 1 
Dump dual leases

