sample rate: 0.00390625
1404,
	[2,217]
	[1,2]

1392,
	[522,238]
	[85669,1]
	[115607,1]
	[32879,1]
	[158375,1]
	[68061,1]
	[112453,1]
	[67967,1]
	[166709,1]
	[206387,1]
	[204857,1]
	[176979,1]
	[224961,1]
	[218093,1]

1424,
	[1,2]

1388,
	[2,2]

1464,
	[1,222]
	[76312,1]
	[109159,1]
	[159214,1]
	[80344,1]
	[148033,1]
	[241108,1]
	[122086,1]
	[164680,1]
	[160378,1]
	[152491,1]
	[278974,1]
	[224482,1]
	[321859,1]
	[216034,1]
	[256477,1]

1444,
	[2,261]

1448,
	[3,225]
	[675,18]

1540,
	[1,2075]
	[783,27175]

1556,
	[3,29153]
	[1,114]

1544,
	[782,2048]
	[783,25554]
	[175392,14]
	[174609,13]
	[173826,12]
	[173043,16]
	[172260,10]
	[171477,16]
	[170694,12]
	[169911,19]
	[169128,12]
	[168345,13]
	[167562,14]
	[166779,13]
	[165996,18]
	[165213,16]
	[164430,21]
	[163646,1]
	[163647,12]
	[162864,11]
	[162081,16]
	[161298,12]
	[160515,13]
	[159732,13]
	[158949,9]
	[158166,13]
	[157383,14]
	[156600,13]
	[155817,12]
	[155034,8]
	[154251,17]
	[153468,16]
	[152685,15]
	[151902,16]
	[151118,1]
	[151119,15]
	[150336,11]
	[149553,15]
	[148770,10]
	[147987,13]
	[147204,9]
	[146421,13]
	[145638,14]
	[144855,11]
	[144072,15]
	[143289,7]
	[142506,9]
	[141723,5]
	[140940,11]
	[140157,8]
	[139374,10]
	[138591,7]
	[137808,9]
	[137025,9]
	[136242,14]
	[135459,12]
	[134676,12]
	[133893,14]
	[133110,16]
	[132327,10]
	[131544,9]
	[130761,11]
	[129978,13]
	[129195,11]
	[128412,9]
	[127629,9]
	[126846,15]
	[126062,2]
	[126063,7]
	[125280,11]
	[124497,13]
	[123714,6]
	[122931,8]
	[122148,14]
	[121365,5]
	[120582,13]
	[119799,11]
	[119016,13]
	[118233,12]
	[117450,7]
	[116667,10]
	[115884,11]
	[115101,10]
	[114318,4]
	[113535,11]
	[112752,2]
	[111969,5]
	[111186,8]
	[110403,5]
	[109620,8]
	[108837,11]
	[108054,9]
	[107271,11]
	[106488,9]
	[105705,7]
	[104922,8]
	[104139,6]
	[103356,6]
	[102573,3]
	[101790,7]
	[101007,10]
	[100224,11]
	[99441,6]
	[98658,9]
	[97875,9]
	[97092,4]
	[96309,8]
	[95526,11]
	[94743,9]
	[93960,10]
	[93177,5]
	[92394,12]
	[91611,8]
	[90828,6]
	[90045,9]
	[89262,1]
	[88478,2]
	[88479,3]
	[87696,7]
	[86913,5]
	[86130,6]
	[85347,8]
	[84564,8]
	[83781,6]
	[82998,8]
	[82215,6]
	[81432,10]
	[80649,9]
	[79866,4]
	[79083,8]
	[78300,5]
	[77517,5]
	[76734,7]
	[75950,2]
	[75951,8]
	[75168,6]
	[74385,6]
	[73602,6]
	[72819,5]
	[72036,6]
	[71253,5]
	[70470,6]
	[69687,6]
	[68904,7]
	[68121,3]
	[67338,8]
	[66555,4]
	[65772,4]
	[64989,10]
	[64206,8]
	[63423,5]
	[62640,9]
	[61857,8]
	[61074,1]
	[60291,7]
	[59508,4]
	[58725,3]
	[57942,7]
	[57159,3]
	[56376,4]
	[55593,9]
	[54810,7]
	[54027,7]
	[53244,7]
	[52461,2]
	[51678,4]
	[50894,2]
	[50895,1]
	[50112,3]
	[49329,2]
	[48546,7]
	[47763,5]
	[46197,6]
	[45414,4]
	[44631,2]
	[43848,2]
	[43065,3]
	[42282,2]
	[41499,2]
	[40716,2]
	[39933,4]
	[39150,3]
	[38367,7]
	[36801,3]
	[36018,2]
	[35235,4]
	[34452,3]
	[33669,4]
	[32886,3]
	[32103,1]
	[31320,3]
	[30537,1]
	[29754,2]
	[28971,5]
	[28188,2]
	[27405,4]
	[26622,5]
	[25056,3]
	[24273,1]
	[23490,1]
	[22707,2]
	[21924,1]
	[21141,1]
	[20358,1]
	[19575,5]
	[18792,2]
	[17226,1]
	[16443,2]
	[15660,2]
	[14877,4]
	[14094,1]
	[13310,2]
	[13311,2]
	[10179,2]
	[9396,1]
	[7830,1]
	[7047,1]
	[6264,1]
	[4698,2]
	[3915,1]
	[2349,1]

1528,
	[3,101]

1588,
	[187137,2]
	[186354,4]
	[185571,1]
	[184788,2]
	[183222,1]
	[181656,1]
	[180873,1]
	[180090,1]
	[178524,1]
	[177741,2]
	[174609,1]
	[173043,1]
	[171477,3]
	[169911,1]
	[168345,2]
	[167562,3]
	[165996,1]
	[164430,1]
	[163647,2]
	[161298,1]
	[160515,2]
	[159732,1]
	[158949,2]
	[158166,1]
	[155817,3]
	[1,3]
	[151902,1]
	[151119,1]
	[148770,1]
	[147204,1]
	[145638,2]
	[143289,1]
	[141723,1]
	[140940,1]
	[137025,2]
	[132327,1]
	[130761,1]
	[129978,1]
	[129195,1]
	[127629,2]
	[126063,1]
	[122931,1]
	[122148,1]
	[121365,1]
	[119799,1]
	[119016,2]
	[118233,1]
	[117450,1]
	[116667,1]
	[110403,1]
	[108837,3]
	[108054,1]
	[107271,2]
	[105705,1]
	[104139,1]
	[103356,1]
	[101790,3]
	[101007,1]
	[98658,2]
	[97092,1]
	[94743,1]
	[93960,2]
	[92394,1]
	[91611,1]
	[89262,1]
	[85347,1]
	[83781,1]
	[80649,1]
	[79083,2]
	[77517,2]
	[76734,1]
	[75951,1]
	[74385,1]
	[72819,1]
	[68121,1]
	[64206,2]
	[63423,2]
	[59508,1]
	[57942,1]
	[56376,1]
	[55593,1]
	[47763,1]
	[45414,1]
	[18792,1]
	[17226,1]
	[13312,1]

1584,
	[2,91]
	[1,2]

len(carl_order):
19
Printing carl assignment order:
1424,1,1.0
1464,1,0.9367088607594937
1584,2,0.5054347826086957
1404,2,0.5022935779816514
1388,2,0.5
1444,2,0.5
1556,3,0.33420118072922017
1528,3,0.3333333333333333
1448,3,0.30864197530864196
1540,1,0.07094017094017094
1588,1,0.025210084033613446
1392,522,0.0018164888339362855
1448,675,0.001488095238095238
1540,783,0.0012787723785166241
1544,783,0.0012063629812558761
1544,175392,8.637451228088472e-06
1588,187137,7.995969479935942e-06
1392,224961,7.0952526755924945e-06
1464,321859,5.531756708914537e-06
bin_width: 4591368
assigning lease 1 to address 1424
Average Cache Occupancy Per Bin: [0.00,0.0,0.0,0.0,0.0]
Total cost: 512.0
assigning lease 1 to address 1464
Average Cache Occupancy Per Bin: [0.01,0.0,0.0,0.0,0.0]
Total cost: 61184.0
assigning lease 2 to address 1584
Average Cache Occupancy Per Bin: [0.01,0.00,0.00,0.00,0.00]
Total cost: 67328.0
assigning lease 2 to address 1404
Average Cache Occupancy Per Bin: [0.03,0.00,0.00,0.00,0.00]
Total cost: 178944.0
assigning lease 2 to address 1388
Average Cache Occupancy Per Bin: [0.03,0.00,0.00,0.00,0.00]
Total cost: 179968.0
assigning lease 2 to address 1444
Average Cache Occupancy Per Bin: [0.06,0.00,0.00,0.00,0.00]
Total cost: 313600.0
assigning lease 3 to address 1556
Average Cache Occupancy Per Bin: [0.99,0.99,0.99,0.99,0.99]
Total cost: 4553984.0
assigning lease 3 to address 1528
Average Cache Occupancy Per Bin: [0.99,0.99,0.99,0.99,0.99]
Total cost: 4567040.0
assigning lease 3 to address 1448
Average Cache Occupancy Per Bin: [1.03,0.99,0.99,0.99,0.99]
Total cost: 4753664.0
assigning lease 1 to address 1540
Average Cache Occupancy Per Bin: [1.34,1.32,1.32,1.32,1.32]
Total cost: 6169344.0
assigning lease 1 to address 1588
Average Cache Occupancy Per Bin: [1.34,1.32,1.32,1.32,1.32]
Total cost: 6174976.0
assigning lease 522 to address 1392
Average Cache Occupancy Per Bin: [8.65,1.32,1.32,1.32,1.32]
Total cost: 39716608.0
assigning lease 675 to address 1448
Average Cache Occupancy Per Bin: [9.32,1.32,1.32,1.32,1.32]
Total cost: 42813184.0
addr: 1540 ri: 783
bin target: 587695104
	bin: 0.0 current capacity: 9.324711937705713  avg impact: 230.61002472465722
	bin: 1.0 current capacity: 1.3271234194253216  avg impact: 248.48677082734383
	bin: 2.0 current capacity: 1.326231310581073  avg impact: 244.25739431036675
	bin: 3.0 current capacity: 1.3281827986778667  avg impact: 241.81569240365835
	bin: 4.0 current capacity: 1.328628853099991  avg impact: 219.70956978399465
num_full_bins: 0
printing bin ranks sorted:
	bin: 1.0 rank: 0.5097771449112309
	selecting this^ bin
	bin: 0.0 rank: 0.5146146105486511
	bin: 2.0 rank: 0.5186077131751448
	bin: 3.0 rank: 0.5238362156822779
	bin: 4.0 rank: 0.5765400718386356
acceptable_ratio: 0.5097771449112309
Assigning 1540 dual lease lease 783 * 0.5097771449112309. Bin saturation: [126.,128.,125.,124.,113.]
addr: 1544 ri: 783
bin target: 587695104
	bin: 0.0 current capacity: 126.88443192974985  avg impact: 240.2787561354263
	bin: 1.0 current capacity: 128.0  avg impact: 258.43896982337293
	bin: 2.0 current capacity: 125.84306840557659  avg impact: 259.6579250454331
	bin: 3.0 current capacity: 124.60029606694727  avg impact: 258.9127353764717
	bin: 4.0 current capacity: 113.33154604725964  avg impact: 258.4464412349435
num_full_bins: 1
printing bin ranks sorted:
	bin: 1.0 rank: 0.0
	bin: 0.0 rank: 0.00464280774627198
	bin: 2.0 rank: 0.00830681980550374
	bin: 3.0 rank: 0.013130694124062321
	bin: 4.0 rank: 0.05675626208141842
acceptable_ratio: 0
addr: 1544 ri: 175392
bin target: 587695104
	bin: 0.0 current capacity: 126.88443192974985  avg impact: 3194.6742217134415
	bin: 1.0 current capacity: 128.0  avg impact: 3027.6826531874594
	bin: 2.0 current capacity: 125.84306840557659  avg impact: 2573.3783987691686
	bin: 3.0 current capacity: 124.60029606694727  avg impact: 1912.137621728426
	bin: 4.0 current capacity: 113.33154604725964  avg impact: 1038.2578508191893
num_full_bins: 1
printing bin ranks sorted:
	bin: 1.0 rank: 0.0
	bin: 0.0 rank: 0.00034919619116963543
	bin: 2.0 rank: 0.0008381711743034201
	bin: 3.0 rank: 0.0017779598572929428
	bin: 4.0 rank: 0.014127948987977208
acceptable_ratio: 0
addr: 1588 ri: 187137
bin target: 587695104
	bin: 0.0 current capacity: 126.88443192974985  avg impact: 221.1680562307356
	bin: 1.0 current capacity: 128.0  avg impact: 205.27664260412146
	bin: 2.0 current capacity: 125.84306840557659  avg impact: 126.0821332552738
	bin: 3.0 current capacity: 124.60029606694727  avg impact: 174.23571536849147
	bin: 4.0 current capacity: 113.33154604725964  avg impact: 82.11861911308351
num_full_bins: 1
printing bin ranks sorted:
	bin: 1.0 rank: 0.0
	bin: 0.0 rank: 0.0050439836984701196
	bin: 2.0 rank: 0.017107353268336203
	bin: 3.0 rank: 0.019512095587650893
	bin: 4.0 rank: 0.17862519013551353
acceptable_ratio: 0
addr: 1392 ri: 224961
bin target: 587695104
	bin: 0.0 current capacity: 126.88443192974985  avg impact: 102.15822735184808
	bin: 1.0 current capacity: 128.0  avg impact: 0.0
num_full_bins: 1
printing bin ranks sorted:
	bin: 0.0 rank: 0.010920002227602985
acceptable_ratio: 0
addr: 1464 ri: 321859
bin target: 587695104
	bin: 0.0 current capacity: 126.88443192974985  avg impact: 151.19103848787552
	bin: 1.0 current capacity: 128.0  avg impact: 0.0
num_full_bins: 1
printing bin ranks sorted:
	bin: 0.0 rank: 0.007378533022905416
acceptable_ratio: 0
Final saturation:
	0.0,582573120.4604317
	1.0,587695104.0
	2.0,577791837.2991754
	3.0,572085812.1523075
	4.0,520346833.9119144
DUMP LEASES
0, 57c, 2, 0, 1 
0, 570, 20a, 0, 1 
0, 590, 1, 0, 1 
0, 56c, 2, 0, 1 
0, 5b8, 1, 0, 1 
0, 5a4, 2, 0, 1 
0, 5a8, 2a3, 0, 1 
0, 604, 1, 30f, 0.49022285508876906 
0, 614, 3, 0, 1 
0, 608, 1, 0, 1 
0, 5f8, 3, 0, 1 
0, 634, 1, 0, 1 
0, 630, 2, 0, 1 
Dump dual leases

