sample rate: 0.00390625
1604,
	[2,92]
	[382756,2]
	[383332,1]
	[382884,1]
	[383588,1]
	[382692,1]
	[383012,1]

1596,
	[2,97]

1628,
	[4,17428]
	[901,1171]
	[191140,6]

1636,
	[1,18525]

1660,
	[3,17476]
	[386701,2]
	[413277,1]
	[423865,1]
	[431539,1]
	[435619,1]
	[445381,2]
	[447027,1]
	[448129,1]
	[448481,1]
	[449013,1]
	[456219,2]
	[456885,2]
	[472527,2]
	[391377,1]
	[392421,1]
	[396623,2]
	[402817,1]
	[429137,1]
	[436567,2]
	[437765,1]
	[462227,1]
	[467217,1]
	[468101,1]
	[468831,1]
	[386259,1]
	[395835,1]
	[399749,1]
	[408755,1]
	[416153,2]
	[416371,1]
	[424307,1]
	[427561,2]
	[427625,2]
	[436631,1]
	[437227,1]
	[441461,1]
	[452805,1]
	[455207,3]
	[467563,2]
	[470061,1]
	[388943,1]
	[401773,2]
	[407493,3]
	[409421,1]
	[411887,2]
	[417037,2]
	[424365,1]
	[426645,3]
	[429265,2]
	[436125,1]
	[447245,1]
	[456539,1]
	[466019,1]
	[382685,1]
	[385375,1]
	[388251,2]
	[391095,2]
	[392229,1]
	[397161,1]
	[399403,1]
	[401869,2]
	[408979,1]
	[424019,1]
	[431001,1]
	[431385,2]
	[450595,2]
	[474961,2]
	[383005,2]
	[386733,1]
	[389673,2]
	[393055,1]
	[394125,1]
	[413815,1]
	[426581,1]
	[450909,2]
	[459255,1]
	[395169,1]
	[399941,1]
	[410529,1]
	[437515,1]
	[457013,2]
	[459159,1]
	[466525,1]
	[407179,2]
	[443421,1]
	[451857,2]
	[460453,1]
	[474897,1]
	[384049,1]
	[397885,2]
	[399595,1]
	[408851,1]
	[414443,1]
	[433877,1]
	[452779,2]
	[454611,1]
	[455623,1]
	[466109,2]
	[471355,1]
	[475589,1]
	[385657,1]
	[391313,1]
	[395361,1]
	[396463,1]
	[423705,1]
	[429297,1]
	[432455,1]
	[441845,2]
	[448635,1]
	[460331,1]
	[386419,2]
	[390999,1]
	[395899,1]
	[407871,1]
	[408127,1]
	[408345,2]
	[417543,1]
	[424493,1]
	[424903,1]
	[426453,1]
	[470407,1]
	[472559,1]
	[409613,1]
	[415807,1]
	[418965,3]
	[421905,2]
	[427151,1]
	[429739,1]
	[439917,2]
	[442979,2]
	[444215,1]
	[445637,1]
	[470093,1]
	[382435,3]
	[400415,1]
	[407365,1]
	[412073,1]
	[438111,1]
	[456821,1]
	[404617,1]
	[415205,1]
	[422885,1]
	[426959,1]
	[436721,2]
	[438367,1]
	[439475,1]
	[439821,1]
	[440359,1]
	[447565,2]
	[448225,2]
	[463867,2]
	[382717,1]
	[383761,1]
	[387963,2]
	[394157,1]
	[420483,1]
	[427907,2]
	[429105,1]
	[453567,1]
	[458557,1]
	[459441,1]
	[460171,1]
	[474929,2]
	[476415,1]
	[387175,1]
	[400101,1]
	[407717,1]
	[415647,1]
	[418901,2]
	[427971,1]
	[428573,1]
	[432807,1]
	[444151,1]
	[446553,2]
	[458909,2]
	[461401,1]
	[471073,1]
	[474199,1]
	[474551,1]
	[393113,2]
	[398833,2]
	[400761,1]
	[403227,2]
	[408377,2]
	[415711,1]
	[417985,2]
	[420605,2]
	[427465,1]
	[438585,1]
	[447879,1]
	[457359,1]
	[383575,1]
	[388501,1]
	[390743,1]
	[393209,2]
	[400319,1]
	[415359,1]
	[422347,1]
	[422725,2]
	[441935,2]
	[466301,2]
	[471041,1]
	[384395,1]
	[385471,1]
	[405155,1]
	[417921,1]
	[442255,1]
	[386509,1]
	[391281,1]
	[428855,1]
	[448353,2]
	[450499,1]
	[457865,1]
	[398519,2]
	[434767,1]
	[443203,2]
	[451799,1]
	[466237,1]
	[470849,1]
	[473129,1]
	[476223,1]
	[389231,2]
	[390935,1]
	[400191,1]
	[405789,1]
	[425223,1]
	[444119,2]
	[445951,1]
	[446963,1]
	[457455,2]
	[462701,1]
	[466935,1]
	[382653,1]
	[387809,1]
	[415045,1]
	[420637,1]
	[423801,1]
	[433185,2]
	[439981,1]
	[451671,1]
	[382339,1]
	[387239,1]
	[399217,1]
	[399467,1]
	[399691,2]
	[408883,1]
	[415833,1]
	[416249,1]
	[417793,1]
	[461753,1]
	[463899,1]
	[474423,2]
	[400953,1]
	[407147,1]
	[410305,3]
	[413245,2]
	[418491,1]
	[421079,1]
	[431257,2]
	[434319,2]
	[435555,1]
	[436977,1]
	[461433,1]
	[469491,1]
	[391755,1]
	[398711,1]
	[403419,1]
	[429457,1]
	[448161,1]
	[395957,1]
	[406545,1]
	[414225,1]
	[418299,1]
	[428067,2]
	[429707,1]
	[430815,1]
	[431161,1]
	[431699,1]
	[438905,2]
	[439565,2]
	[385497,1]
	[411823,1]
	[419247,1]
	[420451,1]
	[444907,1]
	[449903,1]
	[450787,1]
	[451511,1]
	[466269,2]
	[467755,1]
	[391441,1]
	[399057,1]
	[406987,1]
	[410241,1]
	[419311,1]
	[419913,1]
	[424147,1]
	[435491,1]
	[437893,2]
	[450249,2]
	[452747,1]
	[462413,1]
	[465545,1]
	[465891,1]
	[384459,2]
	[390179,2]
	[392107,1]
	[394567,2]
	[399717,1]
	[407051,1]
	[409325,2]
	[411951,1]
	[418805,1]
	[429931,1]
	[439219,1]
	[448699,1]
	[474487,1]
	[384549,2]
	[391659,1]
	[406705,1]
	[413687,1]
	[414065,2]
	[433281,2]
	[457641,2]
	[462381,1]
	[469017,1]
	[474327,1]
	[396495,1]
	[409261,1]
	[433595,1]
	[469933,2]
	[471201,1]
	[472085,1]
	[474013,1]
	[382627,1]
	[420195,1]
	[439693,2]
	[449205,1]
	[389859,2]
	[426107,1]
	[434543,2]
	[443139,1]
	[457577,1]
	[462195,1]
	[464469,1]
	[468037,2]
	[469049,2]
	[471451,1]
	[473065,1]
	[382275,1]
	[391537,1]
	[397129,1]
	[416563,1]
	[435459,2]
	[437291,1]
	[438303,1]
	[448795,1]
	[454041,1]
	[458275,1]
	[472213,1]
	[406385,1]
	[411983,1]
	[415141,1]
	[424525,2]
	[431321,1]
	[443011,1]
	[473443,1]
	[473539,1]
	[475435,1]
	[390557,1]
	[390807,1]
	[391031,2]
	[400223,1]
	[407589,1]
	[409139,1]
	[453093,1]
	[455239,1]
	[465763,2]
	[471547,1]
	[392293,1]
	[398487,1]
	[401645,3]
	[404585,2]
	[409831,1]
	[412425,1]
	[422597,2]
	[425665,1]
	[426895,1]
	[428317,1]
	[460837,1]
	[383101,1]
	[390051,1]
	[394759,1]
	[420797,1]
	[439507,1]
	[387303,1]
	[405565,1]
	[409645,1]
	[419407,2]
	[421047,1]
	[422155,1]
	[422501,1]
	[423039,1]
	[430245,1]
	[430911,2]
	[403163,1]
	[410593,1]
	[411791,1]
	[436247,1]
	[441243,1]
	[442127,1]
	[442851,1]
	[457609,2]
	[459095,1]
	[472969,2]
	[382781,1]
	[390397,1]
	[398327,1]
	[401587,1]
	[410651,1]
	[411253,1]
	[415487,1]
	[426831,1]
	[429233,2]
	[441589,2]
	[444087,1]
	[453753,1]
	[457231,1]
	[468953,1]
	[474045,1]
	[476319,1]
	[383447,1]
	[385913,2]
	[391063,1]
	[398391,1]
	[400665,2]
	[403291,1]
	[410145,1]
	[421271,1]
	[430559,1]
	[440039,1]
	[465827,1]
	[398045,1]
	[405027,1]
	[405405,2]
	[424621,2]
	[448987,2]
	[453727,1]
	[460363,1]
	[465667,1]
	[469715,1]
	[387841,1]
	[400607,1]
	[424935,1]
	[461279,2]
	[462541,1]
	[463425,1]
	[465353,1]
	[469369,1]
	[470535,1]
	[472905,1]
	[476447,1]
	[411541,1]
	[431033,2]
	[440545,1]
	[417447,1]
	[425883,2]
	[434479,1]
	[448923,1]
	[453535,1]
	[455809,1]
	[459383,2]
	[460389,2]
	[462791,1]
	[464405,1]
	[468703,2]
	[471707,1]
	[382877,1]
	[388469,1]
	[407903,1]
	[426799,2]
	[428631,1]
	[429643,1]
	[440135,1]
	[449615,1]
	[463553,1]
	[397731,1]
	[403323,1]
	[406481,1]
	[415865,2]
	[422661,1]
	[434351,1]
	[464783,1]
	[464879,1]
	[466775,1]
	[475467,1]
	[382371,1]
	[391569,1]
	[398929,1]
	[400479,1]
	[444433,1]
	[446585,1]
	[457103,2]
	[462887,1]
	[383633,1]
	[389827,1]
	[392991,3]
	[395925,2]
	[401171,1]
	[403765,1]
	[413937,1]
	[417005,1]
	[418235,1]
	[419657,1]
	[452177,1]
	[386099,1]
	[412137,1]
	[430847,1]
	[396905,1]
	[400985,1]
	[410747,2]
	[412393,1]
	[413495,1]
	[413847,1]
	[414385,1]
	[421585,1]
	[422251,2]
	[394503,1]
	[401933,1]
	[403131,1]
	[427593,1]
	[432583,1]
	[433467,1]
	[434197,1]
	[448955,2]
	[450435,1]
	[464309,2]
	[475025,1]
	[392927,1]
	[401997,1]
	[402593,1]
	[406827,1]
	[418177,1]
	[420573,2]
	[432929,2]
	[435427,1]
	[445099,1]
	[448571,1]
	[460299,1]
	[465385,1]
	[467659,1]
	[468639,1]
	[468735,1]
	[476191,1]
	[382403,1]
	[389737,1]
	[392011,2]
	[394631,1]
	[401491,1]
	[412611,1]
	[457167,1]
	[474641,1]
	[475211,2]
	[389385,1]
	[396373,1]
	[396751,1]
	[415961,2]
	[440327,2]
	[445067,1]
	[451703,1]
	[461055,1]
	[391947,1]
	[416281,1]
	[452619,2]
	[453881,1]
	[454765,1]
	[456693,1]
	[460709,1]
	[461875,1]
	[464245,1]
	[467787,1]
	[402881,1]
	[422379,1]
	[431891,1]
	[476383,1]
	[408787,1]
	[417229,2]
	[425819,1]
	[440263,1]
	[444875,1]
	[447149,1]
	[450723,2]
	[451735,2]
	[454137,1]
	[455745,1]
	[460043,2]
	[463047,1]
	[468389,1]
	[475339,1]
	[399243,1]
	[418145,2]
	[419977,1]
	[420989,1]
	[431475,1]
	[440955,1]
	[454893,1]
	[472713,1]
	[473033,2]
	[389071,1]
	[394663,1]
	[397821,1]
	[407211,2]
	[414001,1]
	[425697,1]
	[456123,1]
	[458115,1]
	[466807,1]
	[382909,1]
	[390269,1]
	[391819,1]
	[435773,1]
	[437925,1]
	[448449,2]
	[454227,1]
	[474769,1]
	[384331,3]
	[387271,1]
	[392517,1]
	[395105,1]
	[405283,1]
	[409581,1]
	[411003,1]
	[443517,1]
	[403483,1]
	[422187,1]
	[472367,1]
	[392325,1]
	[402087,1]
	[403733,1]
	[404841,1]
	[405187,1]
	[405725,1]
	[412931,1]
	[413591,1]
	[385849,1]
	[393273,1]
	[394477,1]
	[418933,1]
	[423923,1]
	[424813,1]
	[425537,1]
	[440295,1]
	[441781,1]
	[455649,2]
	[466365,1]
	[384267,1]
	[393337,1]
	[393939,1]
	[398173,1]
	[409517,1]
	[411919,2]
	[424275,2]
	[426767,1]
	[436439,1]
	[451639,1]
	[456725,1]
	[458999,1]
	[459979,1]
	[460075,1]
	[467531,1]
	[474077,1]
	[383351,2]
	[385971,1]
	[392831,1]
	[403957,1]
	[448513,1]
	[465987,1]
	[466551,1]
	[468069,1]
	[387713,1]
	[388091,1]
	[407301,2]
	[431667,2]
	[436407,1]
	[443043,1]
	[452395,1]
	[468511,1]
	[383287,1]
	[407621,1]
	[443959,2]
	[445221,1]
	[446111,1]
	[448039,1]
	[452049,1]
	[453221,1]
	[455591,1]
	[459127,1]
	[468607,1]
	[470791,1]
	[475115,2]
	[394221,1]
	[413719,1]
	[423231,1]
	[467723,1]
	[400133,1]
	[408569,2]
	[417165,1]
	[431603,1]
	[436215,1]
	[438495,1]
	[442063,2]
	[443075,1]
	[445477,1]
	[447091,1]
	[451383,2]
	[454387,1]
	[459729,1]
	[466679,1]
	[468229,1]
	[390589,1]
	[409485,1]
	[411317,1]
	[412329,1]
	[422821,1]
	[432301,1]
	[446233,1]
	[464059,1]
	[464373,2]
	[386003,1]
	[389167,1]
	[398551,2]
	[405347,1]
	[447469,1]
	[449461,1]
	[458147,1]
	[468447,1]
	[471265,1]
	[476127,1]
	[383159,1]
	[427119,1]
	[439789,2]
	[445573,1]
	[383857,1]
	[386445,1]
	[400921,1]
	[402343,1]
	[434857,1]
	[469683,2]
	[470125,1]
	[394823,1]
	[413527,1]
	[463707,1]
	[383665,1]
	[393433,1]
	[395073,1]
	[396181,1]
	[396527,1]
	[397065,1]
	[404271,1]
	[404931,1]
	[384613,1]
	[385817,1]
	[410273,1]
	[415269,1]
	[416877,1]
	[431635,1]
	[433121,1]
	[446995,2]
	[457705,1]
	[384677,1]
	[385279,1]
	[389513,1]
	[400857,1]
	[403259,1]
	[415615,1]
	[418113,1]
	[427779,1]
	[448065,1]
	[450345,1]
	[451325,1]
	[451415,1]
	[458877,1]
	[465417,1]
	[384171,1]
	[395297,1]
	[439853,1]
	[457327,1]
	[457897,1]
	[459415,1]
	[469901,1]
	[398647,2]
	[423007,1]
	[427747,1]
	[434383,1]
	[443741,1]
	[459857,1]
	[398961,1]
	[435299,1]
	[437451,1]
	[439379,1]
	[443389,1]
	[444561,1]
	[446931,1]
	[450467,1]
	[459947,1]
	[462131,1]
	[466461,2]
	[469997,1]
	[474109,1]
	[385561,1]
	[405059,1]
	[414571,1]
	[459063,1]
	[391473,1]
	[399909,2]
	[408505,1]
	[422943,1]
	[429835,1]
	[433403,2]
	[434415,1]
	[436817,1]
	[438431,1]
	[442729,1]
	[445727,1]
	[451069,1]
	[458019,1]
	[459569,1]
	[400825,1]
	[402657,1]
	[403669,1]
	[414161,1]
	[423641,1]
	[437579,1]
	[455399,1]
	[455713,2]
	[389891,1]
	[396687,1]
	[438809,1]
	[440801,1]
	[449487,1]
	[459793,1]
	[462605,1]
	[467473,1]
	[473283,1]
	[473821,1]
	[418459,1]
	[431129,1]
	[436913,1]
	[392261,1]
	[393683,1]
	[426203,1]
	[461023,1]
	[461465,1]
	[386163,1]
	[404873,1]
	[455053,1]
	[469145,1]
	[384773,1]
	[387521,1]
	[387867,1]
	[388405,1]
	[395611,1]
	[396277,1]
	[468165,1]
	[471137,1]
	[401613,1]
	[406609,1]
	[408223,1]
	[422975,1]
	[424461,1]
	[438335,1]
	[449045,1]
	[474391,1]
	[474865,1]
	[392197,1]
	[394599,1]
	[406955,1]
	[409453,1]
	[419125,1]
	[439411,1]
	[441685,1]
	[442665,1]
	[442761,1]
	[450217,1]
	[456757,1]
	[469427,1]
	[471957,1]
	[474993,1]
	[386637,1]
	[431193,1]
	[448667,1]
	[449237,1]
	[450755,1]
	[461247,1]
	[475307,1]
	[389987,1]
	[414353,1]
	[419093,1]
	[425729,1]
	[435081,1]
	[451197,1]
	[390301,1]
	[428791,1]
	[430719,1]
	[434735,1]
	[435901,1]
	[438271,1]
	[441813,1]
	[451293,1]
	[453471,1]
	[457801,1]
	[461337,1]
	[465449,1]
	[474583,1]
	[396399,1]
	[405911,1]
	[450409,1]
	[468985,1]
	[470631,1]
	[472239,1]
	[382813,1]
	[391249,1]
	[399845,1]
	[414289,1]
	[421175,1]
	[424749,1]
	[425761,1]
	[428157,1]
	[429771,1]
	[434069,1]
	[437073,1]
	[442409,1]
	[449365,1]
	[392165,1]
	[394003,1]
	[395009,1]
	[405501,1]
	[414981,1]
	[428919,1]
	[446739,1]
	[447059,1]

1632,
	[4,17358]
	[190851,7]
	[190815,9]
	[190787,7]
	[190743,4]
	[190555,7]
	[190527,2]
	[190259,9]
	[190939,6]
	[190903,3]
	[190755,5]
	[190723,9]
	[190707,7]
	[190667,9]
	[190587,9]
	[190523,8]
	[190491,4]
	[190355,7]
	[190351,3]
	[190887,12]
	[190639,10]
	[190571,7]
	[190499,7]
	[190447,5]
	[190187,9]
	[190971,9]
	[190727,9]
	[190711,10]
	[190675,3]
	[190603,3]
	[190575,6]
	[190503,4]
	[190459,3]
	[190439,6]
	[190407,11]
	[190231,6]
	[190895,6]
	[190655,7]
	[190347,10]
	[190327,5]
	[190287,9]
	[190963,7]
	[190867,8]
	[190583,6]
	[190543,6]
	[190427,5]
	[190367,10]
	[190363,7]
	[190323,5]
	[190215,10]
	[190967,5]
	[190955,6]
	[190843,6]
	[190811,11]
	[190791,7]
	[190775,7]
	[190627,13]
	[190619,3]
	[190519,8]
	[190451,4]
	[190383,3]
	[190339,5]
	[190267,6]
	[190255,5]
	[190947,6]
	[190915,7]
	[190767,5]
	[190739,9]
	[190599,5]
	[190551,8]
	[190483,5]
	[190419,10]
	[190415,6]
	[190275,7]
	[190243,10]
	[190943,8]
	[190691,3]
	[190467,8]
	[190411,4]
	[190299,4]
	[190195,5]
	[190899,5]
	[190863,7]
	[190795,8]
	[190651,6]
	[190591,9]
	[190495,8]
	[190295,11]
	[190223,11]
	[190783,6]
	[190679,4]
	[190563,1]
	[190935,6]
	[190771,7]
	[190607,5]
	[190371,7]
	[190207,4]
	[190919,10]
	[190847,10]
	[190375,4]
	[190319,9]
	[190271,3]
	[190211,7]
	[190923,4]
	[190859,10]
	[190331,6]
	[190975,3]
	[190827,3]
	[190779,7]
	[190659,5]
	[190595,5]
	[190567,9]
	[190423,4]
	[190247,12]
	[190959,11]
	[190643,5]
	[190803,7]
	[190747,4]
	[190647,6]
	[190535,5]
	[190511,5]
	[190479,11]
	[190307,4]
	[190731,5]
	[190431,5]
	[190403,6]
	[190615,8]
	[190443,10]
	[190395,6]
	[190263,5]
	[190883,6]
	[190799,6]
	[190703,6]
	[190455,3]
	[190343,3]
	[190227,4]
	[190699,11]
	[190671,4]
	[190623,6]
	[190487,7]
	[190335,7]
	[190315,9]
	[190291,6]
	[190235,3]
	[190891,5]
	[190831,2]
	[190763,5]
	[190871,6]
	[190715,3]
	[190855,2]
	[190751,3]
	[190635,4]
	[190539,5]
	[190279,4]
	[190391,10]
	[190283,5]
	[190219,5]
	[190251,3]
	[190735,7]
	[190203,4]
	[190875,8]
	[190823,3]
	[190379,3]
	[190475,5]
	[190435,9]
	[190199,5]
	[190687,6]
	[190515,9]
	[190663,9]
	[190303,4]
	[190559,7]
	[190359,8]
	[190311,3]
	[190835,6]
	[190239,3]
	[190927,4]
	[190183,4]
	[190191,3]
	[190807,4]
	[190719,6]
	[190931,7]
	[190547,3]
	[190507,7]
	[190839,3]
	[190819,3]
	[190631,4]
	[190463,6]
	[190911,3]
	[190879,3]
	[190579,6]
	[190399,3]
	[190951,4]
	[190759,3]
	[190387,4]
	[190611,3]
	[190471,3]
	[190695,2]
	[190907,4]
	[190531,3]
	[190683,4]

1700,
	[1,18620]

1692,
	[1,17523]
	[4,1086]

1720,
	[3,17453]
	[199486,3]
	[204744,1]
	[215324,2]
	[220964,1]
	[223482,3]
	[223992,1]
	[226414,2]
	[226892,1]
	[253759,1]
	[262932,1]
	[197256,1]
	[198311,2]
	[205540,1]
	[212138,1]
	[213858,3]
	[215132,2]
	[215292,1]
	[221220,1]
	[280300,1]
	[668025,8]
	[191360,1]
	[210608,1]
	[223132,1]
	[223418,1]
	[250122,1]
	[253564,1]
	[267621,3]
	[275712,2]
	[278930,1]
	[280618,1]
	[198212,1]
	[210288,1]
	[224024,2]
	[245980,2]
	[255671,2]
	[265864,2]
	[267044,1]
	[276094,1]
	[286100,1]
	[192156,2]
	[198276,1]
	[245534,1]
	[247988,4]
	[248114,1]
	[264176,1]
	[275806,4]
	[277018,1]
	[197924,1]
	[206146,1]
	[213794,1]
	[221984,1]
	[222211,2]
	[229186,1]
	[230078,2]
	[230815,1]
	[234698,1]
	[239288,1]
	[264462,1]
	[268158,1]
	[270011,1]
	[192062,2]
	[192922,1]
	[202418,1]
	[205222,1]
	[212552,3]
	[218766,1]
	[229728,1]
	[238874,2]
	[253054,3]
	[256592,2]
	[275074,1]
	[282722,1]
	[202960,1]
	[219821,3]
	[223290,1]
	[232150,2]
	[239798,1]
	[248880,1]
	[254715,2]
	[260862,1]
	[285240,2]
	[201270,1]
	[203980,2]
	[209460,1]
	[210384,1]
	[214176,1]
	[215706,3]
	[217714,4]
	[235496,1]
	[242506,1]
	[264112,1]
	[285876,2]
	[218224,3]
	[239670,1]
	[240754,2]
	[242765,2]
	[254042,1]
	[282308,2]
	[283932,1]
	[191966,1]
	[202768,1]
	[209142,1]
	[230428,1]
	[235336,1]
	[240434,1]
	[249457,1]
	[265992,3]
	[268668,1]
	[203692,1]
	[208536,1]
	[212296,1]
	[217300,1]
	[223928,1]
	[231384,1]
	[246648,1]
	[255762,1]
	[261116,1]
	[262040,2]
	[266406,1]
	[270516,2]
	[275202,2]
	[285112,1]
	[194674,1]
	[203214,2]
	[210576,1]
	[215260,1]
	[215642,2]
	[239032,2]
	[242474,1]
	[244418,1]
	[248624,1]
	[251302,1]
	[255572,1]
	[258758,1]
	[263538,1]
	[194420,1]
	[203916,1]
	[208504,1]
	[217909,2]
	[234540,1]
	[239419,1]
	[240626,1]
	[241358,1]
	[243270,1]
	[250186,2]
	[271856,1]
	[273958,2]
	[281961,1]
	[283550,1]
	[207006,2]
	[212328,1]
	[213572,1]
	[216152,2]
	[225490,1]
	[226513,2]
	[231512,1]
	[232214,1]
	[245024,2]
	[253086,1]
	[264080,2]
	[277208,1]
	[284252,1]
	[284634,1]
	[198338,1]
	[202546,1]
	[206178,1]
	[207393,1]
	[209556,2]
	[236578,1]
	[262328,2]
	[271728,1]
	[273862,1]
	[275584,1]
	[281702,2]
	[282594,1]
	[283646,1]
	[283838,1]
	[286196,1]
	[195470,1]
	[216790,2]
	[223672,2]
	[230460,2]
	[239160,2]
	[249836,2]
	[256050,1]
	[265068,3]
	[220550,1]
	[236834,1]
	[252894,1]
	[258248,1]
	[259874,3]
	[262868,2]
	[278802,1]
	[279026,2]
	[281288,2]
	[204298,1]
	[217140,1]
	[218096,1]
	[219180,1]
	[249935,1]
	[253214,1]
	[254616,1]
	[262104,1]
	[262742,1]
	[272334,2]
	[282116,1]
	[285176,1]
	[210894,1]
	[212870,2]
	[216534,2]
	[219308,1]
	[249994,1]
	[252290,2]
	[260000,1]
	[270994,1]
	[273512,1]
	[197702,1]
	[221792,2]
	[226190,1]
	[227178,3]
	[232946,1]
	[241964,2]
	[248338,2]
	[250413,2]
	[258216,1]
	[260384,2]
	[271568,1]
	[285462,1]
	[213607,2]
	[213922,2]
	[222176,1]
	[231258,2]
	[237472,1]
	[244322,2]
	[244704,1]
	[252640,1]
	[267266,1]
	[267426,1]
	[273066,2]
	[279571,1]
	[205286,1]
	[209716,2]
	[216662,3]
	[218892,1]
	[221156,1]
	[242442,2]
	[247446,1]
	[255094,1]
	[258312,1]
	[264844,1]
	[196522,1]
	[206496,2]
	[219594,2]
	[233264,1]
	[233648,2]
	[242730,1]
	[263602,2]
	[268000,1]
	[271346,1]
	[277464,1]
	[277592,1]
	[279058,2]
	[217108,1]
	[223704,1]
	[236132,1]
	[258061,2]
	[263698,2]
	[274022,1]
	[203150,1]
	[220614,1]
	[243972,1]
	[248370,1]
	[255858,1]
	[267012,1]
	[269720,1]
	[276062,1]
	[280268,2]
	[281128,1]
	[200124,1]
	[215546,1]
	[218478,1]
	[242188,2]
	[260032,1]
	[267458,1]
	[269912,1]
	[276604,1]
	[193622,2]
	[205700,1]
	[208664,1]
	[208950,1]
	[210034,1]
	[217490,1]
	[227912,1]
	[233838,2]
	[233934,1]
	[238941,4]
	[246680,1]
	[253246,1]
	[262232,1]
	[264812,1]
	[192954,1]
	[219848,1]
	[225872,1]
	[226062,2]
	[231448,1]
	[235304,1]
	[238300,1]
	[240020,1]
	[254742,1]
	[262582,1]
	[267108,2]
	[269498,1]
	[276703,1]
	[191168,3]
	[191392,1]
	[198052,1]
	[210320,2]
	[239862,2]
	[239956,1]
	[240116,1]
	[242156,2]
	[246330,1]
	[256782,2]
	[262518,1]
	[278356,1]
	[280172,1]
	[194036,1]
	[203628,2]
	[213316,1]
	[216475,1]
	[222494,1]
	[248050,1]
	[261786,1]
	[264558,2]
	[266724,1]
	[278260,1]
	[226540,1]
	[228038,2]
	[275648,1]
	[191678,2]
	[209684,1]
	[222748,1]
	[225234,2]
	[229026,2]
	[229381,1]
	[240180,1]
	[250154,1]
	[252384,1]
	[252862,2]
	[253532,1]
	[262136,1]
	[262774,1]
	[282626,1]
	[215228,1]
	[225426,2]
	[234730,1]
	[254296,1]
	[257196,1]
	[258408,1]
	[268577,1]
	[270772,1]
	[279248,1]
	[207676,1]
	[226126,1]
	[235368,2]
	[239510,1]
	[255890,1]
	[264048,1]
	[194260,1]
	[199294,1]
	[202640,1]
	[208886,1]
	[210352,1]
	[227720,1]
	[229568,1]
	[240944,1]
	[261084,2]
	[269020,1]
	[194164,1]
	[194992,2]
	[212616,2]
	[222302,1]
	[228962,1]
	[246968,1]
	[256654,2]
	[257930,1]
	[262900,3]
	[270358,1]
	[214272,1]
	[264398,1]
	[266852,1]
	[268542,1]
	[273800,2]
	[201206,1]
	[202068,1]
	[207898,1]
	[238618,2]
	[244258,1]
	[245438,1]
	[254106,1]
	[260192,1]
	[285558,1]
	[193531,1]
	[199232,1]
	[202322,1]
	[243494,1]
	[248146,1]
	[279536,2]
	[285908,1]
	[194898,1]
	[198402,2]
	[199996,1]
	[200792,1]
	[209014,1]
	[228230,1]
	[240052,1]
	[246111,2]
	[249166,1]
	[275520,1]
	[276158,1]
	[206210,1]
	[220678,1]
	[221602,1]
	[225968,1]
	[239574,1]
	[243302,1]
	[247924,1]
	[255284,2]
	[258152,3]
	[270489,1]
	[285272,2]
	[193080,1]
	[198594,2]
	[202036,1]
	[208186,1]
	[218320,1]
	[223100,1]
	[224628,1]
	[232786,1]
	[257105,2]
	[257260,2]
	[265418,1]
	[275296,1]
	[198976,1]
	[200188,1]
	[200920,1]
	[202832,1]
	[206942,1]
	[209748,2]
	[233520,2]
	[237507,2]
	[241518,1]
	[243112,1]
	[258440,1]
	[259938,1]
	[261722,1]
	[269114,1]
	[283296,1]
	[286036,1]
	[194068,1]
	[224724,2]
	[236770,1]
	[262646,1]
	[274086,1]
	[191774,1]
	[196140,1]
	[233424,1]
	[241264,1]
	[243208,1]
	[243844,1]
	[247067,2]
	[198722,1]
	[234794,1]
	[255476,1]
	[258790,1]
	[259973,1]
	[262550,1]
	[200314,1]
	[212456,1]
	[217810,1]
	[222430,2]
	[238108,1]
	[238364,1]
	[251620,1]
	[275392,1]
	[281160,1]
	[284602,2]
	[201657,1]
	[209492,1]
	[214240,1]
	[221666,1]
	[241678,1]
	[251206,1]
	[276348,1]
	[279598,1]
	[668029,1]
	[199836,1]
	[205094,2]
	[219562,1]
	[230556,1]
	[233074,1]
	[247254,1]
	[252512,1]
	[263092,2]
	[268732,1]
	[271250,2]
	[271760,1]
	[274182,1]
	[274660,1]
	[192508,1]
	[201526,2]
	[209970,1]
	[217778,1]
	[220777,1]
	[231130,1]
	[253308,1]
	[259906,1]
	[261626,2]
	[263060,1]
	[268988,1]
	[203884,2]
	[204202,1]
	[204266,1]
	[210830,2]
	[226828,1]
	[232628,2]
	[239128,1]
	[258376,1]
	[270900,1]
	[271186,1]
	[202004,2]
	[207452,1]
	[217874,1]
	[224406,1]
	[271792,2]
	[192826,1]
	[216566,2]
	[239924,2]
	[246044,1]
	[195694,1]
	[217618,2]
	[233584,1]
	[236706,1]
	[245692,1]
	[253914,1]
	[261562,1]
	[269752,1]
	[276954,1]
	[277846,2]
	[282466,1]
	[191232,1]
	[203534,1]
	[214590,1]
	[215420,1]
	[221733,1]
	[227974,1]
	[229282,1]
	[239830,2]
	[240690,1]
	[252990,1]
	[260320,2]
	[266534,1]
	[277496,1]
	[209428,1]
	[211372,1]
	[250728,1]
	[271058,1]
	[279918,2]
	[193400,1]
	[193496,1]
	[198498,2]
	[206242,1]
	[224374,1]
	[227082,1]
	[228102,1]
	[249038,1]
	[251748,2]
	[257228,1]
	[261944,1]
	[263474,3]
	[265482,1]
	[283264,1]
	[194866,1]
	[199582,1]
	[214304,1]
	[222144,1]
	[230337,1]
	[236260,1]
	[276668,1]
	[199518,1]
	[199678,1]
	[205892,1]
	[216344,1]
	[221760,1]
	[222080,1]
	[224278,1]
	[237152,1]
	[237918,1]
	[239734,1]
	[250536,1]
	[256910,1]
	[278196,1]
	[283104,1]
	[207612,1]
	[226286,1]
	[228425,1]
	[232276,2]
	[237822,1]
	[251460,1]
	[256304,1]
	[260064,1]
	[271696,1]
	[279152,1]
	[205481,1]
	[205959,1]
	[228994,1]
	[250982,2]
	[258344,1]
	[263028,1]
	[263410,1]
	[191200,1]
	[197032,1]
	[200282,1]
	[211946,1]
	[212424,1]
	[213094,1]
	[221698,1]
	[251684,1]
	[256272,1]
	[259460,1]
	[194292,1]
	[202194,1]
	[215674,1]
	[216758,1]
	[228134,1]
	[228516,1]
	[238810,1]
	[254774,1]
	[260096,1]
	[261340,1]
	[263920,2]
	[273258,1]
	[279280,1]
	[279982,1]
	[194930,2]
	[199072,1]
	[203091,2]
	[215452,1]
	[216120,1]
	[223610,1]
	[233296,1]
	[250314,1]
	[253946,1]
	[257324,2]
	[284351,1]
	[200506,1]
	[220646,1]
	[224601,1]
	[227050,3]
	[237184,1]
	[243243,1]
	[267586,1]
	[271445,2]
	[278228,1]
	[216216,1]
	[222462,2]
	[268318,1]
	[191619,2]
	[197833,1]
	[217936,2]
	[223960,1]
	[235654,1]
	[252066,1]
	[264908,1]
	[266948,1]
	[198180,2]
	[203820,1]
	[211217,2]
	[218865,1]
	[219754,1]
	[227947,1]
	[245120,1]
	[258662,1]
	[260638,1]
	[264302,1]
	[267076,1]
	[203056,1]
	[207708,1]
	[214563,1]
	[226636,1]
	[245470,1]
	[269560,1]
	[274946,3]
	[280714,1]
	[192252,1]
	[199614,1]
	[205668,2]
	[207962,1]
	[208728,1]
	[235082,1]
	[258504,1]
	[261690,2]
	[269944,1]
	[283360,1]
	[199136,1]
	[202864,1]
	[214846,2]
	[230046,1]
	[257484,1]
	[264430,1]
	[266665,1]
	[268924,1]
	[192348,1]
	[216822,1]
	[224980,1]
	[234858,1]
	[244290,1]
	[254264,2]
	[267362,1]
	[281032,1]
	[281416,1]
	[197064,2]
	[201080,1]
	[205604,1]
	[228676,1]
	[230364,1]
	[234639,1]
	[245598,1]
	[263762,1]
	[264876,1]
	[271472,1]
	[283900,1]
	[196332,1]
	[250918,1]
	[268382,1]
	[192634,1]
	[192986,1]
	[203406,1]
	[204552,1]
	[206624,1]
	[211276,1]
	[218032,2]
	[247892,1]
	[263319,1]
	[266246,1]
	[280970,1]
	[194356,1]
	[194610,1]
	[201780,1]
	[218352,1]
	[219530,1]
	[222112,1]
	[241390,1]
	[253468,1]
	[256432,1]
	[256718,1]
	[257802,1]
	[265258,1]
	[275680,1]
	[281606,1]
	[197670,1]
	[198880,1]
	[211182,1]
	[228903,1]
	[234954,1]
	[235117,1]
	[240722,1]
	[244164,2]
	[273640,1]
	[273835,1]
	[279216,1]
	[283072,1]
	[286068,1]
	[235910,1]
	[245820,1]
	[258088,1]
	[206816,1]
	[212074,1]
	[222654,1]
	[228294,1]
	[233683,1]
	[241809,1]
	[251396,2]
	[270262,1]
	[198370,1]
	[205636,1]
	[221188,2]
	[222622,1]
	[231352,1]
	[274313,1]
	[198690,1]
	[230748,1]
	[239446,1]
	[257452,1]
	[260894,1]
	[273002,1]
	[276794,1]
	[197510,1]
	[201238,1]
	[214654,1]
	[262996,1]
	[273194,1]
	[282498,1]
	[200223,1]
	[234161,1]
	[255444,1]
	[273894,1]
	[283136,1]
	[196268,1]
	[205254,1]
	[212710,1]
	[213476,1]
	[221124,1]
	[229314,1]
	[229504,2]
	[229536,1]
	[236516,1]
	[237408,1]
	[238140,1]
	[242028,1]
	[258120,1]
	[275488,1]
	[277336,1]
	[195056,1]
	[241932,1]
	[270070,1]
	[276730,1]
	[282404,1]
	[195120,1]
	[210862,1]
	[227146,1]
	[230620,1]
	[208600,1]
	[212264,1]
	[221255,1]
	[221506,1]
	[223036,3]
	[225044,1]
	[248979,1]
	[192730,1]
	[195822,1]
	[206974,1]
	[232308,1]
	[247000,1]
	[250090,1]
	[261372,1]
	[196714,1]
	[210098,1]
	[237758,1]
	[242666,1]
	[246170,1]
	[247764,1]
	[248560,1]
	[273322,1]
	[275998,1]
	[191838,1]
	[211022,1]
	[215866,1]
	[218924,2]
	[219626,1]
	[238714,1]
	[253978,1]
	[268446,1]
	[269370,1]
	[273736,1]
	[210544,2]
	[222590,1]
	[222972,1]
	[240853,1]
	[246362,1]
	[249804,1]
	[255954,1]
	[266088,1]
	[270868,1]
	[272401,1]
	[280554,1]
	[215834,1]
	[246744,1]
	[247956,1]
	[248688,1]
	[250600,1]
	[257516,1]
	[192188,1]
	[214336,1]
	[217554,1]
	[219658,1]
	[238842,1]
	[241836,1]
	[260416,1]
	[271410,1]
	[272492,1]
	[284538,1]
	[192858,1]
	[213508,1]
	[214718,1]
	[216886,1]
	[239542,1]
	[243908,1]
	[281192,1]
	[196746,1]
	[202800,1]
	[228070,1]
	[231002,1]
	[237790,1]
	[246490,1]
	[282562,1]
	[227880,1]
	[248082,1]
	[260224,1]
	[265578,1]
	[270198,1]
	[286132,1]
	[195216,1]
	[211628,1]
	[213698,1]
	[221346,1]
	[224470,1]
	[226035,1]
	[262008,1]
	[269434,1]
	[220200,1]
	[223864,1]
	[247604,1]
	[267330,1]
	[278324,1]
	[280842,1]
	[202736,1]
	[229122,1]
	[234508,1]
	[240276,1]
	[249294,1]
	[257738,1]
	[265546,1]
	[278898,1]

1696,
	[3,16371]
	[4,1066]
	[201181,1]
	[202011,1]
	[208325,2]
	[214565,1]
	[215873,1]
	[224099,2]
	[226421,2]
	[227281,1]
	[236777,1]
	[239581,1]
	[246911,3]
	[253125,1]
	[264087,1]
	[273233,2]
	[196019,1]
	[197963,1]
	[206185,1]
	[221959,3]
	[237319,1]
	[257649,1]
	[266509,2]
	[274157,1]
	[283239,1]
	[192833,1]
	[210965,1]
	[213673,1]
	[214693,2]
	[235629,1]
	[238339,2]
	[243819,1]
	[244743,1]
	[248535,1]
	[250065,3]
	[252073,4]
	[269855,1]
	[276865,1]
	[200895,1]
	[208735,1]
	[216929,1]
	[222851,1]
	[248217,2]
	[252583,3]
	[263259,1]
	[274029,1]
	[275113,2]
	[192483,1]
	[202935,2]
	[208351,1]
	[208671,1]
	[210869,1]
	[223743,1]
	[224509,1]
	[226325,1]
	[237127,1]
	[243501,1]
	[264787,1]
	[269695,1]
	[274793,1]
	[194203,2]
	[208803,1]
	[212877,1]
	[215017,1]
	[218867,2]
	[224413,1]
	[238051,1]
	[242895,1]
	[246655,1]
	[251659,1]
	[258287,1]
	[265743,1]
	[281007,1]
	[192073,2]
	[192551,1]
	[215585,2]
	[229033,1]
	[237573,2]
	[244935,1]
	[249619,1]
	[250001,2]
	[273391,2]
	[276833,1]
	[278777,1]
	[282983,1]
	[285661,2]
	[196307,1]
	[198537,1]
	[199015,2]
	[199685,1]
	[208289,1]
	[228779,2]
	[238275,1]
	[242863,1]
	[246051,1]
	[268899,1]
	[274985,1]
	[275723,1]
	[277635,1]
	[284545,2]
	[200449,1]
	[202265,1]
	[203349,2]
	[214725,1]
	[215107,1]
	[225401,1]
	[241365,2]
	[246687,1]
	[247931,1]
	[250511,2]
	[259849,1]
	[265871,1]
	[266573,1]
	[279383,2]
	[197421,1]
	[202043,1]
	[202711,2]
	[210201,1]
	[219887,2]
	[232703,1]
	[236905,1]
	[240537,1]
	[243915,2]
	[270943,1]
	[282347,3]
	[207237,2]
	[209021,1]
	[211193,1]
	[213641,4]
	[215617,1]
	[223775,1]
	[229835,1]
	[251149,2]
	[254177,1]
	[258037,2]
	[264819,2]
	[273519,2]
	[284195,2]
	[202807,2]
	[209053,3]
	[219219,1]
	[254909,1]
	[271193,1]
	[204527,2]
	[210551,1]
	[213005,1]
	[222245,2]
	[238657,1]
	[251499,1]
	[252455,1]
	[253539,1]
	[197809,2]
	[205457,1]
	[206345,2]
	[214539,1]
	[226515,1]
	[231711,1]
	[245253,1]
	[247229,2]
	[250893,2]
	[253667,1]
	[260391,1]
	[284353,1]
	[476821,6]
	[194299,1]
	[201155,1]
	[213227,1]
	[225209,1]
	[232061,1]
	[256151,2]
	[260549,1]
	[261537,3]
	[267305,1]
	[276323,2]
	[282697,2]
	[192259,2]
	[194553,1]
	[195319,1]
	[206413,2]
	[221673,1]
	[245095,1]
	[248281,2]
	[256535,1]
	[265617,2]
	[269951,1]
	[271831,1]
	[271863,1]
	[278681,2]
	[279069,1]
	[201437,2]
	[204305,3]
	[216637,1]
	[239645,1]
	[244075,2]
	[251021,3]
	[253257,1]
	[255515,1]
	[276801,2]
	[281805,1]
	[203253,2]
	[203413,2]
	[211571,1]
	[221449,1]
	[230881,1]
	[240855,2]
	[253953,2]
	[267623,1]
	[268007,2]
	[277089,1]
	[192195,1]
	[215267,1]
	[216955,1]
	[221231,1]
	[232189,1]
	[248919,1]
	[250353,1]
	[251467,1]
	[258063,1]
	[270491,1]
	[200199,1]
	[220239,1]
	[237509,1]
	[254973,1]
	[278331,1]
	[282729,1]
	[191143,1]
	[193215,2]
	[197867,1]
	[204623,2]
	[234483,1]
	[249911,1]
	[252837,1]
	[267561,1]
	[276547,2]
	[204943,1]
	[206121,1]
	[208703,1]
	[227981,2]
	[240059,1]
	[243023,1]
	[243309,1]
	[244393,1]
	[249491,1]
	[251849,1]
	[253699,1]
	[262271,1]
	[268197,2]
	[268293,1]
	[281039,1]
	[197773,1]
	[199207,2]
	[215495,2]
	[221545,1]
	[221709,1]
	[227313,1]
	[230755,2]
	[234579,1]
	[254213,1]
	[260231,1]
	[260427,2]
	[265807,1]
	[269663,1]
	[272659,1]
	[274379,1]
	[222501,1]
	[225533,3]
	[225751,1]
	[232411,1]
	[244679,2]
	[274221,2]
	[274315,1]
	[274475,1]
	[276515,2]
	[280689,1]
	[193407,1]
	[198665,1]
	[209245,2]
	[214885,1]
	[220275,1]
	[228401,1]
	[237987,2]
	[247675,1]
	[256853,1]
	[282415,1]
	[191685,1]
	[192227,2]
	[199461,1]
	[207779,3]
	[209213,1]
	[217943,2]
	[260905,1]
	[262397,2]
	[217339,1]
	[226037,2]
	[244043,1]
	[247485,1]
	[257107,1]
	[259593,2]
	[263385,2]
	[274539,1]
	[284513,1]
	[196911,2]
	[201245,1]
	[203125,1]
	[203157,1]
	[204209,1]
	[249587,1]
	[259785,2]
	[269089,1]
	[213105,1]
	[220753,1]
	[242035,1]
	[260485,1]
	[269727,2]
	[273869,1]
	[191845,1]
	[199301,2]
	[200067,1]
	[207715,1]
	[208383,1]
	[215905,1]
	[216095,2]
	[216127,2]
	[223107,1]
	[223999,2]
	[224731,1]
	[228619,1]
	[233659,1]
	[237005,1]
	[243245,1]
	[244711,1]
	[258383,1]
	[262079,1]
	[263927,1]
	[275303,1]
	[196339,1]
	[199143,1]
	[228523,1]
	[229357,2]
	[246975,3]
	[256661,1]
	[263321,1]
	[268995,1]
	[276643,1]
	[281327,1]
	[197453,1]
	[213737,2]
	[217211,1]
	[248631,1]
	[195191,1]
	[198855,1]
	[203381,1]
	[207847,2]
	[208097,1]
	[209627,3]
	[211635,2]
	[235571,1]
	[236427,1]
	[242263,1]
	[272977,2]
	[278617,1]
	[279797,1]
	[193565,1]
	[218899,1]
	[233591,1]
	[236681,1]
	[247963,1]
	[277853,1]
	[282505,1]
	[196689,1]
	[224349,1]
	[229257,1]
	[232761,2]
	[234355,1]
	[235151,1]
	[243373,1]
	[259913,3]
	[262589,1]
	[274411,1]
	[283525,1]
	[197613,1]
	[202457,1]
	[205515,2]
	[206217,1]
	[217849,1]
	[225305,1]
	[240569,1]
	[249683,1]
	[255037,1]
	[255961,1]
	[260327,1]
	[264437,1]
	[273933,1]
	[277661,1]
	[279033,1]
	[282283,1]
	[197135,2]
	[209181,1]
	[209563,1]
	[227445,1]
	[232953,2]
	[236395,1]
	[242545,1]
	[252679,1]
	[257459,1]
	[258993,1]
	[267145,1]
	[202425,1]
	[211825,2]
	[233335,1]
	[234547,1]
	[235279,1]
	[237191,1]
	[241307,1]
	[244107,2]
	[267879,2]
	[275877,1]
	[277471,1]
	[200927,2]
	[204145,1]
	[206249,1]
	[210073,2]
	[220429,1]
	[225433,1]
	[228427,1]
	[247007,1]
	[258001,2]
	[259083,2]
	[271129,1]
	[278555,1]
	[200099,1]
	[201309,1]
	[203477,2]
	[211315,1]
	[226133,1]
	[230499,1]
	[265649,1]
	[267783,1]
	[275623,1]
	[277567,1]
	[278203,1]
	[202233,1]
	[214661,2]
	[217593,2]
	[224381,2]
	[233081,1]
	[269153,1]
	[214471,1]
	[234673,1]
	[246815,1]
	[252169,1]
	[256789,2]
	[272467,1]
	[272723,1]
	[275209,1]
	[285979,1]
	[198219,1]
	[200289,1]
	[207937,1]
	[211061,1]
	[212017,1]
	[212627,1]
	[243851,1]
	[248599,1]
	[256025,1]
	[276037,1]
	[285565,1]
	[204815,1]
	[206791,1]
	[210455,1]
	[234195,1]
	[239453,2]
	[253921,1]
	[264915,1]
	[267433,1]
	[281613,1]
	[215713,1]
	[220111,1]
	[221099,3]
	[226867,1]
	[235885,2]
	[244329,1]
	[252137,1]
	[265489,1]
	[207523,2]
	[238243,2]
	[238561,1]
	[238625,1]
	[245189,2]
	[261187,1]
	[261347,1]
	[266987,2]
	[273487,1]
	[191207,2]
	[210583,3]
	[212813,1]
	[236363,2]
	[241811,1]
	[252233,1]
	[258765,1]
	[280339,1]
	[191621,1]
	[200417,2]
	[210327,1]
	[213515,2]
	[213583,1]
	[227185,1]
	[250925,2]
	[257523,2]
	[271385,1]
	[274289,2]
	[280403,1]
	[211029,1]
	[217529,1]
	[217625,1]
	[225177,1]
	[230053,1]
	[251977,2]
	[267943,1]
	[271065,1]
	[280051,1]
	[197071,1]
	[225591,1]
	[237893,1]
	[248955,1]
	[249779,1]
	[262339,1]
	[263641,1]
	[274189,2]
	[275049,1]
	[209467,1]
	[209849,1]
	[212399,1]
	[218453,1]
	[243787,1]
	[245731,1]
	[285087,1]
	[196943,1]
	[199621,1]
	[200799,1]
	[202871,1]
	[203955,1]
	[206917,1]
	[208861,1]
	[211411,1]
	[218485,1]
	[227759,1]
	[227855,1]
	[232857,2]
	[240601,1]
	[258733,1]
	[261441,1]
	[262461,1]
	[283397,1]
	[286107,2]
	[213769,1]
	[219983,2]
	[225369,1]
	[229225,1]
	[233941,1]
	[248663,1]
	[256503,1]
	[270619,1]
	[286203,1]
	[191973,1]
	[204023,1]
	[204241,1]
	[206503,1]
	[233877,1]
	[234037,1]
	[240251,1]
	[250703,1]
	[256125,1]
	[256439,1]
	[258637,1]
	[271511,1]
	[272277,1]
	[274093,1]
	[284895,1]
	[197549,2]
	[210391,1]
	[211793,1]
	[216415,1]
	[241971,1]
	[258479,2]
	[260645,1]
	[266641,2]
	[272181,1]
	[285819,1]
	[220461,1]
	[263353,1]
	[285341,2]
	[216669,1]
	[219155,1]
	[222947,2]
	[223297,1]
	[225559,1]
	[231391,1]
	[234101,1]
	[234641,1]
	[246305,1]
	[246783,1]
	[247453,1]
	[256057,1]
	[286043,1]
	[192641,1]
	[198287,2]
	[209149,1]
	[228651,1]
	[236553,1]
	[250033,1]
	[251117,1]
	[262493,1]
	[262875,1]
	[264693,1]
	[273169,1]
	[201597,1]
	[220047,1]
	[229289,2]
	[233431,1]
	[249811,1]
	[250479,1]
	[257969,1]
	[267655,1]
	[284673,1]
	[196561,1]
	[202679,1]
	[204273,1]
	[211697,1]
	[221641,1]
	[223489,1]
	[234865,1]
	[255005,1]
	[261409,3]
	[271543,1]
	[199243,1]
	[216223,1]
	[222883,1]
	[250575,1]
	[256821,2]
	[194941,1]
	[201277,1]
	[205483,2]
	[208193,1]
	[252301,2]
	[258319,1]
	[260773,1]
	[270013,1]
	[192673,1]
	[195127,1]
	[201819,1]
	[217975,1]
	[232539,2]
	[238179,1]
	[239359,1]
	[254113,1]
	[279479,1]
	[196243,1]
	[217407,2]
	[220875,1]
	[237415,1]
	[242067,1]
	[260995,1]
	[279829,1]
	[192323,1]
	[193917,1]
	[194713,1]
	[217497,1]
	[222151,1]
	[226611,1]
	[233973,1]
	[240027,2]
	[242321,1]
	[243087,1]
	[269441,1]
	[200131,1]
	[203571,1]
	[233495,1]
	[237223,1]
	[249205,2]
	[264405,1]
	[280945,1]
	[192515,2]
	[218549,1]
	[226707,1]
	[251181,1]
	[259339,1]
	[269217,1]
	[278649,1]
	[192897,1]
	[194841,1]
	[196753,1]
	[200863,1]
	[231423,2]
	[235439,1]
	[239963,1]
	[263035,1]
	[264729,1]
	[279957,1]
	[218645,1]
	[225113,1]
	[230691,1]
	[256567,1]
	[285283,1]
	[195987,1]
	[226993,1]
	[227345,1]
	[237765,1]
	[238917,1]
	[240983,1]
	[245635,1]
	[252391,2]
	[282251,1]
	[215973,1]
	[228715,1]
	[228969,1]
	[236139,1]
	[249397,1]
	[252711,1]
	[253889,1]
	[256471,1]
	[275749,1]
	[194235,1]
	[206377,1]
	[216351,2]
	[232029,1]
	[233239,1]
	[245541,1]
	[269313,1]
	[275081,1]
	[278523,2]
	[195573,1]
	[208161,1]
	[270269,1]
	[280179,1]
	[284291,1]
	[193757,1]
	[213483,1]
	[224477,1]
	[241175,1]
	[246433,1]
	[257013,1]
	[262653,1]
	[265171,2]
	[285761,2]
	[203891,1]
	[210773,1]
	[232729,1]
	[239995,1]
	[255547,2]
	[256981,1]
	[265711,1]
	[198123,1]
	[198187,1]
	[204751,2]
	[233049,1]
	[265107,1]
	[273811,1]
	[200735,1]
	[201373,1]
	[218327,1]
	[224157,1]
	[231869,1]
	[235597,1]
	[249013,1]
	[210487,1]
	[212239,1]
	[223143,1]
	[233845,2]
	[211539,1]
	[230627,1]
	[239613,1]
	[247069,1]
	[247835,1]
	[255483,1]
	[263673,1]
	[263863,2]
	[263895,1]
	[270875,1]
	[271767,1]
	[272499,1]
	[276387,1]
	[208511,1]
	[211251,1]
	[215139,1]
	[215649,1]
	[221895,1]
	[229415,1]
	[276291,1]
	[205293,1]
	[229479,1]
	[245221,1]
	[261505,1]
	[264979,1]
	[192419,2]
	[200163,1]
	[218295,1]
	[221003,1]
	[222023,1]
	[242959,1]
	[246623,1]
	[255865,1]
	[257395,3]
	[259403,1]
	[208225,1]
	[224253,1]
	[227089,1]
	[230181,1]
	[241333,1]
	[266667,1]
	[281359,1]
	[284449,1]
	[193439,1]
	[209817,1]
	[215681,1]
	[218199,1]
	[231073,1]
	[244457,1]
	[250831,1]
	[272117,1]
	[277025,1]
	[280529,1]
	[282123,1]
	[282919,1]
	[201533,1]
	[220207,1]
	[222341,1]
	[226197,1]
	[245381,1]
	[250225,1]
	[253283,2]
	[253985,1]
	[273073,1]
	[196465,2]
	[196975,1]
	[199397,1]
	[199875,1]
	[222915,1]
	[244903,2]
	[252265,1]
	[256949,1]
	[257331,1]
	[280721,1]
	[284163,1]
	[205867,1]
	[250193,1]
	[281103,1]
	[282315,1]
	[283047,1]
	[284959,1]
	[196115,1]
	[196401,1]
	[209595,1]
	[210679,1]
	[222055,1]
	[222437,1]
	[226547,1]
	[248695,1]
	[251913,1]
	[254017,1]
	[257841,1]
	[273201,1]
	[276201,1]
	[192993,1]
	[197007,1]
	[210041,1]
	[218963,1]
	[227217,1]
	[247867,1]
	[249077,1]
	[251245,1]
	[273901,1]
	[278267,1]
	[194427,1]
	[218517,1]
	[220971,1]
	[231105,1]
	[237159,1]
	[262429,1]
	[265361,1]
	[272149,1]
	[280849,1]
	[194967,1]
	[202169,1]
	[203067,1]
	[210137,1]
	[212271,1]
	[216383,1]
	[262239,1]
	[282441,1]
	[191749,1]
	[211857,1]
	[229575,1]
	[245987,1]
	[248057,1]
	[255705,1]
	[258829,1]
	[260869,1]
	[197741,1]
	[205133,2]
	[212781,1]
	[221863,1]
	[254559,1]
	[258223,1]
	[281963,1]
	[208479,1]
	[220557,1]
	[237095,1]
	[263481,1]
	[268867,1]
	[274635,1]
	[283653,2]
	[199589,1]
	[201883,1]
	[212653,1]
	[227025,1]
	[255291,1]
	[255611,2]
	[286011,1]
	[196785,1]
	[208767,2]
	[223967,1]
	[238975,1]
	[258351,1]
	[260581,1]
	[284131,1]
	[238211,1]
	[239395,1]
	[248185,1]
	[258095,1]
	[261283,1]
	[274953,1]
	[199525,1]
	[222597,1]
	[224285,1]
	[228555,1]
	[231747,1]
	[236527,1]
	[258797,1]
	[265297,1]
	[265393,1]
	[272945,1]
	[277821,1]
	[213609,1]
	[223169,1]
	[244839,1]
	[262303,1]
	[273359,1]
	[198473,1]
	[200545,1]
	[204501,1]
	[205197,1]
	[211953,1]
	[218007,1]
	[226069,1]
	[237063,1]
	[257235,1]
	[257617,1]
	[260167,1]
	[266221,1]

1764,
	[6,17359]
	[276769,2]
	[273355,1]
	[271171,1]
	[270921,2]
	[261601,1]
	[252499,1]
	[249969,1]
	[240745,1]
	[223553,1]
	[208257,1]
	[204433,1]
	[193595,1]
	[275469,1]
	[260019,1]
	[242545,1]
	[240963,1]
	[232655,1]
	[214925,1]
	[198239,2]
	[197669,1]
	[281567,1]
	[277051,1]
	[272721,2]
	[254773,1]
	[242321,1]
	[218051,2]
	[216033,4]
	[209333,1]
	[198053,1]
	[191033,1]
	[272471,1]
	[268487,1]
	[241501,1]
	[222349,1]
	[221785,1]
	[264823,2]
	[255785,1]
	[253005,2]
	[243775,2]
	[236063,1]
	[233347,1]
	[222195,1]
	[213727,2]
	[211857,2]
	[210345,2]
	[195683,1]
	[282547,1]
	[281125,1]
	[276955,1]
	[263939,2]
	[261473,1]
	[228735,2]
	[210185,1]
	[201493,1]
	[191161,1]
	[278217,2]
	[273291,2]
	[262703,1]
	[261153,1]
	[253351,1]
	[231893,1]
	[223015,2]
	[219537,2]
	[211639,1]
	[210249,1]
	[208385,1]
	[208065,2]
	[206143,1]
	[204215,1]
	[199565,1]
	[199283,2]
	[196407,1]
	[280305,1]
	[279613,2]
	[270543,2]
	[270101,1]
	[257239,1]
	[238753,2]
	[233757,1]
	[193345,2]
	[280369,1]
	[279549,1]
	[267475,1]
	[263811,1]
	[263401,2]
	[256541,1]
	[256291,1]
	[253069,1]
	[234327,1]
	[232021,1]
	[223899,3]
	[204273,2]
	[202851,4]
	[198841,1]
	[194447,2]
	[191321,3]
	[270607,1]
	[269467,1]
	[268615,1]
	[267379,1]
	[252307,1]
	[228703,2]
	[203991,4]
	[282483,1]
	[277775,1]
	[265361,1]
	[260301,1]
	[253857,1]
	[253223,1]
	[239163,1]
	[214957,1]
	[213913,2]
	[198111,2]
	[279703,1]
	[279229,1]
	[272913,1]
	[254677,2]
	[253319,1]
	[251769,1]
	[247599,1]
	[216539,2]
	[205381,1]
	[197195,3]
	[196247,1]
	[195587,1]
	[281823,2]
	[281061,2]
	[269781,1]
	[266085,1]
	[254613,2]
	[238785,1]
	[235115,1]
	[232777,1]
	[226461,1]
	[217993,2]
	[213849,2]
	[208039,2]
	[203267,1]
	[282835,1]
	[275789,1]
	[273669,2]
	[272503,1]
	[269121,1]
	[266463,3]
	[264695,1]
	[252179,1]
	[237645,1]
	[234961,1]
	[219223,1]
	[206553,2]
	[203799,3]
	[192333,1]
	[273227,1]
	[268833,2]
	[258975,1]
	[246811,2]
	[246081,1]
	[244915,3]
	[239067,2]
	[225827,1]
	[211543,2]
	[284954,1]
	[283937,1]
	[271523,1]
	[270985,5]
	[252089,1]
	[245831,1]
	[240111,1]
	[238119,1]
	[235781,2]
	[219473,1]
	[210313,1]
	[200545,1]
	[196029,1]
	[191699,2]
	[280177,1]
	[276449,2]
	[263497,1]
	[244723,1]
	[240995,1]
	[235717,1]
	[230727,2]
	[226365,2]
	[226077,1]
	[210819,1]
	[191449,1]
	[277807,1]
	[274995,1]
	[266277,2]
	[254139,1]
	[248893,1]
	[248451,1]
	[241943,1]
	[234993,1]
	[230881,1]
	[230189,2]
	[215053,1]
	[213189,2]
	[204023,1]
	[277871,1]
	[262671,1]
	[249277,1]
	[235973,1]
	[232431,3]
	[230285,1]
	[227499,1]
	[201525,1]
	[200103,1]
	[195933,1]
	[273035,1]
	[265803,1]
	[259321,2]
	[255721,1]
	[248829,1]
	[247439,2]
	[246683,2]
	[242007,1]
	[235653,1]
	[233097,1]
	[228479,1]
	[228325,1]
	[226051,3]
	[221279,1]
	[219319,1]
	[204497,1]
	[192269,1]
	[283085,2]
	[275123,1]
	[274425,2]
	[259167,1]
	[257995,1]
	[248483,2]
	[244755,1]
	[223233,1]
	[213375,1]
	[207943,1]
	[277083,1]
	[273983,1]
	[273765,1]
	[271773,1]
	[271709,1]
	[256195,1]
	[251141,1]
	[249937,1]
	[225513,2]
	[222317,1]
	[221561,1]
	[199347,1]
	[198527,1]
	[279991,2]
	[279453,1]
	[278063,1]
	[274015,1]
	[265265,1]
	[258309,1]
	[252403,1]
	[248643,1]
	[247535,1]
	[236729,1]
	[236255,2]
	[228133,1]
	[223393,1]
	[216661,1]
	[208603,1]
	[269627,1]
	[267635,1]
	[259731,2]
	[227313,2]
	[226109,1]
	[215969,2]
	[201461,1]
	[196753,1]
	[276199,2]
	[268769,1]
	[267699,1]
	[265515,1]
	[265009,2]
	[264945,1]
	[261787,2]
	[252339,1]
	[249687,1]
	[236159,2]
	[228229,1]
	[219697,1]
	[218685,3]
	[198681,1]
	[198207,1]
	[191891,1]
	[278723,1]
	[245511,1]
	[244979,1]
	[238721,2]
	[229305,1]
	[217135,1]
	[214227,1]
	[209961,1]
	[206617,1]
	[200801,1]
	[200039,2]
	[277935,1]
	[272407,2]
	[258879,1]
	[249841,2]
	[247503,1]
	[246049,1]
	[227947,2]
	[201813,1]
	[194767,1]
	[192647,2]
	[275565,1]
	[243269,1]
	[223425,1]
	[219889,2]
	[208321,1]
	[206457,2]
	[192205,1]
	[273163,1]
	[266245,2]
	[264221,1]
	[258629,1]
	[235147,1]
	[229209,2]
	[208539,1]
	[203613,1]
	[202915,1]
	[190501,1]
	[283053,1]
	[270697,2]
	[265329,3]
	[265041,1]
	[264381,1]
	[260461,1]
	[252749,1]
	[250129,1]
	[239887,1]
	[238939,2]
	[236383,1]
	[231989,2]
	[221337,1]
	[218083,2]
	[206233,1]
	[199155,1]
	[195427,2]
	[281983,2]
	[264599,1]
	[246459,1]
	[240713,1]
	[224437,2]
	[196785,1]
	[193973,1]
	[271933,3]
	[263997,2]
	[258283,1]
	[252147,1]
	[245037,1]
	[232809,1]
	[232303,2]
	[228575,1]
	[224655,1]
	[206899,1]
	[196849,1]
	[283431,1]
	[281093,2]
	[275629,1]
	[273003,2]
	[246997,2]
	[245735,1]
	[245069,1]
	[192013,1]
	[271235,1]
	[269243,1]
	[268679,1]
	[267411,2]
	[248387,1]
	[207879,1]
	[205163,1]
	[202063,2]
	[194101,1]
	[193403,2]
	[254837,1]
	[249655,2]
	[244787,1]
	[243615,1]
	[236351,1]
	[234231,1]
	[226551,2]
	[217737,1]
	[209775,1]
	[209461,1]
	[196061,1]
	[192961,1]
	[192743,1]
	[190751,1]
	[190687,1]
	[283527,1]
	[278755,1]
	[269717,1]
	[230817,1]
	[223175,1]
	[213093,1]
	[212331,1]
	[210627,1]
	[200007,1]
	[198969,2]
	[198431,1]
	[197041,1]
	[192993,1]
	[276859,1]
	[272279,1]
	[269659,1]
	[268237,1]
	[264759,1]
	[243807,1]
	[239701,1]
	[233315,1]
	[229965,2]
	[227755,2]
	[222067,1]
	[211101,3]
	[208859,1]
	[259987,3]
	[248265,1]
	[247695,1]
	[240835,1]
	[237453,1]
	[234135,2]
	[195177,2]
	[281509,1]
	[266495,1]
	[261217,1]
	[250507,1]
	[231643,2]
	[225891,1]
	[216123,1]
	[208763,3]
	[197701,1]
	[284698,1]
	[270857,1]
	[257899,1]
	[218967,1]
	[212965,1]
	[209045,2]
	[196913,1]
	[191385,2]
	[285274,1]
	[276737,1]
	[254491,1]
	[239099,1]
	[225923,1]
	[219441,1]
	[218493,1]
	[210723,1]
	[208225,1]
	[206707,1]
	[203959,2]
	[194543,1]
	[271901,1]
	[269595,1]
	[264887,1]
	[257963,1]
	[238401,1]
	[229427,1]
	[209743,1]
	[192141,1]
	[274521,1]
	[266815,1]
	[266341,1]
	[245261,2]
	[228985,1]
	[226615,1]
	[216853,1]
	[207117,1]
	[202031,1]
	[282361,1]
	[278095,1]
	[277365,1]
	[268173,2]
	[239445,2]
	[222227,1]
	[214355,1]
	[205695,1]
	[279831,1]
	[275975,1]
	[262133,1]
	[239291,1]
	[233725,1]
	[230599,2]
	[228921,1]
	[216379,1]
	[190911,2]
	[280843,1]
	[272375,1]
	[272343,2]
	[263651,1]
	[248355,1]
	[233693,1]
	[224911,1]
	[205317,1]
	[202409,1]
	[200071,2]
	[194607,1]
	[191981,2]
	[282643,1]
	[276673,1]
	[272753,1]
	[271049,1]
	[255023,1]
	[206585,1]
	[274367,1]
	[267289,1]
	[256131,3]
	[249431,1]
	[238151,1]
	[209487,1]
	[281599,1]
	[278979,2]
	[273323,1]
	[264919,1]
	[261883,1]
	[236005,1]
	[220389,1]
	[215495,1]
	[203927,1]
	[202505,1]
	[197733,1]
	[277557,1]
	[270447,1]
	[262293,1]
	[254805,1]
	[253825,1]
	[250443,2]
	[245863,1]
	[233001,1]
	[230471,1]
	[226301,1]
	[214611,1]
	[200955,1]
	[195837,1]
	[191257,1]
	[260147,1]
	[250283,1]
	[246433,2]
	[237805,1]
	[235941,1]
	[234551,2]
	[217641,1]
	[215591,1]
	[263113,1]
	[261537,2]
	[251737,1]
	[250347,1]
	[246241,1]
	[244313,1]
	[239381,2]
	[236505,1]
	[221151,1]
	[214105,1]
	[278851,1]
	[274713,1]
	[261095,1]
	[233443,1]
	[211133,1]
	[209429,1]
	[208161,1]
	[206169,1]
	[203485,1]
	[280465,1]
	[272119,1]
	[268141,1]
	[261127,1]
	[245421,1]
	[242513,1]
	[231419,1]
	[228447,1]
	[219633,1]
	[203773,1]
	[195715,1]
	[268801,1]
	[246843,1]
	[244089,1]
	[232591,2]
	[223585,2]
	[213221,1]
	[212901,1]
	[195267,1]
	[190879,1]
	[279261,1]
	[255881,1]
	[255055,1]
	[252121,1]
	[252057,1]
	[204561,1]
	[204055,2]
	[193499,1]
	[284257,1]
	[265835,1]
	[260999,1]
	[256637,1]
	[235685,1]
	[232623,1]
	[230125,1]
	[227595,1]
	[225481,1]
	[204247,1]
	[201339,1]
	[197073,1]
	[196343,1]
	[282329,1]
	[278883,1]
	[277179,2]
	[266559,1]
	[258091,2]
	[248137,2]
	[243365,1]
	[236953,1]
	[233161,1]
	[225225,1]
	[217833,1]
	[199533,1]
	[198809,1]
	[196215,1]
	[194953,1]
	[277743,1]
	[275059,1]
	[274841,1]
	[246651,1]
	[235845,2]
	[232559,1]
	[229997,2]
	[220677,1]
	[211575,1]
	[199821,1]
	[191353,1]
	[279165,1]
	[265925,1]
	[222259,1]
	[219095,1]
	[201621,1]
	[195651,1]
	[191731,1]
	[280209,1]
	[275879,2]
	[275251,1]
	[274271,1]
	[257809,1]
	[250411,1]
	[236127,1]
	[231797,2]
	[226999,1]
	[208449,1]
	[205195,2]
	[273829,1]
	[270825,1]
	[257681,1]
	[250917,1]
	[235877,1]
	[233571,1]
	[231547,1]
	[227563,1]
	[200577,1]
	[197957,1]
	[192301,1]
	[282041,1]
	[275091,1]
	[270287,2]
	[255151,1]
	[253287,2]
	[251109,2]
	[244121,1]
	[239259,1]
	[232149,1]
	[219415,1]
	[214861,1]
	[212081,2]
	[211767,1]
	[196535,1]
	[192423,1]
	[276071,1]
	[273451,1]
	[272529,2]
	[270383,1]
	[268205,2]
	[260115,2]
	[254869,1]
	[236031,1]
	[234109,1]
	[232181,1]
	[220549,1]
	[282105,1]
	[273195,1]
	[268423,1]
	[266149,1]
	[261377,1]
	[259417,1]
	[256355,1]
	[244595,1]
	[235499,1]
	[232367,1]
	[212427,1]
	[277621,1]
	[252025,1]
	[248041,1]
	[238689,1]
	[229619,1]
	[229177,1]
	[216315,1]
	[213663,2]
	[197829,1]
	[193691,1]
	[265867,1]
	[265611,1]
	[261659,1]
	[256829,1]
	[238625,1]
	[235435,1]
	[222887,1]
	[222477,1]
	[217929,1]
	[215367,1]
	[212145,1]
	[199443,1]
	[191097,1]
	[276827,1]
	[276353,2]
	[269089,1]
	[263971,1]
	[254331,1]
	[229683,1]
	[228543,1]
	[227691,1]
	[211383,1]
	[262863,2]
	[256067,1]
	[224565,1]
	[221247,2]
	[212933,1]
	[268327,1]
	[259795,1]
	[258783,3]
	[248329,1]
	[213753,2]
	[212395,1]
	[206675,1]
	[203235,1]
	[278819,1]
	[276295,1]
	[274303,1]
	[269403,1]
	[246715,1]
	[245011,1]
	[240899,1]
	[225161,1]
	[206079,1]
	[201307,1]
	[197861,1]
	[196157,2]
	[268045,1]
	[241911,1]
	[234865,1]
	[232745,2]
	[231579,1]
	[228197,1]
	[223771,1]
	[205605,1]
	[196721,1]
	[194037,1]
	[193819,1]
	[281035,1]
	[263523,1]
	[248419,1]
	[246555,2]
	[205887,2]
	[198143,1]
	[269307,2]
	[243711,1]
	[230061,2]
	[216097,1]
	[211165,1]
	[204907,1]
	[199187,1]
	[194857,1]
	[194229,1]
	[193249,1]
	[276481,1]
	[272087,1]
	[222573,1]
	[194793,1]
	[192807,1]
	[280811,1]
	[267667,1]
	[264535,1]
	[264349,1]
	[252467,1]
	[249245,1]
	[246779,1]
	[225353,1]
	[220837,1]
	[201019,1]
	[194069,1]
	[235467,1]
	[220805,1]
	[210281,1]
	[208353,1]
	[195049,1]
	[191507,2]
	[242135,1]
	[225449,1]
	[224879,1]
	[214797,1]
	[205759,1]
	[201083,1]
	[192173,1]
	[269531,1]
	[247977,1]
	[234199,1]
	[218243,1]
	[217071,1]
	[216443,1]
	[203831,1]
	[196599,1]
	[268711,1]
	[257835,1]
	[249873,1]
	[249559,1]
	[232841,1]
	[230849,1]
	[215271,1]
	[210217,1]
	[209013,1]
	[207501,1]
	[263273,1]
	[260557,1]
	[253191,1]
	[250725,1]
	[238529,1]
	[237139,1]
	[224341,1]
	[211479,1]
	[207719,1]
	[195805,1]
	[195331,2]
	[283905,1]
	[279799,1]
	[267853,1]
	[262165,1]
	[251199,3]
	[248957,1]
	[237395,1]
	[226711,1]
	[218371,1]
	[280561,1]
	[259103,1]
	[250225,1]
	[246747,1]
	[238849,1]
	[235275,2]
	[226775,1]
	[226493,2]
	[223617,1]
	[220863,2]
	[211415,1]
	[271741,1]
	[265989,1]
	[260967,1]
	[248861,2]
	[206015,1]
	[197797,1]
	[193281,1]
	[283751,1]
	[259231,1]
	[237011,1]
	[231483,1]
	[221657,2]
	[215559,1]
	[214579,1]
	[279517,1]
	[279197,1]
	[266021,1]
	[255913,1]
	[250821,1]
	[234641,1]
	[231201,1]
	[280433,1]
	[242167,1]
	[241123,1]
	[232239,1]
	[225321,1]
	[223297,1]
	[217705,1]
	[281887,2]
	[280529,1]
	[274809,1]
	[256951,1]
	[224405,2]
	[223457,1]
	[209205,1]
	[195459,1]
	[191065,1]
	[262325,1]
	[241059,1]
	[199789,1]
	[279389,1]
	[264855,1]
	[256477,1]
	[231009,1]
	[217359,1]
	[253037,1]
	[234705,1]
	[204811,1]
	[262991,1]
	[218909,2]
	[278249,1]
	[262927,1]
	[214675,1]
	[208731,2]
	[203863,1]
	[281349,1]
	[276103,1]
	[275661,1]
	[269153,1]
	[255593,1]
	[231233,1]
	[273099,1]
	[266399,1]
	[259641,1]
	[254709,1]
	[231355,1]
	[223835,1]
	[223143,1]
	[202883,1]
	[198777,1]
	[282931,1]
	[277903,1]
	[276039,1]
	[274649,1]
	[273893,1]
	[255689,1]
	[231707,1]
	[219063,1]
	[208891,1]
	[207341,1]
	[206771,1]
	[284506,1]
	[275693,1]
	[271965,1]
	[261249,1]
	[254203,1]
	[240585,1]
	[209583,1]
	[190719,1]
	[283405,1]
	[277147,1]
	[273541,1]
	[251231,1]
	[249527,1]
	[248771,1]
	[229933,1]
	[202729,1]
	[282611,1]
	[274745,1]
	[263465,1]
	[255343,1]
	[250603,1]
	[243871,1]
	[235813,1]
	[213567,1]
	[198495,1]
	[198175,1]

1752,
	[1,17432]
	[473416,1]
	[470898,1]
	[467870,1]
	[462708,1]
	[458088,2]
	[452988,1]
	[450508,1]
	[434346,1]
	[429376,1]
	[428132,1]
	[418796,1]
	[415418,2]
	[413188,2]
	[407452,1]
	[396394,4]
	[461592,2]
	[459490,2]
	[445692,3]
	[433300,1]
	[426380,1]
	[422970,1]
	[422842,1]
	[419624,3]
	[389510,1]
	[452256,1]
	[446934,1]
	[436132,1]
	[411312,2]
	[401460,1]
	[394036,3]
	[382882,2]
	[475136,1]
	[473128,1]
	[470420,1]
	[456654,1]
	[447508,1]
	[445308,1]
	[443588,1]
	[404328,1]
	[399516,1]
	[398274,1]
	[394322,2]
	[382086,1]
	[466818,2]
	[433358,1]
	[430044,1]
	[424628,1]
	[404806,1]
	[403850,2]
	[396016,1]
	[393494,1]
	[391964,1]
	[389192,2]
	[462134,1]
	[458692,2]
	[443652,1]
	[423926,1]
	[421982,1]
	[414876,1]
	[395024,1]
	[471504,1]
	[470994,2]
	[460350,1]
	[430842,2]
	[429056,1]
	[414430,1]
	[412040,1]
	[409458,1]
	[402194,1]
	[392378,2]
	[391390,1]
	[387248,1]
	[463218,1]
	[433040,1]
	[424978,2]
	[420962,1]
	[399676,1]
	[390944,1]
	[466436,1]
	[465704,1]
	[463090,2]
	[461816,2]
	[451108,1]
	[447858,1]
	[445372,1]
	[419210,1]
	[416056,2]
	[414366,1]
	[401716,1]
	[476028,1]
	[466724,1]
	[458156,2]
	[449388,1]
	[433964,1]
	[430108,1]
	[419178,1]
	[410320,2]
	[408566,1]
	[406622,1]
	[393206,1]
	[390562,2]
	[387630,1]
	[387470,1]
	[385272,2]
	[468540,1]
	[466946,1]
	[458566,1]
	[440688,1]
	[423862,2]
	[383200,3]
	[468316,1]
	[441804,4]
	[435048,1]
	[423672,1]
	[414780,1]
	[394768,2]
	[467488,1]
	[464848,2]
	[448176,1]
	[447604,1]
	[408502,1]
	[405762,1]
	[403436,1]
	[389160,1]
	[388076,3]
	[387726,1]
	[387280,1]
	[382914,1]
	[469782,2]
	[463414,2]
	[459266,1]
	[456244,1]
	[448018,1]
	[440470,2]
	[439478,2]
	[436068,2]
	[421282,1]
	[418482,1]
	[415928,1]
	[411722,1]
	[391714,1]
	[386164,1]
	[454614,1]
	[435908,1]
	[427144,1]
	[416724,1]
	[402990,1]
	[457800,1]
	[448846,2]
	[445340,2]
	[437374,1]
	[435972,1]
	[434092,1]
	[431830,1]
	[429886,1]
	[424914,2]
	[422014,1]
	[406532,1]
	[464716,1]
	[460546,2]
	[459680,1]
	[418924,2]
	[404264,1]
	[402288,1]
	[396426,2]
	[393430,1]
	[391422,1]
	[388714,1]
	[460254,1]
	[457928,1]
	[449738,3]
	[424468,1]
	[420038,2]
	[416884,3]
	[413888,1]
	[412900,1]
	[404998,1]
	[385112,2]
	[454582,2]
	[429662,4]
	[398210,2]
	[465130,1]
	[440720,1]
	[439668,1]
	[414302,2]
	[389802,1]
	[389288,2]
	[473638,1]
	[442314,2]
	[431064,1]
	[421186,1]
	[415578,2]
	[413028,1]
	[464748,1]
	[452320,1]
	[443780,2]
	[439604,2]
	[433742,2]
	[428930,1]
	[410638,2]
	[403186,1]
	[397986,1]
	[384730,1]
	[383998,1]
	[463600,1]
	[460892,1]
	[445022,1]
	[432244,2]
	[421350,2]
	[417904,1]
	[415704,1]
	[415450,2]
	[406054,1]
	[396872,1]
	[385022,1]
	[472842,2]
	[472108,1]
	[470930,3]
	[465034,2]
	[451682,1]
	[437278,2]
	[404456,1]
	[386834,1]
	[385240,1]
	[471854,1]
	[466086,1]
	[464078,1]
	[461720,2]
	[436036,1]
	[426188,1]
	[421632,1]
	[417266,2]
	[399166,1]
	[386610,1]
	[470738,1]
	[466978,1]
	[461656,1]
	[456622,2]
	[452224,2]
	[436546,1]
	[417012,1]
	[412996,1]
	[385782,1]
	[474944,1]
	[474498,1]
	[467934,1]
	[460924,1]
	[456780,1]
	[456080,2]
	[440816,1]
	[438936,2]
	[429694,1]
	[409300,2]
	[400186,1]
	[397382,2]
	[475328,1]
	[461912,1]
	[458342,3]
	[456176,1]
	[427176,1]
	[425742,1]
	[421536,1]
	[408408,1]
	[405922,1]
	[472714,1]
	[467998,1]
	[459012,1]
	[454200,1]
	[451906,3]
	[447094,1]
	[445118,1]
	[430172,1]
	[417840,1]
	[407164,1]
	[397732,1]
	[474530,2]
	[470770,1]
	[439126,1]
	[433646,1]
	[424218,1]
	[415068,2]
	[414622,1]
	[401652,1]
	[383010,1]
	[475996,1]
	[451364,2]
	[447380,1]
	[424150,1]
	[411976,1]
	[408280,1]
	[407866,2]
	[400950,1]
	[400696,1]
	[397450,1]
	[474690,1]
	[473574,1]
	[462676,1]
	[462198,2]
	[454008,1]
	[449228,1]
	[442440,1]
	[439992,1]
	[434314,1]
	[415136,1]
	[413984,1]
	[413124,1]
	[411880,1]
	[396680,1]
	[453180,1]
	[448596,2]
	[441740,2]
	[422364,1]
	[409842,1]
	[404742,1]
	[398242,1]
	[397604,1]
	[383424,1]
	[475742,1]
	[462102,2]
	[454104,1]
	[445500,1]
	[444480,3]
	[424308,1]
	[423830,1]
	[417458,1]
	[399070,2]
	[397700,1]
	[396138,1]
	[391932,1]
	[472974,1]
	[464684,2]
	[455188,1]
	[442918,1]
	[432308,1]
	[426444,1]
	[410574,1]
	[399006,2]
	[383042,1]
	[475900,2]
	[473542,1]
	[472076,1]
	[453818,2]
	[427464,1]
	[420358,1]
	[418222,2]
	[417048,1]
	[413634,1]
	[410956,3]
	[409172,1]
	[396552,1]
	[381894,1]
	[469272,1]
	[449260,1]
	[434028,1]
	[432148,2]
	[417776,1]
	[413346,2]
	[403404,1]
	[391136,2]
	[390402,1]
	[389224,3]
	[383328,1]
	[461082,1]
	[455092,2]
	[429280,1]
	[428578,1]
	[415514,3]
	[396458,1]
	[390148,1]
	[384380,1]
	[382372,1]
	[476188,1]
	[465862,1]
	[464906,2]
	[462326,1]
	[457896,2]
	[443874,2]
	[431924,1]
	[424786,1]
	[421026,1]
	[407966,1]
	[389032,1]
	[466692,1]
	[450280,2]
	[422396,1]
	[419560,1]
	[410766,1]
	[398528,1]
	[393238,1]
	[392792,1]
	[386228,1]
	[458724,1]
	[458214,2]
	[454454,1]
	[432594,1]
	[422460,1]
	[407132,1]
	[393626,1]
	[473032,2]
	[471758,1]
	[417584,1]
	[410288,1]
	[403754,2]
	[400122,1]
	[391772,2]
	[391008,1]
	[386292,1]
	[433582,1]
	[427718,2]
	[419688,1]
	[403596,1]
	[402416,1]
	[392824,2]
	[389064,1]
	[475710,2]
	[470802,1]
	[462294,1]
	[460158,1]
	[443524,1]
	[435494,1]
	[435176,1]
	[421664,1]
	[418540,1]
	[418318,1]
	[416310,1]
	[416246,1]
	[400600,1]
	[395502,1]
	[394290,1]
	[449006,1]
	[438840,1]
	[436354,1]
	[424596,2]
	[424054,1]
	[422652,1]
	[418572,1]
	[409746,1]
	[396776,1]
	[392984,1]
	[391868,1]
	[469814,1]
	[465672,1]
	[459234,1]
	[455856,2]
	[453626,1]
	[447890,1]
	[436832,3]
	[434570,1]
	[414144,1]
	[412136,1]
	[474308,1]
	[473734,1]
	[432344,1]
	[420772,2]
	[413282,1]
	[412200,1]
	[410000,1]
	[409490,1]
	[406240,2]
	[396712,1]
	[476570,1]
	[457546,2]
	[451746,1]
	[446684,1]
	[434474,3]
	[423320,1]
	[382978,2]
	[438712,1]
	[422524,1]
	[416948,2]
	[403308,1]
	[394194,1]
	[391836,1]
	[390370,1]
	[465066,1]
	[451778,1]
	[436450,1]
	[433932,1]
	[432402,1]
	[429630,2]
	[420134,1]
	[387566,1]
	[473452,1]
	[435462,1]
	[417712,1]
	[410734,2]
	[408694,1]
	[403054,1]
	[471280,2]
	[454868,1]
	[452478,1]
	[442632,1]
	[427686,1]
	[415226,1]
	[409810,2]
	[409522,1]
	[408854,1]
	[404902,1]
	[397126,1]
	[394482,1]
	[384156,1]
	[467716,2]
	[465416,2]
	[448050,1]
	[440114,1]
	[426608,1]
	[409076,1]
	[384986,1]
	[465258,1]
	[459648,1]
	[456494,2]
	[442154,1]
	[416470,2]
	[402708,1]
	[459112,1]
	[450758,1]
	[431000,1]
	[425710,2]
	[420198,1]
	[391326,2]
	[390052,1]
	[389382,1]
	[432276,1]
	[415768,1]
	[413760,1]
	[411912,2]
	[392728,1]
	[475486,1]
	[464110,1]
	[399230,1]
	[394004,2]
	[389096,1]
	[467238,1]
	[461944,1]
	[461502,1]
	[441262,1]
	[429598,1]
	[428164,1]
	[423352,1]
	[414238,1]
	[476506,1]
	[475842,1]
	[471886,1]
	[458916,1]
	[456366,1]
	[452160,1]
	[440370,1]
	[421440,1]
	[416820,1]
	[414180,1]
	[412746,1]
	[409236,1]
	[388108,1]
	[383966,1]
	[472460,2]
	[463760,1]
	[461880,1]
	[460478,2]
	[443428,1]
	[441358,1]
	[404424,2]
	[392602,1]
	[392028,1]
	[476410,1]
	[472268,1]
	[470324,1]
	[446966,1]
	[439860,1]
	[426130,1]
	[410988,1]
	[405666,1]
	[394864,1]
	[459362,1]
	[436864,1]
	[435144,1]
	[433868,1]
	[429152,1]
	[415386,1]
	[402320,1]
	[471440,1]
	[468508,1]
	[457322,1]
	[445436,1]
	[429440,1]
	[421314,1]
	[398884,1]
	[383360,1]
	[472874,1]
	[458502,2]
	[449420,2]
	[438968,1]
	[438648,1]
	[416438,1]
	[414112,1]
	[409364,1]
	[402384,1]
	[430236,1]
	[429726,2]
	[419082,1]
	[410834,1]
	[389574,1]
	[461624,1]
	[458534,1]
	[456016,1]
	[453466,1]
	[451332,1]
	[429918,1]
	[426986,1]
	[422684,1]
	[421950,1]
	[412678,1]
	[383710,2]
	[474180,2]
	[472018,1]
	[469368,1]
	[462900,1]
	[459076,1]
	[451076,1]
	[443620,1]
	[424436,1]
	[420548,1]
	[406590,1]
	[383552,1]
	[472682,1]
	[461784,2]
	[458470,1]
	[455888,1]
	[446488,1]
	[437310,1]
	[425456,1]
	[416916,1]
	[408120,1]
	[448082,1]
	[444894,1]
	[427272,1]
	[421250,1]
	[417298,1]
	[399420,1]
	[476474,1]
	[462070,1]
	[452862,1]
	[434156,1]
	[430874,2]
	[411790,1]
	[400536,3]
	[393780,1]
	[382404,1]
	[457450,1]
	[453434,1]
	[426220,1]
	[423576,1]
	[417872,1]
	[409400,1]
	[406336,1]
	[465226,1]
	[458056,1]
	[445728,1]
	[445214,1]
	[440624,1]
	[437820,2]
	[437502,1]
	[422142,1]
	[414972,1]
	[406750,1]
	[399198,1]
	[394800,1]
	[390180,1]
	[460032,1]
	[446360,1]
	[404584,1]
	[394640,1]
	[390758,1]
	[382054,1]
	[461434,1]
	[458278,1]
	[438170,1]
	[407578,1]
	[405986,1]
	[396106,1]
	[394704,1]
	[388618,1]
	[383646,2]
	[474084,1]
	[464652,1]
	[455506,1]
	[455060,1]
	[447162,1]
	[442090,1]
	[439414,1]
	[423448,1]
	[419274,1]
	[405540,1]
	[464588,1]
	[461370,1]
	[448718,1]
	[448304,1]
	[443716,1]
	[441134,1]
	[437884,1]
	[425074,1]
	[416660,1]
	[412646,1]
	[405576,1]
	[389734,1]
	[386802,1]
	[455570,1]
	[454422,1]
	[453562,1]
	[442860,2]
	[413314,1]
	[391168,1]
	[450408,1]
	[447062,2]
	[438680,1]
	[400282,1]
	[399452,1]
	[396494,1]
	[474372,1]
	[438138,1]
	[428898,1]
	[405444,1]
	[401046,1]
	[472746,1]
	[471026,1]
	[466882,1]
	[431766,1]
	[426954,1]
	[423480,1]
	[421760,2]
	[411052,1]
	[402512,1]
	[392474,2]
	[387662,1]
	[467902,1]
	[460796,1]
	[457482,1]
	[454072,1]
	[449610,1]
	[431288,1]
	[419402,1]
	[390976,1]
	[474466,1]
	[472586,1]
	[431574,2]
	[410414,1]
	[469718,1]
	[455952,2]
	[441868,1]
	[436896,1]
	[430586,1]
	[424818,1]
	[420452,1]
	[419816,1]
	[418828,1]
	[402230,1]
	[452420,1]
	[448400,1]
	[418382,1]
	[415354,1]
	[402098,1]
	[395278,1]
	[475296,1]
	[472810,1]
	[451204,1]
	[446648,1]
	[426666,1]
	[419656,1]
	[414812,1]
	[399548,1]
	[397668,1]
	[395470,1]
	[388426,1]
	[383520,1]
	[461402,1]
	[446616,1]
	[436004,1]
	[434060,1]
	[420644,1]
	[418004,1]
	[414908,1]
	[412710,1]
	[404552,2]
	[399262,1]
	[468126,1]
	[451300,1]
	[450726,1]
	[440560,1]
	[431446,1]
	[426730,1]
	[417744,1]
	[412932,1]
	[405826,1]
	[400760,1]
	[388904,1]
	[474020,1]
	[460126,1]
	[444034,1]
	[442218,1]
	[422206,1]
	[382946,1]
	[475932,1]
	[475614,1]
	[458756,1]
	[441038,1]
	[435940,1]
	[433200,1]
	[410356,1]
	[410096,1]
	[406112,1]
	[401238,1]
	[464492,1]
	[450184,1]
	[437214,1]
	[433422,1]
	[421408,1]
	[420930,2]
	[413602,1]
	[408444,1]
	[398720,1]
	[475008,1]
	[463346,1]
	[452574,1]
	[444162,1]
	[430432,1]
	[407324,1]
	[400472,1]
	[476284,1]
	[472778,1]
	[464812,1]
	[461210,1]
	[452638,1]
	[452352,1]
	[449452,1]
	[412836,1]
	[404232,1]
	[392670,1]
	[431702,1]
	[423416,1]
	[420872,1]
	[418860,1]
	[413920,1]
	[391040,1]
	[389324,1]
	[385176,1]
	[457386,1]
	[447476,1]
	[441326,1]
	[440338,1]
	[412550,1]
	[386196,1]
	[457100,1]
	[425652,1]
	[392760,1]
	[390880,1]
	[468158,1]
	[467106,1]
	[451172,1]
	[449132,1]
	[443492,1]
	[413824,1]
	[388012,1]
	[450248,1]
	[449292,1]
	[434920,1]
	[421058,1]
	[416628,1]
	[467042,1]
	[438080,1]
	[425424,1]
	[412168,1]
	[409012,1]
	[408822,1]
	[396840,1]
	[393590,1]
	[391104,1]
	[456908,1]
	[443142,1]

1760,
	[6,17309]
	[1345,1111]
	[1351,79]
	[191872,1]
	[191808,1]

1804,
	[5,17359]
	[268643,1]
	[259983,1]
	[256979,2]
	[252617,3]
	[243835,2]
	[237865,1]
	[237071,1]
	[222031,1]
	[219725,1]
	[217701,1]
	[283209,1]
	[261245,1]
	[256441,2]
	[241305,1]
	[239441,2]
	[237263,4]
	[225413,1]
	[218303,1]
	[210053,2]
	[206075,1]
	[205569,2]
	[201841,1]
	[201015,1]
	[198235,2]
	[197921,1]
	[277457,1]
	[275529,2]
	[262225,2]
	[259605,2]
	[256697,1]
	[256537,1]
	[254359,2]
	[246269,2]
	[241023,1]
	[220263,2]
	[218335,1]
	[209169,2]
	[206703,1]
	[271167,2]
	[268259,1]
	[259349,1]
	[254577,1]
	[252303,3]
	[247531,1]
	[245571,1]
	[244501,1]
	[242509,1]
	[240677,2]
	[221653,1]
	[218521,2]
	[198581,1]
	[283619,1]
	[263775,2]
	[238179,1]
	[234195,1]
	[224843,2]
	[216881,1]
	[215773,2]
	[215331,1]
	[207497,1]
	[202469,1]
	[199817,2]
	[277393,1]
	[274677,1]
	[272371,1]
	[265389,3]
	[258215,1]
	[257139,3]
	[256793,1]
	[256351,1]
	[252021,1]
	[251765,2]
	[242983,2]
	[225599,1]
	[224875,1]
	[224779,2]
	[221589,2]
	[209041,1]
	[208631,2]
	[204083,1]
	[201521,1]
	[198299,1]
	[285720,1]
	[274895,1]
	[258247,1]
	[255243,1]
	[250125,1]
	[240485,1]
	[221999,1]
	[215837,1]
	[214697,1]
	[213845,1]
	[206581,1]
	[203231,2]
	[271929,1]
	[253565,2]
	[249017,2]
	[242221,3]
	[214101,1]
	[210719,1]
	[210591,1]
	[207401,3]
	[199087,1]
	[275939,1]
	[239761,1]
	[234483,1]
	[218143,1]
	[273191,1]
	[271231,1]
	[264973,2]
	[262449,1]
	[260457,1]
	[257773,1]
	[255557,1]
	[235053,1]
	[232869,1]
	[231165,1]
	[227053,2]
	[192233,1]
	[282735,1]
	[281755,1]
	[273921,2]
	[254199,2]
	[242285,2]
	[228065,1]
	[221019,1]
	[217733,1]
	[214351,1]
	[192707,1]
	[191759,2]
	[267189,2]
	[249555,1]
	[246141,2]
	[232709,2]
	[231229,1]
	[211667,1]
	[209739,1]
	[202693,1]
	[192041,2]
	[284253,1]
	[283145,2]
	[255461,2]
	[247787,1]
	[229865,1]
	[216753,1]
	[216215,5]
	[202251,1]
	[199881,1]
	[197319,1]
	[191061,1]
	[281883,1]
	[276381,1]
	[262635,1]
	[250631,1]
	[220705,1]
	[212711,2]
	[208727,1]
	[279513,2]
	[266965,1]
	[253821,1]
	[250503,2]
	[249241,2]
	[238621,1]
	[235399,1]
	[232933,1]
	[211507,2]
	[206991,1]
	[202187,1]
	[284285,2]
	[285496,1]
	[265863,1]
	[263333,1]
	[236917,1]
	[221621,1]
	[217797,1]
	[206959,1]
	[196435,1]
	[194507,1]
	[273383,1]
	[255909,1]
	[254327,1]
	[228289,1]
	[211603,2]
	[211033,1]
	[200951,1]
	[268137,1]
	[255685,1]
	[234131,1]
	[231415,2]
	[222697,1]
	[204397,1]
	[202597,1]
	[281851,1]
	[281089,1]
	[275907,2]
	[262603,1]
	[254865,1]
	[236027,1]
	[235713,1]
	[222313,1]
	[218995,1]
	[201425,1]
	[196371,1]
	[193655,1]
	[191349,1]
	[278187,2]
	[269149,1]
	[249427,1]
	[246711,1]
	[239345,1]
	[225221,2]
	[224683,1]
	[223293,1]
	[210495,1]
	[203737,1]
	[197633,1]
	[193873,1]
	[274837,1]
	[265953,1]
	[242099,1]
	[235111,2]
	[223549,1]
	[214857,1]
	[212865,1]
	[204525,1]
	[190907,1]
	[276067,1]
	[274517,1]
	[273947,1]
	[266715,1]
	[245257,1]
	[236379,2]
	[232901,1]
	[225003,1]
	[223613,1]
	[221749,1]
	[221429,2]
	[212929,1]
	[212647,2]
	[209771,1]
	[194917,1]
	[270603,1]
	[257895,2]
	[252143,2]
	[252117,1]
	[247121,1]
	[192169,1]
	[280839,1]
	[277175,1]
	[276765,2]
	[269905,1]
	[269655,1]
	[247691,1]
	[245385,1]
	[217637,2]
	[212205,1]
	[207811,2]
	[204685,3]
	[201713,1]
	[200733,1]
	[282831,1]
	[281979,1]
	[280743,1]
	[265671,1]
	[252175,1]
	[242067,2]
	[236975,1]
	[217355,3]
	[273665,1]
	[267221,1]
	[266587,1]
	[252527,1]
	[228321,1]
	[227277,1]
	[211475,2]
	[203859,1]
	[202123,2]
	[268041,2]
	[266683,1]
	[265133,1]
	[260963,1]
	[218745,1]
	[210559,3]
	[209611,1]
	[208951,1]
	[205691,1]
	[200861,1]
	[195359,1]
	[279449,1]
	[267977,2]
	[248479,1]
	[227213,2]
	[198491,2]
	[279827,3]
	[278059,1]
	[265543,1]
	[251009,1]
	[248325,1]
	[232587,1]
	[217163,3]
	[203513,1]
	[203263,2]
	[282197,2]
	[272339,1]
	[260175,2]
	[259445,1]
	[258279,3]
	[252431,2]
	[239191,1]
	[224907,2]
	[220859,1]
	[216151,1]
	[192361,1]
	[285310,4]
	[259195,1]
	[253475,1]
	[251483,1]
	[249145,2]
	[232837,1]
	[223677,1]
	[213909,1]
	[209393,1]
	[205063,2]
	[258087,1]
	[249081,1]
	[239729,2]
	[200829,1]
	[200067,1]
	[194885,2]
	[267503,1]
	[262257,1]
	[261815,1]
	[255307,1]
	[244245,1]
	[243553,2]
	[241747,1]
	[228417,1]
	[217387,1]
	[281057,1]
	[276035,1]
	[272115,1]
	[259253,1]
	[245795,3]
	[240863,1]
	[214889,1]
	[213467,1]
	[209989,1]
	[209297,1]
	[193815,1]
	[272685,2]
	[269085,1]
	[264057,1]
	[262193,1]
	[260803,2]
	[260047,1]
	[255371,1]
	[241843,1]
	[241689,1]
	[232683,1]
	[217861,1]
	[205633,1]
	[205217,3]
	[195045,1]
	[193495,1]
	[192925,1]
	[271359,1]
	[261847,2]
	[258119,1]
	[247403,1]
	[240357,1]
	[236597,1]
	[226739,1]
	[221307,1]
	[195737,1]
	[269559,1]
	[263301,1]
	[235681,1]
	[234925,1]
	[196153,1]
	[278629,1]
	[271673,1]
	[268765,1]
	[265767,1]
	[262007,1]
	[260899,1]
	[250093,1]
	[249619,2]
	[241497,1]
	[236757,1]
	[230025,1]
	[221967,1]
	[201809,1]
	[199721,1]
	[280999,1]
	[273095,1]
	[258843,2]
	[249837,2]
	[239473,1]
	[229333,1]
	[217131,1]
	[214825,1]
	[210117,1]
	[192643,1]
	[282133,1]
	[278879,1]
	[278373,1]
	[278309,1]
	[275151,2]
	[265703,1]
	[249523,2]
	[241593,1]
	[233061,1]
	[232049,3]
	[230813,1]
	[212045,1]
	[211571,1]
	[258875,1]
	[252085,2]
	[251733,1]
	[230499,1]
	[227591,1]
	[223325,1]
	[214165,1]
	[213403,2]
	[198427,1]
	[272243,1]
	[263205,1]
	[260867,1]
	[259413,1]
	[244085,1]
	[206011,2]
	[198805,2]
	[197037,1]
	[262097,2]
	[258811,1]
	[256633,1]
	[246929,1]
	[236789,1]
	[226073,1]
	[221685,1]
	[219821,2]
	[217605,1]
	[217573,2]
	[201175,2]
	[191317,1]
	[279609,2]
	[277585,1]
	[271993,1]
	[248511,1]
	[242573,2]
	[221903,1]
	[216977,1]
	[216279,1]
	[284061,1]
	[278405,1]
	[273825,1]
	[266113,1]
	[263493,1]
	[253251,1]
	[249747,1]
	[245353,2]
	[234701,1]
	[231447,2]
	[219597,1]
	[212519,1]
	[208791,1]
	[283933,1]
	[277963,1]
	[262129,1]
	[259823,1]
	[237801,2]
	[224209,2]
	[218553,1]
	[210149,1]
	[207337,1]
	[207113,1]
	[277361,2]
	[265511,1]
	[258401,1]
	[246173,1]
	[245667,2]
	[241939,1]
	[238019,1]
	[222787,1]
	[215677,1]
	[210213,1]
	[200035,1]
	[199055,1]
	[195013,1]
	[191093,1]
	[281121,1]
	[260361,2]
	[259099,1]
	[258433,1]
	[205377,1]
	[191663,2]
	[285560,1]
	[282607,1]
	[280775,2]
	[261751,1]
	[221243,1]
	[215427,2]
	[207465,1]
	[206767,2]
	[191471,1]
	[278277,1]
	[268201,1]
	[264941,1]
	[263019,2]
	[258151,1]
	[249715,1]
	[247595,1]
	[239915,2]
	[231101,1]
	[223139,1]
	[219943,1]
	[209425,1]
	[206325,1]
	[206107,1]
	[204115,1]
	[204051,1]
	[283081,1]
	[261687,1]
	[244181,1]
	[238397,1]
	[226457,1]
	[225695,1]
	[223991,1]
	[213371,1]
	[211795,1]
	[210405,1]
	[206357,1]
	[197607,1]
	[190651,1]
	[280583,1]
	[278123,1]
	[257171,1]
	[255935,1]
	[253065,1]
	[246679,1]
	[243329,2]
	[241119,1]
	[235431,1]
	[224465,3]
	[222223,1]
	[199977,1]
	[192073,1]
	[273351,2]
	[261059,1]
	[250817,1]
	[247499,2]
	[201111,1]
	[197857,1]
	[197351,1]
	[197287,1]
	[194129,2]
	[279859,1]
	[274581,1]
	[263871,1]
	[245007,2]
	[239255,1]
	[229487,1]
	[222127,3]
	[211065,1]
	[206229,1]
	[284221,1]
	[271263,1]
	[232331,1]
	[227559,1]
	[226329,1]
	[222409,2]
	[210277,1]
	[203321,2]
	[193367,2]
	[191221,1]
	[257831,1]
	[252463,1]
	[239287,1]
	[232805,1]
	[231857,1]
	[224087,1]
	[220071,1]
	[217323,2]
	[207907,1]
	[271327,1]
	[242791,1]
	[223107,1]
	[205505,1]
	[196563,1]
	[190971,1]
	[258625,2]
	[242349,1]
	[239979,1]
	[230217,1]
	[220481,1]
	[219501,1]
	[215395,1]
	[203039,1]
	[197383,1]
	[192803,1]
	[252809,2]
	[248825,1]
	[227719,1]
	[219059,1]
	[202911,1]
	[196941,1]
	[278719,1]
	[275497,1]
	[273031,1]
	[247089,1]
	[243963,2]
	[229743,1]
	[196339,2]
	[277015,1]
	[261719,1]
	[247057,1]
	[238275,1]
	[236533,1]
	[234605,1]
	[218681,1]
	[213435,2]
	[207971,1]
	[205345,2]
	[200099,1]
	[268387,1]
	[251701,1]
	[211379,1]
	[203577,1]
	[201585,1]
	[199753,2]
	[269495,3]
	[262795,1]
	[251515,1]
	[242695,1]
	[222851,1]
	[197255,1]
	[275247,1]
	[233753,1]
	[228859,1]
	[217291,1]
	[215869,1]
	[211097,1]
	[202059,1]
	[283811,1]
	[275657,1]
	[268169,1]
	[263807,1]
	[259227,1]
	[246365,1]
	[239665,1]
	[214319,1]
	[209201,1]
	[204621,1]
	[199561,1]
	[197101,1]
	[263647,1]
	[251169,1]
	[244623,1]
	[231005,1]
	[208093,2]
	[192329,1]
	[276477,1]
	[272999,1]
	[265101,1]
	[263711,1]
	[257677,1]
	[252745,2]
	[249869,1]
	[234515,1]
	[227469,1]
	[198837,1]
	[193559,1]
	[246807,1]
	[232267,1]
	[224497,1]
	[221525,1]
	[219533,1]
	[216849,1]
	[203199,1]
	[191945,1]
	[281505,1]
	[255877,1]
	[247909,2]
	[244783,1]
	[241811,1]
	[240831,1]
	[232997,1]
	[213275,1]
	[282165,1]
	[257453,1]
	[245955,1]
	[236949,2]
	[226265,1]
	[204243,1]
	[268419,1]
	[267375,1]
	[217925,1]
	[217419,2]
	[206863,1]
	[274363,1]
	[270001,1]
	[249049,1]
	[243489,1]
	[240959,1]
	[238845,1]
	[209707,1]
	[279923,1]
	[271455,1]
	[267311,1]
	[261501,2]
	[256729,1]
	[238589,1]
	[231197,1]
	[212897,1]
	[212173,1]
	[209579,1]
	[208317,1]
	[197697,1]
	[194475,1]
	[192009,1]
	[260015,1]
	[249209,2]
	[245923,1]
	[243611,1]
	[243361,1]
	[234041,1]
	[224939,1]
	[213185,1]
	[204717,1]
	[195993,1]
	[279289,1]
	[265005,2]
	[232459,1]
	[214985,1]
	[205095,1]
	[249491,1]
	[245161,2]
	[214761,1]
	[284189,1]
	[271045,1]
	[264281,1]
	[244911,1]
	[240927,1]
	[213941,1]
	[211321,1]
	[205665,1]
	[194789,1]
	[194225,1]
	[283651,1]
	[268515,1]
	[266651,1]
	[257485,1]
	[228225,1]
	[225445,2]
	[209899,1]
	[205787,1]
	[202789,1]
	[194635,1]
	[283747,1]
	[268233,1]
	[254987,1]
	[249395,1]
	[233913,1]
	[281787,1]
	[274741,1]
	[272781,1]
	[257959,1]
	[245731,1]
	[235143,1]
	[225791,1]
	[204333,1]
	[195455,1]
	[191977,1]
	[266837,1]
	[261405,1]
	[252053,1]
	[242541,1]
	[229679,1]
	[211193,1]
	[207055,1]
	[206197,1]
	[278975,1]
	[275023,1]
	[251989,1]
	[248799,1]
	[236251,1]
	[235841,1]
	[228981,1]
	[228731,1]
	[225509,1]
	[204461,1]
	[282453,1]
	[281595,1]
	[276855,1]
	[267695,1]
	[243047,1]
	[241907,1]
	[241055,1]
	[239819,1]
	[224747,1]
	[201143,1]
	[276227,1]
	[269431,1]
	[232741,1]
	[226297,1]
	[225663,1]
	[281691,1]
	[273159,1]
	[272147,3]
	[251669,1]
	[227117,2]
	[225759,1]
	[220039,1]
	[193341,1]
	[282767,1]
	[260079,1]
	[254263,1]
	[238525,1]
	[214671,1]
	[211225,1]
	[198901,1]
	[281409,1]
	[255275,1]
	[248229,1]
	[246109,1]
	[244943,1]
	[241561,1]
	[238903,1]
	[237135,1]
	[210085,1]
	[276887,1]
	[261783,1]
	[259919,1]
	[241273,1]
	[219251,2]
	[198267,1]
	[282671,2]
	[257075,1]
	[243425,1]
	[224529,1]
	[218271,1]
	[212551,1]
	[208221,1]
	[206613,1]
	[248889,1]
	[235937,1]
	[208157,1]
	[203167,1]
	[281031,1]
	[277899,1]
	[277713,1]
	[265831,1]
	[260143,1]
	[250247,1]
	[247435,1]
	[238717,1]
	[226579,1]
	[221333,1]
	[220891,1]
	[214383,1]
	[207433,1]
	[202629,1]
	[282037,1]
	[250311,1]
	[223645,1]
	[221717,1]
	[208413,1]
	[204871,1]
	[202725,1]
	[238813,1]
	[238243,1]
	[231761,1]
	[228161,1]
	[219123,1]
	[214447,1]
	[205537,1]
	[200765,1]
	[193719,1]
	[282895,1]
	[261341,1]
	[255525,1]
	[247563,1]
	[231607,1]
	[230435,1]
	[229807,1]
	[220923,1]
	[217195,1]
	[271199,1]
	[263237,1]
	[262923,1]
	[246205,1]
	[244213,1]
	[244149,1]
	[228635,1]
	[223581,1]
	[222377,1]
	[197953,1]
	[194001,1]
	[276637,1]
	[266555,1]
	[264089,1]
	[251893,1]
	[246455,1]
	[237705,1]
	[221083,1]
	[219975,1]
	[208695,2]
	[200573,1]
	[195833,1]
	[283427,1]
	[281217,1]
	[264563,1]
	[262321,1]
	[240075,1]
	[231735,1]
	[195205,1]
	[272467,1]
	[260111,1]
	[248639,1]
	[240139,1]
	[237955,1]
	[237449,1]
	[234227,1]
	[208599,1]
	[200669,1]
	[192137,1]
	[191125,1]
	[279353,1]
	[274331,1]
	[219379,1]
	[211161,1]
	[201745,1]

1756,
	[5,18403]
	[440501,2]
	[413255,2]
	[411821,1]
	[435243,1]
	[454841,1]
	[392701,1]
	[415645,2]
	[389833,1]
	[426639,1]
	[408953,3]
	[407041,1]
	[442891,1]
	[412299,1]
	[470615,3]
	[434765,1]
	[450539,4]
	[401305,1]
	[405607,1]
	[402261,2]
	[398437,1]
	[442413,1]
	[432853,1]
	[417557,1]
	[465357,3]
	[419947,2]
	[470137,1]
	[409909,1]
	[400827,1]
	[423293,1]
	[464401,1]
	[415167,1]
	[457231,1]
	[393179,1]
	[388399,1]
	[457709,3]
	[427117,2]
	[438589,1]
	[466313,1]
	[458187,1]
	[448149,1]
	[462967,1]
	[444325,1]
	[469181,1]
	[462011,1]
	[474439,1]
	[452451,2]
	[420425,1]
	[385531,1]
	[433809,1]
	[424727,1]
	[472049,1]
	[455797,1]
	[441935,1]
	[455319,2]
	[389355,1]
	[445281,1]
	[391745,1]

1772,
	[1,18521]

len(carl_order):
31
Printing carl assignment order:
1636,1,1.0
1700,1,1.0
1772,1,1.0
1752,1,0.9431369366444842
1692,1,0.9416411413832017
1596,2,0.5
1604,2,0.46464646464646464
1692,4,0.3333333333333333
1660,3,0.3133584364353595
1720,3,0.3127441493746192
1696,4,0.30052911876734284
1628,4,0.23418435904326793
1632,4,0.23389748288686465
1756,5,0.1991774446669192
1804,5,0.18788829959952374
1764,6,0.15612577123019086
1760,6,0.155928508368917
1628,901,0.0011091441404322347
1760,1351,0.0007453459720626792
1628,191140,5.256545713549798e-06
1760,191872,5.249646961241857e-06
1632,190975,5.2472506942167555e-06
1804,285720,4.220158193176719e-06
1764,285274,4.2075871268512845e-06
1696,476821,4.1880643175430335e-06
1720,286196,4.157247841247862e-06
1720,668029,2.6189703663503046e-06
1604,383588,2.610960214188256e-06
1660,476447,2.331110041664972e-06
1752,476570,2.32916213489317e-06
1756,474439,2.3046873033624114e-06
bin_width: 13361662
assigning lease 1 to address 1636
Average Cache Occupancy Per Bin: [0.07,0.07,0.07,0.07,0.07]
Total cost: 947712.0
assigning lease 1 to address 1700
Average Cache Occupancy Per Bin: [0.14,0.14,0.14,0.14,0.14]
Total cost: 1905408.0
assigning lease 1 to address 1772
Average Cache Occupancy Per Bin: [0.21,0.21,0.21,0.21,0.21]
Total cost: 2866688.0
assigning lease 1 to address 1752
Average Cache Occupancy Per Bin: [0.28,0.28,0.28,0.28,0.28]
Total cost: 3808000.0
assigning lease 1 to address 1692
Average Cache Occupancy Per Bin: [0.35,0.35,0.35,0.35,0.35]
Total cost: 4759552.0
assigning lease 2 to address 1596
Average Cache Occupancy Per Bin: [0.35,0.35,0.35,0.35,0.35]
Total cost: 4767232.0
assigning lease 2 to address 1604
Average Cache Occupancy Per Bin: [0.35,0.35,0.35,0.35,0.35]
Total cost: 4778496.0
assigning lease 4 to address 1692
Average Cache Occupancy Per Bin: [0.37,0.36,0.37,0.36,0.36]
Total cost: 4948992.0
assigning lease 3 to address 1660
Average Cache Occupancy Per Bin: [0.58,0.58,0.58,0.58,0.58]
Total cost: 7824384.0
assigning lease 3 to address 1720
Average Cache Occupancy Per Bin: [0.79,0.79,0.79,0.79,0.79]
Total cost: 10676736.0
assigning lease 4 to address 1696
Average Cache Occupancy Per Bin: [1.02,1.01,1.01,1.01,1.01]
Total cost: 13651968.0
assigning lease 4 to address 1628
Average Cache Occupancy Per Bin: [1.30,1.30,1.30,1.30,1.30]
Total cost: 17455104.0
assigning lease 4 to address 1632
Average Cache Occupancy Per Bin: [1.58,1.58,1.59,1.58,1.58]
Total cost: 21216256.0
assigning lease 5 to address 1756
Average Cache Occupancy Per Bin: [1.94,1.93,1.94,1.94,1.93]
Total cost: 26000896.0
assigning lease 5 to address 1804
Average Cache Occupancy Per Bin: [2.29,2.29,2.29,2.29,2.29]
Total cost: 30683136.0
assigning lease 6 to address 1764
Average Cache Occupancy Per Bin: [2.71,2.72,2.72,2.71,2.72]
Total cost: 36327936.0
assigning lease 6 to address 1760
Average Cache Occupancy Per Bin: [3.13,3.15,3.14,3.14,3.15]
Total cost: 41954304.0
assigning lease 901 to address 1628
Average Cache Occupancy Per Bin: [7.05,7.21,7.25,7.13,7.31]
Total cost: 94310400.0
assigning lease 1351 to address 1760
Average Cache Occupancy Per Bin: [13.3,12.6,13.8,12.9,13.8]
Total cost: 178661376.0
assigning lease 191140 to address 1628
Average Cache Occupancy Per Bin: [20.6,19.8,17.4,16.6,13.8]
Total cost: 276063744.0
assigning lease 191872 to address 1760
Average Cache Occupancy Per Bin: [20.6,23.5,17.4,20.2,13.8]
Total cost: 276063744.0
addr: 1632 ri: 190975
bin target: 1710292736
	bin: 0.0 current capacity: 20.660883653545493  avg impact: 828.8368677489373
	bin: 1.0 current capacity: 23.54096608640452  avg impact: 858.0761716618786
	bin: 2.0 current capacity: 17.470803856586105  avg impact: 931.0607401983376
	bin: 3.0 current capacity: 20.25095141607384  avg impact: 814.245303316309
	bin: 4.0 current capacity: 13.80329363218438  avg impact: 931.085953828199
num_full_bins: 0
printing bin ranks sorted:
	bin: 2.0 rank: 0.11871319600466518
	selecting this^ bin
	bin: 1.0 rank: 0.12173631824699724
	bin: 4.0 rank: 0.12264894116197445
	bin: 0.0 rank: 0.12950572123798018
	bin: 3.0 rank: 0.13232996020373605
acceptable_ratio: 0.11871319600466518
Assigning 1632 dual lease lease 190975 * 0.11871319600466518. Bin saturation: [119.,125.,128.,116.,124.]
addr: 1804 ri: 285720
bin target: 1710292736
	bin: 0.0 current capacity: 119.05475719051782  avg impact: 968.5643094399484
	bin: 1.0 current capacity: 125.40593083983383  avg impact: 1023.0822123774722
	bin: 2.0 current capacity: 128.0  avg impact: 1061.526924420031
	bin: 3.0 current capacity: 116.91261370454089  avg impact: 933.1846436468757
	bin: 4.0 current capacity: 124.33548296618198  avg impact: 1093.8422528574663
num_full_bins: 1
printing bin ranks sorted:
	bin: 2.0 rank: 0.0
	bin: 1.0 rank: 0.002535543213226219
	bin: 4.0 rank: 0.0033501330052346364
	bin: 0.0 rank: 0.009235569308407174
	bin: 3.0 rank: 0.011881235263505542
acceptable_ratio: 0
addr: 1764 ri: 285274
bin target: 1710292736
	bin: 0.0 current capacity: 119.05475719051782  avg impact: 1009.6886785491206
	bin: 1.0 current capacity: 125.40593083983383  avg impact: 1148.5643172234113
	bin: 2.0 current capacity: 128.0  avg impact: 1064.7702670521078
	bin: 3.0 current capacity: 116.91261370454089  avg impact: 1130.6196657272126
	bin: 4.0 current capacity: 124.33548296618198  avg impact: 983.0716687789288
num_full_bins: 1
printing bin ranks sorted:
	bin: 2.0 rank: 0.0
	bin: 1.0 rank: 0.0022585319091552305
	bin: 4.0 rank: 0.003727619409854113
	bin: 0.0 rank: 0.008859406864238695
	bin: 3.0 rank: 0.009806468639768197
acceptable_ratio: 0
addr: 1696 ri: 476821
bin target: 1710292736
	bin: 0.0 current capacity: 119.05475719051782  avg impact: 1078.9886659309298
	bin: 1.0 current capacity: 125.40593083983383  avg impact: 1121.8825107235912
	bin: 2.0 current capacity: 128.0  avg impact: 1071.9487752346977
	bin: 3.0 current capacity: 116.91261370454089  avg impact: 939.2607644168817
	bin: 4.0 current capacity: 124.33548296618198  avg impact: 1099.1890559722285
num_full_bins: 1
printing bin ranks sorted:
	bin: 2.0 rank: 0.0
	bin: 1.0 rank: 0.0023122467240290997
	bin: 4.0 rank: 0.0033338368990371335
	bin: 0.0 rank: 0.008290395526781924
	bin: 3.0 rank: 0.011804375010109636
acceptable_ratio: 0
addr: 1720 ri: 286196
bin target: 1710292736
	bin: 0.0 current capacity: 119.05475719051782  avg impact: 1043.981495116401
	bin: 1.0 current capacity: 125.40593083983383  avg impact: 1034.9807273975348
	bin: 2.0 current capacity: 128.0  avg impact: 1063.8570393413634
	bin: 3.0 current capacity: 116.91261370454089  avg impact: 1087.5159691960475
	bin: 4.0 current capacity: 124.33548296618198  avg impact: 1023.5238340859094
num_full_bins: 1
printing bin ranks sorted:
	bin: 2.0 rank: 0.0
	bin: 1.0 rank: 0.002506393685889173
	bin: 4.0 rank: 0.0035802947735855345
	bin: 0.0 rank: 0.008568392113583208
	bin: 3.0 rank: 0.01019514803415303
acceptable_ratio: 0
addr: 1720 ri: 668029
bin target: 1710292736
	bin: 0.0 current capacity: 119.05475719051782  avg impact: 1058.6126426487963
	bin: 1.0 current capacity: 125.40593083983383  avg impact: 1056.9274486961278
	bin: 2.0 current capacity: 128.0  avg impact: 1078.4882635109316
	bin: 3.0 current capacity: 116.91261370454089  avg impact: 1094.8315429622453
	bin: 4.0 current capacity: 124.33548296618198  avg impact: 1030.8394078521071
num_full_bins: 1
printing bin ranks sorted:
	bin: 2.0 rank: 0.0
	bin: 1.0 rank: 0.002454349315429666
	bin: 4.0 rank: 0.003554886440996202
	bin: 0.0 rank: 0.008449967862749054
	bin: 3.0 rank: 0.010127024898698461
acceptable_ratio: 0
addr: 1604 ri: 383588
bin target: 1710292736
	bin: 1.0 current capacity: 125.40593083983383  avg impact: 7.344331865302386
	bin: 2.0 current capacity: 128.0  avg impact: 22.018281258723654
	bin: 4.0 current capacity: 124.33548296618198  avg impact: 14.670270809125391
num_full_bins: 1
printing bin ranks sorted:
	bin: 2.0 rank: 0.0
	bin: 4.0 rank: 0.24979205097826543
	bin: 1.0 rank: 0.3532069639202449
acceptable_ratio: 0
addr: 1660 ri: 476447
bin target: 1710292736
	bin: 0.0 current capacity: 119.05475719051782  avg impact: 1837.1464603729685
	bin: 1.0 current capacity: 125.40593083983383  avg impact: 1759.9205607805377
	bin: 2.0 current capacity: 128.0  avg impact: 1893.727531799562
	bin: 3.0 current capacity: 116.91261370454089  avg impact: 1780.1199736978829
	bin: 4.0 current capacity: 124.33548296618198  avg impact: 1885.0035775489605
num_full_bins: 1
printing bin ranks sorted:
	bin: 2.0 rank: 0.0
	bin: 1.0 rank: 0.001473969460880482
	bin: 4.0 rank: 0.0019440371771511015
	bin: 0.0 rank: 0.004869096178464811
	bin: 3.0 rank: 0.006228448901917009
acceptable_ratio: 0
addr: 1752 ri: 476570
bin target: 1710292736
	bin: 0.0 current capacity: 119.05475719051782  avg impact: 1529.39435468432
	bin: 1.0 current capacity: 125.40593083983383  avg impact: 1896.891190931188
	bin: 2.0 current capacity: 128.0  avg impact: 1644.6476577539531
	bin: 3.0 current capacity: 116.91261370454089  avg impact: 1803.491820703143
	bin: 4.0 current capacity: 124.33548296618198  avg impact: 1770.9229573386904
num_full_bins: 1
printing bin ranks sorted:
	bin: 2.0 rank: 0.0
	bin: 1.0 rank: 0.0013675371431783236
	bin: 4.0 rank: 0.0020692695967559063
	bin: 0.0 rank: 0.005848879186773611
	bin: 3.0 rank: 0.006147733063261899
acceptable_ratio: 0
addr: 1756 ri: 474439
bin target: 1710292736
	bin: 0.0 current capacity: 119.05475719051782  avg impact: 153.59353948633037
	bin: 1.0 current capacity: 125.40593083983383  avg impact: 164.14866234454965
	bin: 2.0 current capacity: 128.0  avg impact: 60.01127464532481
	bin: 3.0 current capacity: 116.91261370454089  avg impact: 130.13808132551176
	bin: 4.0 current capacity: 124.33548296618198  avg impact: 123.9105446612854
num_full_bins: 1
printing bin ranks sorted:
	bin: 2.0 rank: 0.0
	bin: 1.0 rank: 0.01580316965800908
	bin: 4.0 rank: 0.029573891744525196
	bin: 0.0 rank: 0.058239707473362136
	bin: 3.0 rank: 0.08519709359880955
acceptable_ratio: 0
Final saturation:
	0.0,1590769425.0717688
	1.0,1675631660.6772358
	2.0,1710292736.0
	3.0,1562146827.8566432
	4.0,1661328698.0008812
DUMP LEASES
0, 644, 2, 0, 1 
0, 63c, 2, 0, 1 
0, 65c, 2eaa4, 0, 1 
0, 664, 1, 0, 1 
0, 67c, 3, 0, 1 
0, 660, 4, 2e9ff, 0.8812868039953348 
0, 6a4, 1, 0, 1 
0, 69c, 4, 0, 1 
0, 6b8, 3, 0, 1 
0, 6a0, 4, 0, 1 
0, 6e4, 6, 0, 1 
0, 6d8, 1, 0, 1 
0, 6e0, 2ed80, 0, 1 
0, 70c, 5, 0, 1 
0, 6dc, 5, 0, 1 
0, 6ec, 1, 0, 1 
Dump dual leases

