sample rate: 0.00390625
1432,
	[1,61]
	[3,30140]
	[2,481]
	[-4370,73]
	[765366,1]

1408,
	[2,904]
	[4,30651]
	[1940,61]
	[1988,4]
	[3,422427]
	[1485,15011]
	[1484,10409]
	[1486,3794]
	[1498,119]
	[1509,254]
	[1497,250]
	[1510,205]
	[1483,34]
	[1522,236]
	[1521,255]
	[1487,106]
	[1480,10]
	[1482,14]
	[16791,1]
	[19848,1]
	[1496,136]
	[22909,1]
	[1473,1]
	[30561,1]
	[1437,1]
	[1461,1]
	[36682,1]
	[1479,18]
	[1478,17]
	[1,21]
	[1488,1]
	[1515,1]
	[1508,54]
	[59636,1]
	[1523,8]
	[79531,1]
	[102483,1]
	[126961,1]
	[142270,1]
	[1481,7]
	[171344,1]
	[244797,1]
	[263162,1]
	[1503,3]
	[983,1]
	[287645,1]
	[293765,1]
	[338143,1]
	[353445,1]
	[356506,1]
	[367218,1]
	[368751,1]
	[1511,1]
	[386376,1]
	[399353,1]
	[407004,1]
	[408534,1]
	[413126,1]
	[431486,1]
	[440670,1]
	[1499,2]
	[465154,1]
	[485047,1]
	[486576,1]
	[520244,1]
	[520243,1]
	[543197,1]
	[593699,1]
	[604408,1]
	[618181,1]
	[628892,1]
	[630422,2]
	[644194,1]
	[647254,2]
	[-4370,1]
	[725298,1]
	[749782,1]
	[1469,1]

1412,
	[4,30303]
	[1,15510]
	[3,439839]
	[-4370,501]
	[763909,1]
	[763950,1]
	[2,2]
	[763949,1]
	[763971,2]
	[763963,3]
	[763964,5]
	[763965,2]
	[763974,2]
	[764054,3]
	[764079,2]
	[764081,1]
	[764080,2]
	[764102,1]
	[764073,1]
	[764066,1]
	[764065,1]
	[764064,3]
	[764058,1]
	[764057,2]
	[764056,2]
	[764055,3]
	[764052,2]
	[764046,1]
	[764048,1]
	[764050,1]
	[764047,1]
	[764042,3]
	[764043,2]
	[764035,5]
	[764036,3]
	[764033,2]
	[764034,1]
	[764031,2]
	[764028,1]
	[764200,1]
	[764027,1]
	[764026,2]
	[764022,2]
	[764020,1]
	[764017,2]
	[764016,1]
	[764010,1]
	[764012,1]
	[764005,2]
	[764008,1]
	[764000,4]
	[763997,2]
	[763990,1]
	[763988,2]
	[763985,1]
	[764292,1]
	[763981,1]
	[763980,1]
	[763979,1]
	[763978,2]
	[763977,1]
	[763973,2]
	[763970,4]
	[763972,1]
	[763969,1]
	[763968,1]
	[763960,1]
	[763962,1]
	[763959,3]
	[763958,2]
	[764339,1]
	[764350,1]
	[763952,2]
	[763939,1]
	[763947,2]
	[764353,1]
	[763948,3]
	[763951,1]
	[763945,5]
	[763933,3]
	[764364,1]
	[763946,2]
	[763942,3]
	[763941,3]
	[763937,1]
	[763936,2]
	[763935,2]
	[763932,1]
	[763931,3]
	[763923,2]
	[763921,1]
	[764424,1]
	[763920,1]
	[763922,1]
	[763917,1]
	[763915,1]
	[763913,1]
	[763911,2]
	[763912,1]
	[763908,1]
	[763907,2]
	[763905,1]
	[763902,2]
	[763897,1]
	[763893,1]
	[763894,1]
	[763895,1]
	[763891,1]
	[763888,2]
	[763884,1]
	[763880,3]
	[763878,2]
	[763877,1]
	[763874,1]
	[763869,1]
	[764532,1]
	[763866,1]
	[763860,1]
	[763858,1]
	[389663,1]
	[763851,1]
	[764571,1]
	[763846,1]
	[763848,1]
	[763845,1]
	[763844,4]
	[763842,3]
	[764579,1]
	[763843,1]
	[763841,1]
	[763838,3]
	[763836,1]
	[763837,2]
	[763832,1]
	[763831,3]
	[763833,2]
	[763830,3]
	[763826,1]
	[763820,3]
	[763817,5]
	[763816,3]
	[763813,2]
	[763812,1]
	[763811,4]
	[764645,1]
	[763810,2]
	[763809,2]
	[763806,1]
	[763804,1]
	[763803,1]
	[763802,3]
	[763801,1]
	[763800,3]
	[763797,1]
	[763796,1]
	[763795,1]
	[763794,1]
	[763789,5]
	[763790,2]
	[763791,1]
	[763793,1]
	[763786,2]
	[763785,2]
	[763788,1]
	[764694,1]
	[763783,3]
	[763782,1]
	[764702,1]
	[763781,4]
	[763779,2]
	[763775,1]
	[763776,2]
	[763774,1]
	[763768,1]
	[763770,1]
	[763769,1]
	[763765,2]
	[763766,2]
	[763764,1]
	[763760,1]
	[763757,2]
	[763756,1]
	[1007,1]
	[763753,2]
	[763749,2]
	[763750,2]
	[763747,1]
	[763748,1]
	[763745,4]
	[763743,1]
	[763742,1]
	[763740,2]
	[763741,1]
	[763739,2]
	[763737,1]
	[763738,1]
	[763736,1]
	[763732,3]
	[763734,5]
	[763733,1]
	[763730,2]
	[763725,4]
	[763724,1]
	[763722,3]
	[763723,1]
	[763726,1]
	[763727,2]
	[763721,3]
	[763720,2]
	[763716,2]
	[763717,3]
	[763718,1]
	[763714,1]
	[764853,1]
	[763713,1]
	[763708,1]
	[763705,2]
	[763704,2]
	[763702,2]
	[763700,5]
	[763699,1]
	[764876,1]
	[763695,3]
	[763694,2]
	[763691,3]
	[763679,2]
	[763682,2]
	[763690,1]
	[763687,2]
	[763689,1]
	[763685,2]
	[763684,1]
	[763681,2]
	[763676,3]
	[763673,1]
	[763674,1]
	[763675,1]
	[763672,2]
	[763671,1]
	[763669,3]
	[763670,4]
	[763665,1]
	[763663,2]
	[763664,1]
	[763660,2]
	[763659,1]
	[764959,1]
	[763658,1]
	[763656,1]
	[763652,1]
	[763654,1]
	[763655,1]
	[763649,2]
	[764972,1]
	[763646,1]
	[763648,1]
	[763645,1]
	[763644,3]
	[763639,1]
	[764989,1]
	[763642,2]
	[764997,2]
	[763638,1]
	[763633,1]
	[763632,1]
	[763626,1]
	[763620,4]
	[763622,2]
	[763621,1]
	[763623,2]
	[765019,1]
	[763616,1]
	[763607,1]
	[763606,2]
	[763613,1]
	[765044,1]
	[763610,1]
	[763595,1]
	[763605,1]
	[763604,1]
	[765066,1]

1416,
	[1,31593]
	[3,411485]
	[1484,48]
	[2,14844]
	[-4370,14592]
	[765424,46]
	[765425,13]
	[765426,53]
	[765427,95]
	[765456,37]
	[765457,20]
	[765458,31]
	[765455,131]
	[765454,164]
	[765453,47]
	[765452,82]
	[765451,73]
	[1483,2]
	[765450,28]
	[747083,1]
	[765448,12]
	[765447,93]
	[765445,47]
	[765446,65]
	[765444,34]
	[740958,1]
	[765459,16]
	[765461,19]
	[765468,6]
	[765471,23]
	[765472,10]
	[765474,23]
	[765477,5]
	[765478,39]
	[765480,7]
	[765483,37]
	[765484,12]
	[765493,19]
	[765495,29]
	[765498,8]
	[765499,30]
	[765500,4]
	[765504,18]
	[765505,24]
	[765508,6]
	[765513,8]
	[765520,3]
	[765521,1]
	[765523,25]
	[765536,24]
	[765539,15]
	[765547,17]
	[765548,16]
	[765555,27]
	[765557,9]
	[765558,11]
	[765559,54]
	[765560,2]
	[765563,46]
	[765564,8]
	[765562,31]
	[765556,12]
	[765553,17]
	[765554,21]
	[765552,9]
	[765551,2]
	[765546,52]
	[765544,10]
	[765540,34]
	[765538,25]
	[765537,52]
	[765535,19]
	[765534,104]
	[765533,25]
	[765384,36]
	[765532,29]
	[765529,23]
	[765528,15]
	[765530,34]
	[765531,15]
	[765527,20]
	[765525,93]
	[765524,121]
	[765526,12]
	[765339,15]
	[765519,3]
	[765518,91]
	[765517,49]
	[765516,61]
	[765515,68]
	[765514,25]
	[662985,1]
	[659924,1]
	[765512,8]
	[765511,9]
	[765510,25]
	[765509,39]
	[655327,1]
	[765507,23]
	[765506,24]
	[765503,38]
	[765501,22]
	[765502,15]
	[765497,20]
	[765496,25]
	[765494,38]
	[765492,34]
	[765491,32]
	[765490,29]
	[765489,31]
	[765488,45]
	[765487,15]
	[621641,1]
	[765193,5]
	[765486,3]
	[765485,1]
	[765482,71]
	[765176,36]
	[765481,11]
	[765479,46]
	[765161,56]
	[765476,23]
	[603266,1]
	[601735,1]
	[765475,38]
	[598672,1]
	[765470,39]
	[765469,71]
	[592546,1]
	[765467,37]
	[765466,6]
	[765463,29]
	[765462,54]
	[765460,17]
	[765464,4]
	[574172,1]
	[568047,1]
	[566518,1]
	[765449,1]
	[765443,37]
	[765442,45]
	[765441,106]
	[765440,22]
	[765439,5]
	[543550,1]
	[765438,9]
	[765437,2]
	[765436,17]
	[765435,7]
	[765434,1]
	[765433,19]
	[765431,31]
	[765420,83]
	[765430,75]
	[765429,70]
	[764976,1]
	[537421,1]
	[765432,1]
	[765415,59]
	[765428,23]
	[764963,1]
	[523643,1]
	[765423,17]
	[765422,54]
	[765421,11]
	[765419,52]
	[765418,12]
	[765417,21]
	[765414,37]
	[765416,27]
	[765413,6]
	[765412,30]
	[765411,15]
	[765410,55]
	[765409,24]
	[765408,23]
	[765407,11]
	[765406,35]
	[765405,27]
	[765403,54]
	[765404,27]
	[765402,20]
	[765401,18]
	[485359,1]
	[483830,1]
	[765398,34]
	[765399,22]
	[765400,5]
	[765396,2]
	[765394,18]
	[765395,24]
	[765393,68]
	[765392,59]
	[764817,1]
	[765390,68]
	[765391,29]
	[765389,4]
	[765388,5]
	[765386,19]
	[765387,15]
	[765385,15]
	[765383,85]
	[765382,11]
	[765381,12]
	[454738,1]
	[765380,22]
	[764756,1]
	[765379,1]
	[765378,42]
	[765377,27]
	[764753,1]
	[765376,26]
	[765375,46]
	[765374,16]
	[765373,58]
	[765372,7]
	[444018,1]
	[765371,19]
	[765370,3]
	[765369,37]
	[765362,10]
	[765363,11]
	[765366,33]
	[765367,45]
	[765364,2]
	[765365,18]
	[765361,65]
	[765360,27]
	[765358,22]
	[765359,44]
	[765356,20]
	[416455,1]
	[765357,9]
	[765355,18]
	[765354,6]
	[765353,10]
	[765351,108]
	[413391,1]
	[411859,1]
	[765352,6]
	[765350,4]
	[765349,2]
	[765347,88]
	[765346,31]
	[765345,14]
	[765344,6]
	[765343,34]
	[765342,28]
	[765341,23]
	[765340,28]
	[765338,32]
	[765337,43]
	[765336,10]
	[765334,57]
	[765332,15]
	[385830,1]
	[765335,1]
	[765330,13]
	[765331,21]
	[765329,58]
	[765328,12]
	[765327,50]
	[765326,52]
	[765325,54]
	[765324,61]
	[764539,1]
	[765323,64]
	[765322,55]
	[764525,1]
	[765320,48]
	[764512,1]
	[765319,28]
	[765318,15]
	[765317,2]
	[765316,13]
	[765315,7]
	[765314,23]
	[765313,59]
	[764493,1]
	[764492,1]
	[765312,45]
	[765311,14]
	[765309,3]
	[765310,3]
	[765308,22]
	[765307,11]
	[765305,46]
	[765303,9]
	[765292,39]
	[765301,49]
	[765302,99]
	[764456,1]
	[765304,2]
	[765300,12]
	[765288,51]
	[765287,28]
	[765299,75]
	[765297,47]
	[332235,1]
	[765298,11]
	[765296,6]
	[765295,15]
	[765294,105]
	[765293,35]
	[765291,48]
	[765290,14]
	[765289,34]
	[315390,1]
	[765286,51]
	[765285,68]
	[765283,81]
	[765282,39]
	[765284,16]
	[764366,1]
	[765281,18]
	[765279,11]
	[765280,26]
	[301610,1]
	[765278,26]
	[765277,44]
	[765276,13]
	[765275,1]
	[765273,83]
	[765271,87]
	[765272,24]
	[293952,1]
	[765274,30]
	[765269,56]
	[765268,13]
	[765267,43]
	[289358,1]
	[764313,1]
	[765270,29]
	[284766,1]
	[765265,69]
	[765266,36]
	[765264,32]
	[765262,71]
	[277109,1]
	[765261,48]
	[765263,9]
	[274048,1]
	[765260,16]
	[765259,9]
	[765258,6]
	[765257,75]
	[269452,1]
	[765255,48]
	[765254,20]
	[263328,1]
	[765253,19]
	[765252,18]
	[765251,41]
	[765250,17]
	[765249,8]
	[765247,30]
	[765248,15]
	[765246,27]
	[765245,45]
	[765244,5]
	[765243,15]
	[765242,84]
	[765241,68]
	[764200,1]
	[765238,145]
	[765239,2]
	[765236,30]
	[765235,23]
	[765231,104]
	[765237,12]
	[235768,1]
	[765234,25]
	[765233,28]
	[765232,22]
	[765229,63]
	[765228,6]
	[765230,3]
	[765227,3]
	[765226,78]
	[765225,28]
	[765223,60]
	[765222,15]
	[765224,11]
	[212796,1]
	[765221,34]
	[765219,32]
	[765220,41]
	[209735,1]
	[765218,13]
	[765217,29]
	[765215,49]
	[765214,51]
	[765213,50]
	[765212,16]
	[765211,35]
	[765210,65]
	[765208,25]
	[197485,1]
	[765209,42]
	[765206,75]
	[765204,32]
	[765207,4]
	[765202,60]
	[765201,52]
	[182172,1]
	[765203,27]
	[765198,90]
	[765199,19]
	[765200,15]
	[177578,1]
	[764022,1]
	[765197,33]
	[765196,46]
	[765195,19]
	[765194,31]
	[765191,15]
	[166860,1]
	[165327,1]
	[765190,53]
	[765189,35]
	[763989,1]
	[765188,8]
	[765187,1]
	[765186,38]
	[765185,28]
	[765184,1]
	[765183,36]
	[765182,7]
	[765181,91]
	[154609,2]
	[153077,2]
	[765178,49]
	[765177,38]
	[765175,12]
	[765180,4]
	[765179,3]
	[765173,41]
	[765174,10]
	[1508,1]
	[765158,52]
	[765159,16]
	[765163,57]
	[765162,22]
	[765164,1]
	[765166,107]
	[765165,53]
	[763915,1]
	[139297,1]
	[137765,1]
	[765172,25]
	[765171,7]
	[765169,49]
	[765168,1]
	[765170,19]
	[128577,1]
	[763888,1]
	[765160,28]
	[765156,55]
	[765157,40]
	[116326,1]
	[763858,1]
	[765154,13]
	[765153,76]
	[765152,12]
	[765151,85]
	[765149,24]
	[765155,2]
	[765148,1]
	[765147,1]
	[765146,43]
	[765145,28]
	[765144,26]
	[765142,32]
	[765141,32]
	[97951,1]
	[765143,10]
	[765124,12]
	[765123,60]
	[765122,46]
	[765121,20]
	[765120,2]
	[91826,1]
	[765140,15]
	[765139,38]
	[765137,21]
	[765138,39]
	[765136,44]
	[765135,7]
	[765134,13]
	[765133,1]
	[765132,71]
	[765131,18]
	[765130,40]
	[763758,1]
	[765129,58]
	[765128,9]
	[765127,10]
	[74981,1]
	[765126,90]
	[765125,26]
	[763726,1]
	[765119,54]
	[765118,28]
	[765117,31]
	[765116,5]
	[765115,26]
	[765114,33]
	[765113,55]
	[765111,3]
	[52011,1]
	[765109,13]
	[765108,44]
	[765102,24]
	[765101,48]
	[765103,122]
	[765099,2]
	[765104,58]
	[765100,9]
	[33635,1]
	[32104,1]
	[765097,4]
	[765098,11]
	[765093,25]
	[765088,35]
	[765089,7]
	[765087,61]
	[765085,46]
	[765095,1]
	[765094,11]
	[765092,50]
	[765090,3]
	[763609,1]
	[765091,24]
	[765076,81]
	[765075,29]
	[763605,1]
	[765086,49]
	[16789,1]
	[765082,65]
	[765084,25]
	[763602,1]
	[765083,22]
	[763601,1]
	[763576,2]
	[765081,33]
	[763599,1]
	[765080,8]
	[765079,16]
	[765077,50]
	[763558,1]
	[4539,1]
	[763582,1]
	[765078,4]
	[765074,2]
	[765073,16]

len(carl_order):
12
Printing carl assignment order:
1432,3,0.33471881306932855
1412,4,0.3326162606336676
1416,3,0.33091679565948207
1408,4,0.29948336163234507
1408,1988,0.0006730436731887416
1408,36682,3.323118068391099e-06
1408,749782,2.4582452856055556e-06
1416,1508,1.1544581733918308e-06
1412,1007,1.0331699202909406e-06
1416,765564,6.579062418865656e-07
1412,765066,6.293939736709684e-07
1432,765366,1.76563454380647e-08
bin_width: 76584153
assigning lease 3 to address 1432
Average Cache Occupancy Per Bin: [0.06,0.05,0.05,0.05,0.05]
Total cost: 5351424.0
assigning lease 4 to address 1412
Average Cache Occupancy Per Bin: [1.04,1.03,1.03,1.03,1.03]
Total cost: 80110592.0
assigning lease 3 to address 1416
Average Cache Occupancy Per Bin: [1.96,1.96,1.96,1.96,1.96]
Total cost: 150269184.0
assigning lease 4 to address 1408
Average Cache Occupancy Per Bin: [2.97,2.97,2.97,2.97,2.97]
Total cost: 227874048.0
assigning lease 1988 to address 1408
Average Cache Occupancy Per Bin: [33.9,34.3,33.4,33.3,33.7]
Total cost: 2600419840.0
assigning lease 36682 to address 1408
Average Cache Occupancy Per Bin: [34.9,34.9,34.8,34.2,34.9]
Total cost: 2674742016.0
assigning lease 749782 to address 1408
Average Cache Occupancy Per Bin: [36.0,38.5,48.9,47.4,56.0]
Total cost: 2758574592.0
assigning lease 1508 to address 1416
Average Cache Occupancy Per Bin: [65.4,68.5,78.6,76.7,85.2]
Total cost: 5013146624.0
assigning lease 1007 to address 1412
Average Cache Occupancy Per Bin: [66.1,69.2,79.2,77.4,85.8]
Total cost: 5062446080.0
addr: 1416 ri: 765564
bin target: 9802771584
	bin: 0.0 current capacity: 66.10304980457249  avg impact: 14908.234061634135
	bin: 1.0 current capacity: 69.20226015948757  avg impact: 15181.769374768694
	bin: 2.0 current capacity: 79.21388457478925  avg impact: 15015.739302620477
	bin: 3.0 current capacity: 77.4703744258946  avg impact: 14861.68583748651
	bin: 4.0 current capacity: 85.89673009767438  avg impact: 14777.071324403105
num_full_bins: 0
printing bin ranks sorted:
	bin: 4.0 rank: 0.00284922965979027
	selecting this^ bin
	bin: 2.0 rank: 0.0032489985635736776
	bin: 3.0 rank: 0.0033999928491727045
	bin: 1.0 rank: 0.0038729174702278905
	bin: 0.0 rank: 0.0041518633219421565
acceptable_ratio: 0.00284922965979027
Assigning 1416 dual lease lease 765564 * 0.00284922965979027. Bin saturation: [108.,112.,121.,119.,128.]
addr: 1412 ri: 765066
bin target: 9802771584
	bin: 0.0 current capacity: 108.58003246807604  avg impact: 490.1096804191332
	bin: 1.0 current capacity: 112.45860775017411  avg impact: 530.9052700759124
	bin: 2.0 current capacity: 121.99717435949398  avg impact: 447.9297968601938
	bin: 3.0 current capacity: 119.81473050854619  avg impact: 515.4158970720745
	bin: 4.0 current capacity: 128.0  avg impact: 474.6446424758396
num_full_bins: 1
printing bin ranks sorted:
	bin: 4.0 rank: 0.0
	bin: 2.0 rank: 0.013401264400322082
	bin: 3.0 rank: 0.015880902273197068
	bin: 1.0 rank: 0.029273381007507576
	bin: 0.0 rank: 0.03962371752240509
acceptable_ratio: 0
addr: 1432 ri: 765366
bin target: 9802771584
	bin: 0.0 current capacity: 108.58003246807604  avg impact: 186.76322951564143
	bin: 4.0 current capacity: 128.0  avg impact: 0.0
num_full_bins: 1
printing bin ranks sorted:
	bin: 0.0 rank: 0.10398175048851112
acceptable_ratio: 0
Final saturation:
	0.0,8315509819.280103
	1.0,8612547222.10632
	2.0,9343050266.715164
	3.0,9175909652.920269
	4.0,9802771584.0
DUMP LEASES
0, 598, 3, 0, 1 
0, 580, b70d6, 0, 1 
0, 584, 3ef, 0, 1 
0, 588, 5e4, bae7c, 0.9971507703402097 
Dump dual leases

