sample rate: 0.00390625
1448,
	[235,3]
	[309,2]
	[385,1]
	[523,1]
	[351,2]
	[579,3]
	[443,2]
	[289,2]
	[461,1]
	[317,1]
	[277,1]
	[285,1]
	[379,2]
	[565,3]
	[531,3]
	[473,1]
	[499,3]
	[227,1]
	[569,3]
	[383,1]
	[381,3]
	[335,1]
	[295,2]
	[495,4]
	[343,3]
	[311,2]
	[365,2]
	[501,2]
	[241,6]
	[221,2]
	[417,2]
	[341,1]
	[437,1]
	[545,1]
	[505,2]
	[583,2]
	[451,1]
	[353,3]
	[481,3]
	[313,1]
	[327,1]
	[233,2]
	[455,1]
	[377,2]
	[247,3]
	[597,2]
	[479,4]
	[537,1]
	[477,1]
	[253,2]
	[349,1]
	[519,1]
	[203,1]
	[483,3]
	[433,1]
	[407,1]
	[555,1]
	[509,1]
	[587,2]
	[293,1]
	[331,1]
	[491,3]
	[429,1]
	[249,2]
	[549,1]
	[315,1]
	[209,2]
	[239,1]
	[435,2]
	[595,1]
	[219,2]
	[413,1]
	[525,1]
	[529,1]
	[393,1]
	[453,1]
	[275,1]
	[573,2]
	[207,1]
	[567,1]
	[333,1]
	[515,3]
	[445,2]
	[229,1]
	[217,1]
	[463,1]
	[557,1]
	[361,1]
	[487,1]
	[403,1]
	[373,1]
	[325,1]
	[577,3]
	[205,1]
	[303,1]
	[321,2]
	[223,1]
	[431,1]
	[449,1]
	[323,1]
	[279,1]
	[423,1]
	[259,1]
	[271,1]
	[345,1]
	[441,1]
	[553,1]
	[255,1]
	[551,1]

1520,
	[599,201]

1504,
	[601,200]

1604,
	[3,21673]
	[4,110]

1584,
	[601,96]
	[795,111]
	[702,117]
	[752,128]
	[730,135]
	[796,113]
	[635,128]
	[759,109]
	[661,106]
	[699,118]
	[798,110]
	[717,110]
	[767,124]
	[664,127]
	[696,135]
	[685,110]
	[772,130]
	[634,127]
	[690,116]
	[757,102]
	[623,121]
	[677,137]
	[751,117]
	[770,113]
	[724,118]
	[641,137]
	[790,114]
	[654,102]
	[615,106]
	[727,117]
	[656,127]
	[761,124]
	[763,96]
	[791,124]
	[683,119]
	[706,132]
	[630,121]
	[607,130]
	[739,118]
	[642,112]
	[782,110]
	[703,122]
	[687,111]
	[729,125]
	[704,120]
	[740,113]
	[655,107]
	[605,126]
	[709,119]
	[716,111]
	[672,109]
	[779,121]
	[667,102]
	[662,117]
	[625,133]
	[628,119]
	[611,114]
	[639,128]
	[756,108]
	[705,117]
	[668,115]
	[608,112]
	[707,120]
	[626,124]
	[676,142]
	[718,122]
	[681,124]
	[710,111]
	[714,130]
	[762,100]
	[666,130]
	[660,117]
	[679,115]
	[633,114]
	[737,98]
	[788,119]
	[725,124]
	[799,117]
	[636,115]
	[670,110]
	[700,110]
	[794,104]
	[648,123]
	[691,114]
	[784,118]
	[787,122]
	[738,106]
	[612,116]
	[746,111]
	[638,112]
	[613,111]
	[649,128]
	[776,109]
	[720,103]
	[743,127]
	[618,112]
	[688,120]
	[728,110]
	[764,101]
	[774,118]
	[665,127]
	[614,111]
	[719,103]
	[616,132]
	[758,119]
	[754,123]
	[627,127]
	[735,129]
	[619,92]
	[671,118]
	[777,98]
	[749,115]
	[745,119]
	[646,131]
	[742,117]
	[697,121]
	[773,120]
	[708,111]
	[609,123]
	[726,112]
	[721,120]
	[747,110]
	[722,111]
	[673,109]
	[652,115]
	[674,115]
	[734,119]
	[785,124]
	[797,116]
	[653,127]
	[680,101]
	[643,115]
	[682,121]
	[629,127]
	[657,106]
	[723,107]
	[686,114]
	[644,123]
	[694,134]
	[736,129]
	[617,128]
	[732,128]
	[780,101]
	[684,134]
	[604,120]
	[678,118]
	[651,122]
	[755,115]
	[781,111]
	[610,119]
	[631,107]
	[748,136]
	[792,109]
	[632,110]
	[603,113]
	[645,134]
	[753,119]
	[637,95]
	[689,129]
	[606,121]
	[760,130]
	[715,119]
	[744,101]
	[711,112]
	[765,115]
	[647,128]
	[783,124]
	[701,114]
	[712,122]
	[741,103]
	[750,131]
	[622,123]
	[669,109]
	[600,105]
	[766,113]
	[650,107]
	[621,119]
	[663,139]
	[771,107]
	[659,134]
	[624,125]
	[778,111]
	[733,128]
	[675,118]
	[769,118]
	[786,132]
	[692,118]
	[602,109]
	[789,99]
	[768,127]
	[693,110]
	[698,98]
	[713,129]
	[695,142]
	[775,108]
	[620,121]
	[731,125]
	[793,104]
	[658,131]
	[640,130]

1628,
	[1,22445]

1652,
	[4,22228]

1644,
	[773,121]
	[686,117]
	[675,115]
	[723,97]
	[745,120]
	[718,127]
	[749,96]
	[679,95]
	[677,111]
	[797,112]
	[796,113]
	[713,114]
	[752,77]
	[639,90]
	[794,94]
	[720,96]
	[623,99]
	[667,88]
	[779,96]
	[717,113]
	[626,106]
	[613,106]
	[762,95]
	[742,116]
	[732,99]
	[731,97]
	[759,104]
	[719,114]
	[659,103]
	[648,108]
	[646,116]
	[793,108]
	[601,113]
	[735,114]
	[699,127]
	[726,115]
	[711,98]
	[612,110]
	[774,114]
	[786,108]
	[662,103]
	[630,116]
	[689,108]
	[621,102]
	[697,115]
	[781,102]
	[692,107]
	[635,97]
	[624,76]
	[638,102]
	[664,120]
	[666,98]
	[792,102]
	[622,116]
	[739,113]
	[656,102]
	[766,112]
	[604,110]
	[780,100]
	[799,95]
	[788,95]
	[678,98]
	[672,118]
	[730,117]
	[707,103]
	[610,115]
	[746,105]
	[637,107]
	[721,96]
	[737,98]
	[682,98]
	[663,87]
	[702,102]
	[647,97]
	[706,98]
	[670,99]
	[617,107]
	[765,88]
	[771,116]
	[716,106]
	[620,101]
	[693,109]
	[769,122]
	[633,96]
	[608,102]
	[684,108]
	[783,114]
	[790,93]
	[649,111]
	[657,120]
	[724,109]
	[715,111]
	[785,111]
	[778,96]
	[747,110]
	[627,87]
	[688,117]
	[787,116]
	[607,101]
	[705,99]
	[690,111]
	[753,125]
	[653,91]
	[741,105]
	[643,108]
	[683,95]
	[748,93]
	[694,92]
	[618,115]
	[729,109]
	[636,94]
	[632,100]
	[602,98]
	[669,102]
	[645,130]
	[619,113]
	[625,109]
	[761,101]
	[658,85]
	[615,109]
	[775,97]
	[709,99]
	[312324,1]
	[714,105]
	[641,116]
	[782,105]
	[727,95]
	[760,102]
	[312341,1]
	[312278,1]
	[725,94]
	[628,126]
	[687,98]
	[644,106]
	[654,94]
	[712,120]
	[722,105]
	[680,100]
	[603,102]
	[696,102]
	[674,90]
	[606,103]
	[312315,1]
	[312297,1]
	[312220,1]
	[756,106]
	[795,101]
	[738,110]
	[691,120]
	[733,98]
	[701,88]
	[661,126]
	[798,103]
	[673,114]
	[698,92]
	[764,101]
	[744,108]
	[312262,1]
	[768,110]
	[736,108]
	[650,106]
	[791,91]
	[704,98]
	[605,93]
	[655,113]
	[668,93]
	[312360,1]
	[312319,1]
	[700,109]
	[312286,1]
	[710,101]
	[611,103]
	[312361,1]
	[676,130]
	[758,110]
	[743,100]
	[789,109]
	[313827,1]
	[629,103]
	[708,107]
	[772,121]
	[651,97]
	[703,104]
	[310917,1]
	[777,108]
	[310890,1]
	[310869,1]
	[767,98]
	[310928,1]
	[763,96]
	[751,104]
	[600,109]
	[616,103]
	[310998,1]
	[784,102]
	[609,103]
	[734,98]
	[755,107]
	[310897,1]
	[631,91]
	[310882,1]
	[310835,2]
	[681,113]
	[642,96]
	[652,91]
	[310945,1]
	[310805,1]
	[695,80]
	[634,112]
	[660,102]
	[309494,1]
	[671,90]
	[309459,1]
	[309587,1]
	[309465,1]
	[309520,1]
	[309463,1]
	[309521,1]
	[309447,1]
	[614,89]
	[309581,1]
	[309519,1]
	[309567,1]
	[309526,1]
	[309456,1]
	[685,103]
	[314280,2]
	[308050,1]
	[640,101]
	[757,104]
	[728,81]
	[754,108]
	[740,97]
	[776,92]
	[308049,1]
	[770,93]
	[308113,1]
	[308012,1]
	[665,104]
	[308145,1]
	[308044,1]
	[308027,1]
	[750,84]
	[314316,1]
	[306689,1]
	[306750,1]
	[306734,1]
	[306787,1]
	[306739,1]
	[306655,1]
	[306757,1]
	[306794,1]
	[306709,1]
	[306746,1]
	[306628,1]
	[313863,1]
	[305361,1]
	[305346,1]
	[305245,1]
	[305341,1]
	[305215,1]
	[305371,1]
	[305339,1]
	[305362,1]
	[305385,1]
	[305258,1]
	[305322,1]
	[305289,1]
	[305365,1]
	[305357,1]
	[305335,1]
	[314334,1]
	[303839,1]
	[303946,1]
	[303964,1]
	[303807,1]
	[314274,1]
	[313890,1]
	[302547,1]
	[302500,1]
	[302477,1]
	[302473,1]
	[302403,1]
	[302521,1]
	[302485,1]
	[302559,1]
	[302446,1]
	[302505,1]
	[314292,1]
	[301085,1]
	[301083,1]
	[301128,1]
	[301082,1]
	[301153,1]
	[301029,1]
	[301065,1]
	[301104,1]
	[301112,1]
	[301058,1]
	[299735,1]
	[299668,1]
	[299630,1]
	[299759,1]
	[299651,1]
	[299742,1]
	[299715,1]
	[299694,1]
	[299770,1]
	[299744,1]
	[299627,1]
	[314142,1]
	[298284,1]
	[298327,1]
	[298391,1]
	[298358,1]
	[298237,1]
	[298250,1]
	[298398,1]
	[298353,1]
	[296878,1]
	[296832,1]
	[296913,1]
	[296908,1]
	[296907,2]
	[296918,1]
	[296904,1]
	[296993,1]
	[296808,1]
	[296903,1]
	[296975,1]
	[296910,1]
	[296899,1]
	[296901,1]
	[313977,1]
	[313926,1]
	[295498,1]
	[295501,2]
	[295491,1]
	[295438,1]
	[295429,1]
	[295457,1]
	[295401,1]
	[295572,1]
	[295449,1]
	[295434,1]
	[295520,1]
	[294171,1]
	[294019,1]
	[294021,1]
	[294186,1]
	[294136,1]
	[294077,1]
	[294067,1]
	[294002,1]
	[294156,1]
	[294110,1]
	[314169,1]
	[313893,1]
	[292666,1]
	[292664,1]
	[292774,1]
	[292724,1]
	[292619,1]
	[292731,1]
	[292603,1]
	[292748,1]
	[292685,1]
	[292722,1]
	[292704,1]
	[292627,1]
	[291299,1]
	[291261,1]
	[291340,1]
	[291251,1]
	[291283,1]
	[291242,1]
	[291235,1]
	[291295,1]
	[291211,1]
	[291321,1]
	[291290,1]
	[291287,1]
	[291210,1]
	[291366,1]
	[291338,1]
	[289927,1]
	[289961,1]
	[289872,1]
	[289857,1]
	[289968,1]
	[289852,1]
	[289997,1]
	[289917,1]
	[289882,1]
	[289850,1]
	[289873,1]
	[291583,1]
	[288554,1]
	[288574,1]
	[288449,1]
	[288527,1]
	[288562,1]
	[288444,1]
	[288560,1]
	[288427,1]
	[288515,1]
	[288484,1]
	[288482,1]
	[291652,1]
	[287166,1]
	[287127,1]
	[287155,1]
	[287017,1]
	[287001,1]
	[287098,1]
	[287099,1]
	[287060,1]
	[287172,1]
	[287116,1]
	[291829,1]
	[285733,1]
	[285680,1]
	[285671,1]
	[285699,1]
	[285643,1]
	[285691,1]
	[285676,1]
	[285762,1]
	[285743,1]
	[285738,1]
	[285706,1]
	[285630,1]
	[284372,1]
	[284210,1]
	[284311,1]
	[284285,1]
	[284393,1]
	[284366,1]
	[284345,1]
	[282870,2]
	[282969,1]
	[282872,1]
	[282968,1]
	[282924,1]
	[282915,1]
	[291604,1]
	[281544,1]
	[281423,1]
	[281414,1]
	[281551,1]
	[281415,1]
	[281404,1]
	[281594,1]
	[281410,1]
	[281422,1]
	[281407,1]
	[281571,1]
	[281446,1]
	[281438,1]
	[281474,1]
	[280174,1]
	[280060,1]
	[280088,1]
	[280128,1]
	[280007,1]
	[280161,1]
	[280030,1]
	[280008,1]
	[280057,1]
	[291907,1]
	[291745,1]
	[291460,1]
	[278783,1]
	[278680,1]
	[278618,1]
	[278709,1]
	[278666,1]
	[278625,1]
	[278723,1]
	[278608,1]
	[277284,1]
	[277375,1]
	[277232,1]
	[277311,1]
	[277395,1]
	[277300,1]
	[277253,1]
	[277230,1]
	[277226,1]
	[291682,1]
	[291499,1]
	[275907,1]
	[275939,1]
	[275941,1]
	[275849,1]
	[275993,1]
	[275806,1]
	[275821,1]
	[275843,1]
	[291901,1]
	[291868,1]
	[274564,1]
	[274558,1]
	[274424,1]
	[274407,1]
	[274555,1]
	[273106,1]
	[273091,1]
	[273177,1]
	[273014,1]
	[273158,1]
	[273153,2]
	[273121,1]
	[273045,1]
	[273095,1]
	[273161,1]
	[273081,1]
	[271793,1]
	[271734,2]
	[271724,1]
	[271659,1]
	[271767,1]
	[271684,1]
	[271745,1]
	[271729,1]
	[271782,1]
	[271650,1]
	[271752,1]
	[271789,1]
	[271704,1]
	[271741,1]
	[291943,1]
	[291628,1]
	[291535,1]
	[291529,1]
	[270388,1]
	[270260,1]
	[270342,1]
	[270379,1]
	[270361,1]
	[270284,1]
	[270326,1]
	[270383,1]
	[270350,1]
	[268952,1]
	[268868,1]
	[268978,1]
	[268947,1]
	[268840,1]
	[268944,1]
	[268867,1]
	[268854,1]
	[268995,1]
	[268892,1]
	[268838,1]
	[268890,1]
	[268891,1]
	[269114,1]
	[267529,1]
	[267514,1]
	[267413,1]
	[267509,1]
	[267574,1]
	[267539,1]
	[267507,1]
	[267530,1]
	[267553,1]
	[267426,1]
	[267590,1]
	[267490,1]
	[267457,1]
	[267533,1]
	[269552,1]
	[266049,1]
	[266025,1]
	[266101,1]
	[266007,1]
	[266084,1]
	[266172,1]
	[266141,1]
	[266139,1]
	[266036,1]
	[266010,1]
	[266013,1]
	[266156,1]
	[269222,1]
	[269174,1]
	[264755,1]
	[264756,1]
	[264717,1]
	[264653,1]
	[264646,1]
	[264773,1]
	[264768,1]
	[269468,1]
	[269300,1]
	[269012,1]
	[263348,1]
	[263333,1]
	[263256,1]
	[263215,1]
	[263395,1]
	[263363,1]
	[263287,1]
	[263337,1]
	[261867,1]
	[261805,1]
	[261968,1]
	[261942,1]
	[261854,1]
	[261802,1]
	[260527,2]
	[260529,1]
	[260437,1]
	[260581,1]
	[260409,1]
	[260431,1]
	[269363,1]
	[259125,1]
	[259080,1]
	[259071,1]
	[259072,1]
	[259033,1]
	[259061,1]
	[259067,1]
	[259079,1]
	[259064,1]
	[259005,1]
	[259014,1]
	[259103,1]
	[259095,1]
	[269480,1]
	[257717,1]
	[257643,1]
	[257745,1]
	[257785,1]
	[257634,1]
	[257626,1]
	[257664,1]
	[257687,1]
	[257665,1]
	[269537,1]
	[256276,1]
	[256219,1]
	[256372,1]
	[256277,1]
	[256203,1]
	[256337,1]
	[256275,1]
	[256366,1]
	[256323,1]
	[256282,1]
	[256380,1]
	[256212,1]
	[254851,1]
	[254941,1]
	[254815,1]
	[254889,1]
	[254968,1]
	[254840,1]
	[253422,1]
	[253508,1]
	[253477,1]
	[253433,1]
	[253467,1]
	[253551,1]
	[253490,1]
	[253417,1]
	[253564,1]
	[253596,1]
	[252122,1]
	[252047,1]
	[252001,1]
	[269048,1]
	[250752,1]
	[250743,1]
	[250771,1]
	[250715,1]
	[250619,1]
	[250763,1]
	[250602,1]
	[250748,1]
	[250671,1]
	[250630,1]
	[269033,1]
	[249333,1]
	[249335,1]
	[249280,1]
	[249218,1]
	[249391,1]
	[249381,1]
	[249316,1]
	[249225,2]
	[269516,1]
	[247992,1]
	[247867,1]
	[247945,1]
	[247980,1]
	[247810,1]
	[247862,1]
	[247978,1]
	[247845,1]
	[247933,1]
	[247902,1]
	[247900,1]
	[247917,1]
	[246544,1]
	[246437,1]
	[246427,1]
	[246575,1]
	[246488,1]
	[246565,1]
	[246597,1]
	[246556,1]
	[246549,1]
	[246428,1]
	[245085,1]
	[245054,1]
	[245051,1]
	[245130,1]
	[245102,1]
	[245095,1]
	[243776,1]
	[243683,1]
	[243772,1]
	[243622,1]
	[243607,1]
	[243762,1]
	[243679,1]
	[243775,1]
	[243632,1]
	[243608,1]
	[243763,1]
	[242235,1]
	[242205,1]
	[242390,1]
	[242276,1]
	[242242,1]
	[242280,1]
	[242346,1]
	[242398,1]
	[242254,1]
	[240847,1]
	[240983,1]
	[240810,1]
	[240998,1]
	[240904,1]
	[240858,1]
	[240811,1]
	[239516,1]
	[239401,1]
	[239482,1]
	[239508,1]
	[239599,1]
	[247176,1]
	[238186,1]
	[238063,1]
	[238090,1]
	[238010,1]
	[238096,1]
	[238065,1]
	[238021,1]
	[236759,1]
	[236621,1]
	[236685,1]
	[236628,1]
	[236719,1]
	[236655,1]
	[236658,1]
	[236762,1]
	[236745,1]
	[236712,1]
	[235331,1]
	[235376,1]
	[235330,1]
	[235277,1]
	[235313,1]
	[235210,1]
	[235352,1]
	[235360,1]
	[235306,1]
	[235211,1]
	[247158,1]
	[233971,1]
	[233912,1]
	[233921,1]
	[233848,1]
	[233863,1]
	[233965,1]
	[233903,1]
	[233812,1]
	[233845,1]
	[233834,1]
	[233832,1]
	[246699,1]
	[232540,1]
	[232558,1]
	[232401,1]
	[232405,1]
	[232481,1]
	[232488,1]
	[232531,1]
	[246741,1]
	[231190,1]
	[231162,1]
	[231189,1]
	[231176,1]
	[231102,1]
	[231023,1]
	[231160,1]
	[231104,1]
	[231072,1]
	[229746,1]
	[229733,1]
	[229719,1]
	[229686,1]
	[229741,1]
	[229723,1]
	[229708,1]
	[229655,1]
	[246876,1]
	[246825,1]
	[246816,1]
	[228391,1]
	[228361,1]
	[228286,1]
	[228371,1]
	[228291,1]
	[228387,1]
	[228294,1]
	[228332,1]
	[228309,1]
	[228320,1]
	[228363,1]
	[228250,1]
	[226970,1]
	[226896,1]
	[226998,1]
	[226843,1]
	[226887,1]
	[226879,1]
	[226917,1]
	[226940,1]
	[226918,1]
	[226839,1]
	[226967,1]
	[226801,1]
	[247101,1]
	[225541,1]
	[225453,1]
	[225401,1]
	[225510,1]
	[225461,1]
	[225428,1]
	[224311,1]
	[224117,1]
	[224085,1]
	[224053,1]
	[224183,1]
	[224143,1]
	[224055,1]
	[224168,1]
	[224758,1]
	[224329,1]
	[224257,1]
	[222774,1]
	[222605,1]
	[222717,1]
	[222656,1]
	[222693,1]
	[222769,1]
	[222675,1]
	[222639,1]
	[222752,1]
	[222648,1]
	[224638,1]
	[221223,1]
	[221345,1]
	[221274,1]
	[224401,1]
	[219990,1]
	[219983,1]
	[219939,1]
	[219857,1]
	[219960,1]
	[219890,1]
	[219968,1]
	[219952,1]
	[219884,1]
	[219870,1]
	[218472,2]
	[218571,1]
	[218474,1]
	[218570,1]
	[218526,1]
	[224794,1]
	[224224,1]
	[217158,1]
	[217120,1]
	[217064,1]
	[217160,1]
	[217059,1]
	[224437,1]
	[215634,1]
	[215785,1]
	[215699,1]
	[215794,1]
	[215665,1]
	[215714,1]
	[215663,1]
	[215600,1]
	[215797,1]
	[215690,1]
	[214204,1]
	[214340,1]
	[214372,1]
	[214355,1]
	[214261,1]
	[214215,1]
	[224629,1]
	[224215,1]
	[212869,1]
	[212812,1]
	[212903,1]
	[212839,1]
	[212842,1]
	[212946,1]
	[212929,1]
	[212994,1]
	[212896,1]
	[211551,1]
	[211453,1]
	[211452,1]
	[211427,1]
	[211473,1]
	[211587,1]
	[211483,1]
	[211447,1]
	[211586,1]
	[211501,1]
	[211562,1]
	[224302,1]
	[210178,1]
	[210141,1]
	[210037,1]
	[210162,1]
	[210027,1]
	[210138,1]
	[210108,1]
	[210056,1]
	[224506,1]
	[208782,1]
	[208601,1]
	[208750,1]
	[208718,1]
	[208720,1]
	[208608,1]
	[208637,1]
	[208649,1]
	[224365,1]
	[207349,1]
	[207240,1]
	[207278,1]
	[207207,1]
	[207382,1]
	[207269,1]
	[207250,1]
	[207376,1]
	[207274,1]
	[207362,1]
	[205848,1]
	[205846,1]
	[205847,1]
	[205944,1]
	[205895,1]
	[205919,1]
	[205889,1]
	[224320,1]
	[204558,1]
	[204562,1]
	[204426,1]
	[204517,1]
	[204508,1]
	[204509,1]
	[204470,1]
	[204498,1]
	[204504,1]
	[204516,1]
	[204501,1]
	[204442,1]
	[204451,1]
	[204540,1]
	[203128,1]
	[203059,1]
	[203129,1]
	[203048,1]
	[202274,1]
	[201765,1]
	[201754,1]
	[201762,1]
	[201756,1]
	[201622,1]
	[200203,1]
	[200365,1]
	[200250,1]
	[200331,1]
	[200357,1]
	[200234,1]
	[202010,1]
	[198952,1]
	[198913,1]
	[198941,1]
	[198803,1]
	[198884,1]
	[198885,1]
	[198846,1]
	[198996,1]
	[198958,1]
	[201923,1]
	[197557,1]
	[197484,1]
	[197592,1]
	[197554,1]
	[197575,1]
	[197461,1]
	[202358,1]
	[202046,1]
	[196138,1]
	[196112,1]
	[196002,1]
	[196115,1]
	[196085,1]
	[196150,1]
	[202277,1]
	[194745,1]
	[194694,1]
	[194789,1]
	[194661,1]
	[194624,1]
	[194617,1]
	[194761,1]
	[194770,1]
	[193349,1]
	[193396,1]
	[193288,1]
	[193252,1]
	[193202,1]
	[193333,1]
	[193380,1]
	[193332,1]
	[193209,1]
	[193226,1]
	[201911,1]
	[191977,1]
	[191962,1]
	[191861,1]
	[191957,1]
	[191831,1]
	[191987,1]
	[191955,1]
	[191978,1]
	[191874,1]
	[191938,1]
	[191905,1]
	[201854,1]
	[201803,1]
	[190517,1]
	[190487,1]
	[190412,1]
	[190497,1]
	[190417,1]
	[190563,1]
	[190513,1]
	[190420,1]
	[190581,1]
	[190458,1]
	[190534,1]
	[190435,1]
	[190446,1]
	[190489,1]
	[189178,1]
	[189081,1]
	[189177,1]
	[189133,1]
	[189079,1]
	[187601,1]
	[187737,1]
	[187742,1]
	[187624,1]
	[187661,1]
	[187703,1]
	[187677,1]
	[187604,1]
	[187727,1]
	[187684,1]
	[202169,1]
	[186236,1]
	[186398,1]
	[186352,1]
	[186306,1]
	[186205,1]
	[201878,1]
	[184985,1]
	[184846,1]
	[184850,1]
	[184926,1]
	[184805,1]
	[184933,1]
	[183439,1]
	[183552,1]
	[183500,1]
	[183406,1]
	[183437,1]
	[183441,1]
	[183560,1]
	[202055,1]
	[182158,1]
	[182016,1]
	[182157,1]
	[202103,1]
	[180687,1]
	[180778,1]
	[180769,1]
	[180636,1]
	[180770,1]
	[180731,1]
	[180759,1]
	[180603,1]
	[180765,1]
	[180777,1]
	[180762,1]
	[180703,1]
	[180712,1]
	[179598,1]
	[179344,1]
	[179328,1]
	[179260,1]
	[179246,1]
	[179347,1]
	[179354,1]
	[179814,1]
	[177848,1]
	[177948,1]
	[177913,1]
	[177919,1]
	[177974,1]
	[179793,1]
	[176592,1]
	[176558,1]
	[176520,1]
	[176565,1]
	[176439,1]
	[179592,1]
	[175145,1]
	[175113,1]
	[179742,1]
	[179547,1]
	[179514,1]
	[173646,1]
	[173640,1]
	[173740,1]
	[173725,1]
	[173779,1]
	[172332,1]
	[172335,1]
	[172373,1]
	[172350,1]
	[172361,1]
	[172291,1]
	[170999,1]
	[170950,1]
	[170994,1]
	[170910,1]
	[170925,1]
	[169507,1]
	[169445,1]
	[169582,1]
	[169494,1]
	[169442,1]
	[179505,1]
	[168011,1]
	[168087,1]
	[168070,1]
	[168158,1]
	[168127,1]
	[168125,1]
	[168022,1]
	[168142,1]
	[179784,1]
	[166608,1]
	[166735,1]
	[166674,1]
	[166634,1]
	[166659,1]
	[166731,1]
	[165231,1]
	[165205,1]
	[165313,1]
	[165286,1]
	[165265,1]
	[179667,1]
	[163963,1]
	[163850,1]
	[163909,1]
	[163921,1]
	[162436,1]
	[162540,1]
	[162480,1]
	[162542,1]
	[179727,1]
	[161167,1]
	[161093,1]
	[161165,1]
	[161172,1]
	[161102,1]
	[179649,1]
	[159799,1]
	[159666,1]
	[159754,1]
	[159723,1]
	[159721,1]
	[159618,1]
	[159738,1]
	[159762,1]
	[158358,1]
	[158213,1]
	[158363,1]
	[158258,2]
	[158275,1]
	[158255,1]
	[156833,1]
	[156901,1]
	[157588,1]
	[155483,1]
	[155527,1]
	[155507,1]
	[155500,1]
	[155442,1]
	[155400,1]
	[157333,1]
	[154015,1]
	[154154,1]
	[154185,1]
	[154021,1]
	[157213,1]
	[157027,1]
	[152654,1]
	[152741,1]
	[157549,1]
	[151306,1]
	[151277,1]
	[151272,1]
	[151362,1]
	[151212,1]
	[157198,1]
	[157078,1]
	[149851,1]
	[149923,1]
	[149876,1]
	[149852,1]
	[148429,1]
	[148497,1]
	[147038,1]
	[147140,1]
	[147078,1]
	[147020,1]
	[147009,1]
	[147007,1]
	[147072,1]
	[157216,1]
	[145716,1]
	[145708,1]
	[145746,1]
	[145769,1]
	[145747,1]
	[145668,1]
	[145796,1]
	[145630,1]
	[157477,1]
	[144285,1]
	[144357,1]
	[144364,1]
	[144294,1]
	[157000,1]
	[142836,1]
	[142933,1]
	[142854,1]
	[141557,1]
	[141584,1]
	[141401,1]
	[141433,1]
	[157057,1]
	[140101,1]
	[140199,1]
	[140074,1]
	[140053,1]
	[157471,1]
	[138734,1]
	[138745,1]
	[138788,1]
	[138675,1]
	[138719,1]
	[138699,1]
	[138692,1]
	[157060,1]
	[137395,1]
	[137321,1]
	[137209,1]
	[137268,1]
	[137312,1]
	[137304,1]
	[137342,1]
	[137365,1]
	[137343,1]
	[137264,1]
	[157273,1]
	[135829,1]
	[135992,1]
	[135966,1]
	[135878,1]
	[135826,1]
	[134903,1]
	[134563,1]
	[134567,1]
	[134434,1]
	[134462,1]
	[133112,1]
	[133119,1]
	[133058,1]
	[133018,1]
	[133043,1]
	[134678,1]
	[131620,1]
	[131720,1]
	[131705,1]
	[131759,1]
	[134864,1]
	[134795,1]
	[134783,2]
	[130309,1]
	[130273,1]
	[130392,1]
	[130347,1]
	[130234,1]
	[134774,1]
	[128804,1]
	[128856,1]
	[128857,1]
	[128954,1]
	[128905,1]
	[127524,1]
	[127489,1]
	[127495,1]
	[127550,1]
	[126161,1]
	[126103,1]
	[126014,1]
	[126128,1]
	[126021,1]
	[126097,1]
	[134939,1]
	[134804,1]
	[124775,1]
	[124735,1]
	[124749,1]
	[124798,1]
	[124770,1]
	[124696,1]
	[123329,1]
	[121997,1]
	[121892,2]
	[121833,1]
	[121909,1]
	[121889,1]
	[121978,1]
	[121903,1]
	[134813,1]
	[134735,1]
	[120495,1]
	[120452,1]
	[120559,1]
	[120513,1]
	[135098,1]
	[119120,1]
	[119074,1]
	[119196,1]
	[119195,1]
	[119192,1]
	[117753,1]
	[117771,1]
	[117614,1]
	[117618,1]
	[134999,1]
	[116271,1]
	[116207,1]
	[114927,1]
	[114877,1]
	[114945,1]
	[114822,1]
	[114996,1]
	[114976,1]
	[114898,1]
	[114810,1]
	[114853,1]
	[134801,1]
	[113571,1]
	[113554,1]
	[113521,1]
	[113567,1]
	[113446,1]
	[112488,1]
	[112165,1]
	[112011,1]
	[112764,2]
	[112647,1]
	[110777,1]
	[110621,1]
	[110783,1]
	[110795,1]
	[110780,1]
	[110721,1]
	[110730,1]
	[112686,1]
	[112398,1]
	[109249,1]
	[109222,1]
	[109395,1]
	[109201,1]
	[109318,1]
	[107884,1]
	[107821,1]
	[107911,1]
	[112668,1]
	[112320,1]
	[106441,1]
	[106592,1]
	[106402,1]
	[106552,1]
	[106514,1]
	[112452,1]
	[105148,1]
	[105115,1]
	[105191,1]
	[105183,1]
	[112272,1]
	[103707,1]
	[103768,1]
	[103662,1]
	[103608,1]
	[102211,1]
	[102281,1]
	[102200,1]
	[112785,1]
	[100964,1]
	[100802,1]
	[99545,2]
	[99458,1]
	[99443,1]
	[99497,1]
	[112278,1]
	[98130,1]
	[98017,1]
	[98192,1]
	[98124,1]
	[98022,1]
	[98110,1]
	[112446,1]
	[112257,1]
	[95363,1]
	[95256,1]
	[95238,1]
	[95203,1]
	[93931,1]
	[93827,1]
	[93953,1]
	[93930,1]
	[93845,1]
	[93906,1]
	[112254,1]
	[92534,1]
	[92595,1]
	[92579,1]
	[91055,1]
	[91171,1]
	[91038,1]
	[91126,1]
	[91095,1]
	[91093,1]
	[89809,1]
	[89737,1]
	[89630,1]
	[89956,1]
	[88256,1]
	[88218,1]
	[88297,1]
	[88208,1]
	[89908,1]
	[86999,1]
	[86973,1]
	[85496,1]
	[85426,1]
	[85599,1]
	[85504,1]
	[85488,1]
	[85420,1]
	[85406,1]
	[84008,1]
	[84160,1]
	[84181,1]
	[84107,1]
	[84010,1]
	[82650,1]
	[82611,1]
	[82751,1]
	[82639,1]
	[82698,1]
	[90145,1]
	[90025,1]
	[81300,1]
	[81372,1]
	[79869,1]
	[79839,1]
	[90343,1]
	[90031,1]
	[78467,1]
	[78414,1]
	[78405,1]
	[78433,1]
	[78578,1]
	[78548,1]
	[90208,1]
	[89911,1]
	[77048,1]
	[77091,1]
	[77164,1]
	[90097,1]
	[75636,1]
	[75726,1]
	[90106,1]
	[74374,1]
	[74309,1]
	[74298,1]
	[74306,1]
	[90322,1]
	[72967,1]
	[72805,1]
	[72812,1]
	[72928,1]
	[72855,1]
	[71519,1]
	[71431,1]
	[71579,1]
	[89968,1]
	[70107,1]
	[70087,1]
	[70009,1]
	[70147,1]
	[68682,1]
	[68665,1]
	[68730,1]
	[68632,1]
	[67357,2]
	[67207,1]
	[67343,1]
	[67276,1]
	[67490,1]
	[65948,1]
	[65952,1]
	[65816,1]
	[65907,1]
	[65898,1]
	[67460,1]
	[64570,1]
	[63083,1]
	[63195,1]
	[63134,1]
	[63011,1]
	[67508,1]
	[61734,1]
	[60207,1]
	[58960,1]
	[58862,1]
	[58861,1]
	[58836,1]
	[57562,1]
	[57411,1]
	[57403,1]
	[57441,1]
	[57595,1]
	[57464,1]
	[57442,1]
	[67874,1]
	[67697,1]
	[67667,1]
	[67472,1]
	[56178,1]
	[56132,1]
	[67778,2]
	[54764,1]
	[54693,1]
	[54681,1]
	[54615,1]
	[54666,1]
	[67997,1]
	[67505,1]
	[53318,1]
	[51900,1]
	[67793,1]
	[67775,1]
	[50536,1]
	[50522,1]
	[49082,1]
	[47685,1]
	[47718,1]
	[46214,1]
	[44988,1]
	[45438,1]
	[43519,1]
	[43498,1]
	[45375,1]
	[40684,1]
	[45528,1]
	[45144,1]
	[39393,1]
	[39330,1]
	[37809,1]
	[45552,1]
	[36522,1]
	[35112,1]
	[35071,1]
	[35038,1]
	[45453,1]
	[33752,1]
	[32301,1]
	[32370,1]
	[30839,1]
	[30886,1]
	[29591,1]
	[45240,1]
	[28026,1]
	[28078,1]
	[45531,1]
	[45048,1]
	[25297,1]
	[45423,1]
	[23931,1]
	[22586,1]
	[22496,1]
	[22783,1]
	[23185,1]
	[23170,2]
	[22957,1]
	[22645,1]
	[16940,1]
	[16805,1]
	[22837,1]
	[15463,1]
	[22702,1]
	[14006,1]
	[11366,1]
	[22606,1]
	[8499,1]
	[7134,1]
	[23134,1]
	[22906,1]
	[22612,1]
	[22660,2]
	[4397,1]
	[4386,1]
	[23032,1]
	[22663,1]
	[401,1]
	[494,1]
	[227,1]
	[584,1]
	[425,1]
	[398,1]
	[455,1]
	[326,2]

1624,
	[683,111]
	[624,122]
	[690,132]
	[649,106]
	[642,123]
	[613,119]
	[611,100]
	[736,97]
	[754,103]
	[695,107]
	[798,97]
	[698,113]
	[651,125]
	[716,119]
	[787,123]
	[728,116]
	[718,102]
	[753,112]
	[617,116]
	[605,106]
	[763,109]
	[726,113]
	[779,113]
	[761,120]
	[707,99]
	[612,113]
	[739,97]
	[788,109]
	[670,102]
	[759,125]
	[719,111]
	[675,124]
	[772,110]
	[714,113]
	[625,104]
	[702,127]
	[646,99]
	[616,110]
	[793,99]
	[659,122]
	[633,122]
	[639,107]
	[627,109]
	[623,121]
	[618,114]
	[775,106]
	[672,102]
	[629,112]
	[789,122]
	[723,107]
	[622,116]
	[697,88]
	[626,102]
	[655,118]
	[745,114]
	[610,113]
	[607,108]
	[796,110]
	[713,126]
	[652,104]
	[794,112]
	[741,114]
	[732,119]
	[696,116]
	[774,127]
	[731,122]
	[632,114]
	[692,112]
	[701,120]
	[658,95]
	[668,104]
	[640,111]
	[760,116]
	[704,132]
	[608,113]
	[708,96]
	[694,113]
	[604,100]
	[710,101]
	[792,113]
	[799,109]
	[688,97]
	[620,106]
	[749,103]
	[770,112]
	[773,107]
	[752,115]
	[705,119]
	[657,123]
	[602,104]
	[747,104]
	[606,120]
	[742,100]
	[663,129]
	[715,110]
	[678,118]
	[603,110]
	[687,108]
	[746,99]
	[712,105]
	[661,92]
	[778,97]
	[758,120]
	[737,83]
	[641,101]
	[782,120]
	[750,103]
	[664,110]
	[660,122]
	[691,117]
	[635,105]
	[619,103]
	[680,94]
	[711,115]
	[669,106]
	[682,104]
	[776,114]
	[609,120]
	[634,96]
	[733,110]
	[858,2]
	[780,101]
	[722,119]
	[784,108]
	[686,131]
	[800,110]
	[665,93]
	[662,112]
	[790,101]
	[676,106]
	[684,123]
	[768,110]
	[679,116]
	[654,95]
	[653,96]
	[643,91]
	[767,122]
	[786,121]
	[717,114]
	[724,105]
	[650,103]
	[689,102]
	[693,94]
	[791,103]
	[673,115]
	[783,122]
	[703,122]
	[756,114]
	[671,122]
	[781,94]
	[777,106]
	[636,113]
	[644,119]
	[706,118]
	[765,106]
	[734,110]
	[614,107]
	[677,107]
	[740,126]
	[630,105]
	[735,104]
	[681,92]
	[748,103]
	[769,109]
	[762,104]
	[645,114]
	[795,109]
	[656,111]
	[730,103]
	[637,118]
	[755,127]
	[918,3]
	[674,100]
	[631,115]
	[699,115]
	[709,89]
	[667,100]
	[743,115]
	[725,107]
	[720,108]
	[648,136]
	[785,111]
	[685,92]
	[751,97]
	[615,120]
	[628,102]
	[621,100]
	[766,91]
	[647,112]
	[757,101]
	[981,3]
	[729,124]
	[738,115]
	[771,118]
	[721,101]
	[797,125]
	[764,94]
	[700,123]
	[601,96]
	[638,94]
	[727,104]
	[744,116]
	[802,2]
	[666,107]
	[964,3]
	[864,1]
	[972,1]
	[878,3]
	[833,2]
	[944,1]
	[819,2]
	[873,1]
	[966,1]
	[812,2]
	[804,2]
	[997,2]
	[956,2]
	[999,1]
	[832,2]
	[979,2]
	[906,1]
	[928,2]
	[827,2]
	[810,2]
	[1001,3]
	[838,2]
	[933,3]
	[874,1]
	[897,2]
	[850,1]
	[821,1]
	[816,2]
	[907,1]
	[863,2]
	[815,2]
	[889,2]
	[898,3]
	[814,1]
	[932,1]
	[909,1]
	[926,1]
	[870,1]
	[843,2]
	[983,1]
	[921,1]
	[998,1]
	[881,1]
	[820,1]
	[929,1]
	[869,4]
	[961,1]
	[943,4]
	[895,3]
	[967,1]
	[912,2]
	[817,3]
	[822,2]
	[991,2]
	[978,1]
	[868,1]
	[950,2]
	[923,1]
	[904,2]
	[922,2]
	[853,2]
	[807,2]
	[865,1]
	[884,2]
	[965,2]
	[971,2]
	[951,1]
	[990,2]
	[903,1]
	[996,1]
	[840,1]
	[844,1]
	[941,2]
	[955,1]
	[882,1]
	[942,2]
	[885,2]
	[856,2]
	[877,1]
	[919,1]
	[989,1]
	[957,1]
	[945,1]
	[902,2]
	[1000,1]
	[931,1]
	[866,1]
	[900,1]
	[995,1]
	[914,1]
	[911,1]
	[982,1]
	[958,1]
	[834,2]
	[825,1]
	[930,1]
	[859,2]
	[905,1]
	[980,1]
	[896,1]
	[890,1]
	[986,1]
	[837,1]
	[953,1]
	[803,2]
	[973,1]
	[848,1]
	[854,1]
	[860,1]
	[924,1]

1588,
	[602,113]
	[639,105]
	[648,122]
	[704,101]
	[765,105]
	[745,115]
	[722,119]
	[600,111]
	[656,100]
	[735,113]
	[784,110]
	[795,109]
	[680,106]
	[676,104]
	[790,108]
	[675,108]
	[788,112]
	[668,115]
	[774,115]
	[641,114]
	[661,110]
	[762,109]
	[621,96]
	[658,108]
	[766,106]
	[792,111]
	[714,115]
	[664,95]
	[662,116]
	[705,113]
	[693,120]
	[697,136]
	[708,122]
	[727,121]
	[606,109]
	[688,117]
	[750,113]
	[757,118]
	[633,129]
	[738,95]
	[609,109]
	[691,100]
	[733,109]
	[754,95]
	[789,107]
	[687,116]
	[781,117]
	[653,116]
	[712,117]
	[760,101]
	[710,98]
	[617,114]
	[758,94]
	[631,114]
	[752,106]
	[706,103]
	[724,109]
	[663,108]
	[716,107]
	[729,112]
	[646,99]
	[748,104]
	[637,105]
	[791,97]
	[649,100]
	[636,115]
	[689,112]
	[782,108]
	[614,132]
	[647,112]
	[744,106]
	[761,100]
	[783,100]
	[613,117]
	[674,98]
	[794,97]
	[654,133]
	[770,114]
	[776,91]
	[767,115]
	[644,106]
	[741,105]
	[699,111]
	[726,112]
	[683,115]
	[671,107]
	[772,91]
	[701,109]
	[623,107]
	[709,111]
	[736,98]
	[659,104]
	[666,105]
	[642,100]
	[743,112]
	[746,117]
	[775,114]
	[718,103]
	[698,101]
	[799,116]
	[690,117]
	[669,109]
	[619,102]
	[667,95]
	[751,99]
	[615,116]
	[742,109]
	[625,116]
	[638,108]
	[711,119]
	[657,115]
	[723,111]
	[700,95]
	[793,103]
	[739,106]
	[670,108]
	[769,92]
	[692,103]
	[703,88]
	[679,122]
	[685,99]
	[650,109]
	[608,113]
	[635,107]
	[681,110]
	[610,94]
	[780,110]
	[618,113]
	[645,108]
	[725,110]
	[652,103]
	[655,104]
	[730,123]
	[778,100]
	[728,100]
	[620,113]
	[601,112]
	[734,115]
	[747,111]
	[707,107]
	[740,113]
	[632,108]
	[665,106]
	[732,102]
	[779,105]
	[672,119]
	[785,108]
	[607,117]
	[603,90]
	[759,99]
	[717,112]
	[715,127]
	[719,102]
	[624,101]
	[677,110]
	[684,107]
	[660,108]
	[764,112]
	[651,107]
	[643,108]
	[616,121]
	[787,112]
	[721,113]
	[694,112]
	[626,113]
	[628,91]
	[798,118]
	[673,106]
	[702,104]
	[678,110]
	[756,97]
	[627,106]
	[773,96]
	[720,102]
	[696,108]
	[777,109]
	[797,105]
	[737,100]
	[695,125]
	[634,120]
	[686,115]
	[763,121]
	[604,100]
	[611,105]
	[612,118]
	[630,110]
	[796,103]
	[731,106]
	[768,97]
	[629,105]
	[753,107]
	[622,89]
	[605,110]
	[755,96]
	[749,107]
	[786,103]
	[682,88]
	[771,102]
	[640,89]
	[713,114]

1500,
	[3,185]

1580,
	[3,112]

len(carl_order):
13
Printing carl assignment order:
1628,1,1.0
1500,3,0.3333333333333333
1580,3,0.3333333333333333
1604,4,0.3327731862692678
1652,4,0.25
1448,597,0.0024816007033565423
1520,599,0.001669449081803005
1504,601,0.0016638935108153079
1584,799,0.0014310035090975373
1588,799,0.0014306114731030752
1624,1001,0.0014241250159443368
1644,799,0.0013218170776786186
1644,314334,5.021134358903284e-06
bin_width: 8068727
assigning lease 1 to address 1628
Average Cache Occupancy Per Bin: [0.14,0.14,0.14,0.14,0.14]
Total cost: 1140480.0
assigning lease 3 to address 1500
Average Cache Occupancy Per Bin: [0.14,0.14,0.14,0.14,0.15]
Total cost: 1153536.0
assigning lease 3 to address 1580
Average Cache Occupancy Per Bin: [0.14,0.14,0.14,0.14,0.15]
Total cost: 1167360.0
assigning lease 4 to address 1604
Average Cache Occupancy Per Bin: [0.54,0.57,0.56,0.56,0.57]
Total cost: 4375808.0
assigning lease 4 to address 1652
Average Cache Occupancy Per Bin: [1.10,1.14,1.12,1.13,1.12]
Total cost: 8946944.0
assigning lease 597 to address 1448
Average Cache Occupancy Per Bin: [1.32,1.41,1.53,1.57,2.03]
Total cost: 10659840.0
assigning lease 599 to address 1520
Average Cache Occupancy Per Bin: [1.77,1.88,1.97,2.36,3.69]
Total cost: 14340096.0
assigning lease 601 to address 1504
Average Cache Occupancy Per Bin: [2.19,2.40,2.48,3.07,5.35]
Total cost: 17724928.0
assigning lease 799 to address 1584
Average Cache Occupancy Per Bin: [114.,111.,103.,104.,103.]
Total cost: 924138752.0
addr: 1588 ri: 799
bin target: 1032797056
	bin: 0.0 current capacity: 114.53340186128493  avg impact: 93.69041337003966
	bin: 1.0 current capacity: 111.54213942298456  avg impact: 87.3998151133382
	bin: 2.0 current capacity: 103.06996283304665  avg impact: 100.62552271256668
	bin: 3.0 current capacity: 104.00988805297291  avg impact: 98.0856781992996
	bin: 4.0 current capacity: 103.40519489629528  avg impact: 99.7433731491969
num_full_bins: 0
printing bin ranks sorted:
	bin: 0.0 rank: 0.14373507015629647
	selecting this^ bin
	bin: 1.0 rank: 0.1883054392697883
	bin: 3.0 rank: 0.24458322955448955
	bin: 4.0 rank: 0.24658084369089478
	bin: 2.0 rank: 0.24775063517597953
acceptable_ratio: 0.14373507015629647
Assigning 1588 dual lease lease 799 * 0.14373507015629647. Bin saturation: [128.,124.,117.,118.,117.]
addr: 1624 ri: 1001
bin target: 1032797056
	bin: 0.0 current capacity: 128.0  avg impact: 99.1114261270706
	bin: 1.0 current capacity: 124.10455797994757  avg impact: 98.62916913659366
	bin: 2.0 current capacity: 117.53337939965142  avg impact: 99.70879024659033
	bin: 3.0 current capacity: 118.10823989027716  avg impact: 98.61612916139063
	bin: 4.0 current capacity: 117.74181563352076  avg impact: 97.4265407665918
num_full_bins: 1
printing bin ranks sorted:
	bin: 0.0 rank: 0.0
	bin: 1.0 rank: 0.0394958413839779
	bin: 3.0 rank: 0.10030570246307714
	bin: 2.0 rank: 0.10497189439831253
	bin: 4.0 rank: 0.10529147689904263
acceptable_ratio: 0
addr: 1644 ri: 799
bin target: 1032797056
	bin: 0.0 current capacity: 128.0  avg impact: 99.52026583623415
	bin: 1.0 current capacity: 124.10455797994757  avg impact: 99.52569122737701
	bin: 2.0 current capacity: 117.53337939965142  avg impact: 99.87545445520712
	bin: 3.0 current capacity: 118.10823989027716  avg impact: 99.60332825735708
	bin: 4.0 current capacity: 117.74181563352076  avg impact: 101.35950516109914
num_full_bins: 1
printing bin ranks sorted:
	bin: 0.0 rank: 0.0
	bin: 1.0 rank: 0.039140064962250615
	bin: 3.0 rank: 0.09931154192121278
	bin: 4.0 rank: 0.10120594363769876
	bin: 2.0 rank: 0.10479672565637958
acceptable_ratio: 0
addr: 1644 ri: 314334
bin target: 1032797056
	bin: 0.0 current capacity: 128.0  avg impact: 2747.069072977683
	bin: 1.0 current capacity: 124.10455797994757  avg impact: 2426.1393243320786
	bin: 2.0 current capacity: 117.53337939965142  avg impact: 2250.931806219246
	bin: 3.0 current capacity: 118.10823989027716  avg impact: 1545.0341328935779
	bin: 4.0 current capacity: 117.74181563352076  avg impact: 945.68920624034
num_full_bins: 1
printing bin ranks sorted:
	bin: 0.0 rank: 0.0
	bin: 1.0 rank: 0.0016056134868202
	bin: 2.0 rank: 0.004649905684139193
	bin: 3.0 rank: 0.00640229228541204
	bin: 4.0 rank: 0.010847310404716827
acceptable_ratio: 0
Final saturation:
	0.0,1032797056.0
	1.0,1001365797.7958684
	2.0,948344751.7632113
	3.0,952983144.1251564
	4.0,950026566.8312111
DUMP LEASES
0, 5a8, 255, 0, 1 
0, 5f0, 257, 0, 1 
0, 5e0, 259, 0, 1 
0, 644, 4, 0, 1 
0, 630, 31f, 0, 1 
0, 65c, 1, 0, 1 
0, 674, 4, 0, 1 
0, 66c, 1, 0, 1 
0, 658, 1, 0, 1 
0, 634, 1, 31f, 0.8562649298437035 
0, 5dc, 3, 0, 1 
0, 62c, 3, 0, 1 
Dump dual leases

