Dump predicted miss count (no contention misses): 2096688
Dump formated leases
0, 5b0, 1, 0, 1
0, 5c8, 1, 0, 1
0, 5cc, 1, 0, 1
0, 5d0, 131, 0, 1
0, 5f8, 6, 0, 1
0, 5fc, c4, 0, 1
0, 604, 2d3c, 0, 1
0, 60c, a, 2c0d, 0.6369497078234025
0, 614, a, 0, 1
0, 618, 3, 0, 1
0, 62c, 2d3c, 0, 1
0, 650, a, 0, 1
0, 678, 1, 0, 1
0, 690, 1, 0, 1
0, 694, 1, 0, 1
0, 698, 131, 0, 1
0, 6c0, 6, 0, 1
0, 6c4, c4, 0, 1
0, 6cc, 2d3c, 0, 1
0, 6d4, a, 0, 1
0, 6dc, a, 0, 1
0, 6e0, 3, 0, 1
0, 6f4, 2d3c, 0, 1
0, 718, a, 0, 1
