sample rate: 0.00390625
1368,
	[2,483]

1444,
	[1,15]
	[3,510]

1464,
	[15,3]
	[33,16]
	[18,4]
	[202,1]
	[39,15]
	[54,26]
	[36,13]
	[48,32]
	[517,1]
	[424,1]
	[63,36]
	[57,33]
	[75,46]
	[78,38]
	[60,27]
	[66,25]
	[42,25]
	[96,54]
	[1069,1]
	[27,11]
	[93,47]
	[87,51]
	[99,49]
	[102,58]
	[51,26]
	[69,35]
	[1765,1]
	[111,55]
	[117,61]
	[30,15]
	[81,43]
	[84,39]
	[120,52]
	[123,72]
	[90,47]
	[114,54]
	[3034,1]
	[2575,1]
	[45,23]
	[108,47]
	[2362,1]
	[132,77]
	[144,68]
	[72,25]
	[2482,1]
	[3526,1]
	[2605,1]
	[147,77]
	[141,71]
	[3502,1]
	[150,82]
	[4288,1]
	[153,78]
	[162,91]
	[105,55]
	[126,61]
	[156,60]
	[129,50]
	[171,89]
	[3340,1]
	[135,63]
	[4303,1]
	[159,73]
	[168,94]
	[174,105]
	[4090,1]
	[3418,1]
	[3730,1]
	[5221,1]
	[165,87]
	[5671,1]
	[138,67]
	[177,99]
	[5722,1]
	[183,85]
	[6679,1]
	[198,100]
	[186,102]
	[189,101]
	[201,112]
	[5497,1]
	[5869,1]
	[192,94]
	[204,80]
	[6733,1]
	[180,86]
	[6445,1]
	[210,101]
	[6688,1]
	[6520,1]
	[6844,1]
	[6364,1]
	[213,105]
	[222,119]
	[225,102]
	[8812,1]
	[24,11]
	[219,114]
	[8290,1]
	[7618,1]
	[7114,1]
	[207,105]
	[216,121]
	[231,133]
	[234,127]
	[195,114]
	[8347,1]
	[228,95]
	[237,106]
	[9388,1]
	[8560,1]
	[240,112]
	[7951,1]
	[7615,1]
	[249,126]
	[7825,1]
	[9490,1]
	[21,8]
	[9094,1]
	[8800,1]
	[252,123]
	[10960,1]
	[255,125]
	[258,125]
	[11497,1]
	[10738,1]
	[10489,1]
	[243,113]
	[264,125]
	[11542,1]
	[9424,1]
	[10468,1]
	[267,140]
	[9652,1]
	[261,110]
	[270,130]
	[11590,1]
	[11305,1]
	[12553,1]
	[276,145]
	[246,103]
	[279,136]
	[12022,3]
	[282,156]
	[10669,1]
	[10660,1]
	[273,133]
	[13672,1]
	[12847,1]
	[285,134]
	[294,150]
	[297,156]
	[12190,1]
	[303,136]
	[12958,1]
	[291,139]
	[300,154]
	[306,167]
	[13495,1]
	[13417,1]
	[288,138]
	[14860,1]
	[14380,1]
	[13708,1]
	[16099,1]
	[315,136]
	[15331,1]
	[14155,1]
	[309,128]
	[321,152]
	[15868,1]
	[13765,1]
	[15769,1]
	[318,138]
	[16912,1]
	[15730,1]
	[14890,1]
	[14722,2]
	[16078,1]
	[17149,1]
	[18391,1]
	[17866,1]
	[15469,1]
	[330,165]
	[15427,1]
	[312,116]
	[327,150]
	[336,175]
	[18370,1]
	[16228,1]
	[18442,1]
	[15856,1]
	[15352,1]
	[17668,1]
	[324,133]
	[333,145]
	[339,161]
	[342,167]
	[15823,1]
	[16717,1]
	[345,148]
	[16969,1]
	[18988,1]
	[348,148]
	[16606,1]
	[20008,1]
	[351,145]
	[19438,1]
	[20935,1]
	[18745,1]
	[357,153]
	[17887,1]
	[18337,1]
	[360,164]
	[17368,1]
	[19876,1]
	[19036,1]
	[18700,1]
	[354,175]
	[363,181]
	[19021,1]
	[20530,1]
	[19186,2]
	[21790,1]
	[22876,1]
	[23617,1]
	[372,164]
	[375,150]
	[23377,1]
	[378,167]
	[24058,1]
	[20707,1]
	[19867,1]
	[24001,1]
	[381,160]
	[21388,1]
	[20548,1]
	[20212,1]
	[22888,1]
	[24733,1]
	[20560,1]
	[23260,1]
	[24943,1]
	[23095,1]
	[21247,1]
	[366,165]
	[23635,1]
	[390,170]
	[393,178]
	[23785,1]
	[23113,1]
	[21769,1]
	[24646,1]
	[24394,1]
	[387,163]
	[399,183]
	[26722,1]
	[25741,1]
	[24166,2]
	[23830,1]
	[23662,1]
	[23494,1]
	[22654,1]
	[24025,2]
	[396,159]
	[25567,1]
	[23719,1]
	[22879,1]
	[369,136]
	[384,172]
	[405,183]
	[408,169]
	[28378,1]
	[24256,1]
	[24088,1]
	[25948,1]
	[411,166]
	[27343,1]
	[24796,1]
	[23452,1]
	[23284,1]
	[26515,1]
	[23995,1]
	[25177,1]
	[414,196]
	[26389,1]
	[25549,1]
	[28771,2]
	[417,178]
	[25090,1]
	[420,182]
	[423,185]
	[27658,1]
	[25978,1]
	[26356,1]
	[402,180]
	[426,190]
	[28717,1]
	[27709,1]
	[25189,1]
	[429,188]
	[26923,1]
	[30673,1]
	[28783,1]
	[432,162]
	[31483,1]
	[25972,1]
	[28720,1]
	[27544,1]
	[435,198]
	[29959,1]
	[31066,1]
	[30025,1]
	[29017,1]
	[30541,1]
	[438,172]
	[441,177]
	[444,184]
	[32698,1]
	[32632,1]
	[30166,1]
	[29326,1]
	[31690,1]
	[27982,1]
	[31330,1]
	[450,192]
	[28897,1]
	[28729,1]
	[32200,1]
	[30487,1]
	[30481,1]
	[447,196]
	[453,193]
	[12,3]
	[34984,1]
	[32080,1]
	[31576,1]
	[30400,1]
	[456,220]
	[33844,1]
	[31324,1]
	[32209,1]
	[34882,1]
	[33091,1]
	[31579,1]
	[34525,1]
	[34021,1]
	[33517,1]
	[31501,1]
	[462,182]
	[465,196]
	[468,202]
	[34450,1]
	[33106,1]
	[31762,1]
	[31426,1]
	[30922,1]
	[35347,1]
	[459,202]
	[34378,1]
	[32530,1]
	[34894,1]
	[471,204]
	[474,194]
	[33973,1]
	[35755,1]
	[35083,1]
	[32731,1]
	[477,185]
	[34348,1]
	[32836,1]
	[35968,1]
	[34960,1]
	[34792,1]
	[38638,1]
	[480,200]
	[38599,1]
	[34567,1]
	[33895,1]
	[33727,1]
	[33559,1]
	[483,188]
	[39049,1]
	[38545,1]
	[486,200]
	[492,182]
	[37318,1]
	[37150,1]
	[35806,1]
	[34966,1]
	[40096,1]
	[489,212]
	[495,203]
	[39139,1]
	[35758,1]
	[41575,1]
	[35254,1]
	[34918,2]
	[38065,1]
	[37057,1]
	[36049,1]
	[39871,1]
	[38023,1]
	[37687,1]
	[39619,1]
	[498,204]
	[501,209]
	[39397,1]
	[38152,1]
	[36808,1]
	[504,194]
	[42484,1]
	[42544,1]
	[39292,1]
	[37276,1]
	[510,187]
	[43885,1]
	[39931,1]
	[38419,1]
	[38251,1]
	[513,192]
	[42925,1]
	[43786,1]
	[42253,1]
	[41413,1]
	[41245,1]
	[40732,1]
	[39061,1]
	[38053,1]
	[43603,1]
	[44875,1]
	[43675,1]
	[507,221]
	[516,187]
	[519,215]
	[45604,1]
	[43042,1]
	[42034,1]
	[41194,1]
	[40186,1]
	[39682,1]
	[39346,1]
	[39178,1]
	[38674,1]
	[522,204]
	[44029,1]
	[40333,1]
	[525,203]
	[40987,1]
	[40147,1]
	[528,198]
	[42820,1]
	[40468,1]
	[45058,1]
	[40792,1]
	[531,182]
	[534,203]
	[48523,1]
	[43840,1]
	[45163,1]
	[47329,2]
	[45649,1]
	[43633,1]
	[42121,1]
	[41617,1]
	[47791,1]
	[537,201]
	[540,194]
	[45142,2]
	[43294,1]
	[42958,1]
	[49951,1]
	[44470,1]
	[43630,1]
	[42790,1]
	[49408,1]
	[543,213]
	[546,221]
	[49429,1]
	[44809,1]
	[44305,2]
	[43801,1]
	[47335,1]
	[46663,1]
	[45487,1]
	[43807,1]
	[549,194]
	[46000,1]
	[44320,2]
	[48340,1]
	[51544,1]
	[48700,1]
	[45172,1]
	[44668,1]
	[555,199]
	[558,208]
	[48379,1]
	[47371,1]
	[46027,1]
	[561,219]
	[47893,1]
	[46885,1]
	[46045,1]
	[45709,1]
	[564,233]
	[49930,1]
	[49594,1]
	[48754,1]
	[47242,1]
	[567,210]
	[50458,1]
	[50122,1]
	[48274,1]
	[49972,1]
	[47770,1]
	[552,207]
	[570,214]
	[51880,1]
	[51325,1]
	[49813,1]
	[48637,1]
	[47965,1]
	[51625,2]
	[573,214]
	[576,210]
	[54244,1]
	[50716,1]
	[53905,1]
	[55456,1]
	[51760,1]
	[51592,1]
	[51088,1]
	[50920,1]
	[49072,1]
	[51082,1]
	[582,198]
	[52975,1]
	[52807,1]
	[50959,1]
	[49783,1]
	[56161,1]
	[579,199]
	[52345,1]
	[52009,1]
	[51001,1]
	[50497,1]
	[585,195]
	[588,218]
	[58417,1]
	[50878,1]
	[50710,1]
	[53782,1]
	[53446,1]
	[53110,1]
	[54964,1]
	[51934,1]
	[56353,1]
	[55009,1]
	[54388,1]
	[53833,1]
	[55447,1]
	[53329,1]
	[52489,1]
	[52321,1]
	[56533,1]
	[597,210]
	[59794,1]
	[56407,1]
	[55903,1]
	[55486,1]
	[54223,2]
	[53719,1]
	[53551,1]
	[53383,1]
	[56755,1]
	[58984,1]
	[60112,1]
	[54952,1]
	[54280,1]
	[54112,1]
	[52936,1]
	[600,199]
	[603,237]
	[57532,1]
	[56524,1]
	[56356,1]
	[53668,1]
	[53332,1]
	[57928,1]
	[591,207]
	[606,204]
	[56587,1]
	[59110,1]
	[61804,1]
	[60181,1]
	[56485,1]
	[55309,2]
	[56767,1]
	[594,219]
	[609,214]
	[612,204]
	[63085,1]
	[58570,1]
	[57898,2]
	[56722,1]
	[56554,1]
	[55546,1]
	[57352,1]
	[58306,1]
	[63136,1]
	[57298,1]
	[56962,1]
	[55618,1]
	[63955,1]
	[615,214]
	[618,211]
	[61069,1]
	[59389,2]
	[57541,1]
	[56197,2]
	[60307,1]
	[59299,1]
	[59131,1]
	[65632,1]
	[58291,1]
	[59125,1]
	[624,223]
	[61732,1]
	[61396,1]
	[61228,1]
	[60388,1]
	[57700,1]
	[60535,1]
	[62128,1]
	[621,212]
	[627,225]
	[64840,1]
	[61144,1]
	[60472,1]
	[60304,1]
	[60715,1]
	[58120,1]
	[65767,1]
	[64087,1]
	[60055,1]
	[59887,1]
	[59719,1]
	[58711,1]
	[60925,1]
	[63355,1]
	[630,222]
	[633,231]
	[66361,1]
	[65971,1]
	[65017,1]
	[63673,1]
	[62161,1]
	[61993,1]
	[61825,1]
	[60985,1]
	[68365,1]
	[65782,1]
	[63094,1]
	[61246,1]
	[60238,1]
	[66577,1]
	[64030,1]
	[63694,1]
	[62686,1]
	[62350,1]
	[61846,1]
	[61006,1]
	[60670,1]
	[60502,1]
	[60334,1]
	[636,207]
	[642,216]
	[64297,1]
	[65407,1]
	[62785,1]
	[62281,1]
	[61777,1]
	[639,203]
	[68431,1]
	[64903,1]
	[62047,1]
	[645,216]
	[648,233]
	[67528,1]
	[63832,1]
	[62320,1]
	[67108,1]
	[651,213]
	[69988,1]
	[69484,1]
	[68980,1]
	[67804,1]
	[66796,1]
	[65956,1]
	[65788,1]
	[63604,1]
	[65230,1]
	[654,209]
	[70603,1]
	[70804,1]
	[68587,1]
	[68083,1]
	[67243,1]
	[66235,1]
	[65731,1]
	[64891,2]
	[63547,1]
	[70957,1]
	[70213,1]
	[71968,1]
	[66853,1]
	[66685,1]
	[65341,1]
	[65173,1]
	[64669,1]
	[64501,1]
	[64333,1]
	[71611,1]
	[657,231]
	[660,215]
	[73960,1]
	[67642,1]
	[67474,1]
	[74008,1]
	[66802,1]
	[65794,2]
	[69670,1]
	[72268,1]
	[663,227]
	[70618,1]
	[69274,1]
	[67594,1]
	[67090,1]
	[65410,1]
	[666,225]
	[69565,1]
	[67549,1]
	[69475,1]
	[66709,1]
	[66373,1]
	[66205,1]
	[669,219]
	[74059,1]
	[71203,1]
	[69523,1]
	[69187,1]
	[67843,1]
	[67507,1]
	[67339,1]
	[67171,1]
	[672,234]
	[71668,1]
	[70156,1]
	[76267,1]
	[67972,1]
	[67132,1]
	[72280,1]
	[675,205]
	[76000,1]
	[72976,1]
	[72472,1]
	[70960,1]
	[70624,1]
	[70288,1]
	[70120,1]
	[69280,1]
	[678,199]
	[70255,1]
	[68407,1]
	[75097,1]
	[75958,1]
	[71569,2]
	[71233,1]
	[681,208]
	[684,230]
	[75406,1]
	[74902,1]
	[72214,1]
	[71878,1]
	[71374,1]
	[77632,1]
	[73366,1]
	[72694,1]
	[71182,1]
	[72952,1]
	[687,218]
	[77041,1]
	[75529,1]
	[75193,1]
	[74521,1]
	[73177,1]
	[71833,1]
	[71161,1]
	[76285,1]
	[690,246]
	[693,229]
	[78199,1]
	[75679,1]
	[75175,1]
	[74839,1]
	[73495,1]
	[72991,1]
	[72823,1]
	[71983,1]
	[696,225]
	[80497,1]
	[76840,1]
	[78883,1]
	[76504,1]
	[75496,1]
	[73312,1]
	[73144,1]
	[79012,1]
	[78304,1]
	[77332,1]
	[75652,1]
	[74476,1]
	[74308,1]
	[73636,1]
	[81082,1]
	[699,225]
	[702,213]
	[79171,1]
	[82072,1]
	[75307,1]
	[74635,1]
	[74299,1]
	[74131,1]
	[705,241]
	[77653,1]
	[76645,1]
	[76477,1]
	[75637,1]
	[74629,1]
	[81514,2]
	[80338,2]
	[79834,2]
	[78658,1]
	[77650,2]
	[76642,1]
	[83188,1]
	[708,226]
	[83698,1]
	[78490,1]
	[75970,1]
	[714,240]
	[85045,1]
	[84541,1]
	[81685,1]
	[81181,1]
	[80677,1]
	[79669,1]
	[77821,1]
	[711,224]
	[717,190]
	[82027,1]
	[81523,1]
	[80179,1]
	[79507,1]
	[79339,1]
	[85321,1]
	[720,250]
	[86311,1]
	[82876,1]
	[82540,1]
	[87475,1]
	[81196,1]
	[80188,1]
	[79348,2]
	[78508,1]
	[77668,1]
	[86080,1]
	[85408,1]
	[84400,1]
	[81040,1]
	[80872,1]
	[80032,1]
	[79360,1]
	[79192,1]
	[79024,1]
	[78688,1]
	[86758,1]
	[723,207]
	[85087,1]
	[84079,1]
	[81559,1]
	[81223,1]
	[85267,1]
	[86188,1]
	[729,223]
	[88633,1]
	[86953,1]
	[86560,1]
	[84433,1]
	[89293,1]
	[83761,2]
	[82585,1]
	[82081,2]
	[87100,1]
	[88207,2]
	[726,200]
	[732,236]
	[87310,1]
	[86134,1]
	[85294,1]
	[85126,1]
	[82438,1]
	[80422,1]
	[86050,1]
	[735,222]
	[85150,1]
	[84142,2]
	[83134,1]
	[81118,1]
	[89377,1]
	[88147,1]
	[84337,1]
	[83665,1]
	[82825,1]
	[82321,1]
	[90403,2]
	[91354,1]
	[87559,1]
	[86215,1]
	[85375,1]
	[84535,1]
	[84199,1]
	[83023,1]
	[82687,2]
	[738,228]
	[741,240]
	[91960,1]
	[90784,1]
	[89272,1]
	[87424,1]
	[85072,2]
	[85069,1]
	[88948,2]
	[744,260]
	[747,201]
	[90820,2]
	[89812,1]
	[88636,1]
	[87124,1]
	[85948,1]
	[85444,1]
	[85276,1]
	[84436,1]
	[84100,1]
	[750,229]
	[92203,1]
	[90187,1]
	[89683,1]
	[88339,1]
	[86827,1]
	[86659,1]
	[86323,1]
	[84979,1]
	[84643,1]
	[753,210]
	[93925,1]
	[92077,1]
	[91573,1]
	[89557,1]
	[88717,1]
	[87877,1]
	[87205,1]
	[86029,1]
	[85861,1]
	[85693,1]
	[756,244]
	[94474,1]
	[91786,1]
	[89434,1]
	[88426,1]
	[87250,1]
	[88960,1]
	[759,224]
	[95530,1]
	[91666,1]
	[91330,1]
	[89986,1]
	[87634,2]
	[87298,1]
	[92998,1]
	[89692,1]
	[92638,1]
	[762,207]
	[96925,1]
	[93061,1]
	[91213,1]
	[90373,1]
	[89029,1]
	[88021,1]
	[93385,1]
	[765,234]
	[94627,1]
	[92947,1]
	[91267,1]
	[90763,1]
	[89923,1]
	[89755,1]
	[88747,1]
	[88411,1]
	[768,199]
	[97540,1]
	[95524,1]
	[92164,1]
	[91996,1]
	[91828,1]
	[91492,1]
	[89980,1]
	[771,233]
	[98050,1]
	[97885,1]
	[95752,2]
	[95080,2]
	[96610,1]
	[94744,1]
	[93400,2]
	[99622,1]
	[91384,1]
	[91216,1]
	[90880,2]
	[90040,1]
	[95983,1]
	[94975,1]
	[774,229]
	[777,220]
	[99409,1]
	[97393,1]
	[95041,1]
	[94705,1]
	[93529,2]
	[92353,1]
	[91345,1]
	[780,221]
	[100654,1]
	[99814,1]
	[96622,1]
	[95782,1]
	[95446,1]
	[95110,1]
	[93430,1]
	[92590,1]
	[92422,1]
	[97930,2]
	[783,226]
	[100894,1]
	[96526,1]
	[96022,1]
	[95854,1]
	[95686,2]
	[96487,1]
	[94342,1]
	[92830,1]
	[98698,1]
	[101788,2]
	[102649,1]
	[98785,1]
	[98113,1]
	[97945,1]
	[98827,1]
	[95761,1]
	[96415,1]
	[98191,1]
	[98023,1]
	[101488,1]
	[94159,1]
	[97177,1]
	[100243,1]
	[789,235]
	[99616,1]
	[99112,1]
	[98608,1]
	[97432,1]
	[96424,2]
	[96256,1]
	[95416,1]
	[94912,1]
	[97942,1]
	[104146,1]
	[792,225]
	[795,226]
	[104236,1]
	[102724,1]
	[101716,1]
	[100708,1]
	[99532,1]
	[97852,1]
	[96340,1]
	[95836,1]
	[98710,1]
	[786,231]
	[104938,1]
	[798,228]
	[106858,1]
	[102307,1]
	[101881,1]
	[99955,1]
	[99787,1]
	[99619,1]
	[100684,1]
	[101041,1]
	[98275,1]
	[96763,1]
	[801,235]
	[103237,1]
	[103069,1]
	[100549,1]
	[98869,1]
	[98197,1]
	[98029,3]
	[97861,1]
	[101245,1]
	[106531,1]
	[804,209]
	[106018,1]
	[105850,1]
	[104002,1]
	[100642,1]
	[100474,1]
	[100306,1]
	[100138,1]
	[99970,1]
	[99130,1]
	[98458,1]
	[106618,1]
	[106450,1]
	[105778,1]
	[104098,1]
	[102754,1]
	[102250,1]
	[100570,1]
	[105886,1]
	[99562,1]
	[807,220]
	[810,211]
	[107440,1]
	[106717,1]
	[104533,1]
	[101677,1]
	[101509,2]
	[100837,1]
	[100165,1]
	[105745,2]
	[109999,1]
	[108499,1]
	[103627,1]
	[103459,1]
	[103123,1]
	[102787,2]
	[100435,1]
	[813,224]
	[108268,1]
	[107749,1]
	[103396,1]
	[103228,1]
	[101212,1]
	[816,235]
	[111904,2]
	[110056,1]
	[106024,1]
	[111055,1]
	[105856,1]
	[105016,1]
	[104512,1]
	[103504,1]
	[102496,1]
	[102160,1]
	[108148,1]
	[822,219]
	[111175,1]
	[110671,1]
	[107983,2]
	[107311,1]
	[113332,1]
	[105127,1]
	[104959,1]
	[104791,1]
	[104455,1]
	[104119,1]
	[103951,1]
	[103447,1]
	[103279,1]
	[103111,1]
	[107638,1]
	[108955,1]
	[819,212]
	[109273,1]
	[108601,1]
	[107593,1]
	[105913,1]
	[105577,1]
	[103897,1]
	[103393,1]
	[825,250]
	[828,228]
	[106534,1]
	[105358,1]
	[105190,1]
	[113848,1]
	[831,200]
	[109510,1]
	[108160,2]
	[834,209]
	[116971,1]
	[110305,1]
	[110137,1]
	[109969,1]
	[109633,1]
	[107953,1]
	[107449,1]
	[107113,1]
	[117172,1]
	[106273,1]
	[106105,1]
	[112213,1]
	[114463,1]
	[114295,1]
	[113287,1]
	[112615,1]
	[111943,1]
	[111607,1]
	[110935,1]
	[108751,1]
	[108247,1]
	[108079,1]
	[107575,1]
	[106735,1]
	[109777,1]
	[113035,1]
	[837,236]
	[840,219]
	[117616,1]
	[115096,1]
	[111232,1]
	[110728,1]
	[109552,1]
	[109048,1]
	[843,226]
	[112204,1]
	[111532,1]
	[116596,1]
	[110692,1]
	[110188,1]
	[109516,1]
	[108844,1]
	[114199,1]
	[114688,1]
	[846,216]
	[115867,1]
	[111667,1]
	[849,230]
	[117853,1]
	[117181,1]
	[116845,1]
	[115333,1]
	[114829,1]
	[114661,1]
	[112477,2]
	[112141,1]
	[110797,1]
	[110293,1]
	[109957,1]
	[113047,1]
	[119707,1]
	[118666,1]
	[113626,1]
	[112954,1]
	[112786,1]
	[111778,1]
	[110938,1]
	[113872,1]
	[852,225]
	[122506,1]
	[119986,1]
	[117466,1]
	[112594,1]
	[112426,1]
	[112258,1]
	[121408,1]
	[855,236]
	[858,219]
	[122653,1]
	[122485,1]
	[123976,1]
	[120301,1]
	[120133,1]
	[119797,1]
	[118117,1]
	[115597,1]
	[114085,1]
	[113749,1]
	[861,228]
	[124399,1]
	[121795,1]
	[121627,1]
	[121459,1]
	[119107,1]
	[119170,1]
	[117259,1]
	[116083,1]
	[114907,1]
	[114739,1]
	[114571,1]
	[121165,1]
	[864,227]
	[121612,1]
	[120940,1]
	[119428,1]
	[118756,1]
	[116236,1]
	[115732,1]
	[115228,1]
	[115060,1]
	[117202,1]
	[120568,1]
	[867,233]
	[125713,1]
	[119752,1]
	[118240,1]
	[117904,1]
	[116728,1]
	[114712,1]
	[121420,1]
	[125119,1]
	[122263,2]
	[122095,1]
	[120247,3]
	[119743,1]
	[118903,1]
	[117895,1]
	[117223,1]
	[122275,1]
	[870,238]
	[873,221]
	[124105,1]
	[123097,2]
	[120073,2]
	[119905,1]
	[119737,1]
	[119233,1]
	[117889,1]
	[117553,1]
	[117049,1]
	[116713,1]
	[129169,1]
	[128302,1]
	[126286,2]
	[123262,2]
	[123094,2]
	[126175,1]
	[120238,2]
	[120070,1]
	[118726,2]
	[117382,1]
	[876,202]
	[879,222]
	[126622,1]
	[125782,2]
	[125446,1]
	[125278,1]
	[124438,1]
	[123766,1]
	[122254,1]
	[121246,1]
	[120910,2]
	[120574,1]
	[119062,1]
	[118558,1]
	[127603,1]
	[882,218]
	[130552,2]
	[125617,1]
	[124777,1]
	[124609,1]
	[124273,1]
	[122257,1]
	[119401,1]
	[125725,1]
	[129991,1]
	[127135,1]
	[125623,1]
	[122935,1]
	[121423,1]
	[122149,1]
	[121255,1]
	[121087,1]
	[120583,1]
	[120415,1]
	[120079,1]
	[885,221]
	[130168,1]
	[128488,1]
	[127312,1]
	[131962,1]
	[125464,1]
	[125296,1]
	[124120,1]
	[123784,1]
	[122776,1]
	[121936,1]
	[121264,1]
	[120928,1]
	[120760,1]
	[888,223]
	[891,212]
	[130180,1]
	[131497,1]
	[127996,2]
	[127492,2]
	[132754,1]
	[125476,1]
	[124804,1]
	[123796,1]
	[122788,1]
	[122620,1]
	[132082,1]
	[122116,1]
	[894,230]
	[130027,1]
	[129859,1]
	[129691,1]
	[128683,1]
	[126499,1]
	[126163,2]
	[124819,1]
	[123139,1]
	[125737,1]
	[129223,1]
	[131053,1]
	[129877,1]
	[126181,1]
	[125509,1]
	[124837,1]
	[124669,1]
	[124165,1]
	[126607,1]
	[130105,1]
	[900,207]
	[136345,2]
	[128890,1]
	[128554,1]
	[127546,1]
	[127042,2]
	[126874,1]
	[126034,1]
	[125362,1]
	[124858,1]
	[127480,1]
	[132763,1]
	[897,214]
	[903,232]
	[133618,1]
	[134347,1]
	[132442,1]
	[130090,1]
	[129922,2]
	[132319,1]
	[128242,1]
	[127570,1]
	[126058,1]
	[125218,1]
	[906,223]
	[133813,1]
	[132805,1]
	[132301,1]
	[131797,1]
	[131125,1]
	[129949,1]
	[129613,1]
	[129109,1]
	[127933,1]
	[127765,1]
	[126085,1]
	[909,210]
	[137371,1]
	[136531,1]
	[136363,2]
	[136837,1]
	[132331,1]
	[131659,1]
	[131491,1]
	[130483,1]
	[129811,1]
	[129475,1]
	[128635,1]
	[126955,1]
	[126619,1]
	[132772,1]
	[137257,3]
	[912,201]
	[134716,1]
	[134044,1]
	[133876,1]
	[131692,1]
	[129844,2]
	[129004,1]
	[127828,1]
	[915,217]
	[140671,1]
	[138916,1]
	[140287,1]
	[137944,1]
	[137272,1]
	[135760,2]
	[135088,1]
	[134752,1]
	[133408,1]
	[131896,1]
	[131224,1]
	[131056,1]
	[130384,1]
	[129712,1]
	[129544,1]
	[136108,1]
	[129208,1]
	[128368,1]
	[918,181]
	[140335,1]
	[138655,1]
	[138319,1]
	[134623,1]
	[133783,1]
	[131095,1]
	[130591,2]
	[135799,1]
	[129247,1]
	[137185,1]
	[136513,1]
	[134497,2]
	[134161,1]
	[133825,1]
	[132145,1]
	[131977,1]
	[131641,1]
	[130969,1]
	[130633,1]
	[921,217]
	[924,203]
	[139918,1]
	[138406,1]
	[137566,1]
	[137230,1]
	[136894,1]
	[136726,1]
	[136390,1]
	[136054,1]
	[134710,1]
	[134374,1]
	[134206,1]
	[134038,1]
	[132862,1]
	[132190,1]
	[131686,1]
	[139207,1]
	[133678,1]
	[141832,1]
	[927,216]
	[138622,1]
	[136942,1]
	[133078,1]
	[132406,1]
	[139849,1]
	[141445,1]
	[137161,1]
	[136993,1]
	[136825,1]
	[136657,1]
	[135313,1]
	[134473,1]
	[133465,1]
	[133129,1]
	[140005,1]
	[930,234]
	[145783,1]
	[140911,1]
	[140239,1]
	[139735,1]
	[139567,2]
	[136711,1]
	[136039,1]
	[135871,1]
	[135199,1]
	[135031,1]
	[134527,1]
	[133855,2]
	[933,213]
	[936,234]
	[143656,1]
	[141808,2]
	[140800,1]
	[143203,1]
	[140128,1]
	[139960,1]
	[138952,1]
	[136768,1]
	[135928,1]
	[141844,1]
	[145546,1]
	[939,188]
	[145732,1]
	[143884,1]
	[145879,1]
	[143044,1]
	[141700,1]
	[140860,1]
	[139684,1]
	[137164,1]
	[136996,1]
	[136492,1]
	[136324,1]
	[942,197]
	[148951,1]
	[143611,1]
	[141427,1]
	[140755,1]
	[140587,1]
	[140419,1]
	[140083,2]
	[139579,1]
	[137395,1]
	[137059,1]
	[136555,1]
	[136387,1]
	[143695,1]
	[945,233]
	[142669,1]
	[142501,1]
	[142165,1]
	[141493,1]
	[141157,1]
	[149569,1]
	[139645,1]
	[138133,1]
	[137797,2]
	[137293,1]
	[144625,1]
	[148363,1]
	[948,210]
	[147274,1]
	[144922,1]
	[143746,1]
	[142906,1]
	[140554,1]
	[140386,1]
	[139210,2]
	[138706,1]
	[138202,1]
	[141856,1]
	[951,208]
	[149362,1]
	[142978,1]
	[142306,1]
	[142138,1]
	[141970,1]
	[140626,1]
	[139450,1]
	[139282,1]
	[147550,1]
	[142780,1]
	[146494,1]
	[150613,1]
	[149941,1]
	[147925,1]
	[145237,1]
	[153112,1]
	[143557,1]
	[142549,1]
	[142045,1]
	[140869,1]
	[140701,1]
	[140533,1]
	[140365,1]
	[151207,1]
	[954,226]
	[150019,1]
	[149179,1]
	[152518,1]
	[148171,1]
	[147163,1]
	[143467,1]
	[141955,1]
	[141283,1]
	[144637,1]
	[152161,1]
	[957,192]
	[960,213]
	[154468,1]
	[151612,1]
	[155374,1]
	[151951,1]
	[149092,1]
	[148420,1]
	[148084,1]
	[145060,1]
	[144724,1]
	[144052,1]
	[143716,1]
	[143212,1]
	[142876,1]
	[142036,1]
	[963,208]
	[152872,1]
	[152704,2]
	[151024,2]
	[149680,1]
	[147160,1]
	[146824,1]
	[146320,1]
	[145816,1]
	[145648,1]
	[145312,1]
	[144976,1]
	[144472,1]
	[144136,1]
	[143296,2]
	[142960,1]
	[146506,1]
	[966,198]
	[152959,1]
	[152623,1]
	[151279,1]
	[150607,1]
	[148255,1]
	[148312,1]
	[146575,2]
	[146239,1]
	[145567,1]
	[144559,2]
	[157843,1]
	[144391,1]
	[144223,1]
	[155041,2]
	[969,205]
	[152209,1]
	[150193,1]
	[150025,1]
	[149857,1]
	[149185,1]
	[151330,1]
	[972,212]
	[156166,1]
	[154822,1]
	[154318,1]
	[151966,1]
	[151798,1]
	[150958,1]
	[150790,1]
	[150622,1]
	[150286,1]
	[149950,1]
	[147430,3]
	[147094,1]
	[146590,1]
	[145918,1]
	[157600,1]
	[156262,1]
	[155422,1]
	[152902,1]
	[151894,1]
	[151390,1]
	[151222,1]
	[150550,1]
	[149710,2]
	[148702,1]
	[148534,1]
	[148030,1]
	[146854,1]
	[975,217]
	[158881,1]
	[158377,1]
	[158209,1]
	[158041,1]
	[156697,1]
	[155353,1]
	[154513,1]
	[154177,1]
	[150313,1]
	[149977,1]
	[151867,1]
	[149305,1]
	[148633,1]
	[147793,1]
	[155053,3]
	[158923,1]
	[981,192]
	[161575,1]
	[154951,2]
	[154279,1]
	[153439,1]
	[153271,1]
	[153103,1]
	[152149,1]
	[149575,1]
	[149239,1]
	[148735,1]
	[148567,1]
	[978,204]
	[984,204]
	[155560,1]
	[155224,1]
	[154888,1]
	[154720,1]
	[154552,1]
	[153208,1]
	[153040,1]
	[152368,1]
	[160336,1]
	[149848,1]
	[153142,1]
	[987,214]
	[162556,1]
	[161716,1]
	[160876,3]
	[160921,1]
	[159982,1]
	[155668,1]
	[155164,1]
	[154828,1]
	[154660,1]
	[154324,1]
	[153988,2]
	[153820,1]
	[158671,1]
	[152140,1]
	[151132,1]
	[150460,1]
	[150292,1]
	[154102,1]
	[157960,1]
	[990,203]
	[164179,1]
	[160819,1]
	[158635,1]
	[155611,1]
	[153763,2]
	[152419,1]
	[151747,1]
	[151579,2]
	[155065,1]
	[162853,1]
	[159421,1]
	[158749,1]
	[157069,1]
	[156397,1]
	[156229,1]
	[155725,1]
	[155389,1]
	[155221,1]
	[153877,1]
	[153541,1]
	[156031,1]
	[159913,1]
	[993,189]
	[996,191]
	[166864,1]
	[163066,1]
	[164134,1]
	[160210,1]
	[164923,1]
	[159706,1]
	[159202,1]
	[158866,2]
	[157858,1]
	[157522,1]
	[156850,1]
	[156346,1]
	[156010,1]
	[155338,1]
	[158080,1]
	[154330,1]
	[160894,1]
	[164836,1]
	[999,211]
	[165874,1]
	[164194,1]
	[161170,1]
	[161002,1]
	[159994,1]
	[159658,1]
	[159490,1]
	[159154,1]
	[157978,1]
	[155458,1]
	[154618,1]
	[154114,1]
	[161878,2]
	[1002,189]
	[167914,1]
	[161125,1]
	[160957,1]
	[160285,1]
	[159781,2]
	[158101,1]
	[157429,1]
	[156421,1]
	[166831,1]
	[1005,224]
	[164107,1]
	[162595,1]
	[162091,1]
	[161083,1]
	[160243,1]
	[160075,1]
	[159907,1]
	[159739,1]
	[159235,1]
	[158731,1]
	[158563,1]
	[157387,1]
	[163855,1]
	[1008,198]
	[167596,1]
	[166588,1]
	[165244,1]
	[164572,1]
	[164236,1]
	[162220,1]
	[161884,1]
	[161380,1]
	[159028,1]
	[158524,1]
	[157852,1]
	[157516,1]
	[157348,1]
	[157012,1]
	[160906,1]
	[168838,1]
	[166384,1]
	[165712,1]
	[165040,2]
	[164368,1]
	[164200,1]
	[163696,1]
	[163192,1]
	[162184,1]
	[162016,1]
	[161176,1]
	[161008,1]
	[160840,1]
	[160504,1]
	[158488,1]
	[158320,1]
	[158152,1]
	[1011,192]
	[171856,1]
	[168871,1]
	[167023,1]
	[165511,1]
	[164335,1]
	[163999,1]
	[163327,1]
	[162823,1]
	[162151,1]
	[161647,1]
	[160975,1]
	[160639,1]
	[159967,1]
	[159295,2]
	[162877,1]
	[170881,1]
	[1014,195]
	[1017,182]
	[171697,1]
	[168337,1]
	[166993,1]
	[166657,1]
	[166489,1]
	[164977,1]
	[163297,1]
	[161785,1]
	[163867,1]
	[1020,193]
	[169990,1]
	[169318,1]
	[167974,1]
	[166462,1]
	[164782,1]
	[164446,1]
	[163942,1]
	[163102,1]
	[162430,1]
	[162262,1]
	[162094,1]
	[161422,1]
	[168850,1]
	[172654,1]
	[171142,1]
	[170974,1]
	[170302,1]
	[170134,1]
	[168454,1]
	[166606,1]
	[166270,1]
	[165598,2]
	[165094,1]
	[164758,1]
	[164590,1]
	[164254,1]
	[163918,1]
	[163414,1]
	[162070,3]
	[165856,1]
	[1023,191]
	[1026,203]
	[172465,1]
	[171793,1]
	[169945,1]
	[170482,1]
	[168937,1]
	[167593,2]
	[167257,1]
	[166921,1]
	[165577,1]
	[165409,1]
	[177817,1]
	[163561,1]
	[162889,1]
	[1029,201]
	[175975,1]
	[175639,2]
	[174631,1]
	[173455,1]
	[172783,1]
	[171775,1]
	[171439,1]
	[170767,1]
	[170095,1]
	[169591,1]
	[168247,1]
	[167239,1]
	[167071,1]
	[173395,1]
	[166903,2]
	[166735,1]
	[166399,1]
	[165223,1]
	[164215,1]
	[167857,1]
	[173272,1]
	[172096,1]
	[171760,1]
	[171424,2]
	[170920,1]
	[170416,1]
	[170248,1]
	[169912,1]
	[169240,1]
	[168232,1]
	[167896,1]
	[166720,1]
	[165208,1]
	[166177,1]
	[168862,1]
	[1032,192]
	[1035,167]
	[177292,1]
	[176284,1]
	[175612,1]
	[174268,1]
	[173596,1]
	[171916,1]
	[170068,1]
	[169564,1]
	[169060,1]
	[168892,1]
	[168220,1]
	[168052,2]
	[167716,2]
	[166540,1]
	[166372,2]
	[166204,1]
	[166036,1]
	[173920,1]
	[1038,210]
	[178588,1]
	[175939,1]
	[175099,1]
	[174091,1]
	[173587,1]
	[173794,1]
	[172747,1]
	[171907,1]
	[171739,1]
	[170395,1]
	[169387,1]
	[169219,1]
	[169051,1]
	[168211,3]
	[167875,1]
	[174943,1]
	[1041,206]
	[177109,2]
	[176773,1]
	[176269,2]
	[174589,1]
	[173749,1]
	[173245,1]
	[174340,1]
	[172573,1]
	[172237,2]
	[171565,1]
	[171061,2]
	[170221,2]
	[169549,1]
	[178552,1]
	[168877,1]
	[168205,1]
	[167869,1]
	[1044,191]
	[182542,1]
	[182830,1]
	[181138,1]
	[178954,1]
	[179818,1]
	[177778,1]
	[176266,2]
	[175762,1]
	[175258,1]
	[173914,1]
	[173242,1]
	[172402,1]
	[170722,2]
	[170554,1]
	[169882,3]
	[169546,1]
	[172912,1]
	[176998,1]
	[1047,191]
	[182791,1]
	[177106,1]
	[178093,1]
	[175594,1]
	[172066,1]
	[171562,1]
	[171394,1]
	[183340,1]
	[170386,1]
	[173932,1]
	[1050,197]
	[180301,1]
	[178789,1]
	[176437,1]
	[175765,1]
	[171901,1]
	[179065,1]
	[1053,178]
	[183499,1]
	[183301,1]
	[181147,1]
	[178123,1]
	[176107,1]
	[175435,1]
	[174931,1]
	[174763,1]
	[174595,1]
	[174427,1]
	[173251,1]
	[173083,1]
	[172579,1]
	[172243,2]
	[172075,2]
	[184273,1]
	[1056,190]
	[186364,1]
	[183004,1]
	[182500,1]
	[181660,1]
	[179476,1]
	[178804,1]
	[178636,1]
	[177796,1]
	[180490,1]
	[176956,1]
	[176620,1]
	[176116,2]
	[175444,1]
	[175108,1]
	[174604,2]
	[174436,1]
	[173092,2]
	[1059,185]
	[182176,2]
	[182140,1]
	[180328,1]
	[179320,1]
	[178816,1]
	[178480,1]
	[177472,1]
	[176800,1]
	[175624,3]
	[175456,1]
	[174952,1]
	[174448,1]
	[174280,2]
	[173944,1]
	[186382,1]
	[1062,190]
	[186727,1]
	[186055,1]
	[184375,1]
	[182863,1]
	[180007,1]
	[179839,1]
	[178831,1]
	[177823,1]
	[176815,1]
	[175807,1]
	[175303,1]
	[187441,1]
	[186913,1]
	[184393,1]
	[182209,1]
	[182041,1]
	[181873,1]
	[181369,2]
	[180697,1]
	[180529,1]
	[180025,1]
	[179521,1]
	[178009,1]
	[177673,2]
	[177505,1]
	[1065,205]
	[1068,189]
	[189622,2]
	[186766,1]
	[185758,1]
	[185086,1]
	[184582,1]
	[181054,1]
	[180886,1]
	[180718,1]
	[180550,1]
	[180382,1]
	[180214,2]
	[179206,1]
	[178870,1]
	[178534,1]
	[178366,2]
	[177526,1]
	[177358,1]
	[185338,1]
	[189568,1]
	[1071,187]
	[187462,1]
	[189571,1]
	[186622,1]
	[186454,2]
	[190957,1]
	[183598,1]
	[183094,1]
	[182926,1]
	[182422,1]
	[182086,2]
	[180238,1]
	[179230,1]
	[178894,2]
	[178726,2]
	[178054,1]
	[1074,177]
	[191857,1]
	[188497,1]
	[186313,1]
	[186145,1]
	[185473,1]
	[184969,2]
	[183961,1]
	[183793,1]
	[183121,1]
	[182953,2]
	[182617,1]
	[181777,1]
	[180937,1]
	[180097,1]
	[179929,2]
	[179593,1]
	[183247,1]
	[1077,191]
	[192223,1]
	[189703,1]
	[185335,1]
	[183991,1]
	[183487,1]
	[182815,1]
	[182647,1]
	[182479,1]
	[181471,2]
	[181303,1]
	[180799,1]
	[180295,2]
	[188515,2]
	[1080,186]
	[194608,1]
	[188728,1]
	[188560,1]
	[187384,1]
	[186040,1]
	[185368,3]
	[184864,1]
	[183352,1]
	[193072,1]
	[181336,1]
	[1083,168]
	[193972,1]
	[192460,1]
	[189436,1]
	[188596,1]
	[196426,1]
	[186412,1]
	[190729,1]
	[185740,1]
	[184732,1]
	[184228,1]
	[183388,1]
	[183052,1]
	[182884,2]
	[182716,1]
	[182548,1]
	[182212,1]
	[186406,1]
	[1086,181]
	[197707,1]
	[191827,1]
	[188971,1]
	[187795,1]
	[187459,1]
	[186619,1]
	[197320,1]
	[185443,2]
	[185107,1]
	[1089,180]
	[196573,1]
	[194221,1]
	[193885,1]
	[192877,1]
	[192205,2]
	[195754,1]
	[190693,1]
	[192967,1]
	[189685,1]
	[189013,1]
	[187669,1]
	[187501,2]
	[187333,2]
	[187165,1]
	[186157,1]
	[196312,1]
	[184645,1]
	[188527,1]
	[192793,2]
	[198970,1]
	[197500,2]
	[192082,1]
	[191914,1]
	[191746,1]
	[191578,1]
	[189394,1]
	[189226,1]
	[198700,1]
	[187378,1]
	[187210,1]
	[186874,1]
	[186538,1]
	[186202,3]
	[186034,1]
	[185698,2]
	[185530,3]
	[198196,1]
	[1092,159]
	[1095,166]
	[200890,1]
	[198010,1]
	[196498,1]
	[195490,1]
	[194986,2]
	[193306,1]
	[191122,1]
	[190954,1]
	[189778,1]
	[188938,1]
	[188770,1]
	[188098,1]
	[187930,1]
	[187258,1]
	[186922,1]
	[186754,1]
	[186418,1]
	[199288,1]
	[1098,199]
	[200077,1]
	[198901,1]
	[197725,1]
	[197557,1]
	[197221,1]
	[199156,1]
	[195709,1]
	[195373,1]
	[194197,1]
	[193525,2]
	[192853,1]
	[190837,2]
	[189829,1]
	[189493,1]
	[189157,1]
	[188317,1]
	[187981,1]
	[187813,1]
	[191731,1]
	[196033,1]
	[1101,188]
	[197275,1]
	[199468,1]
	[195763,1]
	[192571,1]
	[192235,1]
	[192067,1]
	[191395,1]
	[190555,1]
	[190387,1]
	[189883,1]
	[189715,1]
	[188539,1]
	[201481,1]
	[1104,162]
	[204934,1]
	[199348,1]
	[199012,1]
	[198340,1]
	[196828,2]
	[195652,1]
	[195148,1]
	[194308,1]
	[193132,1]
	[192124,1]
	[190612,1]
	[190108,3]
	[189772,1]
	[189604,1]
	[202582,1]
	[1107,174]
	[204448,1]
	[204280,1]
	[205999,1]
	[201256,2]
	[201088,1]
	[200920,1]
	[200248,1]
	[198064,1]
	[197896,1]
	[196720,1]
	[196048,1]
	[195544,1]
	[195376,1]
	[194536,2]
	[193696,2]
	[193192,1]
	[192520,1]
	[191848,1]
	[191512,1]
	[191344,1]
	[191176,1]
	[1110,164]
	[202159,1]
	[201319,1]
	[200311,1]
	[199807,1]
	[199303,1]
	[197623,1]
	[196783,1]
	[196111,1]
	[195775,1]
	[195607,1]
	[194935,1]
	[194767,1]
	[193591,1]
	[193423,1]
	[193255,1]
	[192919,1]
	[192751,1]
	[192583,1]
	[192415,1]
	[192247,1]
	[196045,1]
	[1113,173]
	[205921,1]
	[203905,1]
	[202897,1]
	[202393,1]
	[202057,1]
	[201217,1]
	[200209,1]
	[199705,1]
	[198193,1]
	[206695,1]
	[196513,1]
	[195169,1]
	[194833,1]
	[193993,1]
	[193489,1]
	[195400,1]
	[205903,1]
	[206998,1]
	[205822,1]
	[204646,1]
	[202966,1]
	[199102,1]
	[198598,1]
	[197422,1]
	[195070,1]
	[194902,2]
	[194398,1]
	[194062,1]
	[207016,1]
	[1119,156]
	[209839,1]
	[209422,1]
	[207238,1]
	[209317,1]
	[208309,1]
	[206350,1]
	[204382,1]
	[202366,1]
	[202198,1]
	[201358,1]
	[200854,1]
	[199174,1]
	[198670,1]
	[196990,2]
	[196654,1]
	[198145,1]
	[195646,1]
	[195478,1]
	[1116,171]
	[1122,186]
	[208153,1]
	[207313,1]
	[206641,1]
	[205969,1]
	[209854,1]
	[204961,1]
	[203617,2]
	[203281,1]
	[202441,1]
	[200761,1]
	[200593,1]
	[200089,1]
	[199249,1]
	[198913,1]
	[198745,1]
	[198241,1]
	[197905,2]
	[200407,1]
	[1125,172]
	[212134,1]
	[205711,2]
	[212620,1]
	[203695,1]
	[203527,1]
	[203191,1]
	[203023,1]
	[202351,1]
	[201847,1]
	[199663,1]
	[198487,1]
	[197815,1]
	[197479,1]
	[1128,166]
	[212068,1]
	[210496,1]
	[209656,1]
	[208144,2]
	[206968,1]
	[206128,1]
	[205624,1]
	[205456,1]
	[204952,1]
	[203944,1]
	[203776,1]
	[203272,1]
	[202600,1]
	[201760,1]
	[200584,1]
	[200080,1]
	[199912,2]
	[199408,1]
	[198400,1]
	[1131,189]
	[213208,2]
	[208060,2]
	[207556,2]
	[206380,1]
	[206212,1]
	[205372,1]
	[206833,1]
	[204364,1]
	[203356,1]
	[203188,1]
	[203020,2]
	[201844,1]
	[200332,1]
	[199828,1]
	[199660,1]
	[199324,1]
	[212626,1]
	[1134,155]
	[211507,1]
	[208987,1]
	[208819,1]
	[205627,1]
	[204115,1]
	[201595,1]
	[201259,1]
	[204817,1]
	[1137,175]
	[214957,1]
	[213109,1]
	[214597,1]
	[216067,1]
	[208405,1]
	[206725,1]
	[206389,1]
	[206221,1]
	[205885,1]
	[205717,1]
	[205549,2]
	[205381,1]
	[205045,2]
	[203701,1]
	[203533,1]
	[203029,1]
	[202861,1]
	[202693,1]
	[201685,1]
	[215722,1]
	[214378,1]
	[214210,2]
	[210514,1]
	[210346,1]
	[210010,1]
	[209842,1]
	[209338,1]
	[208666,1]
	[208330,1]
	[206986,1]
	[205978,1]
	[205138,1]
	[204634,2]
	[204466,1]
	[217333,1]
	[203962,1]
	[202954,1]
	[202786,1]
	[216028,1]
	[1140,173]
	[217330,1]
	[215968,1]
	[217486,1]
	[212122,1]
	[211450,1]
	[210274,1]
	[207922,1]
	[207250,1]
	[215809,1]
	[210196,1]
	[205570,2]
	[205234,1]
	[208099,1]
	[203890,1]
	[208156,1]
	[212638,1]
	[1143,155]
	[216589,1]
	[219967,1]
	[215749,1]
	[214237,1]
	[213397,1]
	[211717,1]
	[211213,1]
	[210373,1]
	[208861,1]
	[208693,1]
	[208357,1]
	[208189,1]
	[207517,1]
	[206509,1]
	[219526,1]
	[218311,1]
	[1146,149]
	[1149,180]
	[215515,1]
	[215347,1]
	[219430,2]
	[212155,2]
	[211819,1]
	[210811,2]
	[209299,1]
	[209131,1]
	[208795,1]
	[208123,1]
	[207115,2]
	[206611,1]
	[206443,3]
	[206275,1]
	[205939,1]
	[210397,2]
	[1152,162]
	[217132,1]
	[216964,1]
	[215788,1]
	[215116,1]
	[212596,2]
	[212428,1]
	[212092,1]
	[211924,1]
	[211588,1]
	[211420,1]
	[211252,1]
	[210916,1]
	[210580,2]
	[209740,1]
	[209236,1]
	[209068,1]
	[207052,1]
	[211522,2]
	[1155,187]
	[221776,2]
	[222202,1]
	[219592,1]
	[219424,1]
	[216904,1]
	[216400,1]
	[222193,1]
	[213544,2]
	[213040,1]
	[212872,1]
	[212536,1]
	[211528,1]
	[210856,1]
	[210688,1]
	[218920,1]
	[209344,1]
	[209176,2]
	[208168,1]
	[212650,2]
	[1158,159]
	[224056,1]
	[220543,1]
	[217855,1]
	[217687,1]
	[216175,1]
	[215839,1]
	[215671,1]
	[215503,1]
	[214831,1]
	[214663,1]
	[213487,1]
	[211807,1]
	[211639,1]
	[210295,1]
	[209959,1]
	[209287,1]
	[1161,165]
	[226402,1]
	[220489,1]
	[218137,1]
	[217297,1]
	[216793,1]
	[216121,1]
	[215281,1]
	[214273,2]
	[213433,1]
	[213265,1]
	[213097,1]
	[212257,2]
	[211921,1]
	[211249,1]
	[210913,1]
	[210745,1]
	[210577,1]
	[210409,1]
	[219469,1]
	[1164,159]
	[223462,1]
	[222958,1]
	[221782,1]
	[220774,1]
	[225367,1]
	[218758,1]
	[218254,1]
	[216406,2]
	[216238,1]
	[214390,1]
	[214222,2]
	[213214,1]
	[213046,1]
	[212878,1]
	[212542,1]
	[212374,1]
	[228628,3]
	[212206,1]
	[212038,2]
	[211702,1]
	[220618,1]
	[1167,140]
	[224758,1]
	[227026,1]
	[223582,1]
	[222910,1]
	[222406,1]
	[222070,2]
	[221566,1]
	[220894,1]
	[227572,1]
	[219382,1]
	[218710,1]
	[216694,1]
	[216526,1]
	[215518,3]
	[215350,1]
	[215014,1]
	[214174,1]
	[213334,1]
	[213166,1]
	[226396,2]
	[1170,147]
	[226729,1]
	[225385,1]
	[225049,1]
	[223705,1]
	[220513,1]
	[220177,1]
	[219673,1]
	[218665,1]
	[217993,1]
	[217321,1]
	[215977,1]
	[215305,2]
	[214633,1]
	[213793,1]
	[218335,1]
	[227563,1]
	[1173,146]
	[228703,1]
	[225175,1]
	[221311,1]
	[220975,1]
	[220807,1]
	[220303,1]
	[219127,1]
	[218791,2]
	[218287,1]
	[217447,1]
	[216943,1]
	[216439,1]
	[215599,1]
	[215263,1]
	[224083,2]
	[231142,1]
	[223288,1]
	[222784,1]
	[222616,1]
	[222448,1]
	[221272,1]
	[221104,1]
	[220600,1]
	[217912,1]
	[217240,1]
	[216064,1]
	[225244,1]
	[229906,1]
	[1176,153]
	[1179,139]
	[232642,1]
	[225940,1]
	[225604,2]
	[222916,1]
	[222580,1]
	[222244,1]
	[220396,1]
	[220228,1]
	[219892,1]
	[219052,1]
	[218548,1]
	[218044,1]
	[217372,1]
	[226408,1]
	[231082,1]
	[233677,1]
	[229435,1]
	[229099,1]
	[228595,1]
	[227755,1]
	[227419,1]
	[226747,1]
	[226243,1]
	[226075,1]
	[229762,1]
	[225067,1]
	[224227,1]
	[223891,1]
	[223555,1]
	[222715,1]
	[222379,1]
	[221371,1]
	[221203,1]
	[235615,1]
	[220027,1]
	[219691,1]
	[218683,1]
	[218515,2]
	[222937,1]
	[232261,1]
	[1182,172]
	[1185,157]
	[232093,1]
	[231421,1]
	[230749,1]
	[229237,1]
	[231517,1]
	[228733,1]
	[228229,1]
	[228061,1]
	[227557,1]
	[226549,1]
	[225709,1]
	[224869,1]
	[225319,1]
	[224029,1]
	[223189,1]
	[223021,1]
	[222349,1]
	[221845,3]
	[221509,1]
	[223372,1]
	[221173,1]
	[220837,1]
	[1188,145]
	[232402,1]
	[231898,1]
	[230554,1]
	[229546,1]
	[229042,1]
	[226354,1]
	[226186,1]
	[225682,1]
	[224338,1]
	[224170,1]
	[222826,1]
	[221314,1]
	[225256,1]
	[236746,1]
	[234730,1]
	[233050,1]
	[232210,1]
	[231706,1]
	[231595,1]
	[229690,1]
	[229354,1]
	[229186,1]
	[229018,1]
	[228346,2]
	[225826,1]
	[225154,1]
	[224650,1]
	[224482,2]
	[223978,1]
	[222970,1]
	[222802,1]
	[222634,1]
	[221962,2]
	[231094,1]
	[235816,1]
	[1191,147]
	[1194,157]
	[234373,1]
	[234037,1]
	[232525,1]
	[232357,1]
	[230845,1]
	[230509,1]
	[230341,1]
	[230005,1]
	[229669,1]
	[229501,1]
	[226981,1]
	[226477,1]
	[226309,1]
	[231748,1]
	[224965,1]
	[224461,1]
	[223789,1]
	[222949,1]
	[227587,1]
	[232273,1]
	[1197,161]
	[238477,1]
	[236371,1]
	[237532,3]
	[234691,1]
	[233683,1]
	[229987,1]
	[229315,1]
	[228475,1]
	[228307,1]
	[227467,1]
	[227299,1]
	[241600,1]
	[226123,1]
	[225787,1]
	[225451,3]
	[225115,1]
	[228757,1]
	[238201,1]
	[239380,1]
	[239212,1]
	[235684,1]
	[235348,1]
	[234508,1]
	[233500,2]
	[232996,1]
	[232492,1]
	[232156,1]
	[230812,1]
	[230476,1]
	[229468,2]
	[228964,1]
	[228796,1]
	[228124,1]
	[227956,1]
	[227788,1]
	[227620,1]
	[227452,1]
	[227116,1]
	[226780,1]
	[226444,1]
	[229930,1]
	[1200,143]
	[1203,146]
	[238909,1]
	[236344,2]
	[234328,1]
	[233488,2]
	[232984,1]
	[240841,1]
	[231640,1]
	[231136,1]
	[230968,1]
	[230800,1]
	[230128,1]
	[229456,1]
	[229288,1]
	[228280,1]
	[228112,1]
	[227608,1]
	[239689,1]
	[227104,1]
	[226936,1]
	[226768,1]
	[226432,1]
	[1206,148]
	[241207,1]
	[243481,1]
	[239023,2]
	[241078,1]
	[235999,1]
	[234319,2]
	[233647,2]
	[233311,1]
	[232975,1]
	[232471,1]
	[231631,1]
	[231127,1]
	[230623,1]
	[229279,2]
	[228943,1]
	[228775,1]
	[227599,1]
	[241801,2]
	[1209,148]
	[241201,1]
	[241777,1]
	[239017,3]
	[237505,1]
	[237169,2]
	[236833,1]
	[236497,1]
	[236161,1]
	[234985,2]
	[234313,2]
	[233305,2]
	[232801,2]
	[233371,1]
	[231625,1]
	[231121,1]
	[230617,1]
	[1212,147]
	[244222,1]
	[241534,1]
	[240862,1]
	[239854,1]
	[239350,1]
	[238846,2]
	[238342,1]
	[237166,1]
	[236326,1]
	[234814,2]
	[234142,2]
	[233470,1]
	[233302,1]
	[232126,1]
	[231622,1]
	[231454,2]
	[231118,1]
	[230782,1]
	[244216,1]
	[1215,144]
	[243214,1]
	[243046,1]
	[242206,1]
	[242038,1]
	[246229,1]
	[241702,1]
	[238510,1]
	[240463,1]
	[238174,1]
	[248593,1]
	[236494,1]
	[235318,2]
	[234478,1]
	[232462,1]
	[233230,1]
	[231286,1]
	[1218,139]
	[247081,1]
	[249076,1]
	[241705,1]
	[239353,1]
	[237841,1]
	[237001,1]
	[233137,1]
	[241813,1]
	[246643,1]
	[1221,133]
	[241375,1]
	[240871,1]
	[240535,1]
	[240031,1]
	[238351,1]
	[237679,1]
	[235663,1]
	[234991,1]
	[234655,1]
	[234151,1]
	[233479,2]
	[247861,1]
	[1224,137]
	[247768,1]
	[251527,1]
	[245248,2]
	[246262,1]
	[243568,1]
	[243400,1]
	[243232,2]
	[242056,1]
	[240880,1]
	[240376,1]
	[239368,1]
	[238696,1]
	[238192,1]
	[237688,1]
	[237016,1]
	[236512,1]
	[235168,1]
	[1227,148]
	[252754,1]
	[249964,1]
	[249292,2]
	[247612,3]
	[245764,1]
	[244588,1]
	[245761,1]
	[243748,1]
	[242404,1]
	[241900,1]
	[241564,2]
	[240724,2]
	[239716,1]
	[239044,1]
	[238708,1]
	[238372,2]
	[238036,2]
	[237868,1]
	[237700,1]
	[237196,3]
	[236860,1]
	[236692,1]
	[236524,1]
	[236020,1]
	[240622,3]
	[247963,1]
	[243931,1]
	[243763,1]
	[242755,1]
	[242419,1]
	[242251,1]
	[240907,1]
	[239563,1]
	[239395,1]
	[238723,1]
	[237883,1]
	[237547,1]
	[241825,1]
	[246655,2]
	[1230,149]
	[1233,135]
	[255187,1]
	[251845,1]
	[251173,1]
	[250837,1]
	[249661,1]
	[248653,1]
	[247645,1]
	[247141,1]
	[248692,1]
	[245797,1]
	[245125,1]
	[244621,1]
	[244285,1]
	[244117,1]
	[243949,1]
	[243445,1]
	[243277,1]
	[242941,1]
	[241933,1]
	[240925,2]
	[240421,1]
	[240085,1]
	[239917,1]
	[239749,1]
	[239581,1]
	[239077,1]
	[238405,1]
	[238237,2]
	[243031,1]
	[1236,147]
	[250186,1]
	[249010,1]
	[248842,1]
	[248338,1]
	[248170,1]
	[247162,1]
	[245482,1]
	[244474,1]
	[243970,1]
	[243466,1]
	[242962,1]
	[242458,1]
	[241786,1]
	[241618,1]
	[251155,1]
	[241114,1]
	[240778,1]
	[239602,1]
	[239434,1]
	[1239,128]
	[254242,1]
	[252562,1]
	[258085,2]
	[251218,1]
	[251050,1]
	[249370,1]
	[256504,1]
	[248530,1]
	[248026,1]
	[246682,1]
	[246514,1]
	[246178,1]
	[246010,1]
	[245002,1]
	[244498,2]
	[244330,1]
	[242986,1]
	[241138,1]
	[240970,1]
	[255232,1]
	[1242,152]
	[257797,1]
	[254101,1]
	[253933,1]
	[253429,1]
	[251749,1]
	[251245,1]
	[249901,1]
	[248893,1]
	[247381,1]
	[246541,1]
	[246373,1]
	[245701,1]
	[245365,1]
	[244693,1]
	[244189,1]
	[244021,1]
	[243853,1]
	[242845,2]
	[242677,1]
	[242509,1]
	[241837,1]
	[256471,1]
	[1245,138]
	[259183,1]
	[254635,1]
	[251107,1]
	[249763,1]
	[249595,1]
	[249427,1]
	[248251,1]
	[247075,1]
	[246907,1]
	[245563,2]
	[245059,1]
	[244891,1]
	[244219,1]
	[257929,1]
	[243547,1]
	[243211,1]
	[257713,1]
	[1248,120]
	[258700,1]
	[256852,1]
	[256516,1]
	[259501,1]
	[253492,1]
	[252652,1]
	[252148,1]
	[251476,1]
	[250804,1]
	[248956,1]
	[248788,2]
	[247948,1]
	[247780,1]
	[246604,1]
	[246436,1]
	[246100,1]
	[245428,2]
	[256477,1]
	[258958,1]
	[1251,144]
	[255712,2]
	[254872,2]
	[254536,1]
	[254200,2]
	[253696,1]
	[253360,1]
	[252688,2]
	[250504,1]
	[250336,1]
	[250168,1]
	[250000,2]
	[249160,1]
	[248992,1]
	[248824,2]
	[248152,1]
	[247648,1]
	[247312,1]
	[246640,2]
	[250330,1]
	[260206,2]
	[1254,127]
	[262135,1]
	[260791,1]
	[259447,1]
	[258607,1]
	[255751,1]
	[253063,1]
	[251719,1]
	[251047,1]
	[249871,1]
	[249703,1]
	[249199,1]
	[248695,1]
	[248527,1]
	[247519,1]
	[247351,1]
	[247183,1]
	[1257,121]
	[263521,1]
	[262009,1]
	[260497,1]
	[260161,1]
	[256801,1]
	[256633,1]
	[255961,1]
	[253777,1]
	[252097,1]
	[251761,1]
	[251425,1]
	[251089,1]
	[250921,1]
	[260740,1]
	[248737,1]
	[248401,2]
	[248233,1]
	[248065,1]
	[252787,1]
	[1260,122]
	[261550,1]
	[260542,1]
	[257854,1]
	[257350,1]
	[256678,1]
	[254326,1]
	[254158,1]
	[253486,1]
	[252142,1]
	[249958,1]
	[249790,2]
	[254020,2]
	[1263,126]
	[261766,1]
	[261094,2]
	[259246,1]
	[258910,1]
	[258742,1]
	[258238,1]
	[264973,1]
	[257230,1]
	[256222,2]
	[256054,1]
	[255718,1]
	[254878,1]
	[254542,1]
	[253702,1]
	[252022,1]
	[251518,1]
	[250846,1]
	[250678,2]
	[260218,1]
	[265228,1]
	[1266,127]
	[265345,1]
	[265177,1]
	[262489,2]
	[262153,1]
	[261649,1]
	[260305,1]
	[259633,1]
	[257281,1]
	[257113,1]
	[256441,2]
	[256105,1]
	[255601,1]
	[254425,1]
	[253753,1]
	[253585,1]
	[252745,1]
	[252577,2]
	[252409,1]
	[252241,1]
	[266491,2]
	[1269,127]
	[268087,1]
	[270055,1]
	[265231,1]
	[264727,1]
	[262879,1]
	[262207,1]
	[260527,1]
	[259855,1]
	[259687,1]
	[262657,1]
	[258679,1]
	[256159,1]
	[255991,1]
	[255823,1]
	[255655,1]
	[254143,2]
	[253807,1]
	[252967,1]
	[252799,1]
	[1272,121]
	[265456,1]
	[264448,1]
	[263272,1]
	[262768,1]
	[261256,1]
	[261088,1]
	[260920,1]
	[259912,1]
	[259408,1]
	[259240,1]
	[265414,1]
	[258400,1]
	[258064,1]
	[257728,1]
	[257560,1]
	[263299,1]
	[255544,1]
	[255376,4]
	[255040,1]
	[254704,1]
	[258982,1]
	[263980,1]
	[269026,1]
	[1275,109]
	[268708,1]
	[273163,1]
	[267700,1]
	[266692,2]
	[266020,1]
	[265180,1]
	[264676,2]
	[264340,2]
	[263668,1]
	[263500,1]
	[263164,2]
	[262660,1]
	[261820,1]
	[265582,1]
	[260476,1]
	[259972,1]
	[259300,1]
	[258964,1]
	[258796,1]
	[258460,1]
	[258292,1]
	[257956,1]
	[257788,1]
	[257452,1]
	[257116,1]
	[256948,1]
	[255604,1]
	[270298,1]
	[1278,131]
	[272467,1]
	[272668,1]
	[272161,1]
	[268099,1]
	[266083,1]
	[265747,1]
	[264739,1]
	[263899,1]
	[262219,1]
	[261715,1]
	[261043,1]
	[260707,1]
	[259195,2]
	[258691,1]
	[258523,2]
	[258187,1]
	[258019,1]
	[257851,1]
	[257347,1]
	[257179,1]
	[257011,1]
	[266503,1]
	[1281,118]
	[273373,1]
	[272533,1]
	[269845,1]
	[268837,1]
	[268501,1]
	[268333,1]
	[266653,2]
	[266485,1]
	[264805,1]
	[264637,1]
	[264133,1]
	[263629,1]
	[262453,1]
	[262285,1]
	[260941,2]
	[260605,1]
	[260437,1]
	[262396,1]
	[259933,1]
	[259261,2]
	[259093,1]
	[258925,1]
	[258757,1]
	[258253,1]
	[257749,1]
	[267769,2]
	[272851,1]
	[1284,119]
	[276139,1]
	[273778,1]
	[273442,1]
	[270754,1]
	[265546,1]
	[264706,1]
	[264370,1]
	[263866,1]
	[263194,1]
	[261178,1]
	[260842,1]
	[260170,2]
	[259834,1]
	[259666,1]
	[263992,2]
	[1287,128]
	[277222,2]
	[273346,1]
	[273010,1]
	[272002,1]
	[271666,1]
	[270826,1]
	[268642,1]
	[267298,1]
	[266962,1]
	[266122,1]
	[264106,1]
	[263266,1]
	[262930,1]
	[262594,1]
	[262426,1]
	[261754,1]
	[261586,1]
	[261250,1]
	[260746,2]
	[260410,1]
	[275416,2]
	[1290,115]
	[276445,1]
	[272917,1]
	[271405,1]
	[270397,1]
	[268213,1]
	[267877,2]
	[267709,1]
	[267373,1]
	[267037,1]
	[266029,1]
	[265357,1]
	[265021,1]
	[264853,1]
	[264685,1]
	[264517,1]
	[263509,2]
	[273700,1]
	[263341,1]
	[263173,1]
	[262669,1]
	[261829,1]
	[261493,1]
	[266635,1]
	[1293,96]
	[278134,1]
	[279730,1]
	[273835,1]
	[272827,1]
	[272659,1]
	[272491,1]
	[271315,1]
	[270475,1]
	[269635,1]
	[267955,1]
	[267619,1]
	[267115,1]
	[266611,1]
	[266443,1]
	[266275,1]
	[265771,1]
	[265267,1]
	[263419,1]
	[263083,3]
	[262747,1]
	[267781,1]
	[1296,115]
	[278620,1]
	[280732,1]
	[275764,1]
	[273244,1]
	[273076,1]
	[272740,1]
	[272572,1]
	[271396,1]
	[271228,1]
	[270052,1]
	[269380,1]
	[269044,2]
	[268876,1]
	[268204,1]
	[268036,1]
	[267868,1]
	[271570,1]
	[267196,1]
	[265852,1]
	[264844,1]
	[264508,1]
	[264004,1]
	[274144,1]
	[1299,93]
	[276016,1]
	[275344,1]
	[275176,1]
	[273832,1]
	[273328,1]
	[272992,1]
	[272488,1]
	[272320,1]
	[272152,1]
	[277171,1]
	[270808,1]
	[270640,1]
	[270472,1]
	[269800,1]
	[268456,1]
	[283177,1]
	[267784,1]
	[267616,1]
	[267448,1]
	[284287,1]
	[266440,1]
	[266272,1]
	[265936,1]
	[265432,1]
	[265264,1]
	[270322,1]
	[1302,109]
	[279799,1]
	[284827,1]
	[279127,1]
	[278791,1]
	[278710,1]
	[276439,1]
	[278437,1]
	[275599,1]
	[275431,1]
	[275263,1]
	[277189,1]
	[274591,1]
	[274087,1]
	[273751,1]
	[273079,1]
	[272575,2]
	[272407,1]
	[270727,1]
	[270391,1]
	[272965,1]
	[269719,1]
	[269551,1]
	[269383,1]
	[268879,1]
	[268375,2]
	[267703,1]
	[267367,1]
	[270853,1]
	[266863,1]
	[266527,1]
	[1305,92]
	[283585,1]
	[283417,1]
	[279217,1]
	[277537,1]
	[277369,1]
	[275857,1]
	[275521,1]
	[274009,3]
	[273841,1]
	[272329,1]
	[271993,1]
	[270817,1]
	[270313,1]
	[270145,1]
	[268633,1]
	[268297,3]
	[267961,1]
	[267793,1]
	[272875,1]
	[1308,101]
	[283342,1]
	[283174,1]
	[282670,1]
	[281251,1]
	[280654,1]
	[279142,1]
	[278974,1]
	[286537,1]
	[278302,1]
	[276958,1]
	[276286,1]
	[274774,1]
	[273766,1]
	[273430,1]
	[273262,1]
	[272590,1]
	[272422,1]
	[272086,1]
	[271414,1]
	[270910,1]
	[270574,1]
	[270238,1]
	[276721,1]
	[285286,1]
	[284782,1]
	[283942,1]
	[281422,1]
	[280414,1]
	[286507,1]
	[279070,1]
	[278230,2]
	[277054,1]
	[276886,1]
	[276550,1]
	[275374,1]
	[274702,1]
	[289393,1]
	[274366,1]
	[273022,1]
	[272854,1]
	[272182,1]
	[272014,1]
	[271678,1]
	[271510,1]
	[270502,1]
	[270334,1]
	[275440,1]
	[280594,1]
	[1311,82]
	[1314,91]
	[289081,1]
	[281521,1]
	[280009,1]
	[279337,1]
	[286750,1]
	[278833,1]
	[278497,1]
	[277993,1]
	[277153,1]
	[276649,1]
	[276481,1]
	[275977,1]
	[273121,2]
	[272785,1]
	[271945,1]
	[271609,1]
	[1317,102]
	[290278,1]
	[286327,1]
	[284983,1]
	[284479,1]
	[283975,1]
	[283303,2]
	[282799,1]
	[281623,1]
	[281287,1]
	[281119,1]
	[280279,1]
	[279607,2]
	[278599,1]
	[277927,1]
	[275575,1]
	[274735,1]
	[274567,2]
	[273223,1]
	[273055,1]
	[1320,92]
	[289624,1]
	[289990,1]
	[286096,1]
	[284752,1]
	[284584,1]
	[284416,1]
	[283912,1]
	[283744,1]
	[283576,1]
	[282904,1]
	[280216,1]
	[280048,1]
	[278872,2]
	[278032,1]
	[277696,1]
	[277360,1]
	[276856,1]
	[283339,1]
	[289000,1]
	[276184,1]
	[275680,1]
	[274840,1]
	[274672,1]
	[274504,1]
	[1323,97]
	[291580,2]
	[287044,2]
	[290836,1]
	[285196,1]
	[285028,1]
	[284860,2]
	[284188,1]
	[283348,1]
	[282844,1]
	[282676,1]
	[282340,1]
	[282172,1]
	[281836,1]
	[280660,1]
	[280492,1]
	[279988,1]
	[279820,1]
	[278644,1]
	[276796,2]
	[276628,1]
	[276292,1]
	[276124,1]
	[275788,1]
	[285808,1]
	[1326,108]
	[294778,1]
	[293203,1]
	[292699,1]
	[291691,1]
	[291355,1]
	[289339,1]
	[288835,1]
	[293653,1]
	[287491,1]
	[286819,1]
	[286651,1]
	[285139,1]
	[284971,1]
	[287785,1]
	[284635,1]
	[283123,1]
	[282283,1]
	[282115,1]
	[281947,2]
	[281107,1]
	[279931,1]
	[279763,1]
	[278923,1]
	[277243,2]
	[277075,1]
	[276739,1]
	[281905,2]
	[1329,87]
	[295816,1]
	[289957,1]
	[289621,1]
	[288613,1]
	[287773,1]
	[286765,1]
	[286597,3]
	[288244,1]
	[285925,1]
	[285757,1]
	[285421,1]
	[285253,1]
	[284077,1]
	[283573,1]
	[289810,1]
	[282565,1]
	[281893,1]
	[281725,1]
	[280885,1]
	[280045,1]
	[279037,2]
	[278701,1]
	[278365,1]
	[288433,1]
	[293938,1]
	[291754,1]
	[290746,1]
	[290242,1]
	[289570,1]
	[289066,1]
	[285370,1]
	[284866,1]
	[284530,1]
	[283858,1]
	[283522,1]
	[282346,1]
	[282178,1]
	[281842,1]
	[281674,1]
	[281506,1]
	[281002,1]
	[279322,1]
	[295036,1]
	[1332,91]
	[1335,100]
	[296410,1]
	[294562,1]
	[293722,1]
	[293386,1]
	[294013,1]
	[292882,1]
	[291874,1]
	[291202,1]
	[290362,1]
	[288178,1]
	[288010,1]
	[287842,1]
	[286330,1]
	[285826,1]
	[285658,2]
	[285490,1]
	[285154,1]
	[289504,1]
	[283810,1]
	[283474,1]
	[283138,1]
	[282298,1]
	[281962,2]
	[280786,2]
	[280618,1]
	[285820,2]
	[291142,1]
	[296368,2]
	[1338,109]
	[298213,1]
	[297037,1]
	[294517,1]
	[297361,2]
	[290989,1]
	[289981,1]
	[289813,1]
	[289645,1]
	[288301,1]
	[287629,1]
	[287293,2]
	[300376,1]
	[287125,1]
	[286453,2]
	[286285,1]
	[285781,1]
	[285613,1]
	[285277,2]
	[285109,1]
	[284101,1]
	[283933,1]
	[283765,1]
	[283093,1]
	[282253,1]
	[1341,92]
	[300187,1]
	[297163,1]
	[294979,1]
	[292963,1]
	[292123,1]
	[291787,1]
	[290275,1]
	[289603,1]
	[288931,1]
	[288763,1]
	[287923,1]
	[291925,1]
	[292135,1]
	[286579,1]
	[286411,1]
	[285907,1]
	[285739,1]
	[285571,1]
	[301720,1]
	[284395,1]
	[283891,2]
	[283555,1]
	[288445,1]
	[293719,1]
	[1344,85]
	[301828,1]
	[301492,1]
	[300820,1]
	[296284,1]
	[295444,1]
	[293428,2]
	[292924,1]
	[292252,1]
	[291916,1]
	[290572,1]
	[289900,1]
	[289732,1]
	[289564,1]
	[288388,1]
	[288052,1]
	[287716,3]
	[297217,1]
	[286204,1]
	[285868,1]
	[300382,1]
	[1347,70]
	[302968,1]
	[300784,1]
	[300280,2]
	[303553,1]
	[296080,1]
	[295576,2]
	[294064,1]
	[293896,1]
	[292048,1]
	[291712,1]
	[291040,1]
	[289696,1]
	[289192,1]
	[288856,1]
	[288016,1]
	[287680,2]
	[287008,1]
	[288883,1]
	[291082,1]
	[301726,1]
	[1350,80]
	[302872,1]
	[302296,1]
	[300751,1]
	[300079,1]
	[297223,1]
	[296215,1]
	[295711,1]
	[294871,1]
	[294382,1]
	[292015,1]
	[291679,1]
	[291511,1]
	[291343,1]
	[291007,1]
	[290839,1]
	[292504,1]
	[289831,2]
	[289495,1]
	[289159,1]
	[288151,1]
	[287311,1]
	[292405,1]
	[300889,1]
	[300049,1]
	[299545,1]
	[305380,1]
	[298201,1]
	[297865,1]
	[307126,1]
	[294841,1]
	[294505,1]
	[294169,1]
	[293161,3]
	[291985,1]
	[291649,1]
	[291313,1]
	[295771,1]
	[290809,1]
	[289969,1]
	[289801,1]
	[289297,2]
	[293731,2]
	[299053,1]
	[1353,74]
	[1356,84]
	[303046,1]
	[302542,1]
	[302374,1]
	[302038,1]
	[301366,1]
	[301198,1]
	[308485,1]
	[299854,2]
	[299686,1]
	[299014,1]
	[298510,3]
	[296494,3]
	[295150,1]
	[304567,1]
	[294142,1]
	[293470,1]
	[293134,1]
	[292462,1]
	[292294,1]
	[292126,1]
	[291790,1]
	[290950,1]
	[290614,1]
	[295060,1]
	[300394,1]
	[1359,83]
	[308722,1]
	[304030,1]
	[303862,1]
	[303358,1]
	[302182,1]
	[300670,1]
	[299830,1]
	[299326,2]
	[299158,1]
	[297814,1]
	[297142,1]
	[296638,1]
	[297094,1]
	[295630,1]
	[295462,1]
	[294622,1]
	[293278,1]
	[293110,1]
	[292942,1]
	[292438,1]
	[292270,1]
	[292102,1]
	[291094,1]
	[296392,2]
	[1362,67]
	[306865,1]
	[306361,1]
	[305689,1]
	[304513,1]
	[302161,1]
	[298969,1]
	[298801,1]
	[297289,1]
	[295945,2]
	[295777,1]
	[295609,2]
	[294769,1]
	[294601,2]
	[294433,1]
	[293089,1]
	[292585,1]
	[303085,1]
	[310543,1]
	[307183,1]
	[306175,1]
	[306007,1]
	[305503,1]
	[303655,1]
	[307408,1]
	[303319,1]
	[301807,1]
	[301471,1]
	[301303,1]
	[300799,1]
	[300295,1]
	[305488,1]
	[299455,1]
	[298951,2]
	[298783,1]
	[298615,1]
	[306523,1]
	[297607,1]
	[297439,1]
	[295927,1]
	[295591,1]
	[295255,1]
	[295087,1]
	[294583,1]
	[294247,1]
	[293743,1]
	[305905,1]
	[299065,2]
	[1365,82]
	[1368,87]
	[309520,2]
	[307840,1]
	[306832,1]
	[305320,1]
	[304984,1]
	[304648,1]
	[310621,1]
	[303304,1]
	[302632,2]
	[301624,1]
	[301456,1]
	[300112,1]
	[299608,1]
	[299440,1]
	[298096,1]
	[297760,1]
	[297256,1]
	[295240,1]
	[295072,1]
	[305788,2]
	[309508,1]
	[305980,1]
	[305644,1]
	[305476,2]
	[305140,2]
	[306745,1]
	[303796,1]
	[303628,1]
	[303460,1]
	[302620,2]
	[302116,1]
	[300772,1]
	[300436,1]
	[299764,1]
	[299596,2]
	[298924,1]
	[298588,1]
	[298084,2]
	[297748,1]
	[297580,1]
	[297244,1]
	[296908,1]
	[296740,1]
	[301870,1]
	[307144,3]
	[1371,72]
	[1374,61]
	[316360,1]
	[310843,1]
	[310507,3]
	[309835,2]
	[309667,1]
	[309499,1]
	[307147,1]
	[308617,1]
	[305803,1]
	[305131,2]
	[304291,2]
	[302611,1]
	[302443,1]
	[302107,2]
	[301771,1]
	[300931,1]
	[300763,1]
	[299923,1]
	[299083,1]
	[298915,1]
	[298243,1]
	[298075,1]
	[297907,1]
	[308503,1]
	[1377,68]
	[315709,1]
	[314029,1]
	[318082,1]
	[312349,2]
	[315907,1]
	[309661,1]
	[309493,1]
	[309157,2]
	[308989,1]
	[307981,1]
	[311629,1]
	[307813,1]
	[307309,1]
	[306301,1]
	[305965,2]
	[304621,1]
	[303781,2]
	[303277,2]
	[302941,1]
	[302269,1]
	[302101,1]
	[301429,1]
	[301261,1]
	[300757,1]
	[300253,1]
	[299917,1]
	[299749,1]
	[299581,1]
	[299413,2]
	[299245,1]
	[1380,65]
	[318058,1]
	[318397,1]
	[315202,1]
	[313354,1]
	[312010,1]
	[311338,2]
	[311170,1]
	[309658,1]
	[308650,1]
	[308146,1]
	[305962,1]
	[306439,1]
	[305290,1]
	[304618,1]
	[304114,1]
	[303778,1]
	[303106,3]
	[302098,1]
	[300922,1]
	[300754,1]
	[300586,2]
	[305800,1]
	[311230,1]
	[1383,65]
	[319066,1]
	[316210,1]
	[315034,1]
	[314530,1]
	[314194,1]
	[316504,1]
	[313018,1]
	[320851,2]
	[309826,2]
	[317401,1]
	[308314,1]
	[307978,1]
	[307810,1]
	[307642,1]
	[307138,2]
	[306130,1]
	[304954,1]
	[304450,1]
	[303610,1]
	[303442,1]
	[302770,3]
	[302602,1]
	[302434,1]
	[301930,1]
	[301762,1]
	[312598,1]
	[1386,66]
	[317725,1]
	[319588,1]
	[315037,1]
	[314869,1]
	[313861,1]
	[312853,1]
	[320107,1]
	[311845,1]
	[311341,1]
	[311005,1]
	[310837,1]
	[308317,1]
	[307477,1]
	[307141,1]
	[306805,2]
	[306637,1]
	[304789,1]
	[304453,3]
	[304117,1]
	[320251,1]
	[319915,1]
	[316723,1]
	[316051,1]
	[315043,1]
	[314875,1]
	[313699,1]
	[313027,1]
	[312355,2]
	[311683,1]
	[311347,1]
	[310339,1]
	[310003,1]
	[306979,1]
	[306643,1]
	[304627,3]
	[1389,57]
	[1392,63]
	[314884,1]
	[314716,1]
	[313708,1]
	[313540,2]
	[312700,1]
	[311860,1]
	[311692,1]
	[311524,2]
	[310852,1]
	[310684,1]
	[309676,1]
	[309172,1]
	[308332,2]
	[307492,1]
	[306988,1]
	[306820,1]
	[306316,2]
	[305812,1]
	[311242,2]
	[316720,1]
	[1395,61]
	[323968,1]
	[323266,1]
	[320104,2]
	[319936,2]
	[319432,1]
	[317920,2]
	[317584,2]
	[317416,2]
	[316240,1]
	[314392,1]
	[313888,1]
	[313048,1]
	[311704,1]
	[311032,1]
	[310696,1]
	[309184,1]
	[308680,1]
	[307336,2]
	[1398,62]
	[327826,1]
	[326368,1]
	[319951,1]
	[319615,1]
	[319279,1]
	[318943,1]
	[317935,1]
	[316927,1]
	[316759,1]
	[316255,1]
	[314743,1]
	[314575,1]
	[322147,1]
	[312391,2]
	[311719,1]
	[311551,1]
	[311047,1]
	[310207,1]
	[310039,1]
	[309871,1]
	[309703,1]
	[309367,2]
	[308695,2]
	[319483,1]
	[327529,1]
	[321985,1]
	[320809,2]
	[320305,1]
	[318625,1]
	[316609,1]
	[315769,1]
	[314089,2]
	[313753,1]
	[312241,1]
	[311737,1]
	[310561,1]
	[310225,2]
	[330586,1]
	[1401,47]
	[1404,59]
	[328243,1]
	[320998,2]
	[320662,1]
	[320326,1]
	[319822,1]
	[319318,1]
	[318814,1]
	[318310,1]
	[317302,1]
	[316966,2]
	[316798,1]
	[316462,1]
	[315286,1]
	[314950,1]
	[314614,1]
	[314446,1]
	[312262,1]
	[312094,1]
	[311590,1]
	[311254,1]
	[322258,1]
	[327832,2]
	[330598,1]
	[327406,1]
	[326734,1]
	[326062,1]
	[325894,1]
	[325726,1]
	[325390,1]
	[324718,1]
	[324214,1]
	[323878,1]
	[322870,1]
	[321694,1]
	[332047,1]
	[320182,1]
	[317662,1]
	[317326,2]
	[316318,1]
	[314974,1]
	[314806,1]
	[314638,1]
	[313126,1]
	[312958,1]
	[312622,1]
	[318112,1]
	[320875,1]
	[1410,52]
	[330175,1]
	[328441,1]
	[328105,1]
	[327265,1]
	[328114,1]
	[323401,1]
	[323233,1]
	[322561,1]
	[322393,1]
	[322225,1]
	[322057,1]
	[321385,1]
	[320209,2]
	[320041,2]
	[319369,1]
	[319201,1]
	[318865,1]
	[317521,1]
	[326269,1]
	[315505,2]
	[315337,1]
	[315169,1]
	[315001,1]
	[314161,1]
	[313993,1]
	[319495,2]
	[1407,49]
	[1413,51]
	[332503,1]
	[332029,1]
	[330655,1]
	[330319,2]
	[329983,1]
	[329479,1]
	[329311,1]
	[328135,1]
	[326791,1]
	[326287,1]
	[325615,1]
	[325447,1]
	[325111,1]
	[324943,1]
	[324607,1]
	[324103,1]
	[323263,1]
	[323095,1]
	[322591,1]
	[321751,1]
	[321583,1]
	[321247,3]
	[320911,1]
	[320743,2]
	[320071,1]
	[319567,1]
	[319063,2]
	[318727,1]
	[318559,1]
	[318055,1]
	[317215,1]
	[316711,1]
	[316543,1]
	[315703,2]
	[315535,1]
	[1416,46]
	[332704,1]
	[332368,1]
	[332032,1]
	[329848,1]
	[329008,1]
	[333100,1]
	[328336,1]
	[326992,1]
	[326320,1]
	[325312,1]
	[324808,1]
	[323464,1]
	[334450,1]
	[321112,1]
	[320944,1]
	[320272,1]
	[319264,1]
	[318088,2]
	[327844,1]
	[1419,48]
	[336811,1]
	[333412,2]
	[330220,4]
	[328708,1]
	[328540,1]
	[328372,1]
	[328204,2]
	[327700,1]
	[327364,1]
	[327028,1]
	[326692,1]
	[324508,1]
	[324340,1]
	[323668,1]
	[323332,1]
	[322156,1]
	[321988,1]
	[321652,1]
	[320812,1]
	[320476,1]
	[320140,1]
	[319468,1]
	[319132,2]
	[318124,1]
	[323662,1]
	[329248,2]
	[1422,43]
	[336643,1]
	[333115,1]
	[332107,1]
	[330259,1]
	[329755,1]
	[329587,1]
	[329419,2]
	[327739,1]
	[326563,1]
	[325555,1]
	[324883,1]
	[324547,1]
	[323539,2]
	[323371,1]
	[323035,2]
	[322531,1]
	[322027,1]
	[321859,1]
	[321691,1]
	[321355,1]
	[321187,1]
	[320347,1]
	[319675,1]
	[325057,3]
	[1425,57]
	[340243,1]
	[337567,1]
	[333325,1]
	[332821,2]
	[330805,2]
	[330301,1]
	[329629,1]
	[328957,1]
	[328117,1]
	[327949,1]
	[326437,2]
	[326101,1]
	[325933,1]
	[325765,1]
	[324757,1]
	[323917,1]
	[323581,1]
	[323245,1]
	[322741,1]
	[322405,1]
	[322237,1]
	[321397,1]
	[332065,1]
	[337723,1]
	[1428,41]
	[336394,1]
	[338788,1]
	[335050,1]
	[332698,1]
	[338371,1]
	[331018,1]
	[329842,2]
	[342001,1]
	[327154,2]
	[326818,1]
	[325810,1]
	[325306,1]
	[324970,1]
	[324802,1]
	[324466,2]
	[324130,2]
	[323794,1]
	[323122,1]
	[322618,1]
	[339148,2]
	[1431,36]
	[340810,1]
	[338122,1]
	[336442,1]
	[342424,1]
	[335602,1]
	[334594,1]
	[333082,1]
	[331906,1]
	[336199,1]
	[330394,1]
	[329722,1]
	[328714,2]
	[328378,1]
	[328042,1]
	[327874,1]
	[327370,1]
	[327034,1]
	[326362,1]
	[326026,1]
	[325522,1]
	[325018,2]
	[324850,1]
	[324178,1]
	[323842,1]
	[337873,1]
	[334894,1]
	[340576,1]
	[1434,42]
	[341029,1]
	[336829,1]
	[335485,2]
	[335317,1]
	[333301,1]
	[332629,1]
	[330949,1]
	[330781,1]
	[341875,1]
	[330109,1]
	[329437,1]
	[328597,2]
	[328429,1]
	[328261,1]
	[327925,1]
	[327589,1]
	[327085,1]
	[326749,2]
	[326581,1]
	[326413,1]
	[325909,1]
	[325741,1]
	[330667,2]
	[342007,2]
	[1437,51]
	[344317,2]
	[340411,1]
	[339403,1]
	[339235,1]
	[337219,1]
	[335539,1]
	[335371,1]
	[334867,1]
	[334363,1]
	[333355,1]
	[332683,1]
	[332011,1]
	[331675,2]
	[331507,2]
	[331171,2]
	[331003,2]
	[330835,1]
	[330499,1]
	[330163,1]
	[329491,1]
	[329155,1]
	[328987,1]
	[328147,1]
	[327307,2]
	[336652,1]
	[326635,1]
	[332077,1]
	[343441,1]
	[346207,1]
	[342820,1]
	[340972,1]
	[340804,1]
	[340636,1]
	[340132,1]
	[338452,1]
	[338116,1]
	[337948,1]
	[337612,1]
	[336100,1]
	[335092,1]
	[334588,1]
	[334420,1]
	[334084,1]
	[333748,1]
	[333580,1]
	[332572,1]
	[332404,1]
	[332236,1]
	[332068,1]
	[331396,1]
	[330892,1]
	[329716,1]
	[329044,1]
	[1440,30]
	[1443,41]
	[344728,1]
	[343216,1]
	[341200,1]
	[340864,1]
	[339184,1]
	[339016,1]
	[338680,1]
	[338344,1]
	[338008,1]
	[337336,1]
	[337000,1]
	[336664,2]
	[335824,1]
	[335488,1]
	[334480,1]
	[334144,1]
	[333640,2]
	[333304,1]
	[332968,1]
	[332128,1]
	[331792,2]
	[331456,1]
	[331288,1]
	[331120,1]
	[330280,1]
	[329944,1]
	[329608,1]
	[329440,1]
	[329272,1]
	[1446,27]
	[348286,1]
	[346525,1]
	[348370,1]
	[342439,2]
	[342271,1]
	[340255,1]
	[339751,1]
	[339247,1]
	[338743,1]
	[337735,1]
	[336727,1]
	[336559,1]
	[336391,2]
	[335383,1]
	[334543,1]
	[334039,1]
	[332863,1]
	[332695,1]
	[332527,1]
	[342955,1]
	[332359,1]
	[331855,1]
	[331687,1]
	[331519,1]
	[331351,2]
	[331183,2]
	[330847,1]
	[347761,1]
	[348553,1]
	[347713,1]
	[347041,1]
	[346369,3]
	[345865,1]
	[345697,1]
	[344857,1]
	[344521,1]
	[343345,1]
	[343009,1]
	[345547,1]
	[342169,2]
	[341833,2]
	[341497,1]
	[341161,1]
	[340993,1]
	[339817,1]
	[339481,1]
	[338977,1]
	[338809,1]
	[337969,1]
	[336457,1]
	[335785,1]
	[335449,1]
	[334273,1]
	[333433,1]
	[333265,2]
	[332593,1]
	[332257,1]
	[343453,1]
	[1449,23]
	[1452,39]
	[351310,1]
	[351856,1]
	[349126,1]
	[348454,1]
	[354004,1]
	[346942,1]
	[344926,1]
	[344086,2]
	[343582,1]
	[342910,1]
	[342406,1]
	[341734,1]
	[341398,1]
	[340054,1]
	[353557,1]
	[338878,1]
	[338710,1]
	[338542,1]
	[338038,1]
	[337702,1]
	[337534,1]
	[342172,1]
	[336526,1]
	[336022,3]
	[335686,1]
	[335518,1]
	[335182,3]
	[334846,1]
	[333838,1]
	[333670,2]
	[333502,2]
	[339172,2]
	[344890,1]
	[349702,1]
	[349030,1]
	[348358,1]
	[347686,1]
	[347182,1]
	[345838,1]
	[344998,1]
	[343990,1]
	[342982,1]
	[342646,1]
	[341806,1]
	[341470,1]
	[340966,1]
	[340126,1]
	[339958,1]
	[339454,2]
	[338446,1]
	[337438,1]
	[336598,1]
	[336094,1]
	[349549,1]
	[335422,1]
	[335254,2]
	[335086,1]
	[334918,1]
	[352108,1]
	[1455,34]
	[1458,23]
	[353977,1]
	[355069,1]
	[352633,1]
	[352297,1]
	[350449,1]
	[348601,1]
	[349579,2]
	[347089,1]
	[345241,2]
	[344905,1]
	[342721,1]
	[342385,1]
	[354355,1]
	[341041,2]
	[340033,1]
	[339865,1]
	[339361,2]
	[338689,1]
	[338521,1]
	[337345,1]
	[336505,1]
	[336337,1]
	[1461,22]
	[356071,1]
	[354727,1]
	[354559,1]
	[354055,1]
	[352879,1]
	[352543,1]
	[350863,1]
	[349687,1]
	[349519,1]
	[349351,1]
	[346495,1]
	[346159,2]
	[345991,1]
	[345655,1]
	[345319,1]
	[345151,1]
	[344983,1]
	[344815,1]
	[344647,1]
	[344311,1]
	[342127,1]
	[341623,1]
	[341119,1]
	[340279,1]
	[356695,1]
	[339943,2]
	[339775,1]
	[339607,1]
	[339103,1]
	[338935,1]
	[338599,1]
	[337927,1]
	[355021,2]
	[1464,26]
	[358504,1]
	[355984,1]
	[354808,1]
	[354304,1]
	[352624,1]
	[349432,2]
	[353035,1]
	[348760,1]
	[348424,1]
	[347584,1]
	[346744,1]
	[346576,1]
	[346408,1]
	[345736,1]
	[360394,1]
	[344560,1]
	[344392,2]
	[344056,2]
	[343720,1]
	[342712,1]
	[340528,1]
	[340360,1]
	[339856,1]
	[339520,1]
	[339352,1]
	[356482,1]
	[1467,18]
	[360082,1]
	[353548,1]
	[353212,2]
	[352708,3]
	[351532,1]
	[351028,1]
	[350356,1]
	[348172,1]
	[348004,1]
	[346996,1]
	[346660,1]
	[346156,1]
	[345820,1]
	[344644,1]
	[344476,1]
	[344308,1]
	[344140,1]
	[343468,1]
	[343132,2]
	[342964,1]
	[342796,1]
	[342628,1]
	[342124,2]
	[341788,1]
	[341452,1]
	[340612,2]
	[346342,2]
	[1470,19]
	[360073,1]
	[357835,1]
	[355147,1]
	[354307,1]
	[353635,1]
	[353131,1]
	[352795,1]
	[352627,1]
	[351115,1]
	[350779,1]
	[349771,1]
	[348091,1]
	[346915,2]
	[346579,2]
	[345571,1]
	[345403,1]
	[344899,2]
	[344227,2]
	[343555,1]
	[343219,1]
	[343051,1]
	[342715,1]
	[342547,1]
	[342379,1]
	[342043,1]
	[347785,1]
	[1473,15]
	[359437,2]
	[359101,1]
	[354565,1]
	[353725,1]
	[353221,1]
	[352885,1]
	[352717,1]
	[350701,1]
	[349861,1]
	[349357,2]
	[356602,1]
	[349189,1]
	[348853,1]
	[348517,1]
	[348349,1]
	[347173,1]
	[346669,1]
	[344149,1]
	[343645,2]
	[349231,1]
	[360883,1]
	[1476,21]
	[365305,2]
	[359698,1]
	[358858,1]
	[358354,1]
	[363019,1]
	[356674,1]
	[353650,1]
	[353146,2]
	[352642,1]
	[352306,1]
	[351130,1]
	[349618,1]
	[349114,1]
	[347602,1]
	[353209,1]
	[346090,1]
	[350680,1]
	[362356,2]
	[365506,1]
	[364162,1]
	[361978,1]
	[361306,1]
	[360802,1]
	[359458,2]
	[358618,1]
	[357946,1]
	[357610,1]
	[355594,1]
	[354922,1]
	[354082,1]
	[353914,1]
	[353746,1]
	[353074,1]
	[352906,1]
	[352234,3]
	[352066,2]
	[350554,3]
	[350218,1]
	[349546,1]
	[348874,1]
	[348202,1]
	[347194,1]
	[346690,2]
	[346522,1]
	[346354,1]
	[352132,1]
	[1479,15]
	[1482,11]
	[361741,1]
	[360901,1]
	[357709,1]
	[356701,1]
	[355861,1]
	[355525,2]
	[355189,1]
	[354685,1]
	[354517,1]
	[354181,1]
	[353677,1]
	[353173,1]
	[352501,1]
	[367150,1]
	[351661,1]
	[351493,1]
	[349813,2]
	[349309,1]
	[348301,1]
	[348133,2]
	[347965,2]
	[347797,1]
	[1485,11]
	[365035,1]
	[363691,1]
	[370240,1]
	[362347,1]
	[361675,1]
	[361507,1]
	[360499,1]
	[359155,2]
	[358987,1]
	[362860,1]
	[370624,1]
	[357139,1]
	[356803,1]
	[355459,1]
	[365710,1]
	[355123,1]
	[353275,1]
	[350923,1]
	[350587,1]
	[350419,1]
	[350251,1]
	[350083,1]
	[349915,1]
	[349747,1]
	[349411,1]
	[349243,1]
	[355045,1]
	[1488,11]
	[365812,1]
	[362116,1]
	[361612,1]
	[360940,2]
	[359092,1]
	[358588,1]
	[358252,1]
	[357916,1]
	[355900,1]
	[355396,1]
	[355060,1]
	[354724,1]
	[355573,1]
	[352372,1]
	[352036,2]
	[351868,3]
	[350692,1]
	[368278,1]
	[1491,8]
	[369952,1]
	[366424,2]
	[366088,1]
	[365080,2]
	[364408,2]
	[362896,1]
	[362392,1]
	[361888,1]
	[361552,1]
	[360544,1]
	[359200,1]
	[369865,1]
	[358696,1]
	[358360,1]
	[358024,1]
	[357184,1]
	[356512,1]
	[356344,2]
	[368095,1]
	[359677,1]
	[354664,1]
	[354328,1]
	[353488,1]
	[353320,1]
	[352816,1]
	[352144,2]
	[357970,1]
	[363844,1]
	[1494,6]
	[369559,1]
	[365863,1]
	[363511,1]
	[363343,1]
	[363007,1]
	[362839,1]
	[368551,1]
	[362503,1]
	[362335,1]
	[362167,1]
	[361663,1]
	[361327,1]
	[367207,1]
	[358303,1]
	[357967,2]
	[357799,1]
	[357631,1]
	[357127,1]
	[356623,1]
	[355447,1]
	[371569,1]
	[355111,3]
	[354943,1]
	[354775,1]
	[354103,1]
	[371257,1]
	[1497,4]
	[372529,1]
	[371689,1]
	[372547,1]
	[368329,1]
	[367825,2]
	[366145,1]
	[363289,1]
	[362953,1]
	[362281,1]
	[361945,1]
	[361777,1]
	[361441,1]
	[360769,1]
	[360265,1]
	[359761,1]
	[359257,1]
	[358921,1]
	[358249,1]
	[357913,1]
	[357745,1]
	[357577,1]
	[357241,1]
	[356905,1]
	[356065,1]
	[355897,1]
	[355561,1]
	[355393,1]
	[361027,1]
	[360907,1]
	[372751,1]
	[1500,2]

1408,
	[26,2]
	[47,1]
	[104,1]
	[137,2]
	[128,1]
	[132,1]
	[63,1]
	[54,1]
	[117,3]
	[207,2]
	[222,4]
	[204,3]
	[288,3]
	[119,1]
	[303,1]
	[17,1]
	[201,1]
	[89,1]
	[261,3]
	[45,1]
	[315,2]
	[123,2]
	[294,2]
	[339,1]
	[48,1]
	[69,2]
	[75,1]
	[105,1]
	[216,2]
	[180,1]
	[321,1]
	[135,4]
	[183,1]
	[35,3]
	[369,2]
	[426,1]
	[156,1]
	[447,1]
	[306,3]
	[77,1]
	[243,1]
	[249,2]
	[312,1]
	[438,3]
	[86,1]
	[159,2]
	[71,1]
	[357,2]
	[489,1]
	[92,3]
	[185,1]
	[30205,1]
	[480,2]
	[21,1]
	[141,2]
	[330,1]
	[399,3]
	[387,3]
	[441,2]
	[56,1]
	[153,3]
	[435,1]
	[393,2]
	[549,3]
	[471,2]
	[405,2]
	[282,3]
	[144,2]
	[348,2]
	[576,2]
	[126,2]
	[237,2]
	[585,1]
	[648,3]
	[498,3]
	[174,1]
	[23,1]
	[189,3]
	[537,3]
	[240,3]
	[98,2]
	[318,3]
	[129,1]
	[114,1]
	[528,2]
	[279,2]
	[516,2]
	[522,1]
	[60,1]
	[696,4]
	[219,5]
	[672,2]
	[726,1]
	[44,1]
	[504,2]
	[735,5]
	[492,3]
	[777,2]
	[660,1]
	[564,2]
	[780,2]
	[414,3]
	[789,1]
	[68,1]
	[291,2]
	[597,1]
	[507,1]
	[579,3]
	[510,2]
	[624,1]
	[642,3]
	[62,2]
	[840,1]
	[423,2]
	[621,1]
	[846,1]
	[483,1]
	[738,3]
	[264,1]
	[345,2]
	[699,1]
	[459,1]
	[32,1]
	[252,1]
	[636,1]
	[270,3]
	[420,1]
	[825,3]
	[603,2]
	[894,1]
	[786,1]
	[918,2]
	[678,3]
	[462,3]
	[897,1]
	[513,2]
	[723,2]
	[810,2]
	[753,3]
	[831,2]
	[954,1]
	[210,2]
	[267,1]
	[327,1]
	[732,1]
	[53,1]
	[978,1]
	[741,1]
	[768,3]
	[147,1]
	[591,2]
	[609,4]
	[171,1]
	[993,3]
	[1002,3]
	[95,1]
	[654,2]
	[113,1]
	[333,1]
	[795,1]
	[693,3]
	[843,2]
	[231,1]
	[684,3]
	[927,3]
	[101,1]
	[390,3]
	[1053,1]
	[555,2]
	[612,1]
	[867,4]
	[228,1]
	[1011,1]
	[765,3]
	[29,2]
	[567,3]
	[38,1]
	[849,1]
	[495,1]
	[627,1]
	[645,1]
	[363,1]
	[324,3]
	[798,2]
	[1041,1]
	[1071,1]
	[690,2]
	[417,2]
	[822,1]
	[783,1]
	[858,1]
	[882,2]
	[1023,1]
	[138,1]
	[186,1]
	[246,2]
	[939,1]
	[972,1]
	[1146,2]
	[1167,1]
	[819,1]
	[1086,2]
	[960,1]
	[1134,2]
	[258,2]
	[408,1]
	[1050,1]
	[150,1]
	[582,1]
	[1152,1]
	[1191,1]
	[210256,1]
	[50,1]
	[165,1]
	[116,1]
	[990,3]
	[456,2]
	[432,2]
	[1119,2]
	[687,2]
	[942,1]
	[1029,1]
	[720,1]
	[1077,2]
	[1275,1]
	[984,1]
	[807,1]
	[266716,1]
	[192,2]
	[999,1]
	[1284,2]
	[501,2]
	[666,2]
	[855,1]
	[228160,1]
	[600,2]
	[630,2]
	[903,1]
	[1185,1]
	[14,1]
	[837,1]
	[1242,1]
	[1062,1]
	[1374,2]
	[1296,1]
	[381,1]
	[975,1]
	[570,1]
	[1245,2]
	[1323,1]
	[1401,1]
	[930,2]
	[1194,1]
	[195,1]
	[828,1]
	[801,1]
	[309,1]
	[1068,1]
	[675,1]
	[1227,1]
	[80,1]
	[924,1]
	[1392,1]
	[966,1]
	[963,1]
	[981,1]
	[1098,1]
	[1260,1]
	[1332,1]
	[1074,2]
	[1230,1]
	[1266,1]
	[234,1]
	[750,1]
	[639,1]
	[1383,1]
	[540,1]
	[774,1]
	[342,1]
	[534,1]
	[885,1]
	[1176,1]
	[1320,1]
	[1317,1]

1460,
	[2,3518]
	[3,72011]
	[12,4]
	[51,2]
	[54,4]
	[60,3]
	[30,5]
	[36,4]
	[63,3]
	[18,1]
	[129,3]
	[117,8]
	[57,6]
	[42,3]
	[120,8]
	[78,8]
	[135,7]
	[141,7]
	[186,8]
	[2074,1]
	[144,9]
	[168,6]
	[153,5]
	[183,6]
	[75,6]
	[231,13]
	[27,5]
	[114,5]
	[159,8]
	[162,9]
	[253,1]
	[210,13]
	[216,7]
	[228,10]
	[132,5]
	[192,4]
	[343,1]
	[234,8]
	[3217,1]
	[102,7]
	[240,10]
	[156,9]
	[174,7]
	[246,16]
	[225,11]
	[273,11]
	[105,8]
	[198,7]
	[204,8]
	[279,13]
	[282,14]
	[84,4]
	[138,4]
	[261,13]
	[66,4]
	[306,10]
	[87,5]
	[99,5]
	[213,10]
	[318,8]
	[126,2]
	[312,13]
	[294,8]
	[607,1]
	[324,9]
	[336,19]
	[201,9]
	[333,11]
	[69,3]
	[219,7]
	[351,12]
	[342,14]
	[165,5]
	[309,8]
	[360,15]
	[3487,1]
	[381,12]
	[387,11]
	[93,5]
	[348,12]
	[195,10]
	[297,12]
	[321,10]
	[330,14]
	[357,13]
	[258,5]
	[39,6]
	[243,9]
	[276,9]
	[372,17]
	[270,11]
	[24,3]
	[375,13]
	[267,8]
	[369,18]
	[411,20]
	[207,7]
	[189,9]
	[249,18]
	[33,4]
	[96,4]
	[345,15]
	[453,15]
	[414,9]
	[423,23]
	[285,8]
	[384,9]
	[21,3]
	[444,17]
	[150,8]
	[147,4]
	[447,15]
	[363,8]
	[288,6]
	[354,8]
	[399,11]
	[456,15]
	[378,11]
	[393,11]
	[459,12]
	[48,5]
	[468,13]
	[366,7]
	[429,11]
	[441,14]
	[432,13]
	[474,14]
	[420,10]
	[264,7]
	[471,13]
	[300,16]
	[405,11]
	[450,20]
	[426,16]
	[255,6]
	[543,17]
	[498,17]
	[180,7]
	[438,4]
	[486,21]
	[492,16]
	[507,12]
	[396,12]
	[480,12]
	[516,12]
	[222,4]
	[495,13]
	[390,7]
	[528,23]
	[90,2]
	[435,13]
	[1753,1]
	[504,15]
	[519,22]
	[417,9]
	[489,18]
	[108,6]
	[10267,1]
	[525,14]
	[537,25]
	[549,12]
	[402,13]
	[591,24]
	[501,11]
	[522,9]
	[561,10]
	[540,15]
	[576,10]
	[477,12]
	[555,9]
	[531,10]
	[534,15]
	[558,15]
	[582,14]
	[588,16]
	[303,11]
	[327,12]
	[465,19]
	[570,10]
	[552,15]
	[618,17]
	[564,20]
	[609,15]
	[594,19]
	[597,18]
	[600,16]
	[630,16]
	[462,7]
	[603,16]
	[627,18]
	[339,12]
	[177,8]
	[7069,1]
	[615,10]
	[72,4]
	[123,6]
	[621,10]
	[567,15]
	[648,14]
	[252,9]
	[606,22]
	[657,19]
	[660,20]
	[585,19]
	[639,21]
	[5617,1]
	[513,12]
	[654,16]
	[642,17]
	[675,17]
	[510,15]
	[669,10]
	[645,11]
	[684,13]
	[579,12]
	[696,19]
	[315,8]
	[624,14]
	[702,17]
	[546,13]
	[483,12]
	[666,9]
	[714,15]
	[171,1]
	[408,10]
	[705,15]
	[663,15]
	[678,17]
	[717,15]
	[651,16]
	[636,19]
	[672,17]
	[732,15]
	[744,18]
	[237,2]
	[693,20]
	[711,12]
	[81,4]
	[723,12]
	[612,9]
	[753,12]
	[633,16]
	[681,13]
	[690,16]
	[720,12]
	[741,15]
	[780,18]
	[699,13]
	[747,12]
	[39427,1]
	[573,13]
	[750,15]
	[786,13]
	[768,19]
	[789,24]
	[738,12]
	[804,14]
	[771,15]
	[774,16]
	[792,15]
	[795,17]
	[15,1]
	[762,19]
	[777,12]
	[810,8]
	[816,11]
	[825,18]
	[735,13]
	[798,10]
	[801,23]
	[807,21]
	[831,16]
	[756,14]
	[759,16]
	[828,14]
	[843,20]
	[111,5]
	[726,10]
	[840,17]
	[45,3]
	[687,11]
	[729,15]
	[813,9]
	[834,14]
	[783,12]
	[819,14]
	[822,15]
	[867,16]
	[876,12]
	[864,11]
	[861,13]
	[5332,1]
	[765,10]
	[879,16]
	[41971,1]
	[3598,1]
	[849,16]
	[855,12]
	[858,11]
	[25276,1]
	[882,8]
	[912,8]
	[852,13]
	[900,17]
	[942,15]
	[909,12]
	[101146,1]
	[870,16]
	[894,13]
	[897,8]
	[915,18]
	[903,11]
	[837,8]
	[888,20]
	[927,13]
	[873,16]
	[143701,1]
	[885,16]
	[918,14]
	[3529,1]
	[924,13]
	[930,11]
	[951,6]
	[954,11]
	[933,23]
	[891,17]
	[846,14]
	[969,15]
	[960,15]
	[945,16]
	[708,7]
	[939,13]
	[948,16]
	[936,5]
	[906,20]
	[978,8]
	[984,15]
	[990,15]
	[963,11]
	[981,17]
	[993,10]
	[999,17]
	[1002,9]
	[972,10]
	[291,4]
	[966,16]
	[921,13]
	[1005,12]
	[987,11]
	[1014,16]
	[1032,20]
	[975,9]
	[1017,18]
	[957,11]
	[1026,10]
	[1029,18]
	[15898,2]
	[1080,16]
	[114082,1]
	[1050,11]
	[1059,17]
	[1023,12]
	[1041,12]
	[1020,16]
	[1038,13]
	[1035,9]
	[1056,18]
	[1074,8]
	[1047,9]
	[1008,12]
	[1044,14]
	[1068,14]
	[1128,5]
	[1089,13]
	[1092,14]
	[1011,9]
	[1053,9]
	[1098,11]
	[1077,13]
	[1095,12]
	[11314,1]
	[1083,16]
	[1062,9]
	[1065,7]
	[1134,9]
	[4789,1]
	[1110,16]
	[1071,3]
	[1125,17]
	[1104,10]
	[1107,13]
	[1137,12]
	[1113,16]
	[94513,1]
	[1122,6]
	[1131,16]
	[1152,11]
	[1119,8]
	[1176,6]
	[1161,8]
	[1140,9]
	[1164,9]
	[1167,14]
	[145780,1]
	[126019,1]
	[1101,8]
	[1149,5]
	[1173,6]
	[1185,4]
	[996,9]
	[1170,7]
	[1194,15]
	[1116,9]
	[1086,9]
	[1224,5]
	[1182,7]
	[1158,7]
	[1197,9]
	[1200,12]
	[1206,4]
	[1143,9]
	[1179,12]
	[1218,8]
	[1191,15]
	[1188,6]
	[1209,9]
	[1212,11]
	[1146,3]
	[1227,8]
	[1233,10]
	[1239,7]
	[1203,8]
	[1248,9]
	[1221,8]
	[1242,7]
	[1254,8]
	[1260,10]
	[1155,6]
	[1236,3]
	[1263,8]
	[1257,9]
	[1269,5]
	[1278,13]
	[1245,5]
	[1251,6]
	[1230,6]
	[1284,7]
	[11746,1]
	[1287,5]
	[1296,8]
	[114322,1]
	[1293,6]
	[1266,11]
	[1302,9]
	[1305,7]
	[1275,4]
	[1308,9]
	[1314,5]
	[140395,1]
	[1320,9]
	[1290,6]
	[1323,4]
	[1299,8]
	[1272,3]
	[1317,5]
	[1326,7]
	[1311,5]
	[1338,6]
	[1858,1]
	[1332,3]
	[1335,7]
	[60460,1]
	[1356,5]
	[1347,4]
	[1281,4]
	[1344,5]
	[1329,4]
	[1365,5]
	[1341,4]
	[1350,2]
	[1368,5]
	[1377,6]
	[1380,4]
	[1383,4]
	[1392,2]
	[1215,8]
	[157402,1]
	[1395,6]
	[1389,2]
	[1374,1]
	[1359,2]
	[1398,2]
	[1407,2]
	[1362,1]
	[13702,1]
	[1413,1]
	[1386,1]
	[1410,1]
	[1404,2]
	[1434,1]
	[1431,2]
	[1401,1]
	[1425,1]
	[1446,1]
	[1371,2]
	[1428,1]
	[1440,1]
	[1437,1]
	[1449,1]
	[1452,1]

1388,
	[4,490]
	[2,1]

1552,
	[3,76605]
	[1,4038]
	[2,30]
	[108938,1]

1372,
	[4,502]
	[273,1]
	[234,2]
	[120,1]
	[201,1]
	[81,1]
	[615,1]
	[117,1]
	[612,1]
	[627,1]
	[15,1]
	[519,1]
	[159,1]
	[351,1]
	[72,1]
	[552,1]
	[648,1]
	[966,1]
	[1029,1]
	[495,1]
	[216,1]
	[198,1]
	[309,3]
	[999,1]
	[948,1]
	[1155,1]
	[2,1]
	[813,1]
	[396,1]

1404,
	[1,43]
	[172,1]
	[60,1]
	[78,1]
	[156,1]
	[216,3]
	[207,5]
	[114,3]
	[171,1]
	[195,4]
	[318,2]
	[333,1]
	[189,2]
	[153,1]
	[294,1]
	[159,2]
	[306,1]
	[252,2]
	[213,1]
	[261,4]
	[180,1]
	[249,2]
	[126,2]
	[309,2]
	[426,2]
	[165,3]
	[468,2]
	[285,1]
	[330,3]
	[279,3]
	[450,4]
	[201,2]
	[177,3]
	[192,2]
	[291,2]
	[492,2]
	[210,2]
	[243,1]
	[423,1]
	[51,1]
	[258,1]
	[459,1]
	[270,3]
	[402,2]
	[495,1]
	[84,1]
	[360,2]
	[513,3]
	[432,2]
	[240,1]
	[315,3]
	[444,2]
	[537,3]
	[108,1]
	[465,2]
	[558,2]
	[555,3]
	[504,2]
	[483,2]
	[417,1]
	[348,2]
	[582,3]
	[327,2]
	[642,3]
	[237,1]
	[672,3]
	[408,2]
	[516,3]
	[561,5]
	[702,5]
	[219,2]
	[687,2]
	[69,1]
	[183,2]
	[354,2]
	[615,1]
	[339,2]
	[573,3]
	[699,3]
	[174,3]
	[675,1]
	[144,1]
	[477,1]
	[648,2]
	[117,1]
	[576,2]
	[288,3]
	[321,1]
	[621,2]
	[378,3]
	[204,1]
	[369,2]
	[777,2]
	[381,1]
	[627,3]
	[744,3]
	[600,2]
	[522,2]
	[387,2]
	[462,3]
	[531,2]
	[771,2]
	[225,1]
	[393,1]
	[396,1]
	[843,3]
	[405,1]
	[399,3]
	[606,1]
	[762,3]
	[372,2]
	[624,3]
	[723,3]
	[435,1]
	[528,2]
	[816,1]
	[273,1]
	[552,1]
	[717,1]
	[891,1]
	[345,1]
	[564,1]
	[738,3]
	[876,2]
	[324,4]
	[846,2]
	[57,1]
	[312,1]
	[585,2]
	[111,1]
	[162,3]
	[918,1]
	[420,3]
	[765,1]
	[798,1]
	[66,1]
	[792,1]
	[438,1]
	[282,2]
	[783,2]
	[810,1]
	[597,2]
	[681,2]
	[882,1]
	[708,2]
	[129,1]
	[669,1]
	[984,1]
	[867,2]
	[789,1]
	[981,1]
	[885,1]
	[489,1]
	[519,1]
	[612,1]
	[303,3]
	[873,1]
	[474,1]
	[453,1]
	[741,1]
	[276,1]
	[795,1]
	[780,1]
	[1035,1]
	[150,1]
	[456,1]
	[840,2]
	[1002,2]
	[660,1]
	[135,1]
	[336,2]
	[912,1]
	[300,2]
	[969,1]
	[1071,2]
	[267,3]
	[1074,1]
	[1080,1]
	[231,1]
	[945,3]
	[102,2]
	[735,2]
	[390,2]
	[720,1]
	[963,1]
	[222,3]
	[1023,2]
	[636,1]
	[366,3]
	[996,1]
	[666,1]
	[1050,1]
	[693,1]
	[1005,1]
	[1128,1]
	[1215,1]
	[948,2]
	[654,2]
	[1206,1]
	[441,2]
	[753,1]
	[1143,2]
	[1065,1]
	[1176,1]
	[822,1]
	[888,2]
	[1200,1]
	[864,1]
	[960,1]
	[1038,1]
	[690,2]
	[1275,2]
	[696,1]
	[954,1]
	[1083,1]
	[618,1]
	[351,2]
	[1068,1]
	[1212,1]
	[726,1]
	[36,1]
	[543,1]
	[1026,1]
	[1323,1]
	[414,3]
	[1053,1]
	[729,1]
	[1272,1]
	[1008,1]
	[1029,1]
	[132,1]
	[186,1]
	[1254,1]
	[807,1]
	[1296,1]
	[1146,1]
	[198,1]
	[813,1]
	[855,1]
	[570,1]
	[1380,1]
	[1158,1]
	[1416,1]
	[927,1]
	[1311,1]
	[1305,1]
	[1269,1]
	[975,1]
	[1092,1]
	[903,1]
	[1170,1]

1352,
	[1,510]
	[158,1]
	[128,2]
	[371,1]
	[422,1]
	[98,1]
	[185,1]
	[461,1]
	[362,1]
	[758,1]
	[77,1]
	[122,1]
	[473,1]
	[863,1]
	[689,1]
	[347,1]
	[731,1]
	[659,1]
	[383,1]
	[254,1]
	[953,1]
	[986,1]
	[1124,1]
	[275,1]
	[191,1]
	[1037,1]
	[536,1]
	[8,1]
	[989,1]
	[1130,1]

1348,
	[1,463]
	[2,28]

1412,
	[26,2]
	[68,1]
	[92,1]
	[3088,1]
	[89,2]
	[138,2]
	[128,2]
	[101,1]
	[143,4]
	[38,1]
	[6310,1]
	[36,1]
	[209,2]
	[29,2]
	[20,3]
	[24,1]
	[182,5]
	[14842,1]
	[245,2]
	[14,5]
	[197,2]
	[102,1]
	[107,1]
	[80,1]
	[188,4]
	[41,2]
	[18805,1]
	[353,1]
	[86,2]
	[365,4]
	[293,2]
	[21415,1]
	[162,1]
	[314,3]
	[410,4]
	[53,1]
	[54,1]
	[372,1]
	[8,2]
	[161,3]
	[308,2]
	[29362,1]
	[437,2]
	[34885,1]
	[150,1]
	[350,2]
	[84,1]
	[140,2]
	[413,2]
	[40195,1]
	[425,3]
	[41512,1]
	[251,1]
	[305,1]
	[326,1]
	[464,3]
	[290,3]
	[482,2]
	[486,1]
	[497,2]
	[371,3]
	[419,2]
	[422,1]
	[320,2]
	[536,2]
	[152,1]
	[524,3]
	[551,2]
	[224,2]
	[125,3]
	[491,1]
	[563,2]
	[248,1]
	[533,1]
	[57226,1]
	[374,3]
	[506,1]
	[11,1]
	[119,4]
	[347,1]
	[479,1]
	[557,1]
	[329,2]
	[230,1]
	[64612,1]
	[561,1]
	[134,1]
	[377,1]
	[512,4]
	[275,2]
	[71,1]
	[254,5]
	[488,3]
	[641,2]
	[635,1]
	[599,1]
	[74,3]
	[83500,1]
	[548,2]
	[452,1]
	[602,2]
	[644,2]
	[221,2]
	[62,2]
	[311,2]
	[344,3]
	[395,3]
	[519,1]
	[294,1]
	[590,3]
	[572,1]
	[103267,1]
	[530,1]
	[458,2]
	[432,1]
	[647,2]
	[665,4]
	[428,2]
	[785,2]
	[791,1]
	[713,1]
	[461,2]
	[455,1]
	[704,1]
	[638,1]
	[407,3]
	[116347,1]
	[692,1]
	[323,1]
	[392,1]
	[584,1]
	[695,4]
	[806,1]
	[509,1]
	[128236,1]
	[126841,1]
	[812,2]
	[827,3]
	[380,3]
	[707,2]
	[779,3]
	[104,2]
	[701,4]
	[155,2]
	[186,1]
	[135577,1]
	[83,1]
	[626,1]
	[136927,1]
	[560,1]
	[389,3]
	[725,2]
	[821,1]
	[764,1]
	[56,2]
	[35,3]
	[281,1]
	[668,1]
	[144127,1]
	[857,3]
	[908,3]
	[131,1]
	[527,3]
	[299,2]
	[537,1]
	[653,1]
	[686,1]
	[749,1]
	[845,2]
	[398,1]
	[150040,1]
	[662,1]
	[839,1]
	[116,1]
	[593,1]
	[162406,1]
	[335,1]
	[542,1]
	[206,1]
	[404,2]
	[300,1]
	[800,1]
	[77,2]
	[176,2]
	[914,3]
	[191,3]
	[617,3]
	[896,1]
	[332,1]
	[215,2]
	[111,1]
	[780,1]
	[170560,1]
	[674,1]
	[170,2]
	[203,4]
	[362,1]
	[878,2]
	[386,1]
	[818,2]
	[992,1]
	[1025,1]
	[608,1]
	[987,1]
	[194,1]
	[1085,2]
	[227,3]
	[531,1]
	[755,1]
	[986,2]
	[302,1]
	[554,3]
	[179,3]
	[351,1]
	[569,2]
	[932,1]
	[902,2]
	[141,1]
	[287,1]
	[208516,1]
	[65,2]
	[363,1]
	[797,2]
	[671,1]
	[923,1]
	[1163,1]
	[632,2]
	[848,1]
	[229882,1]
	[23,2]
	[217882,1]
	[1136,1]
	[968,1]
	[60,1]
	[911,1]
	[1049,1]
	[1061,2]
	[260,1]
	[926,1]
	[719,1]
	[803,1]
	[236836,1]
	[431,1]
	[473,1]
	[761,2]
	[929,1]
	[164,1]
	[521,1]
	[717,1]
	[998,2]
	[401,1]
	[1209,1]
	[173,1]
	[689,2]
	[1157,1]
	[264700,1]
	[270076,1]
	[59,1]
	[650,2]
	[1031,1]
	[272812,1]
	[278,1]
	[1172,1]
	[518,1]
	[1259,1]
	[383,1]
	[941,1]
	[611,1]
	[1304,1]
	[1127,2]
	[110,1]
	[710,2]
	[275746,1]
	[503,1]
	[1109,1]
	[1097,1]
	[788,2]
	[545,3]
	[1241,3]
	[752,2]
	[1065,1]
	[1079,1]
	[467,1]
	[294430,1]
	[301015,1]
	[1112,2]
	[830,1]
	[1208,1]
	[734,2]
	[938,1]
	[1349,1]
	[866,1]
	[146,1]
	[815,1]
	[890,1]
	[316486,1]
	[615,1]
	[1367,1]
	[1001,1]
	[1352,1]
	[794,1]
	[47,1]
	[332482,1]
	[440,1]
	[1229,2]
	[1071,1]
	[1073,1]
	[1010,1]
	[656,1]
	[1148,1]
	[1214,1]
	[1307,1]
	[974,1]
	[767,1]
	[966,1]
	[1103,1]
	[453,1]
	[833,1]
	[980,1]
	[1055,1]
	[1268,1]
	[500,1]
	[1145,1]
	[218,1]
	[340042,1]
	[1202,1]
	[1151,1]
	[362332,1]
	[1160,1]
	[266,1]
	[1154,1]
	[1445,1]
	[1130,1]
	[1295,1]
	[1289,1]

1532,
	[9,1]

len(carl_order):
43
Printing carl assignment order:
1348,2,0.9460500963391136
1352,1,0.9444444444444444
1368,2,0.5
1552,3,0.344880213409942
1444,3,0.33980582524271846
1460,3,0.3170450156992461
1388,4,0.2502548419979613
1372,4,0.23615023474178404
1532,9,0.1111111111111111
1404,1,0.09368191721132897
1352,8,0.004761904761904762
1372,15,0.0030303030303030303
1372,1155,0.0022100289590001525
1352,1130,0.001978441806522036
1404,1416,0.0018508960828631938
1408,1401,0.0018125735364263682
1412,1307,0.0016335935619217938
1460,1452,0.0013997815749953253
1412,1367,0.0012674271229404308
1464,1464,0.001156685153617235
1464,1470,0.00110931222641962
1464,1476,0.0010862677650040735
1464,1479,0.0009099181073703367
1464,1488,0.0006704455415371488
1464,1491,0.0004895661220243559
1464,1494,0.00036771465342893915
1412,1445,0.0003465003465003465
1464,1497,0.00024541382906926803
1460,1858,0.00016563146997929605
1460,2074,0.00016534391534391533
1464,1500,0.0001227973230183582
1460,3598,9.855372409884938e-05
1460,5617,6.619009796134498e-05
1460,15898,3.8839691945757594e-05
1412,3088,1.690674240887266e-05
1460,157402,1.1841649815088083e-05
1552,108938,9.179786110983615e-06
1412,6310,8.867606632969762e-06
1408,30205,8.67935009026524e-06
1412,41512,6.321683373972726e-06
1412,362332,6.161458978717636e-06
1408,266716,4.881882844575496e-06
1464,372751,4.72557753610592e-06
bin_width: 12649349
assigning lease 2 to address 1348
Average Cache Occupancy Per Bin: [0.00,0.00,0.00,0.00,0.00]
Total cost: 47104.0
assigning lease 1 to address 1352
Average Cache Occupancy Per Bin: [0.00,0.00,0.00,0.00,0.00]
Total cost: 94720.0
assigning lease 2 to address 1368
Average Cache Occupancy Per Bin: [0.01,0.00,0.00,0.00,0.00]
Total cost: 181248.0
assigning lease 3 to address 1552
Average Cache Occupancy Per Bin: [0.92,0.95,0.96,0.96,0.96]
Total cost: 11678208.0
assigning lease 3 to address 1444
Average Cache Occupancy Per Bin: [0.93,0.95,0.97,0.97,0.97]
Total cost: 11796736.0
assigning lease 3 to address 1460
Average Cache Occupancy Per Bin: [1.87,1.92,1.94,1.94,1.94]
Total cost: 23718656.0
assigning lease 4 to address 1388
Average Cache Occupancy Per Bin: [1.88,1.92,1.95,1.95,1.94]
Total cost: 23896832.0
assigning lease 4 to address 1372
Average Cache Occupancy Per Bin: [1.90,1.93,1.95,1.95,1.95]
Total cost: 24094464.0
assigning lease 9 to address 1532
Average Cache Occupancy Per Bin: [1.90,1.93,1.95,1.95,1.95]
Total cost: 24094464.0
assigning lease 1 to address 1404
Average Cache Occupancy Per Bin: [1.90,1.94,1.95,1.95,1.95]
Total cost: 24137728.0
assigning lease 8 to address 1352
Average Cache Occupancy Per Bin: [1.90,1.94,1.95,1.95,1.95]
Total cost: 24153856.0
assigning lease 15 to address 1372
Average Cache Occupancy Per Bin: [1.91,1.94,1.95,1.96,1.95]
Total cost: 24190464.0
assigning lease 1155 to address 1372
Average Cache Occupancy Per Bin: [1.98,2.01,1.97,2.03,1.98]
Total cost: 25145088.0
assigning lease 1130 to address 1352
Average Cache Occupancy Per Bin: [2.04,2.09,2.05,2.11,1.98]
Total cost: 25880064.0
assigning lease 1416 to address 1404
Average Cache Occupancy Per Bin: [3.07,3.19,2.93,3.06,2.56]
Total cost: 38936832.0
assigning lease 1401 to address 1408
Average Cache Occupancy Per Bin: [3.99,4.30,3.81,3.93,3.88]
Total cost: 50528256.0
assigning lease 1307 to address 1412
Average Cache Occupancy Per Bin: [5.38,5.47,4.82,4.99,5.13]
Total cost: 68086016.0
assigning lease 1452 to address 1460
Average Cache Occupancy Per Bin: [13.3,18.6,20.4,22.2,23.7]
Total cost: 169115648.0
assigning lease 1367 to address 1412
Average Cache Occupancy Per Bin: [13.3,18.6,20.4,22.2,23.7]
Total cost: 169361408.0
addr: 1464 ri: 1464
bin target: 1619116672
	bin: 0.0 current capacity: 13.388942624636256  avg impact: 165.34405493911189
	bin: 1.0 current capacity: 18.635492466845527  avg impact: 235.9657851166886
	bin: 2.0 current capacity: 20.433210910695877  avg impact: 272.3888908433153
	bin: 3.0 current capacity: 22.234005560286146  avg impact: 305.4287369255129
	bin: 4.0 current capacity: 23.797122840076593  avg impact: 328.1574247022515
num_full_bins: 0
printing bin ranks sorted:
	bin: 4.0 rank: 0.3175392946067585
	selecting this^ bin
	bin: 3.0 rank: 0.3462869784433799
	bin: 2.0 rank: 0.3949015275780066
	bin: 1.0 rank: 0.4634761242146699
	bin: 0.0 rank: 0.6931670897848089
acceptable_ratio: 0.3175392946067585
Assigning 1464 dual lease lease 1464 * 0.3175392946067585. Bin saturation: [65.8,93.5,106.,119.,128.]
addr: 1464 ri: 1470
bin target: 1619116672
	bin: 0.0 current capacity: 65.89217719742297  avg impact: 165.47896275136372
	bin: 1.0 current capacity: 93.56390142412877  avg impact: 236.101664362332
	bin: 2.0 current capacity: 106.92738716779957  avg impact: 272.51845577191364
	bin: 3.0 current capacity: 119.21963123624674  avg impact: 305.56109472511196
	bin: 4.0 current capacity: 128.0  avg impact: 328.2997396941139
num_full_bins: 1
printing bin ranks sorted:
	bin: 4.0 rank: 0.0
	bin: 3.0 rank: 0.028735231399966768
	bin: 2.0 rank: 0.07732545222492128
	bin: 1.0 rank: 0.14585284127020837
	bin: 0.0 rank: 0.37532156214863144
acceptable_ratio: 0
addr: 1464 ri: 1476
bin target: 1619116672
	bin: 0.0 current capacity: 65.89217719742297  avg impact: 165.61387056361556
	bin: 1.0 current capacity: 93.56390142412877  avg impact: 236.2375436079754
	bin: 2.0 current capacity: 106.92738716779957  avg impact: 272.64802070051195
	bin: 3.0 current capacity: 119.21963123624674  avg impact: 305.69345252471095
	bin: 4.0 current capacity: 128.0  avg impact: 328.4377439503013
num_full_bins: 1
printing bin ranks sorted:
	bin: 4.0 rank: 0.0
	bin: 3.0 rank: 0.028722789746514082
	bin: 2.0 rank: 0.07728870643571434
	bin: 1.0 rank: 0.1457689495494257
	bin: 0.0 rank: 0.3750158280294535
acceptable_ratio: 0
addr: 1464 ri: 1479
bin target: 1619116672
	bin: 0.0 current capacity: 65.89217719742297  avg impact: 165.6813244697415
	bin: 1.0 current capacity: 93.56390142412877  avg impact: 236.3054832307971
	bin: 2.0 current capacity: 106.92738716779957  avg impact: 272.7128031648111
	bin: 3.0 current capacity: 119.21963123624674  avg impact: 305.7596314245105
	bin: 4.0 current capacity: 128.0  avg impact: 328.5050157126663
num_full_bins: 1
printing bin ranks sorted:
	bin: 4.0 rank: 0.0
	bin: 3.0 rank: 0.028716572959112355
	bin: 2.0 rank: 0.07727034663446081
	bin: 1.0 rank: 0.14572703986829558
	bin: 0.0 rank: 0.37486314768035206
acceptable_ratio: 0
addr: 1464 ri: 1488
bin target: 1619116672
	bin: 0.0 current capacity: 65.89217719742297  avg impact: 165.88368618811924
	bin: 1.0 current capacity: 93.56390142412877  avg impact: 236.5093020992622
	bin: 2.0 current capacity: 106.92738716779957  avg impact: 272.9071505577085
	bin: 3.0 current capacity: 119.21963123624674  avg impact: 305.958168123909
	bin: 4.0 current capacity: 128.0  avg impact: 328.7020952619775
num_full_bins: 1
printing bin ranks sorted:
	bin: 4.0 rank: 0.0
	bin: 3.0 rank: 0.028697938733236644
	bin: 2.0 rank: 0.07721531952950587
	bin: 1.0 rank: 0.14560145529252166
	bin: 0.0 rank: 0.3744058516528508
acceptable_ratio: 0
addr: 1464 ri: 1491
bin target: 1619116672
	bin: 0.0 current capacity: 65.89217719742297  avg impact: 165.95114009424518
	bin: 1.0 current capacity: 93.56390142412877  avg impact: 236.57724172208387
	bin: 2.0 current capacity: 106.92738716779957  avg impact: 272.9719330220077
	bin: 3.0 current capacity: 119.21963123624674  avg impact: 306.0243470237085
	bin: 4.0 current capacity: 128.0  avg impact: 328.76645272416783
num_full_bins: 1
printing bin ranks sorted:
	bin: 4.0 rank: 0.0
	bin: 3.0 rank: 0.028691732697571998
	bin: 2.0 rank: 0.07719699457343662
	bin: 1.0 rank: 0.14555964185398945
	bin: 0.0 rank: 0.3742536674789063
acceptable_ratio: 0
addr: 1464 ri: 1494
bin target: 1619116672
	bin: 0.0 current capacity: 65.89217719742297  avg impact: 166.01859400037108
	bin: 1.0 current capacity: 93.56390142412877  avg impact: 236.64518134490558
	bin: 2.0 current capacity: 106.92738716779957  avg impact: 273.03671548630683
	bin: 3.0 current capacity: 119.21963123624674  avg impact: 306.090525923508
	bin: 4.0 current capacity: 128.0  avg impact: 328.83032446966246
num_full_bins: 1
printing bin ranks sorted:
	bin: 4.0 rank: 0.0
	bin: 3.0 rank: 0.02868552934548347
	bin: 2.0 rank: 0.07717867831316354
	bin: 1.0 rank: 0.1455178524243065
	bin: 0.0 rank: 0.37410160697083245
acceptable_ratio: 0
addr: 1412 ri: 1445
bin target: 1619116672
	bin: 4.0 current capacity: 128.0  avg impact: 0.007892896306363277
num_full_bins: 1
printing bin ranks sorted:
	bin: 4.0 rank: 0.0
acceptable_ratio: 0
addr: 1464 ri: 1497
bin target: 1619116672
	bin: 0.0 current capacity: 65.89217719742297  avg impact: 166.08604790649701
	bin: 1.0 current capacity: 93.56390142412877  avg impact: 236.71312096772726
	bin: 2.0 current capacity: 106.92738716779957  avg impact: 273.101497950606
	bin: 3.0 current capacity: 119.21963123624674  avg impact: 306.1567048233075
	bin: 4.0 current capacity: 128.0  avg impact: 328.8938319276352
num_full_bins: 1
printing bin ranks sorted:
	bin: 4.0 rank: 0.0
	bin: 3.0 rank: 0.028679328675230806
	bin: 2.0 rank: 0.07716037074249843
	bin: 1.0 rank: 0.1454760869828003
	bin: 0.0 rank: 0.37394966997795287
acceptable_ratio: 0
addr: 1460 ri: 1858
bin target: 1619116672
	bin: 4.0 current capacity: 128.0  avg impact: 0.04108353718440372
num_full_bins: 1
printing bin ranks sorted:
	bin: 4.0 rank: 0.0
acceptable_ratio: 0
addr: 1460 ri: 2074
bin target: 1619116672
	bin: 4.0 current capacity: 128.0  avg impact: 0.058569338232346974
num_full_bins: 1
printing bin ranks sorted:
	bin: 4.0 rank: 0.0
acceptable_ratio: 0
addr: 1464 ri: 1500
bin target: 1619116672
	bin: 0.0 current capacity: 65.89217719742297  avg impact: 166.15350181262292
	bin: 1.0 current capacity: 93.56390142412877  avg impact: 236.78106059054898
	bin: 2.0 current capacity: 106.92738716779957  avg impact: 273.16628041490515
	bin: 3.0 current capacity: 119.21963123624674  avg impact: 306.22288372310703
	bin: 4.0 current capacity: 128.0  avg impact: 328.95709652726003
num_full_bins: 1
printing bin ranks sorted:
	bin: 4.0 rank: 0.0
	bin: 3.0 rank: 0.028673130685075272
	bin: 2.0 rank: 0.07714207185525897
	bin: 1.0 rank: 0.14543434550882203
	bin: 0.0 rank: 0.3737978563498359
acceptable_ratio: 0
addr: 1460 ri: 3598
bin target: 1619116672
	bin: 4.0 current capacity: 128.0  avg impact: 0.1819413789595022
num_full_bins: 1
printing bin ranks sorted:
	bin: 4.0 rank: 0.0
acceptable_ratio: 0
addr: 1460 ri: 5617
bin target: 1619116672
	bin: 4.0 current capacity: 128.0  avg impact: 0.345385047088194
num_full_bins: 1
printing bin ranks sorted:
	bin: 4.0 rank: 0.0
acceptable_ratio: 0
addr: 1460 ri: 15898
bin target: 1619116672
	bin: 4.0 current capacity: 128.0  avg impact: 1.133217527637193
num_full_bins: 1
printing bin ranks sorted:
	bin: 4.0 rank: 0.0
acceptable_ratio: 0
addr: 1412 ri: 3088
bin target: 1619116672
	bin: 4.0 current capacity: 128.0  avg impact: 0.14089831816641316
num_full_bins: 1
printing bin ranks sorted:
	bin: 4.0 rank: 0.0
acceptable_ratio: 0
addr: 1460 ri: 157402
bin target: 1619116672
	bin: 4.0 current capacity: 128.0  avg impact: 4.89885764081614
num_full_bins: 1
printing bin ranks sorted:
	bin: 4.0 rank: 0.0
acceptable_ratio: 0
assigning lease 108938 to address 1552
Average Cache Occupancy Per Bin: [68.0,93.5,106.,119.,128.]
Total cost: 861380505.7400451
addr: 1412 ri: 6310
bin target: 1619116672
	bin: 4.0 current capacity: 128.0  avg impact: 0.4017281837982334
num_full_bins: 1
printing bin ranks sorted:
	bin: 4.0 rank: 0.0
acceptable_ratio: 0
assigning lease 30205 to address 1408
Average Cache Occupancy Per Bin: [68.6,93.5,107.,120.,128.]
Total cost: 868754329.7400451
addr: 1412 ri: 41512
bin target: 1619116672
	bin: 4.0 current capacity: 128.0  avg impact: 3.2514280379172082
num_full_bins: 1
printing bin ranks sorted:
	bin: 4.0 rank: 0.0
acceptable_ratio: 0
addr: 1412 ri: 362332
bin target: 1619116672
	bin: 3.0 current capacity: 120.38551321167489  avg impact: 33.80946418665498
	bin: 4.0 current capacity: 128.0  avg impact: 27.23963992139042
num_full_bins: 1
printing bin ranks sorted:
	bin: 4.0 rank: 0.0
	bin: 3.0 rank: 0.22521761203570473
acceptable_ratio: 0
addr: 1408 ri: 266716
bin target: 1619116672
	bin: 3.0 current capacity: 120.38551321167489  avg impact: 8.792807914462633
	bin: 4.0 current capacity: 128.0  avg impact: 0.0
num_full_bins: 1
printing bin ranks sorted:
	bin: 3.0 rank: 0.8659903482937019
acceptable_ratio: 0
addr: 1464 ri: 372751
bin target: 1619116672
	bin: 0.0 current capacity: 68.67976602906957  avg impact: 1674.9565442458738
	bin: 1.0 current capacity: 93.56390142412877  avg impact: 3806.528776777366
	bin: 2.0 current capacity: 107.51032815551363  avg impact: 5114.316831324679
	bin: 3.0 current capacity: 120.38551321167489  avg impact: 6547.777948730801
	bin: 4.0 current capacity: 128.0  avg impact: 7409.8731322853055
num_full_bins: 1
printing bin ranks sorted:
	bin: 4.0 rank: 0.0
	bin: 3.0 rank: 0.0011629115782402306
	bin: 2.0 rank: 0.00400633604062016
	bin: 1.0 rank: 0.009046588268544514
	bin: 0.0 rank: 0.03541598388013019
acceptable_ratio: 0
Final saturation:
	0.0,868754329.7400451
	1.0,1183522442.915402
	2.0,1359935661.9436183
	3.0,1522798371.1585865
	4.0,1619116672.0
DUMP LEASES
0, 558, 2, 0, 1 
0, 5a4, 3, 0, 1 
0, 5b8, 1, 5b8, 0.6824607053932414 
0, 580, 75fd, 0, 1 
0, 5b4, 5ac, 0, 1 
0, 56c, 4, 0, 1 
0, 610, 1a98a, 0, 1 
0, 55c, 483, 0, 1 
0, 57c, 588, 0, 1 
0, 548, 46a, 0, 1 
0, 544, 2, 0, 1 
0, 584, 557, 0, 1 
0, 5fc, 9, 0, 1 
Dump dual leases

