sample rate: 0.00390625
1672,
	[3,1]
	[39,2]
	[51,1]
	[57,1]
	[63,1]
	[81,2]
	[87,2]
	[105,1]
	[111,2]
	[123,2]
	[141,1]
	[147,2]
	[153,1]
	[159,1]
	[165,1]
	[171,3]
	[183,3]
	[195,4]
	[201,1]
	[207,3]
	[219,1]
	[225,1]
	[231,1]
	[237,1]
	[249,2]
	[57113,1]
	[261,1]
	[267,1]
	[291,1]
	[303,2]
	[309,1]
	[327,1]
	[333,2]
	[339,2]
	[357,1]
	[369,2]
	[84305,1]
	[381,1]
	[399,1]
	[405,2]
	[411,1]
	[417,3]
	[429,1]
	[435,1]
	[459,1]
	[465,1]
	[109763,1]
	[495,2]
	[501,2]
	[112079,1]
	[513,2]
	[531,3]
	[537,1]
	[549,1]
	[555,1]
	[561,1]
	[567,1]
	[579,2]
	[585,1]
	[597,3]
	[603,1]
	[609,1]
	[615,1]
	[627,3]
	[633,2]
	[645,2]
	[651,1]
	[663,2]
	[681,1]
	[687,1]
	[693,1]
	[705,1]
	[711,1]
	[723,1]
	[729,1]
	[735,2]
	[747,3]
	[753,1]
	[759,1]
	[171383,1]
	[765,1]
	[771,3]
	[174563,1]
	[777,1]
	[789,1]
	[801,3]
	[819,1]
	[825,1]
	[831,2]
	[837,1]
	[843,3]
	[855,3]
	[861,1]
	[867,1]
	[879,2]
	[891,1]
	[897,1]
	[909,1]
	[915,1]
	[921,1]
	[939,2]
	[945,1]
	[212459,1]
	[951,2]
	[957,1]
	[975,1]
	[981,1]
	[987,1]
	[993,2]
	[999,1]
	[1005,1]
	[1029,1]
	[1035,1]
	[1047,1]
	[1053,2]
	[1059,4]
	[1065,1]
	[1071,2]
	[1083,2]
	[243317,1]
	[243605,1]
	[1089,1]
	[1107,2]
	[251033,1]
	[1119,2]
	[1131,1]
	[1143,1]
	[1161,1]
	[1167,2]
	[1173,3]
	[1185,1]
	[1191,1]
	[268391,1]

1628,
	[4,189]
	[1576,1]
	[28864,1]
	[37252,1]
	[41404,1]
	[64930,1]
	[93664,1]
	[94534,1]
	[109480,1]
	[126454,1]
	[138310,1]
	[140338,1]
	[175342,1]
	[175438,1]
	[182764,1]
	[240046,1]
	[250072,1]
	[253546,1]

1632,
	[4,6]
	[52,4]
	[100,4]
	[148,10]
	[196,6]
	[244,6]
	[292,3]
	[340,4]
	[388,8]
	[436,6]
	[484,5]
	[532,6]
	[580,8]
	[628,5]
	[676,10]
	[724,8]
	[772,8]
	[820,6]
	[868,3]
	[916,7]
	[964,2]
	[1012,7]
	[1060,10]
	[1108,7]
	[1156,1]

1636,
	[1,189]

1604,
	[9,2]
	[21,3]
	[27,2]
	[33,4]
	[7067,1]
	[39,5]
	[45,6]
	[51,8]
	[57,6]
	[63,8]
	[69,6]
	[15071,1]
	[75,16]
	[15941,1]
	[16613,1]
	[81,9]
	[87,12]
	[19601,1]
	[93,11]
	[21149,1]
	[99,17]
	[105,13]
	[111,18]
	[117,15]
	[26447,2]
	[123,12]
	[129,16]
	[135,12]
	[141,19]
	[31271,1]
	[31847,1]
	[147,17]
	[32237,1]
	[32621,1]
	[33299,1]
	[153,26]
	[159,35]
	[165,16]
	[36767,1]
	[37343,1]
	[171,36]
	[37829,1]
	[38213,1]
	[177,30]
	[39563,1]
	[183,32]
	[40145,1]
	[40241,1]
	[40913,1]
	[41393,1]
	[189,20]
	[42455,1]
	[42647,1]
	[195,28]
	[43133,1]
	[43421,1]
	[43709,1]
	[201,21]
	[44579,1]
	[45443,1]
	[207,26]
	[46025,1]
	[46505,1]
	[46895,1]
	[213,24]
	[47567,1]
	[219,38]
	[48245,1]
	[225,37]
	[49691,1]
	[49883,1]
	[231,30]
	[50945,1]
	[51137,1]
	[51425,1]
	[52001,1]
	[237,25]
	[243,33]
	[53837,1]
	[54509,1]
	[249,35]
	[56147,1]
	[255,37]
	[56921,1]
	[57497,1]
	[57599,1]
	[261,43]
	[58271,2]
	[58655,1]
	[267,41]
	[59237,1]
	[60101,2]
	[273,48]
	[60875,1]
	[61067,1]
	[279,43]
	[61745,2]
	[61937,1]
	[285,45]
	[63191,1]
	[63575,1]
	[291,34]
	[64541,1]
	[65213,1]
	[297,44]
	[66275,1]
	[66371,1]
	[66851,1]
	[303,40]
	[67337,1]
	[67625,1]
	[67817,1]
	[68201,1]
	[309,44]
	[69647,1]
	[315,51]
	[70037,2]
	[70421,1]
	[70613,1]
	[70709,1]
	[71099,1]
	[321,54]
	[71195,1]
	[71483,1]
	[71675,1]
	[71771,1]
	[71963,1]
	[72251,1]
	[72449,1]
	[327,51]
	[72929,1]
	[333,56]
	[74759,1]
	[74951,1]
	[75047,1]
	[339,47]
	[75245,2]
	[75629,1]
	[345,48]
	[76595,1]
	[76883,2]
	[77075,1]
	[77171,1]
	[351,56]
	[77945,1]
	[357,53]
	[79391,1]
	[80159,1]
	[80351,2]
	[80447,1]
	[80549,1]
	[363,59]
	[80933,1]
	[81029,1]
	[81221,1]
	[369,64]
	[375,61]
	[83441,1]
	[84209,1]
	[84599,1]
	[381,53]
	[84695,1]
	[85367,1]
	[85847,1]
	[387,65]
	[86333,1]
	[86909,1]
	[87005,1]
	[87197,1]
	[87299,1]
	[393,58]
	[88067,1]
	[88163,1]
	[88547,1]
	[88643,1]
	[88649,1]
	[399,45]
	[88745,1]
	[89321,1]
	[89417,1]
	[89897,1]
	[405,52]
	[90095,1]
	[90287,1]
	[91343,1]
	[411,66]
	[91445,1]
	[91541,1]
	[91637,1]
	[91829,1]
	[92213,1]
	[92597,1]
	[92693,1]
	[417,60]
	[92891,1]
	[93371,1]
	[93755,1]
	[93851,2]
	[423,54]
	[94145,1]
	[94433,1]
	[94529,1]
	[94721,1]
	[95297,1]
	[95393,1]
	[429,57]
	[95687,1]
	[96167,1]
	[96359,1]
	[96455,1]
	[96551,1]
	[96647,2]
	[96749,1]
	[435,67]
	[96941,1]
	[97037,1]
	[97997,1]
	[98099,1]
	[441,64]
	[98195,2]
	[98579,1]
	[99251,1]
	[99347,1]
	[99443,1]
	[99449,1]
	[447,60]
	[100121,1]
	[100409,1]
	[100505,1]
	[100601,1]
	[453,74]
	[101183,2]
	[101567,1]
	[102047,1]
	[459,68]
	[102629,1]
	[103493,1]
	[465,72]
	[103595,1]
	[103691,1]
	[103787,1]
	[104171,1]
	[104843,1]
	[471,69]
	[105041,1]
	[105233,1]
	[105329,1]
	[105521,1]
	[105809,1]
	[477,75]
	[106679,1]
	[107447,1]
	[107543,1]
	[483,79]
	[108125,1]
	[108605,1]
	[489,76]
	[109667,1]
	[110051,2]
	[495,75]
	[110345,1]
	[110537,1]
	[110633,1]
	[111305,1]
	[111401,1]
	[111593,1]
	[501,69]
	[112367,1]
	[112655,1]
	[112949,1]
	[507,82]
	[113237,1]
	[113333,1]
	[114299,1]
	[513,82]
	[114587,1]
	[114683,1]
	[115547,1]
	[115649,1]
	[519,76]
	[115937,1]
	[116417,1]
	[116993,2]
	[116999,1]
	[525,64]
	[117095,1]
	[117191,1]
	[117383,1]
	[117575,1]
	[117767,1]
	[117959,1]
	[118151,1]
	[118247,2]
	[118343,1]
	[531,79]
	[118445,1]
	[118541,1]
	[118733,1]
	[118925,1]
	[119117,1]
	[119309,1]
	[119597,1]
	[537,76]
	[119987,1]
	[120467,1]
	[121049,1]
	[543,76]
	[121241,1]
	[121625,1]
	[122393,2]
	[122399,1]
	[549,68]
	[122495,2]
	[122591,1]
	[123071,1]
	[123263,1]
	[123455,2]
	[123647,1]
	[555,89]
	[124037,1]
	[124517,2]
	[124613,2]
	[124709,1]
	[124901,1]
	[124997,2]
	[125099,1]
	[561,71]
	[125195,1]
	[125675,1]
	[125867,1]
	[126059,1]
	[567,85]
	[126929,2]
	[127313,1]
	[127409,1]
	[127697,1]
	[573,72]
	[128279,1]
	[128375,1]
	[128855,1]
	[129149,1]
	[579,81]
	[129437,2]
	[129533,2]
	[130013,1]
	[130205,1]
	[130301,1]
	[130397,1]
	[585,76]
	[130691,1]
	[131267,1]
	[131363,1]
	[131459,1]
	[131843,1]
	[131849,1]
	[591,95]
	[133001,1]
	[597,84]
	[133391,1]
	[133775,1]
	[133871,1]
	[133967,1]
	[134159,1]
	[134447,1]
	[134543,1]
	[603,105]
	[134741,1]
	[135029,1]
	[135413,1]
	[135899,1]
	[609,91]
	[136667,2]
	[137051,1]
	[615,81]
	[137633,1]
	[137921,2]
	[138209,1]
	[138305,1]
	[138497,1]
	[621,81]
	[138695,1]
	[138791,1]
	[139175,1]
	[139463,2]
	[139559,1]
	[139943,1]
	[139949,1]
	[627,94]
	[140045,3]
	[140333,1]
	[140525,1]
	[140621,1]
	[140717,1]
	[141005,2]
	[141101,1]
	[633,99]
	[141491,2]
	[141779,1]
	[141971,1]
	[142163,1]
	[142355,1]
	[142451,1]
	[142547,1]
	[142643,1]
	[639,93]
	[143033,1]
	[143225,1]
	[143801,1]
	[143993,2]
	[645,102]
	[144191,1]
	[144287,1]
	[651,89]
	[145541,1]
	[145637,1]
	[146021,1]
	[146213,1]
	[146309,1]
	[146405,1]
	[146501,1]
	[146693,1]
	[657,97]
	[146795,1]
	[146987,2]
	[147659,2]
	[147755,1]
	[147851,1]
	[663,92]
	[148145,2]
	[148433,1]
	[148529,1]
	[148721,2]
	[148913,1]
	[149009,1]
	[149297,1]
	[669,88]
	[149879,1]
	[149975,1]
	[150359,1]
	[150551,1]
	[150743,1]
	[675,97]
	[150941,1]
	[151133,1]
	[151421,1]
	[151613,1]
	[151997,1]
	[152093,1]
	[152099,1]
	[681,98]
	[152291,1]
	[152387,2]
	[152579,1]
	[152771,1]
	[153347,1]
	[687,91]
	[153833,1]
	[154409,1]
	[154799,1]
	[693,98]
	[154895,1]
	[155279,1]
	[155471,1]
	[155567,2]
	[155951,1]
	[156047,2]
	[156149,1]
	[699,120]
	[156245,1]
	[156629,1]
	[156917,1]
	[157013,1]
	[157109,1]
	[157205,1]
	[157499,1]
	[705,105]
	[157691,1]
	[157979,1]
	[158747,1]
	[711,106]
	[159521,2]
	[159713,1]
	[159809,1]
	[160193,1]
	[160199,1]
	[717,106]
	[160775,1]
	[161255,1]
	[161351,1]
	[161447,1]
	[723,118]
	[161645,1]
	[161837,1]
	[162221,1]
	[162413,1]
	[162509,1]
	[162605,1]
	[162701,1]
	[729,120]
	[163283,1]
	[163379,2]
	[163475,1]
	[163667,1]
	[163763,1]
	[163859,1]
	[164147,1]
	[735,98]
	[165113,1]
	[165497,2]
	[165593,1]
	[741,96]
	[165695,1]
	[165791,1]
	[165983,1]
	[166079,1]
	[166175,1]
	[166655,1]
	[166751,1]
	[166943,1]
	[166949,1]
	[747,113]
	[167237,1]
	[167525,1]
	[167717,2]
	[167813,1]
	[168005,1]
	[168293,1]
	[753,120]
	[168395,1]
	[169067,1]
	[169547,1]
	[169649,2]
	[759,100]
	[170609,1]
	[170705,1]
	[170801,2]
	[170897,2]
	[765,99]
	[171383,1]
	[171479,1]
	[171575,1]
	[171767,1]
	[172247,1]
	[172343,1]
	[771,102]
	[172541,1]
	[172733,1]
	[172829,1]
	[173021,1]
	[777,97]
	[173987,1]
	[174179,1]
	[174467,1]
	[174563,1]
	[174659,2]
	[174851,1]
	[175043,2]
	[783,120]
	[175337,1]
	[175529,1]
	[175625,1]
	[175721,1]
	[175913,2]
	[176009,1]
	[176105,1]
	[176201,1]
	[176393,1]
	[789,95]
	[176495,1]
	[176591,1]
	[176783,1]
	[176975,1]
	[177071,1]
	[177551,1]
	[795,106]
	[177845,1]
	[178133,1]
	[178229,1]
	[178325,2]
	[178517,1]
	[178709,1]
	[178805,1]
	[178997,2]
	[179093,1]
	[179099,1]
	[801,112]
	[179195,1]
	[179483,1]
	[179675,1]
	[179867,1]
	[180059,1]
	[180443,2]
	[807,113]
	[180641,1]
	[180929,1]
	[181025,1]
	[181121,2]
	[181217,1]
	[813,114]
	[182087,1]
	[182183,2]
	[182279,1]
	[182375,1]
	[182663,1]
	[819,121]
	[183437,1]
	[183533,2]
	[183725,1]
	[183821,1]
	[183917,1]
	[184109,1]
	[184205,1]
	[184301,1]
	[184499,1]
	[825,121]
	[184691,2]
	[184787,1]
	[185075,2]
	[185171,1]
	[831,120]
	[186041,1]
	[186713,1]
	[186809,1]
	[187097,2]
	[837,128]
	[187487,1]
	[187583,2]
	[187967,1]
	[188063,1]
	[188255,1]
	[188351,2]
	[188447,1]
	[843,129]
	[188741,2]
	[188837,1]
	[189221,2]
	[189317,2]
	[189413,1]
	[189509,1]
	[189797,1]
	[189893,1]
	[189899,1]
	[849,127]
	[189995,1]
	[190187,1]
	[190379,1]
	[190475,1]
	[190571,2]
	[190667,1]
	[190955,3]
	[191051,1]
	[191147,1]
	[191243,2]
	[855,143]
	[192209,1]
	[192305,1]
	[192497,2]
	[861,119]
	[192695,1]
	[193175,2]
	[193271,1]
	[193367,1]
	[193847,1]
	[193943,1]
	[867,137]
	[194333,1]
	[194429,1]
	[194717,1]
	[195005,1]
	[195197,1]
	[195293,1]
	[195299,1]
	[873,133]
	[195491,1]
	[195587,1]
	[196067,1]
	[196163,3]
	[196451,1]
	[196547,1]
	[196649,1]
	[879,130]
	[196745,1]
	[197321,1]
	[197417,1]
	[197609,2]
	[197999,1]
	[885,115]
	[198191,2]
	[198287,1]
	[198767,1]
	[198959,2]
	[199247,1]
	[891,118]
	[199541,1]
	[199733,1]
	[200405,2]
	[200501,1]
	[200597,1]
	[200693,1]
	[897,122]
	[200795,4]
	[201179,1]
	[201275,1]
	[201371,1]
	[201755,1]
	[201947,1]
	[202043,1]
	[202049,1]
	[903,134]
	[202145,1]
	[202241,1]
	[202529,1]
	[202913,1]
	[203201,1]
	[203393,1]
	[203399,2]
	[909,126]
	[203495,1]
	[204359,1]
	[204743,1]
	[915,134]
	[204845,2]
	[205133,2]
	[205229,1]
	[205613,2]
	[205709,1]
	[205997,2]
	[206093,3]
	[921,134]
	[206291,1]
	[206483,1]
	[206579,1]
	[206675,2]
	[207059,2]
	[207251,1]
	[207449,1]
	[927,138]
	[207641,1]
	[207833,2]
	[208025,1]
	[208217,1]
	[208313,2]
	[208601,2]
	[208793,1]
	[208799,1]
	[933,124]
	[208895,1]
	[208991,2]
	[209375,2]
	[209471,1]
	[209855,2]
	[210143,2]
	[210149,1]
	[939,125]
	[210437,1]
	[210629,1]
	[210917,1]
	[211301,1]
	[211499,2]
	[945,142]
	[211595,1]
	[211691,1]
	[211787,1]
	[212075,2]
	[212459,2]
	[212651,1]
	[212843,1]
	[212849,2]
	[951,142]
	[212945,1]
	[213233,2]
	[213521,1]
	[213713,3]
	[214001,1]
	[214193,1]
	[957,145]
	[214295,1]
	[214391,1]
	[214487,2]
	[214583,1]
	[214679,1]
	[214871,2]
	[215159,2]
	[215351,1]
	[215447,1]
	[215549,3]
	[963,133]
	[215933,1]
	[216029,2]
	[216221,1]
	[216317,1]
	[216797,1]
	[969,133]
	[216995,1]
	[217091,2]
	[217283,2]
	[217475,2]
	[217667,1]
	[217763,1]
	[217859,3]
	[217955,1]
	[218243,2]
	[975,134]
	[218345,1]
	[218633,2]
	[218729,1]
	[218825,1]
	[219113,2]
	[219305,1]
	[981,131]
	[219695,1]
	[219983,2]
	[220175,3]
	[220463,1]
	[220751,3]
	[220847,1]
	[220943,1]
	[987,146]
	[221045,2]
	[221333,2]
	[221621,2]
	[221813,1]
	[221909,1]
	[222101,1]
	[222197,2]
	[222293,1]
	[993,154]
	[222395,2]
	[222587,2]
	[222683,1]
	[223163,1]
	[223451,1]
	[223547,2]
	[223643,1]
	[223649,1]
	[999,149]
	[223745,1]
	[223937,1]
	[224225,1]
	[224321,1]
	[224417,1]
	[224513,1]
	[224609,1]
	[224705,2]
	[224897,1]
	[224993,1]
	[224999,1]
	[1005,143]
	[225191,1]
	[225575,1]
	[225671,1]
	[226151,1]
	[226247,1]
	[226343,2]
	[1011,129]
	[226445,1]
	[226541,1]
	[226637,3]
	[226733,2]
	[227213,2]
	[227597,1]
	[1017,136]
	[227795,2]
	[228083,1]
	[228179,1]
	[228371,1]
	[228467,1]
	[228755,1]
	[228947,1]
	[229049,1]
	[1023,146]
	[229433,1]
	[229913,1]
	[230009,1]
	[230201,3]
	[230399,1]
	[1029,151]
	[230495,3]
	[230687,2]
	[230783,1]
	[230879,1]
	[230975,1]
	[231167,1]
	[231263,2]
	[231359,2]
	[231647,1]
	[1035,164]
	[231941,2]
	[232133,2]
	[232229,1]
	[232325,1]
	[232421,1]
	[232613,1]
	[232709,1]
	[232805,3]
	[232901,1]
	[233093,2]
	[233099,2]
	[1041,156]
	[233291,1]
	[233387,2]
	[233579,1]
	[233771,1]
	[233963,1]
	[234347,1]
	[234449,1]
	[1047,153]
	[234545,1]
	[234833,2]
	[234929,1]
	[235025,2]
	[235217,1]
	[235313,2]
	[235505,2]
	[235601,1]
	[235799,2]
	[1053,164]
	[235895,1]
	[236087,1]
	[236183,3]
	[236375,1]
	[236567,1]
	[236855,1]
	[237149,1]
	[1059,144]
	[237341,1]
	[237437,1]
	[237629,1]
	[237725,1]
	[237821,1]
	[237917,1]
	[238013,1]
	[238109,1]
	[238205,1]
	[238499,1]
	[1065,154]
	[238595,2]
	[238691,2]
	[238787,2]
	[238979,1]
	[239171,2]
	[239267,1]
	[239363,1]
	[239651,1]
	[239747,1]
	[1071,157]
	[239945,1]
	[240233,1]
	[240425,2]
	[240521,1]
	[240809,1]
	[240905,1]
	[241193,2]
	[241199,1]
	[1077,162]
	[241487,1]
	[241871,1]
	[241967,1]
	[242255,2]
	[242351,1]
	[242543,2]
	[1083,154]
	[242645,1]
	[242837,1]
	[243221,1]
	[243413,2]
	[243701,2]
	[243797,1]
	[1089,163]
	[244091,2]
	[244283,1]
	[244475,2]
	[244571,3]
	[244667,1]
	[244859,1]
	[245147,1]
	[245243,1]
	[245249,1]
	[1095,159]
	[245633,1]
	[245825,1]
	[245921,2]
	[246113,1]
	[246209,1]
	[246305,1]
	[246497,1]
	[246599,1]
	[1101,169]
	[246695,2]
	[247175,1]
	[247271,2]
	[247559,1]
	[247751,3]
	[247943,1]
	[1107,155]
	[248333,1]
	[248621,1]
	[248717,1]
	[248813,1]
	[248909,1]
	[249101,1]
	[249197,1]
	[249293,2]
	[1113,167]
	[249395,1]
	[249491,2]
	[249587,2]
	[249683,1]
	[249875,1]
	[249971,1]
	[250067,1]
	[250451,1]
	[250643,1]
	[250649,2]
	[1119,161]
	[250745,1]
	[250937,2]
	[251225,1]
	[251321,1]
	[251705,1]
	[251801,2]
	[251993,1]
	[1125,173]
	[252287,1]
	[252479,1]
	[252767,1]
	[252959,1]
	[253247,1]
	[1131,153]
	[253829,2]
	[253925,1]
	[254117,2]
	[254309,1]
	[254501,2]
	[254597,1]
	[254699,1]
	[1137,158]
	[254795,2]
	[254891,1]
	[255275,1]
	[255371,2]
	[255563,2]
	[255659,1]
	[255851,1]
	[255947,1]
	[1143,182]
	[256433,1]
	[256529,1]
	[256625,1]
	[256721,3]
	[256913,1]
	[257105,1]
	[257201,1]
	[257297,1]
	[257393,1]
	[257399,1]
	[1149,186]
	[257591,2]
	[257687,1]
	[257783,1]
	[257975,1]
	[258263,2]
	[258551,1]
	[1155,177]
	[258845,2]
	[258941,1]
	[259517,2]
	[259613,1]
	[259709,1]
	[260093,1]
	[1161,156]
	[260291,1]
	[260387,1]
	[260483,2]
	[260771,2]
	[260867,3]
	[260963,1]
	[261059,1]
	[261347,2]
	[261443,1]
	[261449,2]
	[1167,174]
	[261545,1]
	[261641,2]
	[261833,1]
	[262025,1]
	[262121,1]
	[262217,1]
	[262313,2]
	[262409,1]
	[262601,1]
	[262697,2]
	[262793,1]
	[262799,3]
	[1173,172]
	[262991,1]
	[263087,1]
	[263183,1]
	[263279,1]
	[263471,1]
	[263759,1]
	[263855,1]
	[264047,1]
	[264143,2]
	[1179,184]
	[264245,1]
	[264533,2]
	[264629,2]
	[264725,1]
	[264917,1]
	[265013,1]
	[265397,1]
	[265493,1]
	[265499,2]
	[1185,163]
	[265595,1]
	[265691,1]
	[265979,3]
	[266171,1]
	[266459,1]
	[266651,1]
	[1191,164]
	[267041,1]
	[267233,1]
	[267329,3]
	[267425,1]
	[267713,3]
	[268001,1]
	[1197,174]
	[268295,2]
	[268391,1]
	[268487,1]
	[268679,1]
	[268871,1]
	[268967,1]
	[269159,1]
	[269351,3]
	[269447,1]
	[269543,2]

1608,
	[10,2]
	[16,2]
	[22,4]
	[4848,1]
	[28,3]
	[34,5]
	[40,7]
	[9000,1]
	[46,5]
	[9576,1]
	[52,7]
	[58,10]
	[64,8]
	[70,11]
	[76,11]
	[16038,1]
	[16422,1]
	[82,10]
	[88,9]
	[18834,2]
	[94,10]
	[100,12]
	[21822,1]
	[106,11]
	[23076,1]
	[112,21]
	[24426,1]
	[118,21]
	[26448,1]
	[26550,1]
	[124,14]
	[27798,1]
	[130,18]
	[29244,1]
	[136,15]
	[142,20]
	[31368,1]
	[31464,1]
	[31950,1]
	[148,18]
	[32430,1]
	[32718,1]
	[33294,1]
	[154,19]
	[34452,1]
	[160,26]
	[34938,1]
	[35130,1]
	[35610,1]
	[35706,1]
	[166,27]
	[36288,1]
	[37542,1]
	[172,18]
	[38694,1]
	[178,28]
	[39564,1]
	[39660,1]
	[184,25]
	[190,24]
	[196,32]
	[43806,1]
	[202,28]
	[44772,1]
	[208,26]
	[46026,1]
	[46122,1]
	[46602,1]
	[214,29]
	[47088,1]
	[48144,1]
	[48342,1]
	[220,26]
	[48918,1]
	[226,29]
	[49596,1]
	[50172,1]
	[50556,1]
	[50652,1]
	[50844,1]
	[232,36]
	[51426,1]
	[52194,1]
	[238,30]
	[52968,1]
	[53544,1]
	[53550,1]
	[244,30]
	[54798,1]
	[250,31]
	[55860,1]
	[55956,1]
	[256,43]
	[56346,1]
	[57306,1]
	[262,39]
	[58272,1]
	[58944,1]
	[268,39]
	[274,33]
	[60588,1]
	[60684,1]
	[280,46]
	[62322,1]
	[62898,1]
	[286,36]
	[63384,1]
	[292,44]
	[65118,1]
	[298,34]
	[66564,1]
	[66660,1]
	[304,49]
	[67242,1]
	[310,49]
	[68688,1]
	[68880,1]
	[69456,1]
	[69648,1]
	[316,40]
	[70422,1]
	[70614,1]
	[71196,2]
	[322,52]
	[71868,1]
	[71964,1]
	[328,47]
	[73026,1]
	[73314,1]
	[73506,1]
	[334,46]
	[74184,1]
	[74376,1]
	[75144,1]
	[340,40]
	[75246,1]
	[75342,1]
	[76014,1]
	[346,51]
	[76884,1]
	[77076,1]
	[352,51]
	[78618,1]
	[79200,1]
	[358,55]
	[79296,1]
	[79488,1]
	[79680,1]
	[80352,1]
	[80550,1]
	[364,57]
	[81414,1]
	[370,55]
	[82476,1]
	[83244,1]
	[83250,1]
	[376,45]
	[83538,2]
	[84018,1]
	[84402,1]
	[382,65]
	[84984,1]
	[85176,1]
	[85464,1]
	[85848,2]
	[85944,1]
	[85950,1]
	[388,54]
	[86142,1]
	[86334,1]
	[86526,1]
	[394,55]
	[87396,1]
	[87492,2]
	[87972,1]
	[88068,2]
	[88548,1]
	[88650,1]
	[400,55]
	[406,50]
	[90480,1]
	[90768,2]
	[91350,1]
	[412,61]
	[91638,1]
	[91734,1]
	[92700,1]
	[418,60]
	[92988,2]
	[93468,1]
	[93948,1]
	[94044,1]
	[94050,1]
	[424,57]
	[94914,1]
	[95010,1]
	[95394,1]
	[95400,1]
	[430,52]
	[96264,1]
	[96360,1]
	[436,52]
	[97038,1]
	[97134,1]
	[97230,1]
	[97998,2]
	[442,57]
	[98196,1]
	[98484,1]
	[98676,1]
	[98772,1]
	[98868,2]
	[99252,1]
	[448,69]
	[100218,1]
	[100506,1]
	[100602,1]
	[100698,1]
	[100794,1]
	[454,51]
	[100992,1]
	[101088,1]
	[101664,1]
	[102144,1]
	[102150,2]
	[460,69]
	[102534,1]
	[103110,1]
	[103206,1]
	[103500,1]
	[466,68]
	[103788,1]
	[104460,1]
	[104748,1]
	[472,80]
	[105234,1]
	[105426,1]
	[105810,1]
	[105906,1]
	[106194,1]
	[106200,1]
	[478,71]
	[106872,1]
	[106968,1]
	[107064,1]
	[107256,1]
	[107352,1]
	[107448,1]
	[484,71]
	[107646,1]
	[107742,1]
	[108222,1]
	[108510,1]
	[108894,1]
	[490,69]
	[109572,1]
	[109764,1]
	[109860,1]
	[109956,1]
	[110052,1]
	[110250,1]
	[496,68]
	[110442,1]
	[110730,1]
	[110826,1]
	[111114,2]
	[111306,1]
	[111600,1]
	[502,93]
	[111696,1]
	[111888,1]
	[111984,1]
	[112950,1]
	[508,74]
	[113142,1]
	[113334,1]
	[113718,1]
	[113910,1]
	[514,87]
	[114396,1]
	[115260,1]
	[115644,1]
	[115650,1]
	[520,69]
	[116226,1]
	[116610,1]
	[116994,1]
	[526,76]
	[117096,1]
	[532,70]
	[118734,1]
	[538,72]
	[119796,1]
	[120276,1]
	[120372,1]
	[120564,1]
	[120660,1]
	[120948,1]
	[121044,1]
	[544,62]
	[121434,2]
	[121722,1]
	[122202,2]
	[122298,1]
	[550,71]
	[122496,1]
	[122688,1]
	[123168,2]
	[123264,1]
	[123360,1]
	[123456,1]
	[123648,1]
	[556,83]
	[123846,1]
	[124038,1]
	[124134,1]
	[124230,1]
	[124614,1]
	[124710,1]
	[124806,2]
	[562,80]
	[125388,1]
	[125676,1]
	[126252,1]
	[126450,1]
	[568,68]
	[126930,1]
	[127026,1]
	[127314,1]
	[127506,1]
	[127602,1]
	[127800,1]
	[574,83]
	[127896,1]
	[128376,1]
	[128472,2]
	[128568,2]
	[128664,1]
	[128952,1]
	[129048,1]
	[129144,1]
	[580,78]
	[129534,1]
	[129630,1]
	[130110,1]
	[130398,1]
	[130494,1]
	[586,84]
	[130596,1]
	[131172,1]
	[131556,1]
	[131652,1]
	[131850,1]
	[592,76]
	[131946,1]
	[132138,1]
	[598,96]
	[133296,2]
	[133392,1]
	[133488,1]
	[133680,1]
	[134256,1]
	[134352,1]
	[604,78]
	[134838,1]
	[135126,1]
	[610,81]
	[136188,1]
	[136956,1]
	[137148,2]
	[616,82]
	[137346,1]
	[137442,3]
	[137538,1]
	[137922,1]
	[138306,2]
	[138402,2]
	[138594,1]
	[622,83]
	[138792,1]
	[139368,1]
	[139464,1]
	[139752,1]
	[139848,1]
	[139944,1]
	[139950,1]
	[628,97]
	[140046,2]
	[140334,1]
	[140718,2]
	[140814,1]
	[141300,1]
	[634,86]
	[141780,1]
	[142260,1]
	[142548,1]
	[142650,1]
	[640,95]
	[143130,1]
	[143322,1]
	[143610,2]
	[143706,1]
	[143802,1]
	[646,83]
	[144192,1]
	[144288,1]
	[144384,1]
	[144576,1]
	[145152,1]
	[145350,1]
	[652,80]
	[145542,1]
	[145734,1]
	[145830,1]
	[145926,1]
	[146310,2]
	[146502,1]
	[146700,1]
	[658,96]
	[146796,1]
	[147084,1]
	[147276,1]
	[147372,1]
	[147660,1]
	[147756,1]
	[147948,1]
	[664,95]
	[148338,1]
	[148722,1]
	[148818,1]
	[149106,1]
	[149298,1]
	[149394,2]
	[670,102]
	[149496,1]
	[149592,1]
	[149976,1]
	[150264,1]
	[150456,1]
	[150750,1]
	[676,107]
	[150846,2]
	[150942,1]
	[151134,1]
	[151230,1]
	[151326,1]
	[151806,1]
	[152094,1]
	[682,104]
	[152388,1]
	[152484,1]
	[152676,1]
	[153060,2]
	[153156,2]
	[153252,1]
	[688,103]
	[153546,1]
	[153738,1]
	[153834,1]
	[154314,1]
	[154506,1]
	[694,91]
	[154992,2]
	[155856,1]
	[156048,1]
	[700,105]
	[156534,1]
	[156726,1]
	[156822,1]
	[157014,1]
	[157398,1]
	[706,111]
	[157596,1]
	[157692,1]
	[158076,2]
	[158268,1]
	[158364,1]
	[712,98]
	[159042,1]
	[159138,1]
	[159426,2]
	[159618,2]
	[159810,1]
	[160098,3]
	[718,113]
	[160584,1]
	[160680,1]
	[160776,1]
	[160872,1]
	[161160,1]
	[161448,1]
	[161550,1]
	[724,101]
	[161646,1]
	[161838,1]
	[162030,1]
	[162606,1]
	[162900,1]
	[730,97]
	[163092,2]
	[163188,1]
	[163572,2]
	[163956,1]
	[164148,1]
	[164244,1]
	[736,119]
	[164634,2]
	[165306,1]
	[165402,1]
	[165498,1]
	[165594,1]
	[165600,1]
	[742,104]
	[166176,1]
	[166272,1]
	[166368,1]
	[166656,1]
	[166848,2]
	[748,108]
	[167334,1]
	[167430,1]
	[167526,1]
	[167622,1]
	[167718,1]
	[167910,1]
	[168006,2]
	[168102,1]
	[754,107]
	[168492,1]
	[168684,2]
	[168876,1]
	[168972,1]
	[169068,1]
	[169452,2]
	[169548,1]
	[169644,1]
	[169650,1]
	[760,123]
	[169938,1]
	[170034,1]
	[170226,1]
	[170706,1]
	[170994,2]
	[171000,1]
	[766,95]
	[171192,1]
	[171288,1]
	[171384,1]
	[171480,1]
	[171672,1]
	[171768,1]
	[171960,1]
	[172152,1]
	[172344,1]
	[172350,1]
	[772,110]
	[172542,1]
	[173022,2]
	[173406,1]
	[173502,1]
	[173694,1]
	[173700,1]
	[778,101]
	[173796,1]
	[173892,1]
	[174084,1]
	[174276,3]
	[174372,1]
	[174468,1]
	[174564,2]
	[174660,1]
	[175050,1]
	[784,108]
	[175146,1]
	[175434,1]
	[175722,1]
	[176400,1]
	[790,104]
	[176976,1]
	[177360,2]
	[177456,2]
	[177744,1]
	[796,115]
	[178134,1]
	[178326,2]
	[179094,2]
	[802,124]
	[179292,1]
	[179388,1]
	[179772,1]
	[179964,1]
	[180348,1]
	[180444,1]
	[808,118]
	[180642,1]
	[181026,1]
	[181122,3]
	[181218,1]
	[181314,1]
	[181698,1]
	[181800,1]
	[814,108]
	[181992,1]
	[182088,1]
	[182760,2]
	[182856,1]
	[183144,2]
	[820,124]
	[183438,1]
	[183534,1]
	[184206,2]
	[184302,1]
	[184398,1]
	[184494,1]
	[826,126]
	[184596,1]
	[184788,1]
	[184884,1]
	[184980,2]
	[185076,1]
	[185172,1]
	[185460,1]
	[185652,2]
	[185748,2]
	[832,107]
	[185946,1]
	[186042,1]
	[186618,1]
	[186714,1]
	[186810,1]
	[187098,1]
	[838,139]
	[187584,1]
	[187680,1]
	[188160,1]
	[188256,1]
	[188352,1]
	[188544,2]
	[844,137]
	[188646,1]
	[188838,2]
	[188934,2]
	[189222,2]
	[189318,1]
	[189414,2]
	[189510,1]
	[189606,1]
	[189702,1]
	[189798,1]
	[189894,1]
	[850,109]
	[190092,3]
	[190284,2]
	[190860,1]
	[190956,1]
	[191052,1]
	[191250,1]
	[856,127]
	[191634,1]
	[191826,1]
	[191922,1]
	[192114,2]
	[192402,1]
	[192498,1]
	[192594,1]
	[862,108]
	[192696,1]
	[192792,1]
	[192984,1]
	[193080,1]
	[193464,1]
	[193656,1]
	[193752,1]
	[193944,2]
	[868,123]
	[194046,2]
	[194142,2]
	[194526,1]
	[195006,1]
	[195294,2]
	[874,148]
	[195588,2]
	[195684,1]
	[195780,2]
	[195876,2]
	[196164,1]
	[196260,1]
	[196356,1]
	[196644,2]
	[196650,1]
	[880,117]
	[196842,2]
	[196938,1]
	[197034,1]
	[197226,1]
	[197418,1]
	[197514,1]
	[197610,1]
	[197706,1]
	[197802,1]
	[198000,2]
	[886,115]
	[198096,1]
	[198192,1]
	[198288,1]
	[198576,1]
	[198672,1]
	[198864,2]
	[198960,1]
	[199344,1]
	[199350,1]
	[892,111]
	[199446,1]
	[199638,2]
	[199830,1]
	[199926,1]
	[200118,2]
	[200310,2]
	[898,145]
	[201372,1]
	[201660,1]
	[201852,2]
	[202044,1]
	[904,144]
	[202146,1]
	[202242,1]
	[202434,1]
	[202530,1]
	[202914,1]
	[203106,1]
	[203298,2]
	[910,124]
	[204072,1]
	[204264,1]
	[204360,1]
	[204456,2]
	[204750,1]
	[916,134]
	[204846,1]
	[205134,1]
	[205230,3]
	[205326,1]
	[205518,1]
	[205710,1]
	[205806,1]
	[205902,2]
	[206094,1]
	[922,140]
	[206196,2]
	[206388,1]
	[206484,1]
	[206964,1]
	[207252,1]
	[207348,1]
	[207444,1]
	[207450,1]
	[928,131]
	[207546,1]
	[208026,2]
	[208122,2]
	[208506,3]
	[208698,1]
	[934,151]
	[208992,1]
	[209088,1]
	[209280,2]
	[209376,1]
	[209664,1]
	[209760,1]
	[209856,2]
	[209952,1]
	[210048,1]
	[210144,2]
	[210150,1]
	[940,141]
	[210246,2]
	[210342,1]
	[210438,1]
	[210534,1]
	[210822,1]
	[211206,1]
	[211494,1]
	[946,146]
	[211596,1]
	[211692,1]
	[211788,1]
	[211884,1]
	[212268,1]
	[212460,1]
	[212748,2]
	[952,139]
	[213042,1]
	[213138,2]
	[213234,1]
	[213330,2]
	[213426,1]
	[213522,1]
	[213810,2]
	[213906,1]
	[214002,1]
	[214098,1]
	[214194,1]
	[214200,1]
	[958,135]
	[214392,1]
	[214776,2]
	[215160,1]
	[215352,2]
	[215550,1]
	[964,130]
	[215646,1]
	[215742,1]
	[215838,1]
	[216030,1]
	[216126,2]
	[216222,2]
	[216414,2]
	[216510,1]
	[216702,1]
	[216894,1]
	[216900,1]
	[970,140]
	[217092,3]
	[217380,1]
	[217476,1]
	[217668,1]
	[217764,1]
	[217956,1]
	[218148,2]
	[976,141]
	[218538,1]
	[218634,3]
	[218730,1]
	[219114,1]
	[219210,1]
	[219402,1]
	[982,134]
	[219696,1]
	[219792,1]
	[219888,1]
	[220368,1]
	[220560,2]
	[220656,1]
	[220950,1]
	[988,156]
	[221142,1]
	[221238,2]
	[221334,1]
	[221526,1]
	[221622,1]
	[221718,1]
	[222102,1]
	[222198,1]
	[994,158]
	[222396,2]
	[222492,2]
	[222588,1]
	[222780,1]
	[222876,1]
	[223068,2]
	[223260,2]
	[223452,1]
	[223548,1]
	[223644,1]
	[1000,144]
	[223746,1]
	[223842,1]
	[223938,1]
	[224130,2]
	[224322,1]
	[224706,1]
	[224802,1]
	[224898,1]
	[225000,1]
	[1006,162]
	[225288,1]
	[225384,1]
	[225672,1]
	[225768,1]
	[225864,3]
	[225960,3]
	[226152,1]
	[226344,1]
	[1012,138]
	[226446,1]
	[226830,1]
	[227502,1]
	[227598,1]
	[227700,2]
	[1018,159]
	[227892,1]
	[228372,1]
	[228564,1]
	[229050,1]
	[1024,137]
	[229146,1]
	[229338,1]
	[229434,1]
	[229530,1]
	[230010,1]
	[230202,2]
	[230394,1]
	[1030,151]
	[230496,1]
	[230688,1]
	[230880,1]
	[231168,1]
	[231264,3]
	[231360,1]
	[231456,1]
	[231648,4]
	[231750,2]
	[1036,163]
	[231942,2]
	[232038,1]
	[232134,1]
	[232326,1]
	[232422,2]
	[232710,1]
	[233100,1]
	[1042,167]
	[233196,1]
	[233388,1]
	[233484,1]
	[233676,1]
	[233868,1]
	[233964,2]
	[234060,1]
	[234156,1]
	[234348,1]
	[1048,140]
	[234546,1]
	[234738,1]
	[234834,2]
	[234930,1]
	[235122,2]
	[235506,1]
	[235602,1]
	[1054,147]
	[235896,1]
	[235992,2]
	[236088,1]
	[236184,1]
	[236280,1]
	[236376,1]
	[236568,1]
	[236856,2]
	[236952,2]
	[237048,1]
	[237144,2]
	[237150,1]
	[1060,159]
	[237246,1]
	[237438,2]
	[237534,1]
	[237630,2]
	[237822,1]
	[238014,3]
	[238110,2]
	[238398,1]
	[238500,1]
	[1066,162]
	[238692,1]
	[238788,2]
	[238884,1]
	[238980,1]
	[239076,1]
	[239364,1]
	[239460,1]
	[239556,1]
	[239844,1]
	[1072,151]
	[239946,1]
	[240138,1]
	[240234,1]
	[240426,1]
	[240522,1]
	[240618,1]
	[240810,1]
	[240906,1]
	[241002,1]
	[241194,1]
	[241200,1]
	[1078,156]
	[241392,1]
	[241584,1]
	[241872,1]
	[242352,1]
	[242544,2]
	[1084,155]
	[242838,1]
	[243126,1]
	[243318,2]
	[243414,1]
	[243606,1]
	[243798,2]
	[243900,2]
	[1090,146]
	[243996,2]
	[244188,1]
	[244572,1]
	[244860,1]
	[245244,2]
	[1096,159]
	[245346,1]
	[245442,1]
	[245634,1]
	[245730,1]
	[245922,2]
	[246114,2]
	[246210,1]
	[246306,2]
	[246498,1]
	[246600,1]
	[1102,152]
	[246792,3]
	[246888,3]
	[247080,1]
	[247272,2]
	[247368,1]
	[247560,1]
	[247848,1]
	[1108,167]
	[248046,2]
	[248142,1]
	[248238,1]
	[248526,1]
	[248910,1]
	[249198,1]
	[249294,1]
	[249300,1]
	[1114,182]
	[249396,1]
	[249684,1]
	[249780,1]
	[249876,1]
	[250164,1]
	[250260,1]
	[250356,2]
	[250452,2]
	[250644,1]
	[250650,1]
	[1120,168]
	[250746,2]
	[251034,1]
	[251418,1]
	[251994,3]
	[252000,1]
	[1126,172]
	[252096,1]
	[252192,1]
	[252288,1]
	[252384,3]
	[252480,1]
	[252672,1]
	[252768,1]
	[252960,1]
	[253056,2]
	[253248,1]
	[253344,1]
	[253350,1]
	[1132,162]
	[253446,2]
	[253542,3]
	[253734,1]
	[253926,1]
	[254310,1]
	[254406,1]
	[254502,1]
	[254694,1]
	[254700,2]
	[1138,157]
	[254892,1]
	[254988,2]
	[255276,2]
	[255468,2]
	[255564,1]
	[255660,1]
	[255756,1]
	[256044,3]
	[256050,1]
	[1144,192]
	[256530,1]
	[257010,1]
	[257202,1]
	[257394,1]
	[257400,1]
	[1150,210]
	[257496,1]
	[257688,2]
	[257880,1]
	[257976,1]
	[258168,1]
	[258264,2]
	[258360,1]
	[258648,2]
	[258750,2]
	[1156,162]
	[258846,1]
	[259038,1]
	[259230,1]
	[259806,2]
	[259902,1]
	[259998,1]
	[260094,1]
	[1162,169]
	[260196,1]
	[260580,1]
	[260772,1]
	[261060,2]
	[261348,1]
	[261450,1]
	[1168,161]
	[261642,3]
	[261738,1]
	[261834,1]
	[261930,1]
	[262026,1]
	[262122,1]
	[262314,1]
	[262602,1]
	[262800,3]
	[1174,177]
	[262992,1]
	[263088,1]
	[263184,1]
	[263280,1]
	[263376,1]
	[263472,3]
	[263568,1]
	[263664,1]
	[263760,1]
	[263856,1]
	[263952,1]
	[264144,1]
	[1180,162]
	[264342,1]
	[264438,1]
	[264630,1]
	[264726,2]
	[265014,1]
	[265206,1]
	[265302,2]
	[265398,1]
	[265494,1]
	[1186,171]
	[265692,2]
	[265980,2]
	[266076,1]
	[266172,1]
	[266364,1]
	[266652,2]
	[266748,2]
	[1192,180]
	[266946,2]
	[267042,3]
	[267138,1]
	[267330,1]
	[267522,1]
	[267714,1]
	[268002,2]
	[1198,179]
	[268392,1]
	[268488,1]
	[268584,1]
	[268776,1]
	[268872,2]
	[269256,1]
	[269448,1]

1612,
	[2,17551]
	[12,1]
	[24,1]
	[36,4]
	[48,1]
	[6,2]
	[18,1]
	[84,2]
	[42,1]
	[96,1]
	[54,1]
	[66,1]
	[120,3]
	[72,1]
	[132,3]
	[90,1]
	[144,2]
	[102,2]
	[108,1]
	[114,2]
	[126,5]
	[180,1]
	[138,1]
	[192,2]
	[150,3]
	[204,2]
	[156,2]
	[162,2]
	[168,1]
	[216,2]
	[174,1]
	[228,6]
	[186,2]
	[240,4]
	[198,3]
	[210,1]
	[222,4]
	[234,1]
	[288,5]
	[246,3]
	[252,3]
	[258,4]
	[264,3]
	[312,4]
	[270,1]
	[276,1]
	[282,2]
	[294,1]
	[300,3]
	[348,5]
	[306,5]
	[360,6]
	[318,4]
	[372,5]
	[324,2]
	[330,1]
	[336,5]
	[384,5]
	[342,3]
	[396,7]
	[354,2]
	[366,5]
	[420,2]
	[378,4]
	[390,2]
	[402,7]
	[408,2]
	[414,3]
	[468,7]
	[426,8]
	[432,7]
	[438,2]
	[444,5]
	[450,5]
	[456,2]
	[504,9]
	[462,2]
	[516,9]
	[474,4]
	[480,5]
	[486,5]
	[492,2]
	[540,7]
	[498,5]
	[510,8]
	[522,4]
	[528,4]
	[534,6]
	[546,4]
	[552,7]
	[600,13]
	[558,3]
	[564,5]
	[612,4]
	[570,5]
	[576,8]
	[624,6]
	[582,5]
	[588,5]
	[636,8]
	[594,10]
	[648,5]
	[606,2]
	[618,9]
	[672,5]
	[630,7]
	[642,5]
	[654,12]
	[660,9]
	[666,6]
	[678,8]
	[684,5]
	[732,11]
	[690,5]
	[696,6]
	[744,10]
	[702,9]
	[708,8]
	[756,6]
	[714,6]
	[720,12]
	[726,7]
	[780,9]
	[738,2]
	[792,10]
	[750,13]
	[804,9]
	[762,5]
	[768,8]
	[816,11]
	[774,8]
	[786,8]
	[840,5]
	[798,11]
	[852,12]
	[810,15]
	[822,12]
	[828,6]
	[876,6]
	[834,7]
	[846,11]
	[858,9]
	[864,11]
	[912,7]
	[870,10]
	[924,16]
	[882,11]
	[936,12]
	[888,8]
	[894,10]
	[948,13]
	[900,5]
	[906,7]
	[960,7]
	[918,9]
	[972,7]
	[930,13]
	[942,6]
	[954,8]
	[1008,18]
	[966,13]
	[978,4]
	[984,7]
	[990,14]
	[996,9]
	[1044,10]
	[1002,8]
	[1056,10]
	[1014,9]
	[1020,6]
	[1068,10]
	[1026,11]
	[1080,14]
	[1032,8]
	[1038,11]
	[1092,12]
	[1050,20]
	[1062,10]
	[1074,7]
	[1128,1]
	[1086,12]
	[1140,1]
	[1098,12]
	[1104,7]

1580,
	[1,18501]

1572,
	[6,18683]

1576,
	[4,18537]

len(carl_order):
18
Printing carl assignment order:
1636,1,1.0
1580,1,1.0
1612,2,0.47046051573473435
1576,4,0.25
1628,4,0.22936893203883496
1572,6,0.16666666666666666
1632,4,0.01
1672,3,0.0017006802721088435
1632,1156,0.0016611295681063123
1672,1191,0.001455051559435693
1612,1140,0.0013887873693443462
1604,1197,0.0011364523623559556
1608,1198,0.0011265363304721198
1628,1576,3.74195479718605e-05
1628,253546,7.521546881331614e-06
1672,268391,5.74439529795134e-06
1604,269543,5.580401514226048e-06
1608,269448,5.579013412404838e-06
bin_width: 5769529
assigning lease 1 to address 1636
Average Cache Occupancy Per Bin: [0.00,0.00,0.00,0.00,0.00]
Total cost: 24832.0
assigning lease 1 to address 1580
Average Cache Occupancy Per Bin: [0.16,0.16,0.16,0.16,0.16]
Total cost: 976128.0
assigning lease 2 to address 1612
Average Cache Occupancy Per Bin: [0.49,0.49,0.49,0.49,0.49]
Total cost: 2851584.0
assigning lease 4 to address 1576
Average Cache Occupancy Per Bin: [1.14,1.15,1.16,1.15,1.15]
Total cost: 6604544.0
assigning lease 4 to address 1628
Average Cache Occupancy Per Bin: [1.16,1.16,1.17,1.16,1.15]
Total cost: 6705920.0
assigning lease 6 to address 1572
Average Cache Occupancy Per Bin: [2.14,2.16,2.17,2.16,2.13]
Total cost: 12375296.0
assigning lease 4 to address 1632
Average Cache Occupancy Per Bin: [2.15,2.17,2.17,2.16,2.14]
Total cost: 12438784.0
assigning lease 3 to address 1672
Average Cache Occupancy Per Bin: [2.16,2.17,2.17,2.16,2.14]
Total cost: 12500224.0
assigning lease 1156 to address 1632
Average Cache Occupancy Per Bin: [2.82,3.18,2.81,2.76,3.09]
Total cost: 16309504.0
assigning lease 1191 to address 1672
Average Cache Occupancy Per Bin: [3.92,4.27,3.99,3.93,4.15]
Total cost: 22663936.0
assigning lease 1140 to address 1612
Average Cache Occupancy Per Bin: [6.33,9.88,12.0,12.7,14.5]
Total cost: 36557056.0
addr: 1604 ri: 1197
bin target: 738499712
	bin: 2.0 current capacity: 12.017496748868062  avg impact: 140.92086893054875
	bin: 3.0 current capacity: 12.724948604990113  avg impact: 167.2084469980132
	bin: 4.0 current capacity: 14.536218814395422  avg impact: 189.86749455631474
num_full_bins: 0
printing bin ranks sorted:
	bin: 4.0 rank: 0.5975945564076067
	selecting this^ bin
	bin: 3.0 rank: 0.6894092581122987
	bin: 2.0 rank: 0.8230328419866088
acceptable_ratio: 0.5975945564076067
Assigning 1604 dual lease lease 1197 * 0.5975945564076067. Bin saturation: [47.1,77.5,96.2,112.,128.]
addr: 1608 ri: 1198
bin target: 738499712
	bin: 1.0 current capacity: 77.5958259054324  avg impact: 112.18196840677983
	bin: 2.0 current capacity: 96.23104090599384  avg impact: 143.01354027339147
	bin: 3.0 current capacity: 112.64780631637262  avg impact: 171.11274351857838
	bin: 4.0 current capacity: 128.0  avg impact: 191.57755442428663
num_full_bins: 1
printing bin ranks sorted:
	bin: 4.0 rank: 0.0
	bin: 3.0 rank: 0.0897197565063909
	bin: 2.0 rank: 0.22213951932995377
	bin: 1.0 rank: 0.44930727112755287
acceptable_ratio: 0
addr: 1628 ri: 1576
bin target: 738499712
	bin: 4.0 current capacity: 128.0  avg impact: 0.13950254864825187
num_full_bins: 1
printing bin ranks sorted:
	bin: 4.0 rank: 0.0
acceptable_ratio: 0
addr: 1628 ri: 253546
bin target: 738499712
	bin: 4.0 current capacity: 128.0  avg impact: 22.345699276318744
num_full_bins: 1
printing bin ranks sorted:
	bin: 4.0 rank: 0.0
acceptable_ratio: 0
addr: 1672 ri: 268391
bin target: 738499712
	bin: 4.0 current capacity: 128.0  avg impact: 44.441234631111136
num_full_bins: 1
printing bin ranks sorted:
	bin: 4.0 rank: 0.0
acceptable_ratio: 0
addr: 1604 ri: 269543
bin target: 738499712
	bin: 0.0 current capacity: 47.19517630307072  avg impact: 896.2883008301025
	bin: 1.0 current capacity: 77.5958259054324  avg impact: 1528.252195283185
	bin: 2.0 current capacity: 96.23104090599384  avg impact: 2051.172662447836
	bin: 3.0 current capacity: 112.64780631637262  avg impact: 2700.5611529121356
	bin: 4.0 current capacity: 128.0  avg impact: 2710.9153124977793
num_full_bins: 1
printing bin ranks sorted:
	bin: 4.0 rank: 0.0
	bin: 3.0 rank: 0.005684816160179308
	bin: 2.0 rank: 0.01548819349810055
	bin: 1.0 rank: 0.032981581345104954
	bin: 0.0 rank: 0.09015494637394178
acceptable_ratio: 0
addr: 1608 ri: 269448
bin target: 738499712
	bin: 0.0 current capacity: 47.19517630307072  avg impact: 816.1079242343699
	bin: 1.0 current capacity: 77.5958259054324  avg impact: 1682.027132544095
	bin: 2.0 current capacity: 96.23104090599384  avg impact: 2191.2776367013666
	bin: 3.0 current capacity: 112.64780631637262  avg impact: 2625.69025929153
	bin: 4.0 current capacity: 128.0  avg impact: 2697.6101238073334
num_full_bins: 1
printing bin ranks sorted:
	bin: 4.0 rank: 0.0
	bin: 3.0 rank: 0.005846917255110562
	bin: 2.0 rank: 0.014497915992895119
	bin: 1.0 rank: 0.029966326416108646
	bin: 0.0 rank: 0.09901242384423135
acceptable_ratio: 0
Final saturation:
	0.0,272293938.3406793
	1.0,447691367.84034353
	2.0,555207781.2073177
	3.0,649924785.328695
	4.0,738499712.0
DUMP LEASES
0, 688, 4a7, 0, 1 
0, 65c, 4, 0, 1 
0, 660, 484, 0, 1 
0, 664, 1, 0, 1 
0, 644, 1, 4ad, 0.4024054435923933 
0, 648, 1, 0, 1 
0, 64c, 474, 0, 1 
0, 62c, 1, 0, 1 
0, 624, 6, 0, 1 
0, 628, 4, 0, 1 
Dump dual leases

