sample rate: 0.00390625
1536,
	[1,178]
	[12,1]
	[18,1]
	[24,2]
	[30,3]
	[36,1]
	[42,5]
	[48,3]
	[54,5]
	[60,7]
	[66,10]
	[12204,1]
	[72,9]
	[78,6]
	[84,11]
	[90,13]
	[15762,1]
	[96,20]
	[17162,1]
	[136,1]
	[102,9]
	[108,12]
	[114,14]
	[21074,1]
	[120,10]
	[21850,1]
	[126,17]
	[22962,1]
	[132,14]
	[24314,1]
	[138,17]
	[144,14]
	[150,15]
	[27698,1]
	[156,28]
	[27994,1]
	[28138,1]
	[28522,1]
	[28810,1]
	[162,18]
	[29010,1]
	[168,25]
	[30074,1]
	[31082,1]
	[174,22]
	[31234,1]
	[31282,1]
	[180,23]
	[33354,1]
	[186,19]
	[33554,1]
	[192,19]
	[264,31]
	[198,27]
	[35970,1]
	[204,20]
	[210,30]
	[38050,1]
	[38098,1]
	[288,31]
	[216,27]
	[39066,1]
	[39162,1]
	[39930,1]
	[39954,1]
	[222,28]
	[40706,1]
	[40754,1]
	[41064,1]
	[228,27]
	[41962,1]
	[234,30]
	[42498,1]
	[42834,1]
	[240,34]
	[44186,1]
	[246,28]
	[45154,1]
	[252,33]
	[258,27]
	[352,1]
	[48442,1]
	[48922,1]
	[270,34]
	[49554,1]
	[49842,1]
	[49890,1]
	[276,40]
	[50282,1]
	[50330,1]
	[50426,1]
	[50474,1]
	[50522,1]
	[50858,1]
	[282,37]
	[51490,1]
	[52162,1]
	[52410,1]
	[294,36]
	[53522,1]
	[54194,1]
	[54338,1]
	[300,45]
	[54634,1]
	[54730,1]
	[55018,1]
	[55602,1]
	[408,59]
	[306,42]
	[55842,1]
	[55938,1]
	[56514,1]
	[312,35]
	[57722,1]
	[318,34]
	[58066,1]
	[58642,1]
	[58938,1]
	[324,36]
	[59034,1]
	[59466,2]
	[330,42]
	[336,41]
	[61402,1]
	[61834,1]
	[61882,1]
	[62274,1]
	[342,44]
	[63234,1]
	[348,50]
	[63962,1]
	[354,42]
	[65266,1]
	[65610,1]
	[360,42]
	[65658,1]
	[66042,1]
	[66186,1]
	[66234,1]
	[66378,1]
	[366,45]
	[67704,1]
	[372,52]
	[68650,1]
	[378,37]
	[69090,1]
	[69282,1]
	[69378,1]
	[69426,1]
	[69666,1]
	[69762,1]
	[69954,1]
	[512,1]
	[384,41]
	[70298,1]
	[70490,1]
	[520,1]
	[71170,1]
	[390,46]
	[71266,1]
	[71458,1]
	[71842,1]
	[396,40]
	[73146,1]
	[73394,1]
	[402,43]
	[73634,1]
	[73682,1]
	[74018,1]
	[74498,2]
	[75130,1]
	[75178,1]
	[75274,1]
	[414,52]
	[75666,1]
	[75810,1]
	[76002,1]
	[76434,1]
	[76530,1]
	[420,42]
	[77694,1]
	[426,52]
	[78418,1]
	[432,65]
	[79146,1]
	[79290,1]
	[79482,1]
	[79530,1]
	[79962,1]
	[79914,1]
	[438,51]
	[80162,1]
	[80450,1]
	[80594,1]
	[81026,1]
	[81122,1]
	[444,50]
	[81274,1]
	[81466,1]
	[81898,1]
	[450,51]
	[82338,1]
	[82722,1]
	[82866,1]
	[456,50]
	[84026,1]
	[84362,1]
	[462,62]
	[84802,2]
	[84994,1]
	[468,55]
	[85722,1]
	[85914,2]
	[85962,1]
	[86202,1]
	[86346,1]
	[86442,1]
	[474,49]
	[86978,1]
	[87026,2]
	[87362,1]
	[640,1]
	[87850,1]
	[480,68]
	[88138,1]
	[88186,1]
	[88330,1]
	[88378,1]
	[88570,1]
	[486,54]
	[89010,1]
	[89250,1]
	[89970,1]
	[90018,1]
	[492,57]
	[90698,1]
	[90746,1]
	[90890,1]
	[90938,1]
	[91034,1]
	[498,53]
	[91234,1]
	[91330,1]
	[91474,1]
	[91570,1]
	[92242,1]
	[92290,1]
	[504,64]
	[92826,1]
	[93162,1]
	[510,66]
	[93650,1]
	[94226,1]
	[94322,1]
	[688,1]
	[94570,1]
	[516,62]
	[94666,1]
	[95290,1]
	[95578,1]
	[522,65]
	[96690,1]
	[528,56]
	[97130,1]
	[97754,1]
	[97858,1]
	[534,60]
	[98386,1]
	[98434,1]
	[98626,1]
	[99018,1]
	[540,58]
	[99786,1]
	[99834,1]
	[99930,1]
	[100026,1]
	[99894,1]
	[546,65]
	[100322,2]
	[100514,1]
	[552,69]
	[101434,2]
	[101818,1]
	[101866,1]
	[102114,1]
	[558,70]
	[102402,1]
	[102450,1]
	[102978,1]
	[752,1]
	[564,57]
	[103466,1]
	[104138,2]
	[104334,1]
	[760,3]
	[104530,1]
	[570,81]
	[105250,1]
	[105586,1]
	[105444,1]
	[576,72]
	[106074,1]
	[106170,2]
	[582,74]
	[107042,1]
	[107090,1]
	[588,70]
	[108058,1]
	[108154,1]
	[108298,1]
	[108442,1]
	[108538,1]
	[108730,1]
	[108970,1]
	[594,82]
	[109458,1]
	[109698,1]
	[109986,1]
	[600,72]
	[110186,1]
	[110810,1]
	[110994,1]
	[606,68]
	[111298,1]
	[111586,1]
	[111730,1]
	[111778,1]
	[112018,1]
	[112066,1]
	[112306,1]
	[612,88]
	[112602,2]
	[112938,1]
	[113130,1]
	[113226,1]
	[618,78]
	[113666,1]
	[113714,1]
	[114098,1]
	[114146,1]
	[114194,1]
	[114482,1]
	[114530,1]
	[624,68]
	[114682,1]
	[630,73]
	[115986,1]
	[116762,1]
	[636,93]
	[117002,1]
	[117242,1]
	[117578,2]
	[117818,1]
	[642,76]
	[117970,1]
	[118402,1]
	[118546,1]
	[118594,1]
	[118882,1]
	[118978,1]
	[118986,1]
	[648,93]
	[119514,1]
	[119946,2]
	[120090,1]
	[654,71]
	[120242,1]
	[120338,1]
	[120386,1]
	[120482,1]
	[120722,1]
	[121106,1]
	[880,1]
	[660,73]
	[121258,1]
	[121594,1]
	[121738,1]
	[121786,1]
	[121882,1]
	[122266,1]
	[122094,1]
	[888,109]
	[666,66]
	[122466,1]
	[122706,1]
	[122946,1]
	[123138,1]
	[896,1]
	[672,97]
	[123482,2]
	[123530,1]
	[123626,1]
	[123674,1]
	[123770,1]
	[123962,1]
	[124010,1]
	[124346,1]
	[124394,1]
	[124490,1]
	[678,84]
	[124930,1]
	[125266,1]
	[125506,1]
	[125554,1]
	[125650,1]
	[684,92]
	[125898,1]
	[126618,1]
	[126534,1]
	[920,1]
	[690,82]
	[126914,1]
	[127058,2]
	[127202,1]
	[127250,1]
	[127298,1]
	[127346,2]
	[127490,1]
	[127874,1]
	[928,1]
	[696,76]
	[128362,1]
	[128458,1]
	[128890,2]
	[128938,2]
	[702,90]
	[129042,1]
	[129186,1]
	[129762,1]
	[129954,1]
	[130098,1]
	[944,1]
	[130106,1]
	[708,97]
	[130394,1]
	[131018,1]
	[952,1]
	[714,87]
	[131602,1]
	[131650,1]
	[132034,1]
	[132178,1]
	[720,86]
	[132858,1]
	[133146,1]
	[133290,2]
	[133338,1]
	[133386,1]
	[726,92]
	[133682,1]
	[133874,2]
	[134162,1]
	[134210,1]
	[134498,2]
	[732,82]
	[134938,1]
	[135226,1]
	[135322,1]
	[738,91]
	[135762,1]
	[135858,1]
	[136050,1]
	[136146,1]
	[136338,1]
	[136482,2]
	[136530,2]
	[744,87]
	[136874,1]
	[137018,1]
	[137306,1]
	[137738,2]
	[750,112]
	[137986,1]
	[138034,1]
	[138370,1]
	[139002,1]
	[1008,124]
	[756,79]
	[139674,2]
	[140106,1]
	[762,87]
	[140162,1]
	[140450,1]
	[140594,1]
	[140786,1]
	[140978,1]
	[141026,1]
	[141218,1]
	[141226,1]
	[768,94]
	[141706,1]
	[141754,1]
	[141994,1]
	[142186,1]
	[142330,1]
	[142338,1]
	[774,91]
	[142626,1]
	[142866,1]
	[142914,1]
	[143154,1]
	[143450,2]
	[780,91]
	[143498,1]
	[143642,1]
	[144218,1]
	[144410,1]
	[144458,1]
	[786,92]
	[144610,2]
	[145474,1]
	[145666,1]
	[792,90]
	[146058,1]
	[146106,1]
	[146154,1]
	[146346,1]
	[146634,1]
	[798,102]
	[146978,1]
	[147170,1]
	[147554,1]
	[147602,1]
	[147624,1]
	[1072,1]
	[804,96]
	[148090,1]
	[148282,1]
	[148762,1]
	[148954,1]
	[149010,1]
	[810,119]
	[149058,1]
	[149730,1]
	[149970,1]
	[150122,1]
	[816,104]
	[150506,1]
	[151034,1]
	[150954,1]
	[822,95]
	[151282,1]
	[151378,1]
	[151858,1]
	[151954,1]
	[152002,1]
	[152098,1]
	[152194,1]
	[152242,1]
	[152290,1]
	[828,100]
	[152586,1]
	[153018,1]
	[153114,2]
	[153210,1]
	[834,100]
	[153650,1]
	[153986,1]
	[154034,1]
	[154418,1]
	[154514,1]
	[154562,1]
	[154284,1]
	[1120,1]
	[840,106]
	[154666,1]
	[155626,1]
	[155682,1]
	[846,97]
	[155778,1]
	[156162,1]
	[156306,1]
	[156450,1]
	[156498,1]
	[1136,1]
	[852,103]
	[156842,1]
	[156986,1]
	[157130,1]
	[157178,1]
	[157274,1]
	[157610,1]
	[157658,2]
	[157754,1]
	[157906,2]
	[858,109]
	[157954,1]
	[158002,1]
	[158242,1]
	[158434,1]
	[158674,1]
	[158866,1]
	[1152,132]
	[864,106]
	[159210,1]
	[159450,1]
	[159594,2]
	[159642,1]
	[159738,1]
	[160026,2]
	[160130,1]
	[870,98]
	[160274,1]
	[160370,1]
	[160418,1]
	[160466,1]
	[160658,1]
	[160706,1]
	[160754,1]
	[160946,1]
	[161138,1]
	[161186,1]
	[160944,1]
	[876,98]
	[161530,1]
	[161674,1]
	[161914,1]
	[162058,1]
	[882,109]
	[162450,1]
	[162546,2]
	[162594,1]
	[162930,1]
	[162978,1]
	[163266,1]
	[163410,1]
	[163164,1]
	[1184,1]
	[163610,1]
	[163994,1]
	[164042,1]
	[164522,1]
	[894,120]
	[164674,1]
	[164818,1]
	[164866,1]
	[165682,1]
	[165384,1]
	[165690,1]
	[900,107]
	[165738,1]
	[165834,1]
	[166026,1]
	[166506,1]
	[166494,1]
	[906,116]
	[167138,1]
	[167186,1]
	[167426,1]
	[167474,1]
	[167810,1]
	[167858,1]
	[167914,1]
	[912,116]
	[167962,1]
	[168682,2]
	[168922,1]
	[168970,1]
	[918,119]
	[169074,1]
	[169122,1]
	[169314,1]
	[169506,1]
	[169602,1]
	[169746,1]
	[1232,1]
	[924,114]
	[170234,1]
	[170282,1]
	[170330,1]
	[170522,1]
	[170666,1]
	[170858,1]
	[170954,1]
	[171098,1]
	[171194,1]
	[171242,1]
	[930,103]
	[171298,2]
	[171394,1]
	[171442,2]
	[171778,2]
	[172162,2]
	[172306,2]
	[172354,1]
	[936,116]
	[172410,1]
	[172698,1]
	[172746,2]
	[173034,1]
	[173082,1]
	[173178,1]
	[173226,1]
	[173322,1]
	[173466,1]
	[173474,1]
	[942,101]
	[173618,1]
	[173666,1]
	[173762,1]
	[173858,1]
	[173906,1]
	[174434,1]
	[174264,1]
	[948,111]
	[174634,1]
	[174682,1]
	[175114,1]
	[175162,2]
	[175402,1]
	[175594,1]
	[175374,1]
	[954,114]
	[175746,1]
	[176034,1]
	[176082,1]
	[176418,1]
	[176466,1]
	[176706,1]
	[176484,1]
	[960,131]
	[177002,1]
	[177146,1]
	[177578,1]
	[966,119]
	[178018,1]
	[178114,1]
	[178162,1]
	[178930,1]
	[178978,1]
	[972,122]
	[179130,1]
	[179274,1]
	[179370,1]
	[179610,1]
	[179706,1]
	[179802,1]
	[179898,1]
	[978,126]
	[180290,1]
	[180818,1]
	[180914,1]
	[181010,1]
	[984,121]
	[181354,1]
	[181450,1]
	[181498,1]
	[181546,1]
	[181690,1]
	[181882,1]
	[182026,1]
	[182266,1]
	[182314,1]
	[990,122]
	[182514,2]
	[182706,1]
	[182898,1]
	[182946,1]
	[182994,1]
	[183090,1]
	[183378,2]
	[183474,1]
	[996,107]
	[183962,1]
	[184010,1]
	[184202,1]
	[184250,1]
	[184298,1]
	[184490,1]
	[184538,1]
	[184586,1]
	[184254,1]
	[1002,118]
	[184642,1]
	[184690,1]
	[185026,1]
	[185122,1]
	[185218,1]
	[185410,1]
	[185458,2]
	[185706,1]
	[186186,1]
	[186378,1]
	[186714,1]
	[186810,1]
	[1352,2]
	[1014,114]
	[186914,1]
	[187010,1]
	[187058,1]
	[187202,1]
	[187586,1]
	[187730,1]
	[187826,1]
	[187584,2]
	[1020,126]
	[187978,1]
	[188122,1]
	[188218,1]
	[188314,1]
	[188554,1]
	[188602,1]
	[188842,1]
	[1026,116]
	[189090,2]
	[189138,1]
	[189186,1]
	[189282,1]
	[189330,1]
	[189762,1]
	[189804,1]
	[1032,143]
	[190202,1]
	[190490,1]
	[190682,1]
	[190874,1]
	[190922,1]
	[190970,1]
	[191114,1]
	[1038,131]
	[191458,1]
	[191698,2]
	[191794,1]
	[191986,1]
	[192082,1]
	[192130,1]
	[192378,1]
	[1392,172]
	[1044,124]
	[192618,1]
	[192666,1]
	[192906,1]
	[193002,1]
	[193098,1]
	[193194,1]
	[193290,1]
	[193434,1]
	[193134,1]
	[1050,120]
	[193634,1]
	[193922,1]
	[194066,1]
	[194402,1]
	[194602,1]
	[1056,128]
	[194794,2]
	[195370,1]
	[195466,1]
	[1062,134]
	[195762,1]
	[195906,1]
	[195954,1]
	[196146,2]
	[196194,1]
	[196242,1]
	[196338,1]
	[196386,1]
	[196482,2]
	[196530,1]
	[196626,1]
	[196818,1]
	[1068,135]
	[196970,1]
	[197066,2]
	[197114,1]
	[197258,1]
	[197306,1]
	[197354,1]
	[197402,3]
	[197450,1]
	[197498,2]
	[197642,1]
	[197690,1]
	[1432,1]
	[1074,132]
	[198178,1]
	[198754,1]
	[198684,1]
	[1440,179]
	[1080,125]
	[199098,1]
	[199194,1]
	[199242,1]
	[199290,1]
	[199626,1]
	[199770,1]
	[199818,1]
	[199866,1]
	[199914,1]
	[199962,2]
	[1086,122]
	[200354,1]
	[200642,1]
	[200690,2]
	[200834,2]
	[200882,1]
	[200930,1]
	[200978,1]
	[201074,1]
	[201218,1]
	[201274,1]
	[1092,130]
	[201418,1]
	[201514,1]
	[202090,2]
	[202186,1]
	[202234,1]
	[202386,2]
	[1098,138]
	[202434,1]
	[202482,1]
	[202818,1]
	[202914,1]
	[202962,1]
	[203124,1]
	[203498,1]
	[1104,121]
	[203930,1]
	[204122,1]
	[204218,1]
	[204506,1]
	[1110,126]
	[204706,1]
	[204802,1]
	[204898,1]
	[204946,1]
	[204994,1]
	[205282,1]
	[205722,1]
	[1116,129]
	[205770,1]
	[205818,1]
	[205962,1]
	[206202,1]
	[206490,2]
	[206634,1]
	[206730,2]
	[206826,1]
	[1122,139]
	[206978,1]
	[207458,1]
	[207506,2]
	[207602,1]
	[207746,1]
	[207794,3]
	[207842,1]
	[207890,2]
	[1128,149]
	[207994,1]
	[208042,1]
	[208138,1]
	[208186,1]
	[208282,1]
	[208330,1]
	[208426,1]
	[208522,1]
	[208714,2]
	[209002,1]
	[209050,2]
	[1512,1]
	[1134,131]
	[209394,1]
	[209586,1]
	[209682,1]
	[209730,1]
	[209778,1]
	[209922,1]
	[210114,1]
	[1140,157]
	[210410,1]
	[210506,1]
	[210986,1]
	[211178,1]
	[211226,1]
	[1146,147]
	[211858,1]
	[211906,1]
	[212194,1]
	[212338,1]
	[212386,1]
	[1536,1]
	[212490,2]
	[212634,1]
	[212682,1]
	[212778,1]
	[212922,1]
	[213018,1]
	[213354,1]
	[213450,1]
	[213498,1]
	[213506,1]
	[1158,138]
	[213554,1]
	[213842,1]
	[214082,1]
	[214226,1]
	[214370,1]
	[214618,2]
	[1552,1]
	[1164,131]
	[214762,1]
	[215050,1]
	[215146,1]
	[215194,1]
	[215242,1]
	[215290,1]
	[215338,1]
	[215434,1]
	[215482,2]
	[215626,2]
	[1560,1]
	[1170,146]
	[215826,1]
	[215970,1]
	[216066,1]
	[216258,1]
	[216306,1]
	[216354,1]
	[216498,1]
	[216594,2]
	[216642,1]
	[1176,150]
	[216938,1]
	[217082,1]
	[217130,2]
	[217226,1]
	[217322,1]
	[217418,1]
	[217562,1]
	[217802,1]
	[217954,1]
	[1182,138]
	[218098,1]
	[218482,2]
	[218530,1]
	[218578,1]
	[218674,2]
	[219058,1]
	[1584,1]
	[1188,151]
	[219114,1]
	[219162,1]
	[219210,1]
	[219306,1]
	[219354,1]
	[219450,1]
	[219642,1]
	[219690,1]
	[219834,2]
	[219882,1]
	[219978,1]
	[220074,1]
	[220170,2]
	[1194,149]
	[220370,2]
	[220418,1]
	[220514,1]
	[220706,1]
	[220802,2]
	[221090,1]
	[221234,1]
	[221282,1]
	[220884,1]
	[1200,148]
	[221530,1]
	[221578,1]
	[221626,1]
	[221674,1]
	[221722,1]
	[221770,1]
	[221818,1]
	[222202,1]
	[222250,1]
	[222394,1]
	[1206,153]
	[222450,1]
	[222498,1]
	[222786,1]
	[222834,1]
	[222978,1]
	[223026,1]
	[223410,1]
	[223458,1]
	[1212,146]
	[223706,1]
	[223802,1]
	[223850,1]
	[223898,1]
	[224090,1]
	[224234,2]
	[224282,2]
	[224474,1]
	[224522,1]
	[224570,1]
	[224618,1]
	[1624,1]
	[1218,148]
	[224722,1]
	[224914,1]
	[225106,1]
	[225154,1]
	[225250,1]
	[225298,1]
	[225442,1]
	[1224,145]
	[225930,1]
	[226026,1]
	[226074,1]
	[226218,2]
	[226458,1]
	[226506,1]
	[226554,1]
	[226650,1]
	[226434,1]
	[1640,1]
	[1230,153]
	[226946,1]
	[227042,1]
	[227138,1]
	[227234,1]
	[227474,1]
	[227522,1]
	[227618,1]
	[227810,1]
	[227858,1]
	[227906,1]
	[227954,1]
	[227544,1]
	[1648,1]
	[1236,145]
	[228010,1]
	[228202,1]
	[228586,1]
	[228682,1]
	[228730,1]
	[228922,1]
	[228970,1]
	[228654,1]
	[1242,154]
	[229170,1]
	[229362,1]
	[229506,1]
	[229554,1]
	[229938,1]
	[230034,1]
	[230130,1]
	[1248,137]
	[230234,3]
	[230282,1]
	[230522,1]
	[230666,1]
	[230954,1]
	[231050,1]
	[231194,1]
	[230874,1]
	[1254,141]
	[231538,1]
	[231874,1]
	[231970,1]
	[232018,1]
	[232114,1]
	[232162,1]
	[232210,2]
	[232402,1]
	[231984,1]
	[232410,1]
	[1260,159]
	[232602,1]
	[232890,1]
	[233034,1]
	[233322,2]
	[233514,1]
	[233522,2]
	[1688,1]
	[1266,144]
	[233618,1]
	[233666,1]
	[233954,1]
	[234242,1]
	[234290,1]
	[234386,1]
	[234530,1]
	[1272,151]
	[234682,1]
	[234970,1]
	[235066,2]
	[235306,1]
	[235402,2]
	[235450,1]
	[235498,1]
	[235546,1]
	[235690,1]
	[235738,2]
	[1278,151]
	[235842,1]
	[235890,1]
	[236082,1]
	[236178,1]
	[236424,1]
	[1284,146]
	[237002,1]
	[237050,1]
	[237098,1]
	[237194,1]
	[237290,1]
	[237482,1]
	[237530,1]
	[237674,3]
	[237722,1]
	[1290,154]
	[238018,1]
	[238066,1]
	[238114,2]
	[238306,1]
	[238450,1]
	[238498,1]
	[238690,2]
	[238834,1]
	[239074,2]
	[1728,1]
	[1296,154]
	[239514,1]
	[239754,1]
	[240090,1]
	[240138,1]
	[1736,1]
	[1302,152]
	[240386,1]
	[240434,1]
	[240578,1]
	[240626,1]
	[240770,1]
	[240962,2]
	[241058,2]
	[241154,1]
	[241250,1]
	[241298,1]
	[1744,1]
	[1308,148]
	[241786,1]
	[241834,1]
	[241882,1]
	[242122,1]
	[242218,2]
	[242362,1]
	[242410,1]
	[242418,1]
	[1752,1]
	[1314,157]
	[242562,2]
	[242658,1]
	[242898,1]
	[243042,1]
	[243090,1]
	[243138,1]
	[243186,1]
	[243234,1]
	[243378,1]
	[243426,1]
	[243474,2]
	[243522,1]
	[1320,150]
	[243722,3]
	[243770,1]
	[243866,1]
	[243914,1]
	[243962,1]
	[244154,1]
	[244202,1]
	[244250,1]
	[244346,1]
	[244586,1]
	[244194,2]
	[1768,1]
	[244642,1]
	[1326,158]
	[244882,1]
	[245074,1]
	[245122,1]
	[245218,1]
	[245410,1]
	[245506,2]
	[245602,1]
	[1332,160]
	[246042,1]
	[246090,1]
	[246234,1]
	[246330,2]
	[246474,1]
	[246570,1]
	[246666,1]
	[246858,1]
	[1338,155]
	[246914,1]
	[246962,1]
	[247154,1]
	[247202,1]
	[247442,2]
	[247538,1]
	[247634,1]
	[247874,1]
	[1344,149]
	[248074,2]
	[248170,1]
	[248410,2]
	[248506,1]
	[248794,2]
	[248890,1]
	[249034,1]
	[1800,1]
	[1350,164]
	[249186,1]
	[249234,1]
	[249282,1]
	[249330,1]
	[249378,1]
	[249426,2]
	[249522,1]
	[249666,1]
	[249762,1]
	[249810,1]
	[249858,1]
	[250098,1]
	[250146,1]
	[249744,1]
	[1808,1]
	[1356,152]
	[250442,1]
	[250730,4]
	[250922,1]
	[251018,1]
	[251306,1]
	[1362,155]
	[251506,2]
	[251602,2]
	[251650,1]
	[251746,1]
	[251794,1]
	[251890,1]
	[252178,1]
	[252418,1]
	[1824,1]
	[1368,172]
	[252474,1]
	[252618,1]
	[252810,1]
	[253098,1]
	[253194,1]
	[253242,1]
	[253290,1]
	[253482,1]
	[1374,164]
	[253586,1]
	[253730,1]
	[253922,1]
	[254066,1]
	[254258,1]
	[254402,2]
	[254450,1]
	[254184,1]
	[1840,1]
	[1380,161]
	[254890,1]
	[255226,1]
	[255274,1]
	[255658,1]
	[255754,1]
	[255762,2]
	[1386,162]
	[255858,1]
	[255906,1]
	[255954,1]
	[256386,1]
	[256434,1]
	[256578,1]
	[256674,1]
	[256404,1]
	[1856,1]
	[256874,1]
	[256922,1]
	[256970,1]
	[257162,1]
	[257210,2]
	[257258,1]
	[257306,1]
	[257354,1]
	[257402,1]
	[257450,1]
	[257642,1]
	[257738,1]
	[257834,1]
	[257978,1]
	[1864,2]
	[1398,167]
	[258034,1]
	[258274,2]
	[258370,1]
	[258466,1]
	[258514,2]
	[258562,1]
	[258706,1]
	[258898,1]
	[1872,1]
	[1404,173]
	[259482,2]
	[259530,1]
	[259578,2]
	[259626,2]
	[259722,1]
	[259818,1]
	[259866,1]
	[259914,1]
	[260010,1]
	[260154,1]
	[260210,1]
	[1410,163]
	[260258,1]
	[260450,2]
	[260738,2]
	[260786,1]
	[260882,2]
	[261122,1]
	[261170,1]
	[261218,1]
	[261322,1]
	[1416,170]
	[261418,1]
	[261514,2]
	[261706,1]
	[261898,1]
	[261946,1]
	[262042,1]
	[262090,1]
	[262138,1]
	[262186,3]
	[262330,1]
	[262434,1]
	[1422,181]
	[262578,2]
	[262626,1]
	[262674,1]
	[262722,2]
	[263058,2]
	[263106,3]
	[263154,2]
	[263538,1]
	[263064,1]
	[1904,1]
	[1428,172]
	[263690,1]
	[263834,1]
	[263930,2]
	[264074,1]
	[264266,2]
	[264410,1]
	[264458,2]
	[264554,2]
	[264602,1]
	[264174,1]
	[1912,2]
	[1434,168]
	[264754,1]
	[264994,1]
	[265042,2]
	[265186,1]
	[265234,1]
	[265426,1]
	[265474,2]
	[265618,1]
	[265284,1]
	[265770,2]
	[1920,1]
	[265866,1]
	[266106,2]
	[266154,2]
	[266202,2]
	[266298,1]
	[266730,2]
	[266826,1]

1532,
	[3,195]
	[12,2]
	[18,1]
	[30,2]
	[4930,1]
	[36,2]
	[42,7]
	[64,1]
	[48,9]
	[54,6]
	[60,3]
	[66,7]
	[72,6]
	[13242,1]
	[78,8]
	[13970,1]
	[14210,1]
	[84,8]
	[90,11]
	[96,11]
	[16922,1]
	[17258,1]
	[102,5]
	[108,16]
	[19530,1]
	[114,9]
	[20882,1]
	[120,13]
	[21946,1]
	[126,14]
	[22962,1]
	[23106,1]
	[23346,1]
	[132,22]
	[24026,1]
	[24074,1]
	[138,15]
	[24562,1]
	[24754,1]
	[25090,1]
	[144,17]
	[150,15]
	[156,22]
	[28762,1]
	[162,20]
	[29442,1]
	[168,20]
	[174,18]
	[31906,1]
	[180,33]
	[33162,1]
	[186,30]
	[33698,1]
	[33986,1]
	[34418,1]
	[192,23]
	[35386,1]
	[198,28]
	[36210,1]
	[204,15]
	[36890,1]
	[210,24]
	[38098,1]
	[288,28]
	[216,31]
	[222,24]
	[228,36]
	[234,33]
	[42930,1]
	[42978,1]
	[240,26]
	[44474,1]
	[44482,1]
	[246,31]
	[44578,1]
	[44722,1]
	[45538,1]
	[252,30]
	[46650,1]
	[46698,1]
	[258,21]
	[47618,1]
	[264,28]
	[48202,1]
	[270,31]
	[276,31]
	[50810,1]
	[50906,1]
	[282,48]
	[51586,1]
	[51730,1]
	[384,42]
	[52458,1]
	[52890,1]
	[53034,1]
	[294,34]
	[53762,1]
	[53858,1]
	[300,33]
	[54922,1]
	[55018,1]
	[55066,1]
	[306,37]
	[56274,1]
	[56714,1]
	[312,34]
	[56954,1]
	[57050,1]
	[57626,1]
	[57826,1]
	[318,39]
	[58306,1]
	[58402,1]
	[58930,1]
	[58986,1]
	[324,32]
	[59178,1]
	[59226,1]
	[59658,1]
	[59802,1]
	[59994,1]
	[330,37]
	[61010,1]
	[61058,1]
	[61106,2]
	[61162,1]
	[336,36]
	[61834,1]
	[342,39]
	[62898,1]
	[63330,1]
	[63264,1]
	[348,39]
	[64498,1]
	[354,45]
	[65610,2]
	[360,42]
	[65754,1]
	[66282,1]
	[66522,1]
	[66618,1]
	[366,42]
	[67730,1]
	[372,40]
	[67882,1]
	[68554,1]
	[378,54]
	[69474,1]
	[69954,1]
	[71162,1]
	[390,44]
	[71314,1]
	[71410,1]
	[71650,1]
	[71794,1]
	[396,43]
	[402,47]
	[73730,1]
	[74066,1]
	[74498,1]
	[74364,1]
	[408,49]
	[414,52]
	[75810,1]
	[76482,1]
	[76584,1]
	[420,59]
	[77354,1]
	[426,50]
	[78082,1]
	[78466,1]
	[78562,1]
	[78802,1]
	[432,52]
	[79338,1]
	[79386,1]
	[80058,1]
	[438,44]
	[80210,1]
	[80450,1]
	[80546,1]
	[444,49]
	[81802,1]
	[82042,1]
	[82090,1]
	[450,59]
	[82386,1]
	[82434,1]
	[82674,1]
	[456,58]
	[84314,1]
	[84362,1]
	[84354,1]
	[462,54]
	[85522,1]
	[624,67]
	[468,60]
	[85866,1]
	[86250,1]
	[474,70]
	[87170,1]
	[87362,1]
	[87506,1]
	[87850,1]
	[480,56]
	[88234,1]
	[88570,2]
	[88762,1]
	[486,62]
	[89154,1]
	[89202,1]
	[89730,1]
	[656,1]
	[492,56]
	[90218,1]
	[90266,1]
	[90314,1]
	[90506,1]
	[90890,1]
	[91186,1]
	[498,52]
	[91474,1]
	[92050,2]
	[504,60]
	[92346,1]
	[92682,1]
	[510,64]
	[93938,1]
	[94418,1]
	[94466,1]
	[516,68]
	[95194,1]
	[95290,1]
	[95338,1]
	[95434,1]
	[522,59]
	[95826,1]
	[96018,1]
	[96210,1]
	[96354,1]
	[96498,1]
	[96594,1]
	[96564,1]
	[528,56]
	[96842,1]
	[97274,1]
	[97322,1]
	[97370,1]
	[97802,1]
	[534,74]
	[720,89]
	[540,62]
	[99066,1]
	[99402,1]
	[99690,1]
	[99894,1]
	[546,77]
	[100418,1]
	[100802,1]
	[100850,1]
	[101090,1]
	[101194,1]
	[552,63]
	[101962,1]
	[102058,1]
	[102202,1]
	[558,65]
	[102642,1]
	[103074,1]
	[103362,1]
	[752,2]
	[103418,1]
	[564,83]
	[103994,1]
	[104186,1]
	[104522,1]
	[570,68]
	[105010,1]
	[105106,1]
	[105202,1]
	[105250,1]
	[105298,1]
	[105394,1]
	[576,78]
	[105834,1]
	[106266,1]
	[106458,1]
	[106698,1]
	[582,66]
	[107042,2]
	[107138,1]
	[107186,1]
	[107234,1]
	[107666,1]
	[588,71]
	[108106,1]
	[108346,1]
	[108634,1]
	[108778,1]
	[108978,1]
	[594,69]
	[109698,1]
	[600,69]
	[110762,1]
	[111002,1]
	[111050,1]
	[110994,1]
	[606,72]
	[111250,1]
	[111394,1]
	[111634,1]
	[112306,2]
	[612,76]
	[113178,1]
	[113274,1]
	[113322,1]
	[113370,2]
	[618,63]
	[114730,1]
	[114922,1]
	[115018,1]
	[115066,1]
	[115114,1]
	[115162,1]
	[115210,1]
	[115498,1]
	[115594,1]
	[115650,1]
	[630,70]
	[116178,1]
	[116226,1]
	[116322,1]
	[116544,1]
	[636,75]
	[117002,2]
	[117290,1]
	[117434,1]
	[117578,1]
	[856,1]
	[117874,1]
	[642,87]
	[118018,1]
	[118498,1]
	[648,78]
	[119226,1]
	[119898,1]
	[119946,1]
	[654,73]
	[120962,2]
	[121154,1]
	[120984,1]
	[660,72]
	[121354,1]
	[121834,1]
	[122026,1]
	[122322,1]
	[666,71]
	[122370,1]
	[122658,1]
	[672,79]
	[123482,1]
	[123770,2]
	[123962,1]
	[124154,1]
	[124202,1]
	[124314,1]
	[678,89]
	[124882,1]
	[124930,1]
	[124978,1]
	[912,115]
	[125658,1]
	[684,79]
	[125850,1]
	[126090,2]
	[126570,1]
	[126534,1]
	[920,1]
	[690,74]
	[126914,1]
	[127106,1]
	[127682,1]
	[127874,1]
	[928,2]
	[696,73]
	[128026,1]
	[128314,1]
	[128410,1]
	[128458,1]
	[128506,1]
	[128650,1]
	[128842,1]
	[702,79]
	[129090,1]
	[129138,1]
	[129234,1]
	[129330,2]
	[129426,1]
	[129474,1]
	[129714,1]
	[708,78]
	[130154,1]
	[130394,1]
	[130922,1]
	[131162,1]
	[952,1]
	[131218,1]
	[714,80]
	[131266,2]
	[131314,2]
	[131506,1]
	[131650,1]
	[131842,1]
	[131986,1]
	[132130,1]
	[132330,1]
	[132858,1]
	[132954,1]
	[133194,2]
	[968,1]
	[726,85]
	[133538,1]
	[133682,1]
	[133922,1]
	[134402,1]
	[134498,1]
	[732,88]
	[134794,1]
	[135034,1]
	[135130,1]
	[135178,1]
	[135274,1]
	[135610,1]
	[738,79]
	[135906,1]
	[136002,1]
	[136146,1]
	[136482,1]
	[992,1]
	[744,106]
	[137162,1]
	[137402,1]
	[137546,1]
	[137786,2]
	[750,91]
	[138274,1]
	[138322,1]
	[138706,1]
	[138850,1]
	[756,94]
	[139050,1]
	[139242,1]
	[139386,1]
	[139530,1]
	[139854,1]
	[762,103]
	[140210,1]
	[140258,1]
	[140402,1]
	[140498,2]
	[140738,1]
	[140786,1]
	[140834,1]
	[140930,1]
	[141026,1]
	[768,92]
	[141274,1]
	[141418,1]
	[142090,1]
	[774,93]
	[142482,1]
	[142866,1]
	[142914,2]
	[143442,1]
	[780,93]
	[143498,2]
	[143786,1]
	[143834,1]
	[144074,1]
	[144294,1]
	[144562,1]
	[786,111]
	[144802,1]
	[145282,1]
	[145378,1]
	[792,90]
	[145770,1]
	[145866,1]
	[146202,1]
	[146394,1]
	[146586,1]
	[146634,1]
	[146682,1]
	[798,88]
	[147554,1]
	[147650,1]
	[1072,1]
	[804,89]
	[148138,1]
	[148282,1]
	[148714,1]
	[148858,1]
	[1080,132]
	[149010,1]
	[810,92]
	[149058,2]
	[149202,1]
	[149346,1]
	[149394,1]
	[149442,2]
	[149490,1]
	[149538,1]
	[149586,1]
	[150018,1]
	[149844,1]
	[1088,1]
	[816,95]
	[150170,1]
	[150218,1]
	[150266,1]
	[150362,1]
	[150554,1]
	[150842,1]
	[150890,2]
	[150986,1]
	[151226,1]
	[1096,1]
	[822,97]
	[151714,1]
	[152242,1]
	[828,94]
	[152490,1]
	[152778,1]
	[153458,1]
	[834,117]
	[153746,1]
	[154130,1]
	[154418,1]
	[154514,1]
	[154570,1]
	[840,100]
	[154762,1]
	[154954,1]
	[155002,1]
	[155098,1]
	[155146,1]
	[155578,1]
	[155394,2]
	[846,108]
	[155730,1]
	[155826,1]
	[156018,2]
	[156114,1]
	[156738,1]
	[852,109]
	[156842,1]
	[156938,2]
	[157082,1]
	[157226,1]
	[157850,2]
	[157906,1]
	[858,109]
	[158098,1]
	[158674,1]
	[158914,1]
	[158724,1]
	[864,97]
	[159114,1]
	[159354,1]
	[159402,2]
	[159594,1]
	[159786,1]
	[160074,2]
	[160122,1]
	[160130,1]
	[870,99]
	[160418,1]
	[160514,1]
	[160946,1]
	[161090,1]
	[161138,1]
	[876,97]
	[161338,1]
	[161482,1]
	[161914,1]
	[161962,1]
	[162106,1]
	[162346,1]
	[162354,1]
	[882,102]
	[162402,1]
	[162642,1]
	[162882,1]
	[162930,1]
	[163314,1]
	[163164,1]
	[1184,2]
	[888,123]
	[163658,1]
	[163898,1]
	[163946,1]
	[163994,1]
	[164426,1]
	[164474,1]
	[164570,1]
	[1192,1]
	[894,108]
	[164722,1]
	[164818,2]
	[164866,1]
	[165010,1]
	[1200,135]
	[900,119]
	[165978,2]
	[166122,2]
	[166218,1]
	[166314,1]
	[166602,1]
	[1208,1]
	[906,107]
	[166850,1]
	[166898,1]
	[166946,1]
	[167186,1]
	[167330,1]
	[167378,1]
	[167714,1]
	[1216,1]
	[167914,1]
	[168010,1]
	[168058,1]
	[168106,1]
	[168202,1]
	[168346,1]
	[168394,1]
	[168442,2]
	[168586,1]
	[168634,1]
	[168970,1]
	[168714,1]
	[1224,143]
	[918,99]
	[169170,1]
	[169218,1]
	[169314,1]
	[169506,2]
	[169650,1]
	[169794,1]
	[169938,1]
	[169986,1]
	[924,106]
	[170234,1]
	[170330,1]
	[170378,1]
	[170714,1]
	[171050,1]
	[171098,1]
	[171194,2]
	[171242,1]
	[930,111]
	[171298,1]
	[171586,2]
	[171682,1]
	[171778,1]
	[171826,1]
	[171922,1]
	[172018,1]
	[172354,2]
	[936,108]
	[172890,1]
	[172938,1]
	[173226,1]
	[1256,1]
	[942,114]
	[173666,1]
	[173858,1]
	[174338,1]
	[174482,3]
	[948,127]
	[174634,1]
	[174826,1]
	[174970,1]
	[175114,1]
	[175210,1]
	[175258,1]
	[175354,1]
	[175594,2]
	[175642,1]
	[175690,1]
	[954,109]
	[175986,1]
	[176130,1]
	[176370,1]
	[176418,1]
	[176610,1]
	[176658,1]
	[176754,1]
	[960,99]
	[176858,1]
	[176954,1]
	[177242,1]
	[177530,1]
	[177626,1]
	[177594,1]
	[1288,1]
	[966,128]
	[178018,1]
	[178066,3]
	[178258,2]
	[178306,1]
	[178594,1]
	[178642,1]
	[178834,1]
	[178882,1]
	[178930,2]
	[178978,1]
	[179034,1]
	[972,133]
	[179178,2]
	[179610,1]
	[179802,2]
	[179850,1]
	[180138,1]
	[179814,1]
	[1304,1]
	[978,126]
	[180290,1]
	[180434,1]
	[180578,1]
	[180770,1]
	[984,102]
	[181402,1]
	[181450,1]
	[181546,1]
	[181738,1]
	[181930,1]
	[182026,1]
	[182122,1]
	[182218,1]
	[182266,1]
	[182370,1]
	[990,130]
	[182418,1]
	[182514,1]
	[182658,1]
	[182754,1]
	[182802,3]
	[182994,2]
	[183090,1]
	[183330,1]
	[996,108]
	[183578,1]
	[183722,1]
	[183914,1]
	[184298,1]
	[184586,1]
	[1336,1]
	[1002,114]
	[184642,1]
	[184738,1]
	[184882,1]
	[184930,1]
	[184978,1]
	[185074,1]
	[185218,1]
	[185458,1]
	[185602,1]
	[185650,2]
	[185706,1]
	[1008,113]
	[186522,1]
	[186618,1]
	[186474,1]
	[1014,134]
	[186914,1]
	[187010,1]
	[187058,1]
	[187250,1]
	[187442,1]
	[187634,1]
	[187922,2]
	[187584,1]
	[1020,140]
	[188122,1]
	[188410,1]
	[188506,1]
	[188554,1]
	[189042,1]
	[1026,114]
	[189474,1]
	[189666,1]
	[189858,1]
	[189954,2]
	[190050,1]
	[189804,1]
	[1032,123]
	[190442,1]
	[190730,1]
	[190874,1]
	[190970,1]
	[191258,1]
	[190914,2]
	[1038,120]
	[191314,1]
	[191410,1]
	[191554,1]
	[191794,1]
	[192034,1]
	[192178,1]
	[192226,1]
	[192024,1]
	[1044,137]
	[192762,1]
	[192858,1]
	[192906,2]
	[193002,1]
	[193290,1]
	[193386,1]
	[1050,126]
	[193586,1]
	[193730,1]
	[194018,1]
	[194210,1]
	[194258,1]
	[194354,1]
	[1408,2]
	[1056,133]
	[194650,1]
	[194842,1]
	[194938,1]
	[194986,1]
	[195082,1]
	[195130,2]
	[195178,1]
	[195370,1]
	[195466,1]
	[195610,1]
	[1416,163]
	[1062,127]
	[195858,1]
	[196146,1]
	[196338,1]
	[196434,1]
	[196482,1]
	[196530,1]
	[196578,1]
	[1068,120]
	[197018,2]
	[197066,1]
	[197210,1]
	[197258,1]
	[197738,1]
	[197786,1]
	[197574,1]
	[1074,123]
	[198178,1]
	[198514,1]
	[198562,1]
	[198610,1]
	[198802,1]
	[198684,1]
	[199146,1]
	[199242,2]
	[199338,2]
	[199482,1]
	[199818,1]
	[200058,1]
	[200106,1]
	[200154,2]
	[1448,1]
	[200162,1]
	[1086,117]
	[200546,1]
	[200642,1]
	[200738,3]
	[201122,1]
	[201170,1]
	[201218,1]
	[1456,1]
	[1092,130]
	[201418,2]
	[201466,1]
	[201562,1]
	[201754,1]
	[201802,1]
	[202186,1]
	[202282,1]
	[202330,1]
	[202014,1]
	[1098,126]
	[202866,1]
	[203298,1]
	[203124,1]
	[1104,131]
	[203546,1]
	[203690,1]
	[203882,1]
	[203930,1]
	[203978,1]
	[204170,1]
	[204218,1]
	[204410,1]
	[204458,1]
	[204234,1]
	[1480,1]
	[1110,143]
	[204658,1]
	[204802,2]
	[205042,2]
	[205186,1]
	[205378,1]
	[205522,1]
	[205570,3]
	[205618,1]
	[1116,129]
	[205962,1]
	[206202,2]
	[206346,1]
	[206394,1]
	[206490,2]
	[206834,1]
	[1122,145]
	[207122,1]
	[207218,1]
	[207266,1]
	[207410,1]
	[207506,1]
	[207842,1]
	[207890,1]
	[207938,2]
	[1128,143]
	[208042,1]
	[208090,2]
	[208426,1]
	[208474,1]
	[208714,1]
	[208762,1]
	[208810,1]
	[209002,1]
	[1134,132]
	[209250,1]
	[209394,1]
	[209490,1]
	[209538,1]
	[209778,1]
	[209874,1]
	[209922,1]
	[210018,1]
	[210066,3]
	[210114,2]
	[210170,2]
	[1520,2]
	[1140,129]
	[210314,1]
	[210698,1]
	[210746,3]
	[210938,1]
	[211274,1]
	[211282,1]
	[1146,136]
	[211426,1]
	[211522,1]
	[211666,1]
	[211714,1]
	[211810,1]
	[211858,2]
	[212098,1]
	[212242,1]
	[212394,1]
	[1152,153]
	[212538,1]
	[212730,1]
	[212826,1]
	[212874,1]
	[212922,1]
	[213018,2]
	[213114,1]
	[213210,1]
	[213402,1]
	[1544,1]
	[1158,142]
	[213746,1]
	[213842,1]
	[213986,2]
	[214034,1]
	[214082,1]
	[214226,1]
	[214562,1]
	[1552,1]
	[1164,147]
	[214762,1]
	[214810,2]
	[214954,1]
	[215290,1]
	[215338,1]
	[215578,1]
	[1170,149]
	[215778,1]
	[215826,1]
	[216018,1]
	[216306,1]
	[216402,1]
	[216594,1]
	[216786,1]
	[216842,1]
	[1568,1]
	[1176,139]
	[217226,1]
	[217322,1]
	[217418,1]
	[217610,1]
	[217802,2]
	[217898,2]
	[217554,1]
	[217954,2]
	[1182,143]
	[218050,1]
	[218098,1]
	[218194,1]
	[218242,1]
	[218386,1]
	[218434,1]
	[218530,1]
	[218626,1]
	[218770,2]
	[218962,1]
	[1584,1]
	[1188,146]
	[219114,1]
	[219162,1]
	[219498,1]
	[219546,1]
	[219594,1]
	[219786,2]
	[219834,1]
	[219978,1]
	[1592,1]
	[1194,137]
	[220226,2]
	[220370,1]
	[220514,1]
	[220562,1]
	[220898,1]
	[221090,1]
	[221386,2]
	[221482,1]
	[221674,2]
	[221818,1]
	[221914,1]
	[221962,1]
	[222106,1]
	[222154,1]
	[222250,1]
	[222298,1]
	[1206,146]
	[222546,1]
	[222738,1]
	[223026,2]
	[223122,1]
	[223170,1]
	[223410,1]
	[223458,1]
	[223506,3]
	[223514,1]
	[1212,144]
	[223562,1]
	[223610,1]
	[223658,1]
	[223754,1]
	[223850,1]
	[223994,1]
	[224138,1]
	[224426,1]
	[224522,1]
	[224618,1]
	[224214,2]
	[224626,1]
	[1218,137]
	[224722,1]
	[224914,1]
	[225250,1]
	[225298,1]
	[225634,1]
	[225730,1]
	[225738,1]
	[1632,1]
	[225882,1]
	[225978,1]
	[226170,1]
	[226266,1]
	[226410,1]
	[226746,1]
	[1230,151]
	[226994,1]
	[227042,2]
	[227090,1]
	[227138,1]
	[227186,2]
	[227234,1]
	[227426,1]
	[227522,1]
	[227570,1]
	[227666,1]
	[227810,1]
	[227858,1]
	[227906,2]
	[227544,1]
	[227962,1]
	[1236,143]
	[228154,1]
	[229066,1]
	[1656,1]
	[1242,157]
	[229218,1]
	[229362,2]
	[229458,1]
	[229842,1]
	[229986,1]
	[1664,1]
	[1248,131]
	[230330,1]
	[230522,1]
	[230954,1]
	[231050,1]
	[231242,1]
	[1254,142]
	[231490,1]
	[231538,3]
	[231586,1]
	[231682,1]
	[231826,1]
	[231970,1]
	[232018,2]
	[232066,1]
	[232210,1]
	[1260,149]
	[232506,1]
	[232602,2]
	[232746,1]
	[232986,1]
	[233274,1]
	[233370,1]
	[233522,1]
	[1266,145]
	[233618,1]
	[233666,3]
	[233714,1]
	[233762,1]
	[233954,3]
	[234098,2]
	[234146,1]
	[234194,1]
	[234242,1]
	[234338,1]
	[234204,1]
	[1272,149]
	[235018,1]
	[235066,1]
	[235114,1]
	[235210,1]
	[235450,2]
	[235498,1]
	[235738,1]
	[1278,148]
	[235794,1]
	[235986,1]
	[236082,2]
	[236226,1]
	[236370,1]
	[236466,1]
	[236610,1]
	[236658,1]
	[236706,1]
	[236754,1]
	[236850,1]
	[1284,147]
	[237050,1]
	[237146,1]
	[237194,2]
	[237338,1]
	[237530,2]
	[237626,1]
	[237722,1]
	[237770,1]
	[237970,1]
	[1720,1]
	[1290,154]
	[238018,2]
	[238114,1]
	[238402,1]
	[238642,1]
	[238690,1]
	[238738,1]
	[239026,1]
	[1296,151]
	[239130,1]
	[239274,1]
	[239850,1]
	[239898,1]
	[239994,1]
	[240090,2]
	[239754,2]
	[1736,1]
	[1302,149]
	[240338,1]
	[240386,3]
	[240482,1]
	[240722,1]
	[240770,1]
	[240914,1]
	[241058,2]
	[241106,3]
	[241154,1]
	[241250,1]
	[240864,1]
	[1744,1]
	[1308,155]
	[241402,1]
	[241498,1]
	[241594,1]
	[241642,1]
	[241834,1]
	[241930,1]
	[241978,2]
	[242026,1]
	[242266,1]
	[242362,1]
	[1314,157]
	[242658,2]
	[242706,1]
	[242994,1]
	[243090,1]
	[243186,1]
	[243330,1]
	[243378,2]
	[243426,1]
	[243474,1]
	[243530,1]
	[1320,158]
	[243626,2]
	[243770,3]
	[244058,1]
	[244202,1]
	[244346,2]
	[244442,1]
	[244490,1]
	[244538,1]
	[1326,156]
	[244690,1]
	[244738,1]
	[244834,1]
	[245122,1]
	[245170,1]
	[245458,1]
	[245506,1]
	[245554,1]
	[245602,1]
	[245746,1]
	[245304,1]
	[1332,162]
	[245850,1]
	[245898,1]
	[245946,1]
	[246138,1]
	[246282,1]
	[246330,1]
	[246522,1]
	[246618,1]
	[246866,1]
	[1338,159]
	[247058,1]
	[247346,1]
	[247442,1]
	[247538,1]
	[247682,1]
	[247730,1]
	[247778,1]
	[1344,163]
	[248170,2]
	[248218,1]
	[248458,1]
	[248746,1]
	[248794,1]
	[1350,159]
	[249138,1]
	[249426,1]
	[249474,1]
	[249522,1]
	[249570,1]
	[249906,1]
	[250194,1]
	[250202,1]
	[1356,153]
	[250298,1]
	[250538,2]
	[250682,1]
	[250778,1]
	[251018,1]
	[251210,1]
	[251306,1]
	[250854,1]
	[1362,158]
	[251362,2]
	[251410,1]
	[251458,1]
	[251650,1]
	[251698,1]
	[251890,3]
	[251986,1]
	[252130,1]
	[252322,1]
	[251964,1]
	[1368,169]
	[252666,1]
	[252714,1]
	[252954,1]
	[253386,1]
	[1832,1]
	[1374,156]
	[253586,1]
	[253682,1]
	[253730,2]
	[253778,1]
	[253970,1]
	[254162,1]
	[254306,1]
	[254498,1]
	[254642,1]
	[254184,1]
	[1380,159]
	[254938,1]
	[254986,1]
	[255034,1]
	[255226,1]
	[255418,1]
	[255466,1]
	[255514,1]
	[255294,1]
	[1386,169]
	[255906,1]
	[256002,1]
	[256866,1]
	[256404,1]
	[1392,159]
	[256970,1]
	[257018,1]
	[257210,1]
	[257258,1]
	[257354,1]
	[257402,1]
	[257786,1]
	[257834,2]
	[257930,1]
	[257978,1]
	[257514,2]
	[1398,162]
	[258226,1]
	[258466,1]
	[258658,2]
	[258706,1]
	[258802,1]
	[258946,1]
	[258994,1]
	[258624,1]
	[259098,1]
	[1404,163]
	[259146,2]
	[259242,1]
	[259338,1]
	[259482,1]
	[259530,1]
	[259578,1]
	[259674,1]
	[259818,1]
	[259914,1]
	[260010,2]
	[260202,1]
	[1410,154]
	[260258,1]
	[260306,1]
	[260354,1]
	[260450,1]
	[260546,1]
	[260594,2]
	[260642,1]
	[260930,1]
	[261026,1]
	[261122,2]
	[261266,1]
	[261314,2]
	[1888,1]
	[261322,1]
	[261370,1]
	[261418,2]
	[261610,1]
	[261658,1]
	[261802,1]
	[262042,1]
	[262090,1]
	[262282,1]
	[262330,1]
	[262434,1]
	[1422,180]
	[262578,2]
	[262626,1]
	[262674,1]
	[262914,1]
	[262962,1]
	[263010,1]
	[263154,1]
	[263490,1]
	[263538,2]
	[1428,175]
	[263594,1]
	[263834,2]
	[263930,1]
	[264026,1]
	[264170,1]
	[264218,2]
	[264314,1]
	[264174,1]
	[1434,177]
	[264898,1]
	[264994,1]
	[265042,1]
	[265090,1]
	[265234,2]
	[265282,1]
	[265426,3]
	[265522,1]
	[265284,1]
	[1440,183]
	[265818,1]
	[266010,1]
	[266058,1]
	[266586,1]
	[266634,1]
	[266682,1]
	[266730,1]
	[266874,1]
	[266394,1]

1552,
	[3,205]
	[6,22277]
	[15807,1]
	[99159,1]
	[101479,1]
	[119871,1]
	[134159,1]
	[169071,1]
	[173615,1]
	[190143,1]
	[190919,1]
	[236271,1]
	[255511,1]

1540,
	[5,179]
	[6,22463]
	[12905,1]
	[19001,1]
	[56033,1]
	[94905,1]
	[112305,1]
	[146249,1]
	[164425,1]
	[169937,1]
	[174481,1]
	[178257,1]
	[257737,1]
	[486,1]

1492,
	[1,94]
	[171,1]
	[283,1]
	[509,1]
	[595,1]
	[965,1]
	[763,1]
	[1253,1]
	[921,1]
	[1221,1]

1584,
	[5,21011]
	[101,17]
	[17,1]
	[23,1]
	[41,1]
	[53,2]
	[71,2]
	[77,2]
	[197,13]
	[107,2]
	[119,6]
	[125,3]
	[131,2]
	[137,2]
	[143,2]
	[149,1]
	[155,4]
	[167,2]
	[173,1]
	[185,1]
	[191,3]
	[293,10]
	[209,1]
	[215,2]
	[221,2]
	[227,3]
	[233,3]
	[239,4]
	[245,1]
	[251,6]
	[275,5]
	[281,3]
	[287,2]
	[299,2]
	[389,11]
	[305,5]
	[311,4]
	[317,3]
	[323,3]
	[329,5]
	[335,3]
	[341,3]
	[347,5]
	[353,3]
	[359,3]
	[365,2]
	[371,1]
	[377,7]
	[383,3]
	[395,5]
	[485,26]
	[401,8]
	[407,2]
	[413,2]
	[419,5]
	[425,4]
	[431,3]
	[437,5]
	[443,4]
	[449,3]
	[455,5]
	[461,2]
	[467,4]
	[473,4]
	[479,8]
	[491,3]
	[497,5]
	[581,11]
	[503,5]
	[509,2]
	[515,8]
	[521,3]
	[527,3]
	[533,6]
	[539,8]
	[545,6]
	[551,6]
	[557,5]
	[563,9]
	[569,1]
	[575,8]
	[587,5]
	[593,6]
	[599,6]
	[605,5]
	[677,12]
	[611,6]
	[617,6]
	[623,1]
	[629,6]
	[635,6]
	[641,9]
	[647,2]
	[653,5]
	[659,6]
	[665,2]
	[671,4]
	[683,4]
	[773,15]
	[689,8]
	[695,5]
	[701,6]
	[707,3]
	[713,10]
	[719,11]
	[725,4]
	[731,8]
	[737,6]
	[743,8]
	[749,3]
	[755,10]
	[761,3]
	[767,5]
	[869,13]
	[779,5]
	[785,7]
	[791,6]
	[797,3]
	[803,6]
	[809,6]
	[815,8]
	[821,9]
	[827,8]
	[833,7]
	[839,11]
	[851,3]
	[857,9]
	[863,6]
	[875,7]
	[881,8]
	[965,16]
	[887,9]
	[893,12]
	[899,7]
	[905,5]
	[911,6]
	[917,8]
	[923,9]
	[929,8]
	[935,14]
	[941,9]
	[947,7]
	[953,10]
	[959,7]
	[971,9]
	[977,8]
	[1061,17]
	[983,8]
	[989,10]
	[995,10]
	[1001,16]
	[1007,9]
	[1013,8]
	[1019,5]
	[1025,4]
	[1031,7]
	[1037,6]
	[1043,7]
	[1049,8]
	[1055,8]
	[1067,6]
	[1157,24]
	[1073,13]
	[1079,6]
	[1085,5]
	[1091,7]
	[1097,12]
	[1103,5]
	[1109,10]
	[1115,5]
	[1121,12]
	[1127,10]
	[1133,9]
	[1139,9]
	[1145,10]
	[1151,5]
	[1163,11]
	[1169,8]
	[1175,6]
	[1253,17]
	[1181,11]
	[1187,8]
	[1193,8]
	[1199,10]
	[1205,10]
	[1211,10]
	[1217,13]
	[1223,11]
	[1229,13]
	[1235,14]
	[1241,12]
	[1247,14]
	[1349,20]
	[1259,8]
	[1265,6]
	[1271,6]
	[1277,15]
	[1283,14]
	[1289,14]
	[1295,18]
	[1301,17]
	[1307,12]
	[1313,12]
	[1319,7]
	[1325,10]
	[1331,14]
	[1337,16]
	[1343,7]

1556,
	[1,22618]

1480,
	[1,112]

len(carl_order):
24
Printing carl assignment order:
1556,1,1.0
1480,1,1.0
1492,1,0.912621359223301
1584,5,0.1870304432971337
1552,6,0.16734775909425872
1540,6,0.16679804044347857
1536,1,0.007904436253830098
1532,3,0.002923056167648514
1492,1253,0.0013489208633093526
1584,1349,0.0011607434494076783
1532,1440,0.0009517834717642624
1536,1440,0.0009503346400283614
1540,486,0.00017361111111111112
1532,1456,9.423294383716548e-05
1532,1592,4.448794376723908e-05
1536,1920,3.995525011986575e-05
1532,1664,3.165091154625253e-05
1532,1744,2.854750304506699e-05
1532,1888,1.0597261667585097e-05
1540,19001,1.0123045619505084e-05
1540,257737,7.605719501064801e-06
1552,255511,6.524553972593314e-06
1536,266826,5.630473701381911e-06
1532,266874,5.620052153740515e-06
bin_width: 6952367
assigning lease 1 to address 1556
Average Cache Occupancy Per Bin: [0.16,0.16,0.16,0.16,0.16]
Total cost: 1152256.0
assigning lease 1 to address 1480
Average Cache Occupancy Per Bin: [0.16,0.16,0.16,0.16,0.16]
Total cost: 1157632.0
assigning lease 1 to address 1492
Average Cache Occupancy Per Bin: [0.16,0.16,0.16,0.16,0.16]
Total cost: 1163008.0
assigning lease 5 to address 1584
Average Cache Occupancy Per Bin: [0.98,0.99,0.99,0.99,0.99]
Total cost: 6879488.0
assigning lease 6 to address 1552
Average Cache Occupancy Per Bin: [1.96,1.97,1.99,1.98,1.99]
Total cost: 13664768.0
assigning lease 6 to address 1540
Average Cache Occupancy Per Bin: [2.96,2.96,2.98,2.99,3.01]
Total cost: 20605696.0
assigning lease 1 to address 1536
Average Cache Occupancy Per Bin: [3.13,3.13,3.15,3.15,3.17]
Total cost: 21769472.0
assigning lease 3 to address 1532
Average Cache Occupancy Per Bin: [3.62,3.62,3.64,3.64,3.65]
Total cost: 25204736.0
assigning lease 1253 to address 1492
Average Cache Occupancy Per Bin: [3.63,3.68,3.68,3.72,3.73]
Total cost: 25248256.0
assigning lease 1349 to address 1584
Average Cache Occupancy Per Bin: [7.73,10.7,13.5,14.0,18.4]
Total cost: 53767168.0
addr: 1532 ri: 1440
bin target: 889902976
	bin: 1.0 current capacity: 10.792194370636649  avg impact: 134.11817644264175
	bin: 2.0 current capacity: 13.591586289964267  avg impact: 170.59334180718596
	bin: 3.0 current capacity: 14.059188762618545  avg impact: 198.05201652904688
	bin: 4.0 current capacity: 18.497269778767432  avg impact: 220.27633466415108
num_full_bins: 0
printing bin ranks sorted:
	bin: 4.0 rank: 0.4971152729056809
	selecting this^ bin
	bin: 3.0 rank: 0.5753075037267826
	bin: 2.0 rank: 0.6706499356777151
	bin: 1.0 rank: 0.8739143995108638
acceptable_ratio: 0.4971152729056809
Assigning 1532 dual lease lease 1440 * 0.4971152729056809. Bin saturation: [46.6,77.4,98.3,112.,128.]
addr: 1536 ri: 1440
bin target: 889902976
	bin: 1.0 current capacity: 77.46438825453278  avg impact: 136.8792366686051
	bin: 2.0 current capacity: 98.39614195833563  avg impact: 170.96016248854528
	bin: 3.0 current capacity: 112.5138710089761  avg impact: 201.56012132270922
	bin: 4.0 current capacity: 128.0  avg impact: 222.83531579964063
num_full_bins: 1
printing bin ranks sorted:
	bin: 4.0 rank: 0.0
	bin: 3.0 rank: 0.07683131409823735
	bin: 2.0 rank: 0.17316231811401034
	bin: 1.0 rank: 0.369198521086275
acceptable_ratio: 0
addr: 1540 ri: 486
bin target: 889902976
	bin: 4.0 current capacity: 128.0  avg impact: 0.035349112036231686
num_full_bins: 1
printing bin ranks sorted:
	bin: 4.0 rank: 0.0
acceptable_ratio: 0
addr: 1532 ri: 1456
bin target: 889902976
	bin: 1.0 current capacity: 77.46438825453278  avg impact: 134.27194507999937
	bin: 2.0 current capacity: 98.39614195833563  avg impact: 170.75624229848626
	bin: 3.0 current capacity: 112.5138710089761  avg impact: 198.22169226682078
	bin: 4.0 current capacity: 128.0  avg impact: 220.4301033015087
num_full_bins: 1
printing bin ranks sorted:
	bin: 4.0 rank: 0.0
	bin: 3.0 rank: 0.07812529907260829
	bin: 2.0 rank: 0.1733691116832852
	bin: 1.0 rank: 0.376367615106477
acceptable_ratio: 0
addr: 1532 ri: 1592
bin target: 889902976
	bin: 1.0 current capacity: 77.46438825453278  avg impact: 135.57897849753903
	bin: 2.0 current capacity: 98.39614195833563  avg impact: 172.12926072516024
	bin: 3.0 current capacity: 112.5138710089761  avg impact: 199.65421503208907
	bin: 4.0 current capacity: 128.0  avg impact: 221.73713671904835
num_full_bins: 1
printing bin ranks sorted:
	bin: 4.0 rank: 0.0
	bin: 3.0 rank: 0.07756474857560568
	bin: 2.0 rank: 0.17198620337382975
	bin: 1.0 rank: 0.3727392867647584
acceptable_ratio: 0
addr: 1536 ri: 1920
bin target: 889902976
	bin: 0.0 current capacity: 46.69199362280486  avg impact: 85.05081046498265
	bin: 1.0 current capacity: 77.46438825453278  avg impact: 141.43927212127898
	bin: 2.0 current capacity: 98.39614195833563  avg impact: 175.73229261343656
	bin: 3.0 current capacity: 112.5138710089761  avg impact: 206.52460953226432
	bin: 4.0 current capacity: 128.0  avg impact: 227.95740213369058
num_full_bins: 1
printing bin ranks sorted:
	bin: 4.0 rank: 0.0
	bin: 3.0 rank: 0.07498442450077397
	bin: 2.0 rank: 0.16845997739746585
	bin: 1.0 rank: 0.3572954737927016
	bin: 0.0 rank: 0.9559933166147958
acceptable_ratio: 0
addr: 1532 ri: 1664
bin target: 889902976
	bin: 1.0 current capacity: 77.46438825453278  avg impact: 136.27093736564828
	bin: 2.0 current capacity: 98.39614195833563  avg impact: 172.85568497750478
	bin: 3.0 current capacity: 112.5138710089761  avg impact: 200.39772468858447
	bin: 4.0 current capacity: 128.0  avg impact: 222.42909558715758
num_full_bins: 1
printing bin ranks sorted:
	bin: 4.0 rank: 0.0
	bin: 3.0 rank: 0.07727697016066
	bin: 2.0 rank: 0.17126343310905268
	bin: 1.0 rank: 0.37084658491683964
acceptable_ratio: 0
addr: 1532 ri: 1744
bin target: 889902976
	bin: 1.0 current capacity: 77.46438825453278  avg impact: 137.03978055243633
	bin: 2.0 current capacity: 98.39614195833563  avg impact: 173.6628230356654
	bin: 3.0 current capacity: 112.5138710089761  avg impact: 201.2157620562896
	bin: 4.0 current capacity: 128.0  avg impact: 223.197644198012
num_full_bins: 1
printing bin ranks sorted:
	bin: 4.0 rank: 0.0
	bin: 3.0 rank: 0.07696280267890591
	bin: 2.0 rank: 0.17046744676944808
	bin: 1.0 rank: 0.3687660002208665
acceptable_ratio: 0
addr: 1532 ri: 1888
bin target: 889902976
	bin: 0.0 current capacity: 46.69199362280486  avg impact: 82.32793464441679
	bin: 1.0 current capacity: 77.46438825453278  avg impact: 138.42369828865478
	bin: 2.0 current capacity: 98.39614195833563  avg impact: 175.11567154035453
	bin: 3.0 current capacity: 112.5138710089761  avg impact: 202.68451766139503
	bin: 4.0 current capacity: 128.0  avg impact: 224.56889516908413
num_full_bins: 1
printing bin ranks sorted:
	bin: 4.0 rank: 0.0
	bin: 3.0 rank: 0.07640509087573745
	bin: 2.0 rank: 0.1690531622970267
	bin: 1.0 rank: 0.3650791907039311
	bin: 0.0 rank: 0.9876113949459946
acceptable_ratio: 0
addr: 1540 ri: 19001
bin target: 889902976
	bin: 4.0 current capacity: 128.0  avg impact: 0.717108288443346
num_full_bins: 1
printing bin ranks sorted:
	bin: 4.0 rank: 0.0
acceptable_ratio: 0
addr: 1540 ri: 257737
bin target: 889902976
	bin: 4.0 current capacity: 128.0  avg impact: 9.507843299986897
num_full_bins: 1
printing bin ranks sorted:
	bin: 4.0 rank: 0.0
acceptable_ratio: 0
addr: 1552 ri: 255511
bin target: 889902976
	bin: 4.0 current capacity: 128.0  avg impact: 9.408202990434768
num_full_bins: 1
printing bin ranks sorted:
	bin: 4.0 rank: 0.0
acceptable_ratio: 0
addr: 1536 ri: 266826
bin target: 889902976
	bin: 0.0 current capacity: 46.69199362280486  avg impact: 822.7112935781439
	bin: 1.0 current capacity: 77.46438825453278  avg impact: 1494.2841814881176
	bin: 2.0 current capacity: 98.39614195833563  avg impact: 2022.7211135430566
	bin: 3.0 current capacity: 112.5138710089761  avg impact: 2466.9617262725055
	bin: 4.0 current capacity: 128.0  avg impact: 2786.775416199979
num_full_bins: 1
printing bin ranks sorted:
	bin: 4.0 rank: 0.0
	bin: 3.0 rank: 0.006277409505830846
	bin: 2.0 rank: 0.014635659777046279
	bin: 1.0 rank: 0.033819277732793876
	bin: 0.0 rank: 0.09882933054628382
acceptable_ratio: 0
addr: 1532 ri: 266874
bin target: 889902976
	bin: 0.0 current capacity: 46.69199362280486  avg impact: 767.1113012302142
	bin: 1.0 current capacity: 77.46438825453278  avg impact: 1523.6087738176077
	bin: 2.0 current capacity: 98.39614195833563  avg impact: 2052.1488810933024
	bin: 3.0 current capacity: 112.5138710089761  avg impact: 2456.127149789417
	bin: 4.0 current capacity: 128.0  avg impact: 2600.5551893333595
num_full_bins: 1
printing bin ranks sorted:
	bin: 4.0 rank: 0.0
	bin: 3.0 rank: 0.006305100691693281
	bin: 2.0 rank: 0.014425784753927126
	bin: 1.0 rank: 0.03316836488073209
	bin: 0.0 rank: 0.10599245017874424
acceptable_ratio: 0
Final saturation:
	0.0,324619875.62739897
	1.0,538560856.5760013
	2.0,684086090.278448
	3.0,782237723.8450621
	4.0,889902976.0
DUMP LEASES
0, 600, 1, 0, 1 
0, 5fc, 3, 5a0, 0.5028847270943191 
0, 610, 6, 0, 1 
0, 604, 6, 0, 1 
0, 5d4, 4e5, 0, 1 
0, 630, 545, 0, 1 
0, 614, 1, 0, 1 
0, 5c8, 1, 0, 1 
Dump dual leases

