sample rate: 0.00390625
1428,
	[1,7]
	[3,1339]
	[2,60]
	[128089,1]
	[127398,1]
	[127248,1]
	[122336,1]
	[121615,1]
	[120173,1]
	[117454,1]
	[113578,1]
	[110048,1]
	[109672,1]
	[105932,1]
	[101846,1]
	[101034,1]
	[100110,1]

1404,
	[2,126]
	[4,1460]
	[660,12]
	[3,19530]
	[505,672]
	[504,458]
	[506,122]
	[512,1]
	[1,10]
	[542,33]
	[517,27]
	[530,21]
	[524,1]
	[529,29]
	[497,5]
	[501,5]
	[518,11]
	[502,5]
	[498,4]
	[503,12]
	[499,4]
	[17010,1]
	[541,28]
	[528,9]
	[19212,1]
	[510,2]
	[535,2]
	[516,16]
	[500,5]
	[527,1]
	[45627,1]
	[67636,1]
	[68185,1]
	[69287,1]
	[75888,1]
	[526,2]
	[523,2]
	[82625,1]
	[89089,1]
	[90187,1]

1408,
	[4,1354]
	[1,2011]
	[3,19250]
	[110444,1]
	[98592,2]
	[98593,2]
	[98582,2]
	[98588,1]
	[98585,2]
	[98598,1]
	[98597,1]
	[98594,3]
	[98626,2]
	[98625,1]
	[98623,3]
	[98619,2]
	[98620,1]
	[98614,2]
	[98613,1]
	[98611,2]
	[98609,1]
	[98604,1]
	[98603,1]
	[98602,1]
	[98605,1]
	[98601,1]
	[98696,1]
	[137,1]
	[98591,1]
	[98587,1]
	[98580,1]
	[98575,3]
	[98572,1]
	[98756,1]
	[98755,1]
	[98571,1]
	[98569,1]
	[98568,1]
	[98564,4]
	[98565,2]
	[98559,2]
	[98555,1]
	[98550,2]
	[98552,1]
	[98549,2]
	[98545,1]
	[98544,4]
	[98543,1]
	[98542,1]
	[98536,1]
	[98534,1]
	[98537,1]
	[98530,2]
	[98531,1]
	[98529,1]
	[98527,1]
	[98526,1]
	[98525,1]
	[98522,3]
	[98521,1]
	[98520,2]
	[98861,1]
	[98516,1]
	[98514,2]
	[98507,2]
	[98509,1]
	[98510,2]
	[98512,1]
	[98511,1]
	[98508,3]
	[98888,1]
	[98505,2]
	[98498,1]
	[98504,2]
	[98895,1]
	[98490,2]
	[2,1]
	[98491,1]
	[98492,1]
	[98921,1]
	[98488,2]
	[98487,1]
	[98479,1]
	[98467,1]

1412,
	[1,1592]
	[3,18104]
	[2,1764]
	[99099,9]
	[99094,20]
	[99095,36]
	[99082,12]
	[96351,1]
	[99096,18]
	[99098,7]
	[95248,1]
	[99102,18]
	[99074,14]
	[99101,18]
	[99100,19]
	[99097,19]
	[503,1]
	[99093,21]
	[99117,15]
	[99119,1]
	[99131,2]
	[99127,10]
	[99128,20]
	[99129,1]
	[99126,17]
	[99125,11]
	[99124,2]
	[99123,5]
	[99122,8]
	[99121,12]
	[99120,3]
	[99118,1]
	[99116,11]
	[99114,9]
	[99113,11]
	[99112,3]
	[99111,4]
	[99110,1]
	[99109,11]
	[99108,7]
	[99106,4]
	[99105,14]
	[99104,6]
	[99092,3]
	[99091,8]
	[99090,1]
	[99089,16]
	[99088,9]
	[99087,6]
	[99084,22]
	[99085,4]
	[99086,10]
	[99081,10]
	[99080,3]
	[99079,5]
	[99078,13]
	[99077,14]
	[99076,4]
	[99075,1]
	[99073,8]
	[504,3]
	[99071,14]
	[99070,15]
	[99069,6]
	[99068,5]
	[99066,3]
	[99067,9]
	[99065,8]
	[99063,10]
	[99062,4]
	[99060,7]
	[99061,8]
	[99059,3]
	[99057,11]
	[48434,1]
	[99056,11]
	[99055,3]
	[99053,7]
	[99052,1]
	[99051,11]
	[99054,3]
	[99050,9]
	[99049,5]
	[99048,5]
	[99047,6]
	[99046,11]
	[99045,9]
	[98727,1]
	[99043,8]
	[40717,1]
	[99042,5]
	[99041,15]
	[99040,4]
	[98711,1]
	[99038,10]
	[99039,9]
	[99036,10]
	[36858,1]
	[99035,12]
	[99034,3]
	[99032,13]
	[35203,1]
	[99033,2]
	[99030,8]
	[99031,6]
	[99028,13]
	[98661,1]
	[98660,1]
	[99027,5]
	[99026,10]
	[98647,1]
	[99025,5]
	[99023,16]
	[99022,3]
	[99021,9]
	[99020,1]
	[99017,14]
	[99018,2]
	[99008,5]
	[99012,17]
	[99011,17]
	[98597,1]
	[99013,6]
	[99014,1]
	[99009,15]
	[99002,17]
	[99000,15]
	[99006,5]
	[99004,5]
	[99005,1]
	[19769,1]
	[98555,1]
	[98997,16]
	[98998,7]
	[99001,9]
	[99003,4]
	[98999,2]
	[98547,1]
	[98996,1]
	[98995,9]
	[98994,6]
	[98991,19]
	[98993,11]
	[13703,1]
	[98990,7]
	[98989,13]
	[98988,8]
	[98981,8]
	[98978,5]
	[98975,17]
	[98974,5]
	[8193,1]
	[98972,13]
	[98970,10]
	[98969,14]
	[98966,15]
	[98452,1]
	[98965,6]
	[98467,1]
	[98968,7]
	[98442,1]
	[98449,1]
	[98959,5]
	[98457,1]
	[98961,10]
	[98952,4]
	[98960,11]

len(carl_order):
10
Printing carl assignment order:
1408,4,0.34450926927353875
1412,3,0.3392349035725577
1428,3,0.3358815097945533
1404,4,0.29886260751471255
1404,660,0.001963362003604991
1408,137,6.4263222157959e-05
1404,90187,1.6177407926282788e-05
1412,99131,1.016813521579835e-05
1408,110444,1.0148539625147941e-05
1428,128089,8.714645771436005e-06
bin_width: 3573599
assigning lease 4 to address 1408
Average Cache Occupancy Per Bin: [0.94,0.94,0.93,0.93,0.94]
Total cost: 3367680.0
assigning lease 3 to address 1412
Average Cache Occupancy Per Bin: [1.82,1.86,1.85,1.84,1.85]
Total cost: 6506240.0
assigning lease 3 to address 1428
Average Cache Occupancy Per Bin: [1.90,1.92,1.90,1.89,1.90]
Total cost: 6799360.0
assigning lease 4 to address 1404
Average Cache Occupancy Per Bin: [2.91,2.91,2.91,2.92,2.93]
Total cost: 10416384.0
assigning lease 660 to address 1404
Average Cache Occupancy Per Bin: [13.0,12.9,13.9,14.5,14.3]
Total cost: 46637056.0
assigning lease 137 to address 1408
Average Cache Occupancy Per Bin: [13.2,13.1,14.2,14.8,14.4]
Total cost: 47420160.0
assigning lease 90187 to address 1404
Average Cache Occupancy Per Bin: [15.7,13.1,17.4,34.8,33.1]
Total cost: 56355072.0
addr: 1412 ri: 99131
bin target: 457420672
	bin: 0.0 current capacity: 15.769836514953132  avg impact: 1717.6986584113104
	bin: 1.0 current capacity: 13.136551694804034  avg impact: 1817.2143880720807
	bin: 2.0 current capacity: 17.48552985379725  avg impact: 1702.3728963434341
	bin: 3.0 current capacity: 34.82613913872262  avg impact: 1863.5771500943447
	bin: 4.0 current capacity: 33.10521633792712  avg impact: 1888.801925453863
num_full_bins: 0
printing bin ranks sorted:
	bin: 3.0 rank: 0.04999731878906135
	selecting this^ bin
	bin: 4.0 rank: 0.05024072793618657
	bin: 1.0 rank: 0.06320852897662609
	bin: 2.0 rank: 0.06491789806074763
	bin: 0.0 rank: 0.065337515946393
acceptable_ratio: 0.04999731878906135
Assigning 1412 dual lease lease 99131 * 0.04999731878906135. Bin saturation: [101.,103.,102.,128.,127.]
addr: 1408 ri: 110444
bin target: 457420672
	bin: 0.0 current capacity: 101.65016392308641  avg impact: 163.09266260708043
	bin: 1.0 current capacity: 103.9923987633129  avg impact: 119.91098945348932
	bin: 2.0 current capacity: 102.59961025013762  avg impact: 204.49223541869137
	bin: 3.0 current capacity: 128.0  avg impact: 253.76494228927197
	bin: 4.0 current capacity: 127.54024833423681  avg impact: 77.55943965733145
num_full_bins: 1
printing bin ranks sorted:
	bin: 3.0 rank: 0.0
	bin: 4.0 rank: 0.005927733204293844
	bin: 2.0 rank: 0.1242120009977684
	bin: 0.0 rank: 0.16156359002118373
	bin: 1.0 rank: 0.2002118516918675
acceptable_ratio: 0
addr: 1428 ri: 128089
bin target: 457420672
	bin: 0.0 current capacity: 101.65016392308641  avg impact: 115.08333643478186
	bin: 3.0 current capacity: 128.0  avg impact: 0.0
num_full_bins: 1
printing bin ranks sorted:
	bin: 0.0 rank: 0.22896308790844044
acceptable_ratio: 0
Final saturation:
	0.0,363256924.1453777
	1.0,371627132.22817624
	2.0,366649864.59028155
	3.0,457420672.0
	4.0,455777703.90698034
DUMP LEASES
0, 594, 3, 0, 1 
0, 57c, 1604b, 0, 1 
0, 580, 89, 0, 1 
0, 584, 3, 1833b, 0.9500026812109387 
Dump dual leases

