sample rate: 0.00390625
1448,
	[95,1]
	[109,1]
	[131,3]
	[165,2]
	[173,1]
	[179,1]
	[93,1]
	[117,1]
	[77,1]
	[171,1]
	[137,1]
	[125,1]
	[83,1]
	[69,1]
	[155,1]
	[107,1]
	[65,1]

1584,
	[199,26]
	[182,11]
	[197,14]
	[192,10]
	[221,14]
	[208,18]
	[191,18]
	[238,24]
	[232,9]
	[236,14]
	[212,12]
	[200,11]
	[217,18]
	[239,6]
	[219,15]
	[233,15]
	[201,12]
	[229,10]
	[188,19]
	[210,17]
	[215,10]
	[187,8]
	[235,12]
	[190,11]
	[214,15]
	[211,15]
	[216,11]
	[234,10]
	[225,22]
	[220,12]
	[202,13]
	[224,12]
	[183,15]
	[184,13]
	[189,7]
	[230,8]
	[193,10]
	[203,8]
	[204,15]
	[209,15]
	[223,18]
	[231,14]
	[198,9]
	[207,8]
	[206,14]
	[218,13]
	[227,10]
	[181,15]
	[186,16]
	[237,12]
	[205,10]
	[185,14]
	[195,11]
	[180,10]
	[213,16]
	[194,10]
	[222,12]
	[228,9]
	[226,9]
	[196,9]

1628,
	[1,707]

1644,
	[235,12]
	[208,14]
	[220,12]
	[233,9]
	[185,9]
	[204,8]
	[228,14]
	[224,8]
	[189,15]
	[183,19]
	[214,11]
	[193,12]
	[207,11]
	[202,16]
	[201,13]
	[26955,1]
	[213,9]
	[237,12]
	[217,13]
	[231,12]
	[26517,1]
	[199,7]
	[26497,1]
	[197,15]
	[27051,1]
	[26077,1]
	[26049,1]
	[184,8]
	[196,12]
	[182,12]
	[239,11]
	[234,10]
	[238,13]
	[206,11]
	[181,10]
	[219,17]
	[229,11]
	[215,19]
	[25673,1]
	[218,12]
	[25628,1]
	[222,9]
	[192,12]
	[209,11]
	[188,14]
	[212,10]
	[230,11]
	[198,11]
	[225,7]
	[186,6]
	[191,11]
	[180,18]
	[190,13]
	[227,5]
	[232,7]
	[27009,1]
	[226,8]
	[24387,1]
	[203,10]
	[23945,1]
	[236,6]
	[223,13]
	[23991,1]
	[27078,1]
	[205,12]
	[23567,1]
	[221,10]
	[22694,1]
	[195,8]
	[22312,1]
	[200,6]
	[187,14]
	[194,14]
	[211,7]
	[21478,1]
	[21470,1]
	[21054,1]
	[210,9]
	[20304,1]
	[18484,1]
	[18093,1]
	[20262,1]
	[17225,1]
	[17265,1]
	[216,6]
	[16415,1]
	[15557,1]
	[20220,1]
	[20271,1]
	[13902,1]
	[13069,1]
	[13027,1]
	[12233,1]
	[12180,1]
	[11813,1]
	[11775,1]
	[13662,1]
	[11351,1]
	[10944,1]
	[9695,1]
	[13593,1]
	[8826,1]
	[13653,1]
	[8455,1]
	[8439,1]
	[13587,1]
	[7140,1]
	[6834,1]
	[5068,1]
	[6951,1]
	[4256,1]
	[6882,1]
	[6831,1]
	[6849,1]
	[6906,1]
	[1690,1]
	[1296,1]
	[858,1]
	[6948,1]
	[81,1]
	[156,1]
	[105,1]

1604,
	[3,739]
	[4,14]

1588,
	[221,14]
	[210,15]
	[234,23]
	[188,12]
	[182,12]
	[217,11]
	[228,16]
	[209,24]
	[185,9]
	[193,16]
	[180,13]
	[224,14]
	[226,10]
	[230,18]
	[213,14]
	[189,11]
	[216,9]
	[219,11]
	[204,14]
	[187,11]
	[194,12]
	[192,18]
	[208,15]
	[200,15]
	[205,14]
	[214,6]
	[191,11]
	[201,8]
	[199,13]
	[215,14]
	[223,18]
	[198,13]
	[203,11]
	[220,10]
	[186,15]
	[181,14]
	[206,15]
	[237,12]
	[212,13]
	[211,6]
	[232,7]
	[197,17]
	[218,11]
	[195,11]
	[239,16]
	[229,8]
	[235,11]
	[236,8]
	[202,15]
	[183,13]
	[231,6]
	[190,13]
	[227,6]
	[184,7]
	[207,10]
	[222,9]
	[196,9]
	[233,11]
	[225,13]
	[238,7]

1624,
	[193,14]
	[233,14]
	[200,14]
	[231,15]
	[208,10]
	[191,11]
	[237,10]
	[213,11]
	[238,11]
	[230,8]
	[194,12]
	[227,9]
	[226,11]
	[187,14]
	[192,9]
	[224,16]
	[210,10]
	[217,10]
	[222,20]
	[205,11]
	[202,10]
	[182,19]
	[236,13]
	[239,17]
	[189,10]
	[235,14]
	[185,12]
	[211,17]
	[219,10]
	[225,15]
	[183,17]
	[214,10]
	[204,10]
	[203,12]
	[199,9]
	[218,12]
	[212,9]
	[188,11]
	[195,8]
	[207,18]
	[228,12]
	[260,3]
	[229,20]
	[209,13]
	[198,10]
	[197,9]
	[206,12]
	[215,13]
	[186,9]
	[240,9]
	[216,11]
	[184,17]
	[234,10]
	[220,10]
	[196,10]
	[190,9]
	[181,4]
	[221,8]
	[201,15]
	[266,1]
	[232,7]
	[223,9]
	[250,1]
	[243,1]
	[248,1]
	[300,1]
	[294,1]
	[258,1]
	[297,1]
	[272,1]
	[276,1]
	[254,1]
	[278,1]
	[283,1]

1652,
	[4,723]

1504,
	[181,18]

1580,
	[3,14]

1500,
	[3,24]

1520,
	[179,19]

len(carl_order):
13
Printing carl assignment order:
1628,1,1.0
1580,3,0.3333333333333333
1500,3,0.3333333333333333
1604,4,0.33128024637043557
1652,4,0.25
1448,179,0.008071025020177562
1520,179,0.00558659217877095
1504,181,0.0055248618784530384
1588,239,0.004783386482072023
1584,239,0.004771945400066585
1624,300,0.004716490826880099
1644,239,0.004366269911301972
1644,27078,6.496795648248068e-05
bin_width: 269222
assigning lease 1 to address 1628
Average Cache Occupancy Per Bin: [0.13,0.13,0.11,0.15,0.12]
Total cost: 37376.0
assigning lease 3 to address 1580
Average Cache Occupancy Per Bin: [0.14,0.14,0.12,0.15,0.14]
Total cost: 39680.0
assigning lease 3 to address 1500
Average Cache Occupancy Per Bin: [0.15,0.15,0.12,0.17,0.17]
Total cost: 40448.0
assigning lease 4 to address 1604
Average Cache Occupancy Per Bin: [0.56,0.60,0.62,0.53,0.60]
Total cost: 152832.0
assigning lease 4 to address 1652
Average Cache Occupancy Per Bin: [1.14,1.10,1.20,1.09,1.14]
Total cost: 308480.0
assigning lease 179 to address 1448
Average Cache Occupancy Per Bin: [1.46,1.42,1.64,1.63,1.87]
Total cost: 394240.0
assigning lease 179 to address 1520
Average Cache Occupancy Per Bin: [2.31,2.10,1.99,1.97,2.89]
Total cost: 623360.0
assigning lease 181 to address 1504
Average Cache Occupancy Per Bin: [3.00,2.27,2.33,2.66,4.09]
Total cost: 808704.0
assigning lease 239 to address 1588
Average Cache Occupancy Per Bin: [32.3,33.5,29.8,33.2,32.1]
Total cost: 8701952.0
assigning lease 239 to address 1584
Average Cache Occupancy Per Bin: [60.3,64.8,63.2,62.7,64.1]
Total cost: 16251904.0
assigning lease 300 to address 1624
Average Cache Occupancy Per Bin: [91.5,93.5,92.5,91.3,92.7]
Total cost: 24642048.0
assigning lease 239 to address 1644
Average Cache Occupancy Per Bin: [121.,121.,119.,121.,123.]
Total cost: 32693760.0
addr: 1644 ri: 27078
bin target: 34460416
	bin: 0.0 current capacity: 121.43792112085937  avg impact: 339.5412261999391
	bin: 1.0 current capacity: 121.89434741588725  avg impact: 102.51810030383847
	bin: 2.0 current capacity: 119.30317730348932  avg impact: 153.7338850465415
	bin: 3.0 current capacity: 121.4341175684008  avg impact: 185.06659931209188
	bin: 4.0 current capacity: 123.0953191046794  avg impact: 82.67972156807393
num_full_bins: 0
printing bin ranks sorted:
	bin: 0.0 rank: 0.019326309657833864
	selecting this^ bin
	bin: 3.0 rank: 0.035478484264611435
	bin: 2.0 rank: 0.056570629785865384
	bin: 4.0 rank: 0.05932144910868315
	bin: 1.0 rank: 0.05955682524370901
acceptable_ratio: 0.019326309657833864
Assigning 1644 dual lease lease 27078 * 0.019326309657833864. Bin saturation: [128.,123.,122.,125.,124.]
Final saturation:
	0.0,34460416.0
	1.0,33350048.62032385
	2.0,32918927.817630883
	3.0,33655650.05239192
	4.0,33570156.19193566
DUMP LEASES
0, 5a8, b3, 0, 1 
0, 630, ef, 0, 1 
0, 65c, 1, 0, 1 
0, 66c, ef, 69c6, 0.9806736903421661 
0, 644, 4, 0, 1 
0, 634, ef, 0, 1 
0, 658, 12c, 0, 1 
0, 674, 4, 0, 1 
0, 5e0, b5, 0, 1 
0, 62c, 3, 0, 1 
0, 5dc, 3, 0, 1 
0, 5f0, b3, 0, 1 
Dump dual leases

