Dump predicted miss count (no contention misses): 72306
Dump formated leases
0, 5f0, 2, 0, 1
0, 5f4, 3, 0, 1
0, 5f8, 406a, 0, 1
0, 604, 6, 0, 1
0, 614, 1ff, 0, 1
0, 638, 7, 0, 1
0, 63c, 2, 0, 1
0, 640, 249, 0, 1
0, 644, 7701, 0, 1
0, 64c, 223, 0, 1
0, 660, 6, 0, 1
0, 66c, 249, 0, 1
0, 67c, a9, 0, 1
0, 680, aa, 0, 1
0, 694, 249, b7bc, 0.56448793
0, 6c4, 2, 0, 1
0, 6c8, 3, 0, 1
0, 6cc, 234, 0, 1
0, 6d8, 6, 0, 1
0, 6ec, 228, 0, 1
0, 710, 8, 0, 1
0, 714, 1e8, 0, 1
0, 718, 3d4, 0, 1
0, 71c, 1e5, 0, 1
0, 724, 222, 0, 1
0, 738, 6, 0, 1
0, 744, 3, 0, 1
0, 754, ab, 0, 1
0, 758, a8, 0, 1
0, 768, 196, 0, 1
