Dump predicted miss count (no contention misses): 1243057185
Dump formated leases
0, 5dc, 1, 0, 1
0, 624, 2, 0, 1
0, 628, 3, 0, 1
0, 62c, 1, 0, 1
0, 638, 6, 0, 1
0, 648, 26b7, 0, 1
0, 668, 7, 0, 1
0, 66c, 2, 0, 1
0, 670, 1, 0, 1
0, 674, 1, 26ff, 0.936180482747127
0, 67c, 26b3, 0, 1
0, 694, 6, 0, 1
0, 6a0, 1, 0, 1
0, 6b0, 3, 0, 1
0, 6b4, 3, 0, 1
0, 6c4, 1, 0, 1
1, 6f4, 1, 0, 1
1, 6f8, 1, 0, 1
1, 6fc, 1, 0, 1
1, 700, 1, 0, 1
1, 708, 1, 0, 1
1, 730, 2, 0, 1
1, 734, 3, 0, 1
1, 738, 1, 0, 1
1, 744, 6, 0, 1
1, 758, 26b8, 0, 1
1, 77c, 8, 0, 1
1, 780, 7, 0, 1
1, 784, 7, 0, 1
1, 788, 7, 269d, 0.0024674868500633718
1, 790, 26b2, 0, 1
1, 7a4, 6, 0, 1
1, 7b4, 3, 0, 1
1, 7c4, 3, 0, 1
1, 7c8, 3, 0, 1
1, 7d8, 3, 0, 1
