Dump predicted miss count (no contention misses): 1907154725
Dump formated leases
0, 5b8, 2, 0, 1
0, 5bc, 1, af2, 0.9096813947829241
0, 5c8, 2, 0, 1
0, 5dc, 1, 0, 1
1, 620, 3, 0, 1
1, 624, 1, 106b, 0.9102896557001032
1, 628, 6, 0, 1
1, 638, 3, 0, 1
1, 650, 1, 0, 1
1, 818, 1, 0, 1
2, 6a0, 5, 1725, 0.29772921126572116
2, 6a4, 1, 0, 1
2, 6b8, 2, 0, 1
2, 6bc, 1725, 0, 1
2, 6c8, 2, 0, 1
3, 70c, 1, 0, 1
3, 728, 3, 0, 1
3, 734, 1, 106b, 0.9085827732870624
3, 738, 1, 0, 1
3, 744, 3, 0, 1
3, 74c, 1, 0, 1
3, 774, 1, 0, 1
3, 778, 1, 0, 1
