Dump predicted miss count (no contention misses): 261581833
Dump formated leases
0, 660, 3, 0, 1
0, 664, 3, 0, 1
0, 66c, 3, 0, 1
0, 678, 1, 0, 1
0, 688, 12c1, 0, 1
0, 694, 1288, 7fffffff, 0.99843365
0, 698, 4, 0, 1
0, 69c, 1, 0, 1
0, 6b4, 3, 0, 1
0, 6c0, 1, 0, 1
1, 6f4, 4, 0, 1
1, 6f8, 4, 7fffffff, 0.99999624
1, 6fc, 1, 0, 1
1, 710, 3, 0, 1
2, 72c, 1, 0, 1
2, 73c, 1, 0, 1
2, 768, 1, 0, 1
2, 76c, 5, 0, 1
2, 770, 1bc7, 7fffffff, 0.99780023
2, 774, 6, 0, 1
2, 77c, 1, 0, 1
2, 79c, 5, 0, 1
2, 7ac, 2, 0, 1
