Dump predicted miss count (no contention misses): 2486382451
Dump formated leases
0, 730, 1, 0, 1
0, 7a4, 4, 0, 1
0, 7a8, 6, 0, 1
0, 7b8, 1, 0, 1
0, 7bc, 1, 0, 1
0, 7c8, 1, 0, 1
0, 7d0, f61, 0, 1
0, 7dc, f7f, 0, 1
0, 7e0, 1, fa1, 0.93200254
0, 7f8, f88, 0, 1
0, 80c, f42, 0, 1
1, 74c, f65, 0, 1
1, 75c, f7c, 0, 1
1, 760, 1, f9e, 0.9320445
1, 774, 1, 0, 1
1, 794, 1, 0, 1
1, 798, 3, 0, 1
2, 860, c3e, 0, 1
2, 86c, 186ef, 0, 1
2, 870, f76, 0, 1
2, 888, d63, 0, 1
3, 8fc, 2, 0, 1
3, 900, f83, 0, 1
3, 918, 4, 0, 1
3, 934, af1, 0, 1
3, 93c, 1, 0, 1
