Dump predicted miss count (no contention misses): 1984201
Dump formated leases
0, 608, 1fd, 0, 1
0, 60c, 6d6, 0, 1
0, 610, 1a288, 0, 1
0, 61c, 3, 0, 1
0, 62c, 729, 0, 1
0, 650, 8, 0, 1
0, 654, 5696c, 0, 1
0, 658, 657, 0, 1
0, 65c, 77a, 605ee, 0.3545245329370953
0, 664, 723, 0, 1
0, 678, 3, 0, 1
0, 684, 122, 0, 1
0, 694, 778, 0, 1
0, 698, 714, 0, 1
0, 6ac, 12eb, 0, 1
1, 6e0, b1371, 0, 1
1, 704, 2, 0, 1
1, 708, 3, 0, 1
1, 70c, 709, 0, 1
1, 718, 2, 0, 1
1, 72c, 6f5, 0, 1
1, 750, 3, 0, 1
1, 754, 39883, 0, 1
1, 758, 32e, 0, 1
1, 75c, 738, 3be23, 0.9999999999325049
1, 764, 6d9, 0, 1
1, 778, 2, 0, 1
1, 784, 3, 0, 1
1, 794, 2ec, 0, 1
1, 798, 2e6, 0, 1
1, 7a8, 69d, 0, 1
