sample rate: 0.00390625
1712,
	[280,1]
	[223,3132]
	[225,2217]
	[221,2204]
	[220,1650]
	[222,2941]
	[224,2752]
	[227,879]
	[230,108]
	[219,832]
	[229,155]
	[218,379]
	[226,1340]
	[228,403]
	[1,425]
	[39056,4]
	[39057,7]
	[39046,4]
	[39008,1]
	[39010,2]
	[39012,6]
	[39007,5]
	[39027,3]
	[38970,1]
	[38930,5]
	[38942,5]
	[38881,2]
	[38865,4]
	[38898,3]
	[38968,4]
	[38987,4]
	[38959,6]
	[38965,3]
	[39006,4]
	[39092,2]
	[39097,5]
	[39086,3]
	[39080,3]
	[39119,2]
	[39125,1]
	[39141,1]
	[39156,2]
	[39162,1]
	[39182,2]
	[39186,1]
	[39183,2]
	[39188,2]
	[39189,3]
	[39194,1]
	[39204,2]
	[39222,4]
	[39238,1]
	[39270,1]
	[39303,1]
	[39305,2]
	[39333,1]
	[39345,1]
	[39369,1]
	[39362,1]
	[39293,2]
	[39319,1]
	[39302,1]
	[39301,1]
	[39280,1]
	[39220,2]
	[39240,3]
	[232,42]
	[231,37]
	[39284,1]
	[39286,1]
	[39297,1]
	[234,5]
	[39351,1]
	[39366,1]
	[233,12]
	[39398,1]
	[39343,1]
	[39344,3]
	[39342,1]
	[39328,1]
	[39242,1]
	[39195,2]
	[39203,5]
	[39184,1]
	[39211,1]
	[39316,1]
	[39358,1]
	[39368,1]
	[39386,1]
	[39375,1]
	[39393,1]
	[39267,2]
	[39200,3]
	[39208,3]
	[39196,1]
	[39098,3]
	[39074,2]
	[39067,3]
	[217,79]
	[39023,3]
	[38939,2]
	[38941,3]
	[38919,3]
	[38954,8]
	[38974,3]
	[39004,4]
	[39011,5]
	[39038,4]
	[39039,3]
	[38996,2]
	[38992,3]
	[38995,4]
	[38899,4]
	[38902,5]
	[38917,4]
	[38966,4]
	[38990,3]
	[38983,4]
	[39100,5]
	[39048,4]
	[39034,6]
	[39035,3]
	[38921,5]
	[38895,2]
	[38871,2]
	[38867,3]
	[38869,3]
	[38879,3]
	[38933,7]
	[38973,3]
	[38981,5]
	[39052,3]
	[39045,2]
	[38978,2]
	[38952,2]
	[38934,2]
	[38948,2]
	[38963,2]
	[38956,6]
	[38986,1]
	[38991,2]
	[38999,2]
	[38976,5]
	[38975,6]
	[39016,3]
	[39028,5]
	[39040,5]
	[39059,4]
	[39002,3]
	[38964,4]
	[38972,6]
	[38960,7]
	[38926,2]
	[38920,2]
	[38915,3]
	[38906,1]
	[38924,3]
	[38889,2]
	[38945,4]
	[38969,6]
	[39094,3]
	[39124,2]
	[39128,2]
	[39009,3]
	[38988,5]
	[38914,4]
	[38929,2]
	[38955,3]
	[38971,4]
	[39000,4]
	[39019,5]
	[39032,2]
	[38977,5]
	[39001,2]
	[38958,3]
	[38925,8]
	[38937,5]
	[38894,4]
	[38890,2]
	[38872,3]
	[38935,4]
	[39020,6]
	[39112,3]
	[39033,6]
	[39036,1]
	[38907,2]
	[38876,2]
	[38880,1]
	[38979,4]
	[38985,5]
	[39013,3]
	[39066,2]
	[39043,2]
	[39005,5]
	[38949,6]
	[38923,3]
	[38994,5]
	[39026,2]
	[39041,2]
	[39044,2]
	[39058,3]
	[39025,4]
	[38944,1]
	[38943,5]
	[38883,2]
	[38900,2]
	[38896,1]
	[39024,9]
	[39015,3]
	[39060,2]
	[39079,1]
	[39091,4]
	[39118,1]
	[39069,2]
	[38940,4]
	[39014,8]
	[39049,2]
	[39114,2]
	[39226,1]
	[39163,1]
	[39209,1]
	[39139,2]
	[39089,2]
	[39129,2]
	[39110,1]
	[39093,5]
	[39095,1]
	[39099,2]
	[39217,1]
	[39234,1]
	[39205,2]
	[39206,1]
	[39261,1]
	[39265,1]
	[39178,2]
	[39068,3]
	[39050,4]
	[39107,2]
	[39181,2]
	[39197,2]
	[39190,2]
	[39191,2]
	[39251,3]
	[39256,1]
	[39180,2]
	[39151,1]
	[39123,2]
	[39109,1]
	[39135,1]
	[39143,2]
	[39133,1]
	[39148,3]
	[39106,2]
	[39165,1]
	[39161,2]
	[39087,1]
	[39003,4]
	[39077,1]
	[39081,5]
	[39117,2]
	[39134,1]
	[254,33]
	[39168,1]
	[39113,1]
	[39137,1]
	[39064,1]
	[39075,2]
	[39076,1]
	[271,603]
	[273,215]
	[39229,1]
	[39390,1]
	[39387,1]
	[39446,1]
	[39449,1]
	[39201,1]
	[272,451]
	[39442,1]
	[250,22]
	[251,40]
	[252,33]
	[39833,1]
	[39838,1]
	[39792,1]
	[39791,1]
	[39773,1]
	[39738,1]
	[39746,1]
	[269,939]
	[270,752]
	[39241,1]
	[274,138]
	[40049,1]
	[248,6]
	[40219,1]
	[40204,1]
	[40277,2]
	[40263,1]
	[40320,1]
	[40338,1]
	[267,593]
	[39679,1]
	[39901,1]
	[40438,1]
	[40614,1]
	[253,41]
	[255,9]
	[40841,1]
	[236,10]
	[40795,2]
	[40806,1]
	[40819,1]
	[40809,1]
	[40784,1]
	[40786,1]
	[40774,1]
	[40723,1]
	[40746,1]
	[40676,1]
	[39991,1]
	[268,885]
	[40211,1]
	[40247,1]
	[40742,1]
	[41110,1]
	[41200,2]
	[41252,1]
	[41259,1]
	[41136,1]
	[40555,1]
	[265,199]
	[40530,1]
	[40761,1]
	[40852,1]
	[266,215]
	[41338,1]
	[249,24]
	[41670,1]
	[41643,1]
	[41631,1]
	[41629,1]
	[41597,1]
	[41582,1]
	[41568,1]
	[275,50]
	[40859,1]
	[276,9]
	[42002,1]
	[235,3]
	[42150,1]
	[42174,1]
	[42191,1]
	[42214,1]
	[42189,1]
	[42190,1]
	[42223,1]
	[41563,1]
	[41470,1]
	[264,139]
	[42577,1]
	[42451,1]
	[42240,1]
	[41786,1]
	[42008,1]
	[42072,1]
	[42734,1]
	[43026,1]
	[42413,1]
	[259,7]
	[42423,1]
	[42417,1]
	[42429,1]
	[42411,1]
	[42578,1]
	[43307,1]
	[256,9]
	[43487,1]
	[43481,1]
	[43459,1]
	[43429,1]
	[43445,1]
	[43454,1]
	[43461,1]
	[43460,1]
	[42739,1]
	[42747,1]
	[42823,1]
	[42924,1]
	[44017,1]
	[44013,1]
	[44025,1]
	[43537,3]
	[43535,1]
	[43450,1]
	[43327,1]
	[43305,1]
	[43314,1]
	[43300,1]
	[43260,1]
	[43250,1]
	[43273,1]
	[43527,1]
	[43605,1]
	[44357,1]
	[44356,1]
	[44361,1]
	[44186,1]
	[43600,1]
	[43738,1]
	[43710,1]
	[43720,1]
	[43756,1]
	[262,39]
	[44964,1]
	[44318,1]
	[44277,1]
	[44233,1]
	[44348,1]
	[45338,1]
	[45348,3]
	[44617,1]
	[44610,1]
	[44660,1]
	[44652,1]
	[44647,1]
	[257,1]
	[44702,1]
	[44694,1]
	[45240,1]
	[45339,1]
	[45514,1]
	[45769,2]
	[45880,1]
	[45162,1]
	[45096,1]
	[45109,1]
	[45080,1]
	[45092,1]
	[45011,1]
	[45709,1]
	[46139,2]
	[45503,1]
	[45641,1]
	[45660,2]
	[45758,2]
	[46718,2]
	[46388,1]
	[46195,1]
	[46133,1]
	[46105,1]
	[46097,1]
	[46124,1]
	[46100,1]
	[46051,1]
	[46086,1]
	[240,24]
	[46091,1]
	[46609,1]
	[46545,1]
	[46422,1]
	[46420,1]
	[46429,1]
	[237,9]
	[46443,1]
	[46478,1]
	[46528,1]
	[46655,1]
	[47148,1]
	[47132,1]
	[46961,1]
	[46914,1]
	[46895,1]
	[46898,1]
	[46886,1]
	[46797,2]
	[46825,1]
	[46829,1]
	[246,4]
	[46853,1]
	[46828,1]
	[46901,1]
	[242,33]
	[241,33]
	[46747,1]
	[239,28]
	[46660,1]
	[46695,1]
	[46725,1]
	[46743,1]
	[46699,1]
	[46741,1]
	[46792,1]
	[46504,1]
	[263,35]
	[260,9]
	[46439,1]
	[46430,1]
	[46423,1]
	[46351,1]
	[46371,1]
	[46329,1]
	[46363,1]
	[46393,1]
	[46932,1]
	[247,3]
	[245,6]
	[238,32]
	[45871,1]
	[45898,1]
	[45928,1]
	[45998,1]
	[45982,1]
	[45983,1]
	[46002,1]
	[46058,1]
	[46241,1]
	[46669,1]
	[46298,1]
	[45808,1]
	[45715,1]
	[261,39]
	[45544,1]
	[45512,1]
	[45435,1]
	[45443,2]
	[45732,1]
	[243,12]
	[45203,1]
	[44968,1]
	[45034,1]
	[45053,1]
	[45048,1]
	[45057,1]
	[45054,1]
	[45077,1]
	[45064,1]
	[45091,1]
	[45152,2]
	[45581,1]
	[44612,1]
	[44573,1]
	[44547,1]
	[44523,1]
	[244,7]
	[45124,1]
	[45222,1]
	[44144,1]
	[44201,1]
	[44850,1]
	[44923,1]
	[44916,1]
	[44883,1]
	[44908,1]
	[44895,1]
	[44711,1]
	[44182,1]
	[43979,1]
	[43673,1]
	[43637,1]
	[43619,1]
	[43547,1]
	[43825,1]
	[44258,2]
	[44279,1]
	[44329,1]
	[43232,1]
	[43230,1]
	[43249,1]
	[277,2]
	[43941,1]
	[43932,1]
	[43929,1]
	[43895,1]
	[43924,1]
	[43796,1]
	[42776,1]
	[42701,1]
	[42698,1]
	[43400,2]
	[43390,1]
	[43409,1]
	[43412,1]
	[43417,2]
	[43438,3]
	[42471,2]
	[42272,1]
	[42478,1]
	[42997,1]
	[43000,1]
	[43013,1]
	[42980,1]
	[42742,1]
	[41932,1]
	[41759,1]
	[41770,1]
	[42122,1]
	[42215,1]
	[42342,2]
	[42415,1]
	[42486,1]
	[41806,1]
	[41690,1]
	[41484,1]
	[41856,1]
	[42211,1]
	[42202,1]
	[42192,1]
	[42137,1]
	[42136,1]
	[41553,1]
	[40885,1]
	[40882,1]
	[41146,2]
	[41560,1]
	[41577,3]
	[41559,1]
	[41580,1]
	[41621,1]
	[41611,1]
	[40522,1]
	[41116,1]
	[41205,1]
	[41247,1]
	[41238,1]
	[41211,1]
	[41233,1]
	[41232,1]
	[41172,1]
	[41169,1]
	[40393,1]
	[39929,1]
	[40646,1]
	[40685,1]
	[40700,1]
	[40775,1]
	[40757,1]
	[39960,1]
	[40324,1]
	[40262,1]
	[40269,1]
	[40252,1]
	[40222,1]
	[40144,1]
	[258,9]
	[39541,1]
	[39544,1]
	[39547,1]
	[39545,2]
	[39552,1]
	[39587,1]
	[39586,1]
	[39635,1]
	[39646,1]
	[39275,1]
	[39263,2]
	[39237,1]
	[39233,1]
	[38947,6]
	[39055,2]
	[39047,1]
	[39017,2]
	[39063,2]
	[39083,1]
	[39101,1]
	[38961,4]
	[38962,4]
	[39042,5]
	[39053,1]
	[38932,1]
	[38967,3]
	[38984,3]
	[39082,2]
	[39084,1]
	[38931,6]
	[38928,4]
	[38936,2]
	[39073,2]
	[39037,2]
	[38989,1]
	[38997,2]
	[38938,4]
	[38927,3]
	[38904,2]
	[38950,2]
	[39029,1]
	[38891,3]
	[39018,4]
	[39061,3]
	[39088,1]
	[39078,2]
	[38901,1]
	[38893,4]
	[38875,5]
	[38922,2]
	[38909,3]
	[39062,2]
	[41722,1]
	[39065,1]
	[38912,1]
	[38910,2]
	[38903,3]
	[38882,2]
	[38851,1]
	[38951,2]
	[39136,1]
	[39154,2]
	[39215,2]
	[39274,2]
	[39300,3]
	[39326,1]
	[39310,1]
	[39298,1]
	[39282,1]
	[39262,1]
	[39214,2]
	[39187,2]
	[39192,1]
	[39271,2]
	[39308,1]
	[39276,1]
	[39254,1]
	[39146,1]
	[39142,1]
	[39213,1]
	[39248,1]
	[39285,1]
	[39341,1]
	[39314,1]
	[39339,1]
	[39380,1]
	[39340,1]
	[39357,1]
	[39266,1]
	[39219,1]
	[39132,1]
	[39140,1]
	[39120,2]
	[39102,1]
	[38913,2]
	[38887,1]
	[38908,2]
	[38837,4]
	[38824,2]
	[38813,2]
	[38798,1]
	[38820,4]
	[38892,4]
	[38873,2]
	[38993,4]
	[39021,1]
	[38832,1]
	[38845,3]
	[38810,1]
	[38835,2]
	[38846,1]
	[38853,3]
	[38859,1]
	[38854,1]
	[38905,1]
	[38897,1]
	[38858,2]
	[38886,1]
	[38825,2]
	[38833,3]
	[38822,1]
	[38821,1]
	[38817,2]
	[38782,1]
	[38780,1]
	[38781,2]
	[38807,1]
	[38843,1]
	[38840,1]
	[38888,1]
	[38946,1]
	[38868,1]
	[38841,1]
	[38857,1]
	[38816,1]
	[39031,2]
	[38911,2]
	[38849,1]
	[38829,1]
	[38814,1]
	[38818,1]
	[38809,1]
	[38848,1]
	[38866,1]
	[38856,1]
	[38834,1]
	[38836,1]
	[38863,1]
	[38800,1]
	[38787,1]
	[38953,1]
	[38980,1]
	[39070,2]
	[39085,2]
	[39111,1]
	[39174,2]
	[39157,1]
	[39108,3]
	[39105,1]
	[39160,1]
	[39221,1]
	[39225,1]
	[39224,1]
	[39228,1]
	[39104,3]
	[38998,1]
	[39022,2]
	[39054,1]
	[38957,1]
	[38916,1]
	[38918,1]
	[39121,1]
	[39527,1]
	[39526,1]
	[39480,1]
	[39431,1]
	[39418,1]
	[39968,1]
	[39980,1]
	[40038,1]
	[40042,1]
	[40041,1]
	[40047,1]
	[40033,1]
	[40092,1]
	[40096,1]
	[40087,1]
	[40117,1]
	[40582,1]
	[40583,1]
	[40550,1]
	[40478,1]
	[40479,1]
	[40089,1]
	[40906,1]
	[40880,1]
	[40877,1]
	[40881,1]
	[40884,1]
	[40911,1]
	[40927,1]
	[40933,1]
	[40943,1]
	[40942,1]
	[40957,1]
	[40967,1]
	[40294,1]
	[40289,1]
	[40301,1]
	[40831,1]
	[40832,1]
	[41290,1]
	[41348,1]
	[41374,1]
	[41341,1]
	[41335,1]
	[40618,1]
	[40807,1]
	[41072,1]
	[41184,1]
	[41855,1]
	[41847,1]
	[41882,1]
	[41884,1]
	[41905,1]
	[41893,1]
	[41945,1]
	[41281,1]
	[41280,1]
	[41267,1]
	[41239,1]
	[41332,1]
	[41488,1]
	[42013,1]
	[42294,1]
	[42303,2]
	[42289,1]
	[42290,1]
	[42304,2]
	[42306,1]
	[42282,1]
	[42234,1]
	[42235,1]
	[42229,1]
	[41954,1]
	[41861,1]
	[41685,1]
	[41830,1]
	[42207,1]
	[42713,1]
	[42730,1]
	[42749,1]
	[42793,1]
	[42784,1]
	[42799,1]
	[42781,1]
	[42556,1]
	[42062,1]
	[42780,1]
	[43201,1]
	[43222,1]
	[43162,1]
	[43185,1]
	[43190,1]
	[43189,1]
	[42937,1]
	[42575,1]
	[42481,1]
	[42492,1]
	[42538,1]
	[42522,1]
	[42524,1]
	[42557,1]
	[42770,1]
	[43078,1]
	[43609,1]
	[43709,1]
	[43339,1]
	[43085,1]
	[43066,1]
	[43042,1]
	[43057,1]
	[43499,1]
	[43899,1]
	[44010,1]
	[44128,1]
	[44073,1]
	[43369,1]
	[43517,1]
	[44200,1]
	[44467,1]
	[44719,1]
	[44717,2]
	[44739,1]
	[44733,1]
	[44726,1]
	[44052,1]
	[44056,2]
	[44049,1]
	[44034,1]
	[44020,1]
	[45056,1]
	[45062,1]
	[45063,2]
	[45030,1]
	[44331,1]
	[44333,2]
	[44295,1]
	[44303,1]
	[44320,1]
	[44407,1]
	[44471,1]
	[45523,1]
	[45585,1]
	[45587,1]
	[45580,2]
	[45242,1]
	[44929,1]
	[44879,1]
	[45599,1]
	[45253,1]
	[45280,1]
	[45287,1]
	[45325,1]
	[45326,1]
	[45406,1]
	[45596,1]
	[45830,1]
	[46210,2]
	[46565,1]
	[45920,1]
	[45873,1]
	[45788,1]
	[45793,1]
	[45778,1]
	[45737,1]
	[45762,1]
	[45742,1]
	[45749,1]
	[45745,1]
	[45700,1]
	[45686,1]
	[45718,1]
	[46550,1]
	[46159,1]
	[46151,1]
	[46181,1]
	[46197,1]
	[46184,1]
	[46204,1]
	[46284,1]
	[46253,1]
	[46331,1]
	[46918,1]
	[47007,1]
	[46738,1]
	[46645,1]
	[46634,1]
	[46631,1]
	[46604,1]
	[46601,1]
	[46808,1]
	[46684,1]
	[46686,1]
	[46704,1]
	[46682,2]
	[46685,1]
	[46735,1]
	[46776,1]
	[46920,1]
	[47094,1]
	[46673,1]
	[46586,1]
	[46525,1]
	[46471,1]
	[46460,1]
	[46477,1]
	[46473,1]
	[46844,1]
	[46544,1]
	[46014,1]
	[46019,1]
	[46053,1]
	[46055,1]
	[46057,1]
	[46043,1]
	[46101,1]
	[46170,1]
	[46475,1]
	[46162,1]
	[45681,1]
	[45666,1]
	[45558,1]
	[45549,1]
	[45538,1]
	[45543,1]
	[45524,1]
	[45522,1]
	[45895,1]
	[45939,1]
	[46127,1]
	[45800,1]
	[45506,1]
	[45157,1]
	[45100,1]
	[45142,1]
	[45148,1]
	[45176,1]
	[45128,1]
	[45200,1]
	[45796,1]
	[45616,1]
	[44706,1]
	[44705,2]
	[44616,1]
	[44622,1]
	[44629,1]
	[44833,1]
	[45333,1]
	[45346,1]
	[45356,1]
	[44239,1]
	[44266,1]
	[44323,1]
	[44346,1]
	[45017,1]
	[44009,1]
	[43778,1]
	[43779,1]
	[43705,1]
	[43661,1]
	[43668,1]
	[44363,1]
	[44388,1]
	[44404,1]
	[43290,1]
	[43312,1]
	[43318,1]
	[43353,1]
	[43354,2]
	[43361,1]
	[43364,1]
	[43396,1]
	[43660,1]
	[44063,1]
	[44050,2]
	[44069,1]
	[44075,1]
	[44083,2]
	[44065,1]
	[44057,1]
	[43761,1]
	[42805,1]
	[42810,1]
	[43068,1]
	[43374,1]
	[43515,1]
	[43513,1]
	[42359,1]
	[42354,1]
	[42361,1]
	[42399,1]
	[43080,1]
	[43077,1]
	[43098,1]
	[43049,1]
	[41820,1]
	[41800,1]
	[42093,2]
	[42182,1]
	[42493,1]
	[42494,1]
	[42504,1]
	[42464,1]
	[42531,1]
	[42536,1]
	[42514,1]
	[41930,1]
	[41709,1]
	[41446,1]
	[42178,1]
	[42172,1]
	[42127,1]
	[42107,1]
	[42126,1]
	[42060,1]
	[42083,1]
	[41789,1]
	[40894,1]
	[40874,1]
	[40802,1]
	[41513,1]
	[41501,1]
	[41520,1]
	[41529,1]
	[41562,1]
	[41565,1]
	[41632,1]
	[41055,1]
	[40975,1]
	[40973,1]
	[40566,1]
	[40520,1]
	[40466,1]
	[40691,1]
	[41199,1]
	[41167,1]
	[41162,1]
	[41141,1]
	[41147,1]
	[41106,1]
	[40875,1]
	[39909,1]
	[39910,1]
	[39908,1]
	[-17033601,1]
	[-14036693,1]
	[-13982532,1]
	[-12313594,1]
	[-12167223,1]
	[-12159766,1]
	[-12158390,1]
	[-12164777,1]
	[-15578728,1]

1708,
	[6,32]
	[222,160]
	[220,104]
	[221,152]
	[210,20]
	[226,81]
	[224,139]
	[11,19]
	[212,27]
	[223,179]
	[227,38]
	[229,8]
	[213,25]
	[225,137]
	[2,508]
	[8,21]
	[16,22]
	[10,25]
	[7,26]
	[219,75]
	[14,21]
	[218,34]
	[214,25]
	[216,21]
	[211,22]
	[13,25]
	[215,14]
	[15,25]
	[217,17]
	[207,10]
	[4,469]
	[3,30]
	[12,27]
	[5,29]
	[208,16]
	[228,18]
	[209,13]
	[17,6]
	[230,5]
	[9,23]
	[206,7]
	[268,64]
	[267,33]
	[250,4]
	[252,4]
	[269,48]
	[272,22]
	[249,3]
	[253,2]
	[270,45]
	[232,2]
	[264,10]
	[256,5]
	[273,11]
	[271,32]
	[265,14]
	[251,3]
	[254,3]
	[266,12]
	[18,5]
	[204,2]
	[261,6]
	[260,4]
	[262,6]
	[231,3]
	[274,4]
	[255,4]
	[257,6]
	[259,3]
	[240,2]
	[238,3]
	[239,4]
	[263,5]
	[242,2]
	[258,3]
	[244,2]
	[205,2]
	[233,1]
	[248,1]
	[275,1]
	[237,1]
	[-16746459,1]
	[-16152167,1]
	[-14542435,1]
	[-14030257,1]
	[-13723120,1]
	[-12962187,1]
	[-12580705,1]
	[-12240421,1]
	[-13029627,1]

1728,
	[30,77]
	[77,22]
	[75,15]
	[86,5]
	[76,31]
	[106,20]
	[9,8]
	[84,20]
	[29,32]
	[8,3]
	[31,35]
	[85,16]
	[105,23]
	[83,19]
	[112,14]
	[113,9]
	[107,7]
	[114,7]
	[78,9]
	[82,10]
	[118,2]
	[45,2]
	[2,457]
	[28,3]
	[16,1]
	[104,11]
	[87,3]
	[17,5]
	[62,1]
	[11,2]
	[43,2]
	[61,1]
	[91,1]
	[71,1]
	[25,3]
	[57,1]
	[5,1]
	[51,2]
	[72,1]
	[22,1]
	[64,1]
	[47,1]
	[38,3]
	[80,2]
	[69,1]
	[23,2]
	[88,1]
	[67,1]
	[115,3]
	[37,1]
	[119,1]
	[79,1]
	[110,1]
	[36,2]
	[117,1]
	[13,1]
	[15,3]
	[46,1]
	[18,2]
	[98,1]
	[4,1]
	[94,1]
	[10,1]
	[70,1]
	[68,1]
	[27,3]
	[95,1]
	[60,1]
	[53,1]
	[40,1]
	[34,1]
	[102,1]
	[33,1]
	[41,1]

1704,
	[10,1]
	[14,1]
	[33,1]
	[42,1]
	[44,1]
	[55,1]
	[57,1]

1824,
	[2,520]
	[4,455]
	[13,34]
	[282,29]
	[284,26]
	[281,27]
	[289,9]
	[1,16]
	[3,48]
	[229,37]
	[222,18]
	[220,16]
	[271,8]
	[283,31]
	[269,5]
	[279,26]
	[7,34]
	[285,28]
	[280,32]
	[278,23]
	[9,36]
	[276,9]
	[5,30]
	[15,29]
	[10,35]
	[277,14]
	[270,7]
	[273,2]
	[272,4]
	[12,32]
	[226,28]
	[286,23]
	[8,36]
	[261,4]
	[259,1]
	[16,27]
	[221,10]
	[263,3]
	[287,12]
	[234,118]
	[235,134]
	[237,156]
	[267,3]
	[14,34]
	[236,128]
	[232,98]
	[225,26]
	[256,3]
	[258,2]
	[217,6]
	[233,130]
	[473,4]
	[265,1]
	[559,2]
	[274,8]
	[228,32]
	[240,109]
	[17,10]
	[698,1]
	[231,68]
	[230,65]
	[238,122]
	[239,124]
	[268,4]
	[224,34]
	[712,1]
	[694,2]
	[557,1]
	[11,31]
	[243,58]
	[6,27]
	[480,3]
	[227,26]
	[242,70]
	[468,2]
	[214,1]
	[223,22]
	[244,37]
	[709,2]
	[685,1]
	[218,7]
	[241,94]
	[701,2]
	[219,13]
	[490,1]
	[245,18]
	[461,2]
	[691,1]
	[466,1]
	[477,1]
	[474,1]
	[246,9]
	[704,1]
	[469,2]
	[476,3]
	[18,13]
	[710,2]
	[463,2]
	[215,1]
	[707,1]
	[464,1]
	[718,1]
	[255,2]
	[475,3]
	[252,2]
	[288,11]
	[253,2]
	[479,1]
	[257,2]
	[247,2]
	[275,5]
	[561,1]
	[250,3]
	[249,2]
	[266,4]
	[260,1]
	[290,2]
	[857,1]
	[251,1]
	[483,1]
	[729,1]
	[702,1]
	[486,1]
	[465,1]
	[248,1]
	[471,1]

1828,
	[288,220]
	[244,500]
	[280,538]
	[278,353]
	[282,581]
	[286,357]
	[283,546]
	[285,420]
	[279,491]
	[277,257]
	[287,287]
	[284,501]
	[281,561]
	[267,18]
	[1,549]
	[860,1]
	[275,86]
	[289,112]
	[290,60]
	[848,3]
	[855,2]
	[259,26]
	[258,27]
	[765,1]
	[255,18]
	[256,29]
	[262,13]
	[264,24]
	[237,2087]
	[54780,1]
	[235,2074]
	[234,1970]
	[236,2092]
	[239,2084]
	[238,2140]
	[53920,1]
	[53940,1]
	[53927,1]
	[53910,1]
	[53934,1]
	[54467,1]
	[265,14]
	[53904,1]
	[53860,1]
	[53899,1]
	[53884,1]
	[53881,1]
	[247,55]
	[246,112]
	[245,272]
	[241,1815]
	[242,1268]
	[243,965]
	[250,18]
	[253,15]
	[276,156]
	[54910,1]
	[54311,1]
	[54853,1]
	[54211,1]
	[856,2]
	[54158,1]
	[54129,1]
	[54145,1]
	[54724,1]
	[833,3]
	[839,3]
	[270,28]
	[54637,1]
	[54644,1]
	[54606,1]
	[54623,1]
	[55183,1]
	[54624,1]
	[54591,1]
	[54588,1]
	[54602,1]
	[54732,1]
	[54737,1]
	[268,28]
	[249,31]
	[257,33]
	[54407,1]
	[54447,1]
	[54449,1]
	[54406,1]
	[54965,1]
	[54416,1]
	[835,3]
	[54504,1]
	[55048,1]
	[54482,1]
	[54493,1]
	[54962,1]
	[233,1699]
	[54638,1]
	[261,22]
	[54522,1]
	[254,12]
	[291,17]
	[54308,1]
	[54870,1]
	[54290,1]
	[54332,1]
	[54334,1]
	[54298,1]
	[54257,3]
	[54258,1]
	[54262,1]
	[54589,1]
	[54757,1]
	[54689,1]
	[229,300]
	[230,536]
	[53954,1]
	[273,32]
	[271,16]
	[272,18]
	[266,15]
	[53734,1]
	[54289,1]
	[53780,1]
	[850,2]
	[53731,1]
	[53659,2]
	[53611,1]
	[53604,1]
	[53683,1]
	[232,1355]
	[240,1934]
	[53791,1]
	[231,892]
	[53267,2]
	[53142,2]
	[53681,1]
	[274,58]
	[53147,1]
	[53111,1]
	[851,7]
	[53705,1]
	[53137,1]
	[53200,1]
	[53372,1]
	[53547,1]
	[53803,1]
	[53636,1]
	[53389,1]
	[52715,1]
	[52722,1]
	[52739,1]
	[52824,1]
	[53385,1]
	[52831,1]
	[52835,1]
	[53467,1]
	[697,4]
	[52811,1]
	[260,21]
	[52705,1]
	[52938,1]
	[52371,1]
	[52959,1]
	[52396,1]
	[840,1]
	[52413,1]
	[52392,1]
	[52404,1]
	[52415,1]
	[52446,1]
	[53061,1]
	[52768,1]
	[52727,1]
	[52187,1]
	[716,15]
	[269,22]
	[51958,1]
	[51797,1]
	[51834,1]
	[51801,1]
	[51800,1]
	[52367,1]
	[51832,2]
	[842,2]
	[51780,1]
	[52323,1]
	[51748,1]
	[52140,1]
	[52405,1]
	[52421,1]
	[228,129]
	[52082,1]
	[51246,1]
	[51261,1]
	[51829,1]
	[51284,1]
	[51420,1]
	[51530,1]
	[790,1]
	[714,13]
	[51984,1]
	[51974,2]
	[51970,1]
	[51992,1]
	[52005,1]
	[52015,1]
	[52017,1]
	[51462,2]
	[248,28]
	[51534,1]
	[50902,1]
	[51500,1]
	[50964,1]
	[50993,1]
	[51031,1]
	[51665,1]
	[51551,1]
	[51477,1]
	[50729,1]
	[50496,2]
	[50495,1]
	[50533,1]
	[50519,1]
	[51088,1]
	[252,22]
	[50542,1]
	[50530,1]
	[51397,1]
	[51225,1]
	[51174,1]
	[51098,1]
	[50570,2]
	[50012,1]
	[49925,2]
	[49896,1]
	[49892,1]
	[49890,1]
	[49941,1]
	[830,1]
	[50553,1]
	[50569,2]
	[50565,2]
	[50564,1]
	[50581,1]
	[227,43]
	[50560,1]
	[50541,1]
	[51005,1]
	[710,8]
	[50336,1]
	[50002,1]
	[49408,2]
	[49958,1]
	[844,3]
	[49394,1]
	[49948,1]
	[50238,1]
	[49436,1]
	[49315,1]
	[49639,1]
	[292,10]
	[49151,1]
	[838,2]
	[49153,1]
	[49253,1]
	[49854,1]
	[50300,1]
	[49862,1]
	[698,6]
	[49845,1]
	[49313,1]
	[49257,1]
	[48678,1]
	[48932,1]
	[49353,1]
	[49839,1]
	[49356,1]
	[49821,1]
	[49314,1]
	[49325,1]
	[49122,1]
	[49028,1]
	[49284,1]
	[48521,1]
	[48255,1]
	[802,1]
	[48075,1]
	[48084,1]
	[48711,1]
	[48726,1]
	[48730,1]
	[48735,1]
	[48721,1]
	[48696,1]
	[711,3]
	[48671,1]
	[48683,1]
	[47482,1]
	[47413,1]
	[824,1]
	[47622,1]
	[793,1]
	[48131,1]
	[48152,1]
	[48183,1]
	[48187,1]
	[48228,1]
	[48247,2]
	[48720,1]
	[48742,1]
	[48253,1]
	[48264,1]
	[48277,1]
	[48259,1]
	[47617,1]
	[47503,1]
	[47162,1]
	[47184,1]
	[47643,1]
	[709,3]
	[48367,1]
	[47889,1]
	[47915,1]
	[47909,1]
	[47908,1]
	[47920,1]
	[46751,1]
	[47356,1]
	[47267,2]
	[47260,1]
	[225,6]
	[47221,2]
	[696,4]
	[47232,1]
	[46895,2]
	[46540,6]
	[263,20]
	[812,1]
	[46290,3]
	[46753,1]
	[46700,3]
	[46727,2]
	[47209,2]
	[46750,1]
	[46633,2]
	[46294,4]
	[46306,1]
	[46300,1]
	[46781,1]
	[46794,1]
	[46360,2]
	[46387,1]
	[46377,2]
	[46479,3]
	[46497,1]
	[46286,1]
	[46021,2]
	[46489,3]
	[46026,2]
	[46019,1]
	[45995,1]
	[45994,2]
	[46465,3]
	[46472,1]
	[46471,1]
	[45988,1]
	[46481,2]
	[46492,3]
	[45975,1]
	[45940,4]
	[45852,2]
	[45896,1]
	[45901,1]
	[45890,3]
	[45810,4]
	[45820,1]
	[46262,1]
	[45774,2]
	[45780,3]
	[45736,1]
	[45723,2]
	[695,6]
	[45622,1]
	[45619,1]
	[45615,2]
	[45555,1]
	[45561,1]
	[45564,1]
	[45586,1]
	[45585,1]
	[46068,1]
	[45604,1]
	[46078,1]
	[45670,1]
	[45687,1]
	[45694,1]
	[718,8]
	[45690,1]
	[45799,1]
	[45790,1]
	[46320,3]
	[45840,2]
	[707,10]
	[45853,2]
	[45855,1]
	[46313,1]
	[45845,2]
	[45804,4]
	[45808,2]
	[45813,3]
	[45814,3]
	[45811,2]
	[45815,3]
	[45805,2]
	[45860,4]
	[705,7]
	[226,20]
	[45791,2]
	[45795,1]
	[45767,4]
	[45760,3]
	[45737,1]
	[45715,1]
	[45706,2]
	[45711,2]
	[45702,1]
	[45697,1]
	[45671,1]
	[45672,1]
	[45639,1]
	[45606,1]
	[45612,1]
	[45661,2]
	[45648,1]
	[45650,1]
	[45649,1]
	[45663,1]
	[46135,2]
	[45624,1]
	[45607,2]
	[45616,1]
	[45594,1]
	[45601,1]
	[45631,1]
	[702,3]
	[45667,1]
	[45684,1]
	[45776,2]
	[46256,1]
	[706,8]
	[45818,1]
	[45819,1]
	[46287,1]
	[45832,4]
	[45831,2]
	[717,8]
	[45862,1]
	[45861,1]
	[45868,2]
	[46341,1]
	[45858,4]
	[45875,2]
	[45872,3]
	[45830,1]
	[45834,1]
	[45847,2]
	[45821,4]
	[45782,1]
	[45742,1]
	[45728,2]
	[45716,1]
	[45699,1]
	[45627,1]
	[45641,2]
	[45590,1]
	[700,8]
	[45621,3]
	[45634,2]
	[684,1]
	[45653,1]
	[46091,1]
	[45630,1]
	[45643,1]
	[45645,1]
	[45682,1]
	[45730,1]
	[45746,1]
	[46246,2]
	[45793,2]
	[45827,1]
	[45844,1]
	[46326,1]
	[46322,3]
	[45828,1]
	[45836,2]
	[45849,3]
	[46302,1]
	[45906,2]
	[45898,2]
	[45904,1]
	[46407,2]
	[45936,2]
	[46402,2]
	[45951,2]
	[45953,2]
	[45954,1]
	[45945,4]
	[45968,1]
	[45929,3]
	[722,6]
	[46395,1]
	[45962,1]
	[45966,3]
	[45972,3]
	[46431,2]
	[46004,2]
	[46014,2]
	[46096,2]
	[46126,1]
	[46144,3]
	[691,2]
	[46128,5]
	[46147,2]
	[46107,4]
	[46120,2]
	[46136,2]
	[720,9]
	[46114,2]
	[46110,3]
	[46105,4]
	[46141,4]
	[694,2]
	[46130,1]
	[46553,5]
	[45986,2]
	[45897,2]
	[45917,2]
	[689,4]
	[45926,2]
	[45932,4]
	[45970,3]
	[45964,1]
	[45946,2]
	[45923,3]
	[45920,3]
	[45931,2]
	[45912,2]
	[45942,2]
	[45928,3]
	[46398,2]
	[45948,2]
	[45977,2]
	[701,6]
	[46117,2]
	[46124,1]
	[46153,2]
	[46159,3]
	[46160,2]
	[46152,1]
	[46165,4]
	[46185,1]
	[46127,1]
	[46112,5]
	[46065,2]
	[46079,1]
	[46056,1]
	[46051,3]
	[46003,4]
	[45924,3]
	[45934,1]
	[46403,4]
	[45949,3]
	[45903,2]
	[45905,2]
	[46396,2]
	[45921,1]
	[45918,2]
	[46399,1]
	[45930,1]
	[715,6]
	[45979,3]
	[46477,2]
	[46519,4]
	[46085,1]
	[46074,1]
	[46090,1]
	[46100,3]
	[46145,1]
	[46121,2]
	[46115,3]
	[46140,1]
	[46133,1]
	[46094,2]
	[46538,2]
	[46035,1]
	[46025,1]
	[46010,2]
	[46015,3]
	[45943,1]
	[699,3]
	[45874,1]
	[46354,6]
	[46342,2]
	[45887,2]
	[45893,1]
	[45913,1]
	[45941,2]
	[46437,1]
	[45958,1]
	[45998,1]
	[46463,2]
	[46000,2]
	[708,4]
	[46007,1]
	[46034,1]
	[46032,2]
	[46047,3]
	[46089,3]
	[46070,1]
	[46084,1]
	[46562,1]
	[46169,2]
	[46179,2]
	[46122,1]
	[46118,1]
	[46588,1]
	[46109,1]
	[46116,1]
	[46075,1]
	[46101,1]
	[46143,1]
	[46137,4]
	[46104,2]
	[45963,2]
	[712,5]
	[46393,2]
	[46411,3]
	[45933,1]
	[45944,2]
	[45927,1]
	[45919,3]
	[45909,2]
	[45881,1]
	[45885,1]
	[46052,1]
	[46038,1]
	[719,5]
	[46111,2]
	[46150,2]
	[46187,1]
	[46200,1]
	[46199,1]
	[46198,1]
	[46183,2]
	[46672,3]
	[46129,1]
	[46156,2]
	[46167,1]
	[46628,1]
	[46099,1]
	[46064,1]
	[46030,2]
	[45987,1]
	[45985,2]
	[45961,1]
	[45879,2]
	[45835,1]
	[723,6]
	[45864,2]
	[45889,1]
	[45888,1]
	[45873,1]
	[45877,2]
	[45801,2]
	[690,1]
	[45833,1]
	[45829,1]
	[45863,1]
	[45856,1]
	[45914,2]
	[45938,1]
	[45990,1]
	[46506,2]
	[46041,1]
	[46073,1]
	[46087,2]
	[46076,1]
	[45980,1]
	[713,11]
	[45886,3]
	[46345,2]
	[45775,2]
	[45792,2]
	[45777,2]
	[45773,2]
	[45754,1]
	[45787,2]
	[45752,1]
	[45766,2]
	[703,3]
	[46260,1]
	[45803,1]
	[45806,3]
	[45838,2]
	[45925,1]
	[45999,1]
	[45978,1]
	[45971,2]
	[45956,2]
	[46418,1]
	[46401,1]
	[46428,3]
	[46427,1]
	[45997,1]
	[45982,1]
	[45902,1]
	[45884,1]
	[45812,1]
	[46268,1]
	[45788,2]
	[45770,1]
	[45761,2]
	[45826,1]
	[46296,3]
	[45837,1]
	[45841,1]
	[45846,1]
	[46376,2]
	[45937,1]
	[45939,2]
	[45967,2]
	[46436,2]
	[45976,1]
	[45969,1]
	[45960,1]
	[45957,1]
	[46446,1]
	[46009,2]
	[46385,2]
	[46353,1]
	[45871,1]
	[45850,1]
	[45772,3]
	[45765,1]
	[704,1]
	[45794,1]
	[46235,1]
	[45751,1]
	[45789,4]
	[46236,3]
	[45764,1]
	[45769,1]
	[46249,1]
	[46251,3]
	[45750,1]
	[46238,2]
	[45911,1]
	[46409,2]
	[46461,1]
	[46006,2]
	[46012,1]
	[46016,1]
	[46024,1]
	[46022,1]
	[45992,1]
	[46422,1]
	[45892,1]
	[46374,2]
	[45778,1]
	[45779,1]
	[45796,2]
	[45816,1]
	[45783,1]
	[692,2]
	[46273,1]
	[46272,1]
	[46008,1]
	[46476,3]
	[46081,1]
	[46095,1]
	[46119,1]
	[46231,2]
	[46278,1]
	[46332,2]
	[46333,2]
	[46327,3]
	[46243,2]
	[46157,1]
	[46577,1]
	[724,4]
	[46123,1]
	[46606,1]
	[46197,2]
	[46264,1]
	[46280,2]
	[46779,3]
	[46315,3]
	[46334,2]
	[46324,2]
	[46356,1]
	[46827,1]
	[46357,2]
	[46347,3]
	[46321,4]
	[46303,2]
	[46806,1]
	[46351,2]
	[46352,5]
	[46312,2]
	[46203,3]
	[46204,4]
	[46201,2]
	[46177,2]
	[46172,1]
	[46659,1]
	[46604,2]
	[46102,1]
	[46125,1]
	[46092,1]
	[46934,1]
	[46478,3]
	[726,1]
	[46500,1]
	[46491,2]
	[46903,1]
	[46885,2]
	[47375,1]
	[46873,1]
	[46879,1]
	[46892,1]
	[47370,1]
	[46870,1]
	[46874,1]
	[46878,1]
	[47355,1]
	[727,3]
	[46877,2]
	[46852,1]
	[46496,4]
	[761,1]
	[46648,1]
	[47200,1]
	[47328,2]
	[47261,1]
	[47247,1]
	[47253,1]
	[47228,1]
	[47230,1]
	[47655,1]
	[47182,1]
	[47173,2]
	[47660,1]
	[47180,1]
	[46834,2]
	[47509,1]
	[48056,1]
	[47583,1]
	[47582,1]
	[47570,1]
	[48055,1]
	[47628,1]
	[48110,1]
	[47623,1]
	[47586,1]
	[47596,1]
	[47607,1]
	[47589,2]
	[47576,1]
	[47578,1]
	[47164,2]
	[47680,1]
	[46912,1]
	[294,2]
	[293,4]
	[48225,1]
	[48704,1]
	[48290,2]
	[48287,1]
	[47542,1]
	[766,1]
	[47523,1]
	[47528,1]
	[47526,1]
	[48570,1]
	[48669,1]
	[49174,1]
	[48729,1]
	[49184,1]
	[48709,1]
	[48718,1]
	[48717,1]
	[721,4]
	[48740,1]
	[49195,1]
	[845,2]
	[48603,1]
	[49125,1]
	[49605,1]
	[49130,1]
	[49116,1]
	[49077,1]
	[49065,1]
	[48270,1]
	[48238,1]
	[49114,1]
	[49391,1]
	[49875,1]
	[49430,1]
	[49410,1]
	[49406,1]
	[49397,1]
	[49402,1]
	[49429,1]
	[49418,1]
	[49321,1]
	[48772,1]
	[49280,1]
	[861,2]
	[49484,1]
	[49809,1]
	[50438,1]
	[50000,1]
	[50007,1]
	[50019,1]
	[50078,1]
	[50089,1]
	[49475,1]
	[49457,1]
	[251,8]
	[837,1]
	[49460,1]
	[50388,1]
	[50407,1]
	[50424,1]
	[50534,1]
	[50537,1]
	[51021,1]
	[50587,1]
	[51048,1]
	[49816,1]
	[858,1]
	[49767,1]
	[49764,1]
	[49757,1]
	[50152,1]
	[50550,1]
	[50878,1]
	[50828,1]
	[50826,1]
	[50835,1]
	[50839,1]
	[50813,1]
	[50812,1]
	[50331,1]
	[50231,1]
	[50158,1]
	[50387,1]
	[50486,1]
	[50972,1]
	[51319,1]
	[51475,1]
	[50597,1]
	[50599,1]
	[50624,1]
	[50637,1]
	[51232,1]
	[50658,1]
	[50691,1]
	[50705,1]
	[51983,1]
	[51640,1]
	[779,1]
	[51871,1]
	[51888,1]
	[51882,2]
	[735,1]
	[51280,1]
	[51249,1]
	[51798,1]
	[51264,1]
	[51252,2]
	[51676,1]
	[51663,1]
	[51653,1]
	[52270,1]
	[52324,1]
	[52657,1]
	[52652,1]
	[52621,1]
	[51905,1]
	[52518,1]
	[51942,1]
	[51946,2]
	[52014,1]
	[51948,1]
	[51949,2]
	[51991,1]
	[51936,1]
	[51982,1]
	[51973,1]
	[51934,1]
	[834,1]
	[51931,1]
	[52382,1]
	[52414,1]
	[52435,1]
	[52491,1]
	[52504,1]
	[53553,1]
	[53739,1]
	[53645,1]
	[854,1]
	[53644,1]
	[53576,1]
	[53034,1]
	[53078,1]
	[53071,1]
	[53068,1]
	[53047,1]
	[54039,1]
	[54050,1]
	[54077,2]
	[54164,1]
	[53817,1]
	[53410,1]
	[53413,1]
	[53990,1]
	[53341,1]
	[54366,1]
	[54410,2]
	[53686,1]
	[53675,1]
	[53679,1]
	[53896,1]
	[54309,1]
	[54148,1]
	[54248,1]
	[54806,1]
	[54264,1]
	[54655,1]
	[55066,1]
	[54832,1]
	[54862,1]
	[54842,1]
	[55336,1]
	[55349,1]
	[54756,1]
	[55362,1]
	[55356,1]
	[54808,2]
	[54803,1]
	[54802,1]
	[54790,1]
	[54799,1]
	[55117,1]
	[54948,1]
	[54895,1]
	[54878,1]
	[54819,1]
	[55367,1]
	[54765,1]
	[54817,1]
	[54749,1]
	[54801,1]
	[54804,1]
	[54391,1]
	[54908,1]
	[54388,2]
	[54945,1]
	[54360,1]
	[853,1]
	[846,1]
	[54368,1]
	[54824,1]
	[54641,1]
	[53970,1]
	[53985,1]
	[54011,1]
	[54105,1]
	[54036,1]
	[54038,1]
	[54104,1]
	[56265,1]
	[53703,1]
	[852,2]
	[54250,1]
	[53720,1]
	[859,1]
	[53599,1]
	[53849,1]
	[836,1]
	[53164,1]
	[53738,1]
	[53120,1]
	[53649,1]
	[53075,1]
	[53069,1]
	[53004,1]
	[53520,1]
	[53616,1]
	[53735,1]
	[53388,1]
	[52606,2]
	[52608,1]
	[52565,1]
	[52562,1]
	[52557,1]
	[52558,1]
	[53125,1]
	[52550,1]
	[52547,1]
	[52535,1]
	[52536,1]
	[53066,1]
	[52252,1]
	[52171,1]
	[52260,1]
	[52222,1]
	[52228,1]
	[52234,1]
	[53428,1]
	[52860,1]
	[52977,1]
	[52011,1]
	[52467,1]
	[52283,1]
	[52906,1]
	[810,1]
	[815,1]
	[51240,1]
	[51233,1]
	[51229,1]
	[51204,1]
	[51200,1]
	[51187,1]
	[51155,1]
	[51723,1]
	[51162,1]
	[51854,1]
	[51464,1]
	[51767,1]
	[50937,1]
	[50762,1]
	[50753,2]
	[50750,1]
	[50786,1]
	[51313,1]
	[50740,1]
	[51282,1]
	[50915,1]
	[799,1]
	[51426,1]
	[51460,1]
	[51459,1]
	[51469,1]
	[51613,1]
	[51116,1]
	[50619,1]
	[50622,1]
	[843,2]
	[51444,2]
	[51446,1]
	[51455,1]
	[50954,1]
	[50588,1]
	[50921,1]
	[50341,1]
	[864,1]
	[51022,1]
	[50936,1]
	[50942,1]
	[50776,1]
	[50709,1]
	[50383,1]
	[49745,1]
	[49671,1]
	[50017,1]
	[50342,1]
	[50784,1]
	[50316,1]
	[50278,1]
	[50312,1]
	[49621,1]
	[49337,1]
	[49175,1]
	[49190,1]
	[49191,1]
	[49852,1]
	[49517,1]
	[49930,1]
	[49944,1]
	[49957,1]
	[49144,1]
	[49123,1]
	[750,1]
	[49011,1]
	[48948,1]
	[49648,1]
	[49652,1]
	[49623,1]
	[49626,1]
	[49616,1]
	[49432,1]
	[48770,1]
	[49273,1]
	[48527,2]
	[48505,1]
	[49649,1]
	[49179,1]
	[49176,1]
	[49137,1]
	[49068,1]
	[49062,1]
	[49040,1]
	[48282,1]
	[47871,1]
	[47805,1]
	[48388,1]
	[48978,1]
	[48514,1]
	[48512,1]
	[48495,1]
	[48513,1]
	[48508,1]
	[48524,1]
	[48522,1]
	[48111,1]
	[48160,1]
	[48167,1]
	[48169,1]
	[48213,1]
	[48219,1]
	[48212,1]
	[725,4]
	[48127,1]
	[47815,1]
	[47532,1]
	[47779,1]
	[47799,1]
	[47793,2]
	[47792,1]
	[47808,1]
	[47806,1]
	[47783,1]
	[47759,1]
	[733,1]
	[47588,1]
	[47334,1]
	[46908,3]
	[47339,1]
	[730,1]
	[47313,1]
	[47244,1]
	[47216,1]
	[46550,1]
	[46685,1]
	[46695,2]
	[46719,1]
	[46705,3]
	[46702,2]
	[46696,2]
	[46717,1]
	[46716,1]
	[46709,4]
	[46715,1]
	[47106,1]
	[46373,3]
	[46493,2]
	[46502,3]
	[46514,4]
	[46517,3]
	[46529,1]
	[47031,1]
	[46597,2]
	[47051,1]
	[47053,1]
	[46587,3]
	[46589,2]
	[46581,4]
	[46590,1]
	[46970,1]
	[46503,3]
	[46956,2]
	[46412,1]
	[46416,3]
	[46406,3]
	[46862,1]
	[46359,4]
	[46362,1]
	[46344,1]
	[46853,1]
	[46367,1]
	[46363,2]
	[46379,1]
	[46378,3]
	[46775,1]
	[46310,1]
	[46328,1]
	[46884,1]
	[46419,2]
	[46420,1]
	[46542,8]
	[734,2]
	[46545,6]
	[46567,2]
	[46551,4]
	[46530,1]
	[46573,2]
	[46586,1]
	[46572,1]
	[46584,3]
	[46571,2]
	[46547,3]
	[46482,1]
	[46484,4]
	[46307,2]
	[46325,1]
	[46289,1]
	[46305,1]
	[46304,1]
	[46298,1]
	[46330,2]
	[46318,2]
	[46349,4]
	[46397,3]
	[46388,2]
	[46414,1]
	[46438,2]
	[47014,1]
	[46561,2]
	[46549,4]
	[46524,2]
	[46986,1]
	[46512,2]
	[46520,3]
	[46494,3]
	[728,2]
	[729,1]
	[47043,1]
	[46537,3]
	[47016,1]
	[46505,3]
	[46995,1]
	[46817,1]
	[46804,1]
	[46323,2]
	[46350,2]
	[46319,3]
	[46772,1]
	[46301,1]
	[46400,1]
	[46381,3]
	[46425,1]
	[46495,3]
	[46528,3]
	[46532,3]
	[46989,1]
	[46565,3]
	[46521,3]
	[46499,2]
	[46487,2]
	[46466,2]
	[46447,2]
	[46430,1]
	[46370,2]
	[46384,1]
	[46338,3]
	[46285,2]
	[46279,1]
	[46181,2]
	[46184,1]
	[46155,1]
	[46180,1]
	[46662,1]
	[46196,1]
	[46227,1]
	[46205,1]
	[46202,2]
	[46192,3]
	[46735,3]
	[46267,2]
	[46270,1]
	[46783,1]
	[46343,1]
	[46848,1]
	[46382,1]
	[46408,2]
	[46896,1]
	[46389,1]
	[46390,2]
	[46845,1]
	[46380,1]
	[46868,2]
	[46364,2]
	[46864,2]
	[46433,2]
	[46905,1]
	[46417,1]
	[46314,1]
	[46792,1]
	[46773,1]
	[46275,1]
	[46255,2]
	[46219,1]
	[46669,1]
	[46189,2]
	[46213,2]
	[46678,2]
	[46632,1]
	[46193,2]
	[46660,1]
	[46166,1]
	[46163,2]
	[46679,3]
	[46361,1]
	[46851,1]
	[46405,1]
	[46432,1]
	[46434,3]
	[46880,1]
	[46355,2]
	[46269,1]
	[46741,1]
	[46241,1]
	[46245,1]
	[46206,1]
	[46208,3]
	[46232,2]
	[46223,1]
	[46226,1]
	[46282,1]
	[46309,1]
	[46921,1]
	[46421,1]
	[46439,2]
	[46410,1]
	[46311,2]
	[46288,1]
	[46688,3]
	[46747,2]
	[46535,2]
	[46525,4]
	[46994,1]
	[46563,1]
	[46558,1]
	[47047,1]
	[47097,1]
	[47090,1]
	[47131,1]
	[483,2]
	[47187,1]
	[47166,1]
	[46706,2]
	[46720,2]
	[46693,1]
	[46721,3]
	[46704,2]
	[46718,4]
	[46722,1]
	[46714,2]
	[46743,2]
	[46728,2]
	[46661,2]
	[46642,1]
	[46626,1]
	[46591,1]
	[47046,1]
	[46579,3]
	[46546,6]
	[46513,2]
	[46993,1]
	[46507,3]
	[46516,4]
	[46988,1]
	[46981,2]
	[46574,1]
	[46620,1]
	[46618,1]
	[46646,2]
	[46748,3]
	[46756,2]
	[731,1]
	[46699,2]
	[47155,1]
	[46703,2]
	[46729,2]
	[47208,1]
	[46733,3]
	[46740,1]
	[46736,2]
	[47197,1]
	[46694,1]
	[47122,1]
	[46652,1]
	[46655,1]
	[46617,2]
	[46600,1]
	[46539,2]
	[46557,1]
	[46544,2]
	[46467,1]
	[46488,1]
	[47089,1]
	[46723,3]
	[46732,4]
	[46712,3]
	[47198,1]
	[46691,2]
	[46656,1]
	[46658,1]
	[46644,1]
	[46612,1]
	[47012,2]
	[46526,2]
	[47024,1]
	[46601,1]
	[46596,1]
	[46569,2]
	[46541,2]
	[46548,2]
	[46508,2]
	[46980,1]
	[47178,1]
	[47189,1]
	[46759,1]
	[46771,2]
	[46745,1]
	[46760,3]
	[46778,1]
	[47273,1]
	[46780,1]
	[46768,2]
	[46683,2]
	[46640,1]
	[46636,1]
	[47064,1]
	[46470,1]
	[46504,3]
	[46511,1]
	[46996,2]
	[46560,1]
	[47030,1]
	[46554,3]
	[46568,1]
	[46610,1]
	[46635,1]
	[46711,1]
	[47213,1]
	[47219,1]
	[47194,1]
	[46708,1]
	[46687,3]
	[47183,1]
	[46682,1]
	[46697,1]
	[46725,1]
	[47215,1]
	[46746,1]
	[46643,1]
	[46641,1]
	[46616,1]
	[46609,1]
	[47070,1]
	[46576,1]
	[46518,5]
	[46999,1]
	[46510,1]
	[46979,2]
	[46522,2]
	[46976,1]
	[46453,1]
	[46552,2]
	[46594,1]
	[46599,1]
	[47080,1]
	[46603,2]
	[46737,1]
	[46744,3]
	[47185,1]
	[46757,1]
	[46758,1]
	[47163,1]
	[46582,1]
	[46971,1]
	[47011,1]
	[46578,1]
	[46570,1]
	[46527,1]
	[46555,1]
	[47010,1]
	[46464,1]
	[46452,1]
	[46423,1]
	[46339,1]
	[46835,1]
	[46394,1]
	[46949,1]
	[46485,1]
	[46523,1]
	[46515,1]
	[46992,1]
	[46543,1]
	[46454,1]
	[825,1]
	[47220,1]
	[46754,1]
	[47414,1]
	[47205,1]
	[47201,1]
	[47241,1]
	[47257,2]
	[47270,1]
	[47288,1]
	[2,1]
	[47760,1]
	[47833,1]
	[47839,1]
	[47836,1]
	[47814,1]
	[47786,1]
	[47781,2]
	[47821,1]
	[47767,1]
	[5855749,1]
	[4758057,1]
	[3299772,1]
	[9724591,1]

1844,
	[2,428]
	[41,41]
	[23,4]
	[38,11]
	[43,125]
	[73,1]
	[40,24]
	[29,2]
	[30,1]
	[19,6]
	[67,8]
	[81,1]
	[147,3]
	[56,2]
	[42,91]
	[192,3]
	[116,1]
	[39,22]
	[108,5]
	[63,4]
	[149,2]
	[64,7]
	[11,1]
	[44,54]
	[5,2]
	[151,3]
	[45,9]
	[10,2]
	[15,1]
	[217,1]
	[65,5]
	[88,1]
	[229,2]
	[66,4]
	[105,5]
	[231,4]
	[191,2]
	[234,1]
	[109,1]
	[230,4]
	[26,3]
	[193,2]
	[236,1]
	[232,5]
	[150,4]
	[152,2]
	[24,3]
	[189,3]
	[235,1]
	[107,4]
	[233,2]
	[148,2]
	[188,3]
	[144,1]
	[22,1]
	[16,1]
	[17,1]
	[27,4]
	[190,2]
	[34,2]
	[25,3]
	[122,1]
	[91,1]
	[33,2]
	[7,2]
	[32,1]
	[12,1]
	[111,1]
	[106,2]
	[8,1]
	[4,1]
	[37,1]
	[69,2]
	[224,1]
	[110,1]
	[68,1]
	[70,1]
	[228,1]
	[103,1]
	[62,2]
	[113,1]
	[36,2]
	[194,1]

1820,
	[2,1]
	[146,1]
	[184,1]
	[221,1]
	[187,1]
	[212,1]
	[502,1]
	[6,1]
	[16,1]
	[31,2]
	[12,1]
	[33,1]

1948,
	[209,296]
	[201,2249]
	[206,980]
	[199,1785]
	[197,1063]
	[198,1613]
	[203,1651]
	[200,1966]
	[205,1191]
	[204,1568]
	[208,489]
	[194,216]
	[202,1997]
	[583,2]
	[611,10]
	[196,808]
	[195,552]
	[1,309]
	[207,627]
	[191,15]
	[193,91]
	[39552,1]
	[39573,1]
	[39175,2]
	[39206,3]
	[39251,4]
	[192,62]
	[39324,2]
	[210,179]
	[39340,3]
	[610,6]
	[39390,3]
	[39388,4]
	[39389,4]
	[39366,3]
	[39354,6]
	[39760,3]
	[597,7]
	[39359,6]
	[39318,2]
	[39317,2]
	[39311,3]
	[39313,6]
	[39316,2]
	[39319,3]
	[39691,4]
	[39290,1]
	[211,89]
	[39315,1]
	[39310,2]
	[212,41]
	[39347,3]
	[39348,3]
	[39369,3]
	[39370,3]
	[39371,3]
	[39361,2]
	[39360,3]
	[39350,2]
	[633,1]
	[39380,2]
	[39372,3]
	[39349,2]
	[39358,3]
	[39374,3]
	[39362,2]
	[629,2]
	[39367,5]
	[39382,2]
	[39396,1]
	[39377,5]
	[213,30]
	[39375,1]
	[39298,3]
	[39293,1]
	[39673,1]
	[39254,3]
	[39666,1]
	[39231,3]
	[39227,2]
	[39208,1]
	[39605,2]
	[604,10]
	[592,8]
	[39549,1]
	[603,8]
	[591,5]
	[39548,2]
	[39560,1]
	[39156,1]
	[39544,1]
	[39151,1]
	[39530,1]
	[39150,2]
	[39139,2]
	[39160,3]
	[39161,2]
	[39183,2]
	[39189,3]
	[39191,2]
	[39195,1]
	[598,12]
	[39267,4]
	[616,5]
	[39312,2]
	[602,3]
	[39338,1]
	[39355,2]
	[39352,1]
	[39379,2]
	[39724,3]
	[39285,3]
	[39238,5]
	[596,11]
	[39203,2]
	[39187,2]
	[39178,2]
	[39129,3]
	[39532,1]
	[39147,1]
	[39143,1]
	[39141,3]
	[39127,1]
	[217,22]
	[220,21]
	[219,13]
	[39649,2]
	[39239,4]
	[39641,1]
	[39248,5]
	[39247,6]
	[39625,1]
	[579,1]
	[39234,3]
	[223,24]
	[225,26]
	[226,19]
	[224,14]
	[222,20]
	[39335,4]
	[221,19]
	[39519,4]
	[252,225]
	[39623,1]
	[251,319]
	[253,197]
	[250,386]
	[39778,2]
	[249,444]
	[245,437]
	[39979,1]
	[39978,1]
	[39988,2]
	[39973,1]
	[605,11]
	[39976,1]
	[39968,1]
	[40354,1]
	[39960,1]
	[233,19]
	[229,10]
	[227,14]
	[228,19]
	[231,25]
	[230,20]
	[234,22]
	[259,1]
	[254,110]
	[255,73]
	[246,540]
	[244,279]
	[248,515]
	[243,273]
	[40881,1]
	[40885,1]
	[40884,1]
	[40883,1]
	[40894,1]
	[240,64]
	[238,16]
	[236,22]
	[235,31]
	[232,18]
	[247,547]
	[41294,1]
	[241,81]
	[41792,1]
	[41723,2]
	[41730,1]
	[42150,1]
	[42121,2]
	[41720,1]
	[41706,1]
	[42087,1]
	[242,136]
	[237,26]
	[734,2]
	[42226,1]
	[42927,1]
	[42534,2]
	[42531,1]
	[42540,1]
	[618,2]
	[42731,1]
	[42740,1]
	[42791,1]
	[42775,1]
	[42769,1]
	[42782,3]
	[43489,1]
	[43479,1]
	[43532,1]
	[43528,1]
	[43818,1]
	[43817,1]
	[215,24]
	[43841,1]
	[43838,1]
	[43896,1]
	[731,2]
	[44629,1]
	[214,21]
	[44814,1]
	[44812,1]
	[45307,1]
	[44815,1]
	[733,5]
	[45237,1]
	[45492,1]
	[45499,1]
	[655,1]
	[218,18]
	[216,13]
	[746,3]
	[45717,1]
	[46234,1]
	[46218,1]
	[45740,1]
	[46236,1]
	[46362,1]
	[46452,1]
	[46478,1]
	[46472,1]
	[46469,1]
	[46712,1]
	[46728,1]
	[46755,1]
	[46770,1]
	[46761,1]
	[46766,1]
	[742,2]
	[46771,1]
	[46793,1]
	[46800,2]
	[46952,2]
	[47386,1]
	[47476,1]
	[47710,1]
	[48198,1]
	[47707,1]
	[47693,1]
	[47703,1]
	[47701,1]
	[48172,1]
	[47863,1]
	[47850,1]
	[47846,1]
	[48330,1]
	[47855,1]
	[747,2]
	[735,3]
	[48321,1]
	[47843,1]
	[47845,1]
	[47097,1]
	[47015,1]
	[46969,1]
	[46939,1]
	[46890,1]
	[46910,1]
	[47410,1]
	[46907,1]
	[46904,1]
	[46891,1]
	[46878,1]
	[46199,1]
	[45858,1]
	[239,30]
	[46343,1]
	[725,1]
	[45844,1]
	[736,3]
	[45829,1]
	[45612,1]
	[45599,1]
	[45416,1]
	[44955,1]
	[44953,1]
	[44986,1]
	[45001,1]
	[45520,2]
	[45048,1]
	[45016,1]
	[595,6]
	[44902,1]
	[44916,1]
	[44195,1]
	[44185,1]
	[44177,1]
	[44002,1]
	[43948,1]
	[43967,1]
	[43759,1]
	[44200,1]
	[43547,1]
	[43771,1]
	[43279,1]
	[43300,1]
	[43064,1]
	[43071,1]
	[43063,1]
	[43062,1]
	[43072,1]
	[42356,1]
	[42316,1]
	[42375,1]
	[42258,1]
	[42162,1]
	[42128,1]
	[609,8]
	[42118,1]
	[42103,1]
	[42111,1]
	[42127,1]
	[41949,1]
	[256,26]
	[41439,2]
	[748,1]
	[722,2]
	[601,10]
	[41193,1]
	[594,14]
	[41191,1]
	[41587,1]
	[41196,1]
	[41182,1]
	[40481,1]
	[40409,1]
	[40277,1]
	[40248,1]
	[40625,1]
	[40624,1]
	[40221,1]
	[40213,1]
	[40205,1]
	[39404,1]
	[39321,4]
	[39302,2]
	[39295,4]
	[39279,2]
	[39265,3]
	[39264,2]
	[39236,2]
	[39185,2]
	[39598,3]
	[39162,3]
	[39080,1]
	[39066,2]
	[39456,1]
	[39072,4]
	[39074,1]
	[39071,2]
	[39464,2]
	[39476,2]
	[39430,2]
	[39446,2]
	[39135,1]
	[39163,1]
	[39193,1]
	[39201,3]
	[39288,2]
	[39692,1]
	[39256,6]
	[39672,1]
	[39258,3]
	[613,8]
	[39684,2]
	[39245,4]
	[39631,2]
	[39215,4]
	[39629,1]
	[39221,3]
	[39224,1]
	[39621,1]
	[39253,3]
	[39255,6]
	[39287,5]
	[39260,4]
	[39688,1]
	[39263,2]
	[39283,5]
	[39284,1]
	[39249,3]
	[39257,3]
	[39659,1]
	[615,2]
	[39664,2]
	[39667,2]
	[39246,6]
	[39252,3]
	[39286,2]
	[39282,3]
	[39278,3]
	[39280,1]
	[620,2]
	[39268,3]
	[39680,2]
	[39572,1]
	[39517,1]
	[39507,3]
	[39505,6]
	[39082,2]
	[39085,3]
	[621,3]
	[39073,3]
	[39076,2]
	[39078,2]
	[614,4]
	[39485,4]
	[590,1]
	[39068,2]
	[39449,1]
	[39104,3]
	[39107,1]
	[39111,4]
	[39112,1]
	[39142,1]
	[600,4]
	[39184,1]
	[39226,2]
	[39222,2]
	[39217,3]
	[39207,2]
	[39218,2]
	[606,7]
	[586,4]
	[39214,2]
	[39628,1]
	[39232,3]
	[39272,2]
	[607,6]
	[39294,2]
	[39270,5]
	[39655,2]
	[39261,5]
	[39277,3]
	[39259,5]
	[39266,1]
	[39250,1]
	[39651,1]
	[39670,2]
	[599,8]
	[39275,2]
	[39660,1]
	[39647,1]
	[39281,1]
	[39262,2]
	[608,7]
	[39225,3]
	[39180,2]
	[39177,2]
	[39144,1]
	[39105,3]
	[39064,5]
	[39055,3]
	[190,1]
	[39013,1]
	[39453,1]
	[39062,2]
	[39061,2]
	[39051,3]
	[39054,3]
	[39058,2]
	[39049,1]
	[39063,3]
	[39050,1]
	[39046,2]
	[39070,2]
	[39075,3]
	[39067,1]
	[39484,2]
	[39060,3]
	[39081,1]
	[39053,1]
	[39065,4]
	[39480,3]
	[39015,2]
	[39036,1]
	[39408,1]
	[39045,4]
	[39048,2]
	[39031,1]
	[39035,1]
	[39084,1]
	[39057,1]
	[39428,1]
	[39458,2]
	[39436,1]
	[39044,1]
	[39041,3]
	[39454,1]
	[39434,1]
	[39042,2]
	[39435,1]
	[39040,1]
	[39093,1]
	[39097,2]
	[39088,1]
	[593,5]
	[39463,1]
	[39069,1]
	[39059,1]
	[39026,2]
	[38972,1]
	[38964,1]
	[38936,1]
	[39322,1]
	[38847,2]
	[38842,1]
	[38849,1]
	[38846,1]
	[38838,1]
	[38814,1]
	[38803,1]
	[38862,1]
	[587,3]
	[584,1]
	[38926,1]
	[38976,3]
	[39406,1]
	[38992,2]
	[39032,2]
	[39047,2]
	[39079,3]
	[39091,4]
	[39101,1]
	[39118,2]
	[617,3]
	[39646,1]
	[39244,4]
	[39243,2]
	[39674,1]
	[39274,1]
	[39216,2]
	[39223,1]
	[39220,1]
	[39229,2]
	[39233,3]
	[39237,1]
	[39172,1]
	[39564,1]
	[39159,3]
	[39126,3]
	[39120,1]
	[39092,1]
	[619,2]
	[39099,1]
	[39465,1]
	[39883,2]
	[39718,2]
	[40122,1]
	[39710,1]
	[39716,1]
	[39703,1]
	[39708,2]
	[40364,1]
	[40454,1]
	[40638,2]
	[40671,1]
	[40688,1]
	[41141,1]
	[40794,1]
	[40978,1]
	[750,2]
	[41742,1]
	[41734,1]
	[41731,1]
	[41746,1]
	[41965,1]
	[41966,1]
	[41964,1]
	[42683,1]
	[42679,1]
	[42685,1]
	[42691,1]
	[43113,1]
	[43099,1]
	[42795,1]
	[42924,1]
	[42919,1]
	[42922,1]
	[42931,1]
	[43794,2]
	[43557,1]
	[43972,1]
	[43976,1]
	[43567,2]
	[43714,1]
	[43810,1]
	[743,2]
	[726,2]
	[43875,1]
	[44127,1]
	[44526,1]
	[44525,1]
	[44922,1]
	[44515,1]
	[45065,1]
	[45249,1]
	[44764,1]
	[44750,1]
	[44777,3]
	[45255,1]
	[44765,1]
	[44785,1]
	[45234,1]
	[45459,1]
	[45863,1]
	[45468,1]
	[45443,1]
	[45680,1]
	[45685,2]
	[46155,1]
	[45689,1]
	[45676,1]
	[45823,1]
	[46381,1]
	[46369,1]
	[46353,1]
	[46489,1]
	[46567,1]
	[47004,1]
	[46514,1]
	[46505,1]
	[46497,1]
	[46499,1]
	[46500,1]
	[46486,1]
	[752,1]
	[46476,1]
	[46447,1]
	[46585,1]
	[47166,1]
	[47352,1]
	[47343,1]
	[47346,2]
	[47355,1]
	[47306,1]
	[47327,1]
	[47811,2]
	[47755,1]
	[47939,1]
	[48444,1]
	[47978,1]
	[48489,1]
	[48028,1]
	[48066,1]
	[47142,1]
	[47145,1]
	[47124,1]
	[47133,1]
	[47139,1]
	[47140,1]
	[47653,1]
	[47171,1]
	[47156,1]
	[47049,1]
	[732,2]
	[757,2]
	[46270,1]
	[739,1]
	[46267,1]
	[46272,1]
	[46280,2]
	[46283,1]
	[46262,1]
	[46614,1]
	[46052,1]
	[46042,1]
	[46030,1]
	[46028,1]
	[45311,1]
	[45336,1]
	[45825,1]
	[45343,1]
	[45348,1]
	[45323,1]
	[45091,1]
	[45092,2]
	[45090,1]
	[45074,1]
	[45077,1]
	[45498,1]
	[44687,1]
	[44370,1]
	[44381,1]
	[44875,1]
	[44373,1]
	[44852,1]
	[44247,1]
	[44226,1]
	[44144,1]
	[44148,1]
	[43466,1]
	[43450,1]
	[43434,1]
	[43212,1]
	[43211,1]
	[43210,1]
	[43206,1]
	[43613,1]
	[43231,1]
	[43233,1]
	[43001,1]
	[42515,1]
	[42502,1]
	[42472,1]
	[42943,2]
	[42452,1]
	[42158,1]
	[42135,1]
	[42126,1]
	[42510,2]
	[41866,1]
	[41678,1]
	[714,1]
	[41360,1]
	[41216,2]
	[41582,2]
	[41578,1]
	[41187,1]
	[41195,1]
	[40482,1]
	[40323,1]
	[40749,1]
	[40356,1]
	[40429,1]
	[40842,1]
	[39914,2]
	[39595,2]
	[39604,1]
	[39601,1]
	[612,4]
	[39600,2]
	[39610,2]
	[39607,1]
	[39650,1]
	[39240,1]
	[39636,1]
	[39638,1]
	[39653,1]
	[39269,3]
	[39271,2]
	[39306,2]
	[39230,4]
	[39242,1]
	[39188,1]
	[39134,2]
	[39438,1]
	[39005,3]
	[39004,2]
	[588,3]
	[38945,2]
	[38917,3]
	[38909,1]
	[38889,1]
	[38880,1]
	[38878,1]
	[38886,1]
	[38924,1]
	[38946,1]
	[38959,1]
	[38956,1]
	[38970,1]
	[38986,1]
	[38993,1]
	[39018,1]
	[39034,2]
	[39096,1]
	[39533,4]
	[39128,3]
	[39110,5]
	[39122,4]
	[39108,2]
	[589,3]
	[39087,1]
	[39102,1]
	[39509,4]
	[39095,2]
	[39115,2]
	[39094,2]
	[39494,3]
	[39510,3]
	[39492,4]
	[39515,6]
	[39527,4]
	[39132,3]
	[39119,1]
	[39121,1]
	[39131,1]
	[39137,2]
	[39039,1]
	[39011,3]
	[39000,1]
	[38966,1]
	[38955,1]
	[38943,1]
	[38895,1]
	[38888,2]
	[38893,1]
	[38892,2]
	[38907,1]
	[38903,1]
	[38912,1]
	[38885,1]
	[38902,2]
	[38894,1]
	[38881,1]
	[38913,1]
	[38914,1]
	[38932,1]
	[38973,1]
	[38981,1]
	[39010,1]
	[39056,1]
	[39133,1]
	[39157,2]
	[39192,1]
	[39669,1]
	[39383,2]
	[39786,2]
	[39761,2]
	[39771,1]
	[39378,1]
	[39758,1]
	[39309,1]
	[39308,2]
	[39303,3]
	[39722,2]
	[39357,1]
	[39356,2]
	[39376,4]
	[39368,2]
	[39812,2]
	[39320,2]
	[39353,1]
	[39337,1]
	[39341,3]
	[39346,2]
	[39327,4]
	[39314,1]
	[39235,1]
	[39608,1]
	[39190,2]
	[39584,1]
	[39539,1]
	[39326,2]
	[39336,1]
	[39328,2]
	[39363,3]
	[39800,1]
	[39780,1]
	[39373,4]
	[39301,3]
	[39702,1]
	[39747,1]
	[624,3]
	[39788,3]
	[39405,2]
	[39381,2]
	[39782,1]
	[39391,1]
	[39292,1]
	[39663,1]
	[39146,1]
	[39145,2]
	[39124,1]
	[39136,1]
	[39125,1]
	[39153,1]
	[39170,3]
	[39164,1]
	[39385,1]
	[39387,1]
	[39392,1]
	[39437,1]
	[39897,1]
	[258,2]
	[39827,1]
	[40241,1]
	[40227,1]
	[40212,1]
	[39817,1]
	[39795,1]
	[39789,1]
	[39974,1]
	[737,2]
	[40669,1]
	[649,1]
	[40718,1]
	[40705,1]
	[40697,1]
	[41100,1]
	[40904,1]
	[40924,1]
	[40910,1]
	[257,9]
	[41676,1]
	[41690,1]
	[41922,1]
	[41926,1]
	[42552,1]
	[730,1]
	[42794,1]
	[42768,1]
	[42784,1]
	[43514,1]
	[43912,1]
	[43515,1]
	[43507,1]
	[43508,2]
	[43631,1]
	[43633,2]
	[44129,1]
	[44101,1]
	[43658,1]
	[44047,1]
	[44147,2]
	[44227,1]
	[44206,1]
	[44204,1]
	[44234,1]
	[44447,1]
	[44469,1]
	[44464,2]
	[45587,1]
	[45177,1]
	[45198,1]
	[741,1]
	[45454,1]
	[45534,1]
	[45591,1]
	[45594,1]
	[46259,1]
	[46287,2]
	[646,1]
	[46515,1]
	[46513,1]
	[46526,1]
	[46516,1]
	[46517,1]
	[46519,2]
	[46533,1]
	[46534,1]
	[47029,1]
	[46507,1]
	[46750,1]
	[47748,1]
	[47426,3]
	[47409,1]
	[47908,1]
	[47425,1]
	[47436,1]
	[48003,1]
	[48034,1]
	[47999,1]
	[48012,2]
	[48019,1]
	[48011,1]
	[48020,1]
	[48001,1]
	[47427,2]
	[47423,1]
	[47439,1]
	[47437,1]
	[47447,1]
	[47438,1]
	[47442,2]
	[47917,1]
	[47449,1]
	[47280,1]
	[47030,1]
	[46538,2]
	[46530,1]
	[46539,1]
	[47040,1]
	[46286,1]
	[45914,1]
	[45509,1]
	[45496,1]
	[45485,1]
	[45457,1]
	[45959,1]
	[45447,1]
	[45404,1]
	[45386,1]
	[45859,1]
	[45071,1]
	[45061,1]
	[44398,1]
	[753,2]
	[44396,1]
	[44915,1]
	[44407,1]
	[44208,2]
	[44210,1]
	[43486,1]
	[43988,1]
	[43539,1]
	[43499,1]
	[43961,1]
	[43338,1]
	[43331,1]
	[43357,1]
	[43411,1]
	[43412,1]
	[43430,1]
	[43410,1]
	[42995,1]
	[43244,1]
	[42756,1]
	[42755,1]
	[43276,1]
	[42773,1]
	[42657,1]
	[42633,1]
	[42547,1]
	[42506,1]
	[42504,1]
	[42522,1]
	[42517,1]
	[42932,1]
	[42546,2]
	[42545,1]
	[42537,1]
	[42739,1]
	[41917,1]
	[41815,1]
	[42328,1]
	[41995,1]
	[41591,1]
	[41589,1]
	[41588,1]
	[41579,1]
	[41980,1]
	[41606,1]
	[41584,1]
	[41044,1]
	[40871,1]
	[40874,1]
	[40699,1]
	[40613,1]
	[41014,1]
	[40601,1]
	[40557,2]
	[39905,2]
	[39693,1]
	[40109,1]
	[39681,1]
	[39711,1]
	[40116,1]
	[39682,1]
	[39704,1]
	[39213,1]
	[39219,1]
	[39418,1]
	[38983,1]
	[39007,1]
	[39008,1]
	[39399,1]
	[38990,1]
	[39003,1]
	[39014,1]
	[39020,1]
	[39616,1]
	[39273,1]
	[39472,4]
	[39496,6]
	[39481,7]
	[39495,5]
	[39506,4]
	[39489,4]
	[39859,1]
	[39471,2]
	[39900,2]
	[39860,1]
	[39477,1]
	[39488,3]
	[39542,2]
	[39512,4]
	[39521,2]
	[39522,2]
	[39529,1]
	[39514,3]
	[39486,5]
	[39487,4]
	[39525,3]
	[39524,3]
	[39498,1]
	[39462,1]
	[39400,1]
	[39365,1]
	[39296,1]
	[39345,1]
	[39768,1]
	[39420,1]
	[39421,1]
	[39482,2]
	[39503,2]
	[39892,1]
	[39926,1]
	[39523,2]
	[39513,3]
	[39508,5]
	[39511,1]
	[39520,2]
	[39504,5]
	[39910,2]
	[39518,3]
	[39473,5]
	[39872,1]
	[39497,3]
	[39516,2]
	[39490,1]
	[39907,2]
	[39493,4]
	[39474,1]
	[39461,2]
	[39470,2]
	[39531,1]
	[39908,1]
	[39923,1]
	[39535,2]
	[39483,1]
	[39441,1]
	[39444,1]
	[39459,1]
	[39469,1]
	[39880,1]
	[39467,1]
	[39909,1]
	[39501,3]
	[39889,1]
	[39440,1]
	[39397,1]
	[39300,1]
	[39332,1]
	[39717,1]
	[39330,2]
	[39733,1]
	[39304,1]
	[39333,1]
	[39398,1]
	[39426,2]
	[39429,1]
	[39431,1]
	[39922,1]
	[39479,2]
	[39502,1]
	[39899,1]
	[39499,3]
	[39478,1]
	[39466,1]
	[39931,1]
	[39934,1]
	[39913,1]
	[39893,2]
	[39917,1]
	[39927,1]
	[626,1]
	[39901,1]
	[39491,2]
	[39351,1]
	[39752,1]
	[39756,1]
	[39730,1]
	[39307,1]
	[39713,1]
	[39329,2]
	[39325,1]
	[39395,1]
	[39439,1]
	[39912,1]
	[39500,1]
	[39916,1]
	[39925,1]
	[39906,1]
	[39834,1]
	[39807,1]
	[39811,2]
	[39791,1]
	[39813,1]
	[39773,1]
	[39785,1]
	[40072,1]
	[40479,1]
	[40636,1]
	[40612,1]
	[40588,1]
	[40549,1]
	[40515,1]
	[40563,1]
	[40971,1]
	[40586,1]
	[41382,1]
	[41783,1]
	[41355,1]
	[41371,1]
	[41350,1]
	[41358,1]
	[41762,1]
	[41359,1]
	[724,1]
	[41583,1]
	[41895,1]
	[41897,1]
	[42332,1]
	[42733,1]
	[42357,1]
	[42371,1]
	[42374,1]
	[42389,1]
	[42397,1]
	[42408,1]
	[42436,1]
	[42718,1]
	[42895,1]
	[43385,1]
	[43383,1]
	[43797,1]
	[43426,1]
	[43625,1]
	[43627,1]
	[44203,1]
	[44291,1]
	[44379,1]
	[44499,1]
	[44485,1]
	[740,1]
	[45256,1]
	[45176,1]
	[45902,1]
	[45417,1]
	[45399,1]
	[45409,1]
	[45420,1]
	[45422,1]
	[45427,1]
	[45815,1]
	[45918,1]
	[46130,1]
	[46106,1]
	[46128,1]
	[46105,1]
	[46334,1]
	[46336,1]
	[46818,2]
	[46355,1]
	[46320,1]
	[46340,1]
	[46819,1]
	[46339,1]
	[47081,1]
	[47512,1]
	[47244,1]
	[47288,3]
	[47275,1]
	[47297,1]
	[47261,1]
	[47265,1]
	[47272,1]
	[47489,1]
	[47987,1]
	[48187,1]
	[48128,1]
	[48116,1]
	[48564,1]
	[48072,1]
	[48064,1]
	[48027,1]
	[48031,1]
	[47997,1]
	[47477,1]
	[47511,1]
	[47517,1]
	[48025,1]
	[47480,1]
	[47573,1]
	[47575,1]
	[48093,1]
	[47654,1]
	[47684,1]
	[47681,1]
	[46962,1]
	[749,1]
	[46875,1]
	[46884,1]
	[46918,1]
	[46963,1]
	[46798,1]
	[46752,1]
	[46439,1]
	[644,1]
	[46119,2]
	[46625,1]
	[46116,1]
	[46594,1]
	[46117,1]
	[45880,1]
	[45192,1]
	[45207,1]
	[767,1]
	[45361,1]
	[45353,1]

1944,
	[199,105]
	[198,114]
	[195,59]
	[204,80]
	[2,478]
	[203,93]
	[201,123]
	[186,9]
	[5,23]
	[3,51]
	[9,18]
	[200,121]
	[197,68]
	[194,28]
	[202,130]
	[185,10]
	[206,46]
	[192,15]
	[16,17]
	[196,66]
	[8,19]
	[398,3]
	[209,19]
	[213,2]
	[4,478]
	[7,29]
	[15,19]
	[191,19]
	[190,25]
	[1012,1]
	[188,17]
	[13,27]
	[10,27]
	[211,5]
	[208,21]
	[187,22]
	[409,2]
	[217,1]
	[11,34]
	[12,20]
	[223,4]
	[227,1]
	[253,11]
	[247,33]
	[246,31]
	[244,24]
	[6,18]
	[236,7]
	[238,6]
	[250,19]
	[189,27]
	[394,2]
	[241,3]
	[245,23]
	[205,55]
	[493,1]
	[252,12]
	[495,1]
	[249,22]
	[426,1]
	[235,4]
	[243,18]
	[228,5]
	[248,19]
	[183,9]
	[218,2]
	[216,1]
	[210,10]
	[1,17]
	[251,17]
	[233,4]
	[240,11]
	[229,2]
	[242,10]
	[239,4]
	[254,4]
	[232,4]
	[226,1]
	[406,1]
	[491,2]
	[14,26]
	[207,38]
	[399,4]
	[193,18]
	[614,1]
	[602,1]
	[17,3]
	[405,1]
	[401,2]
	[397,3]
	[404,2]
	[407,3]
	[582,1]
	[181,2]
	[184,8]
	[224,2]
	[234,3]
	[1225,1]
	[500,1]
	[237,4]
	[255,4]
	[498,1]
	[214,2]
	[212,1]
	[408,1]
	[391,1]
	[984,1]
	[604,1]
	[1018,1]
	[414,1]
	[221,2]
	[821,1]
	[219,2]
	[487,1]
	[256,1]
	[503,1]
	[472,1]
	[231,1]
	[506,1]
	[595,1]
	[395,1]
	[402,2]
	[600,1]
	[415,1]
	[995,1]
	[616,1]
	[417,1]
	[1031,1]
	[597,1]
	[389,1]
	[849,1]
	[619,1]
	[230,1]
	[220,1]

1964,
	[42,53]
	[156,3]
	[39,12]
	[115,5]
	[200,6]
	[157,8]
	[43,47]
	[197,9]
	[161,2]
	[41,23]
	[40,14]
	[199,4]
	[198,5]
	[2,482]
	[7,2]
	[35,5]
	[130,1]
	[60,1]
	[73,3]
	[10,1]
	[51,1]
	[8,2]
	[110,1]
	[71,1]
	[44,16]
	[114,5]
	[195,2]
	[76,3]
	[118,2]
	[119,2]
	[158,2]
	[78,4]
	[77,4]
	[93,1]
	[154,3]
	[70,1]
	[45,1]
	[187,1]
	[14,2]
	[98,1]
	[133,1]
	[113,2]
	[13,2]
	[80,1]
	[6,1]
	[17,2]
	[74,1]
	[23,1]
	[122,1]
	[55,1]
	[22,2]
	[194,1]
	[69,1]
	[196,1]
	[155,1]
	[52,1]
	[38,5]
	[162,2]
	[159,2]
	[418,1]
	[75,2]
	[36,4]
	[189,1]
	[24,1]
	[95,1]
	[179,1]
	[30,2]
	[27,1]
	[106,2]
	[850,1]
	[72,1]
	[860,1]
	[34,5]
	[160,1]
	[432,1]
	[37,3]
	[202,1]
	[84,1]
	[58,1]
	[16,1]
	[171,1]
	[89,1]
	[50,2]

1940,
	[57,1]
	[69,1]
	[79,1]
	[87,1]
	[198,1]
	[55,1]

len(carl_order):
59
Printing carl assignment order:
1964,2,0.298636926889715
1728,2,0.24596340150699678
1844,2,0.22016460905349794
1944,4,0.09173983157140297
1708,4,0.0902491485929378
1824,4,0.07606149341142021
1820,2,0.038461538461538464
1704,57,0.027450980392156862
1820,6,0.020833333333333332
1844,45,0.02003488426908028
1820,33,0.0196078431372549
1964,44,0.016452074391988557
1828,1,0.016422375112174693
1728,119,0.016228296372700703
1712,1,0.01572385215879241
1708,6,0.015028332101502834
1708,7,0.013111447302067574
1824,14,0.013082031094675733
1844,69,0.01292466765140325
1944,14,0.012503242542153048
1824,15,0.012441012441012441
1708,16,0.012389064268270892
1844,70,0.011904761904761904
1824,16,0.011728931364031277
1940,87,0.01152073732718894
1948,1,0.011403476399601433
1944,15,0.010614525139664804
1844,236,0.010507659197366756
1964,202,0.010411909763448716
1944,16,0.009599096555618294
1940,198,0.009009009009009009
1820,221,0.0051387461459403904
1824,18,0.005066079295154185
1944,256,0.0049995425448084736
1708,275,0.0046584474519095614
1948,257,0.004333396608231947
1824,290,0.004327607142224575
1712,276,0.0039853172690043565
1944,619,0.003926009815024538
1828,292,0.003741953567552635
1824,857,0.003691064837384219
1820,502,0.0035587188612099642
1944,1225,0.0026818638954073082
1964,860,0.00228310502283105
1828,293,0.0016927634363097758
1712,277,0.0011841326228537595
1948,258,0.0009794319294809011
1828,294,0.000847816871555744
1948,259,0.0004901960784313725
1948,629,0.00030059156419834235
1948,757,0.00022971169015793762
1828,861,0.0002174367358981136
1712,280,0.00019758940920766647
1828,864,0.0001607200257152041
1948,767,5.6785917092561044e-05
1948,48564,2.4741494956474368e-05
1712,47148,2.4455784066363985e-05
1828,56265,2.1232609528144303e-05
1828,9724591,1.708444615364837e-07
bin_width: 5148301
assigning lease 2 to address 1964
Average Cache Occupancy Per Bin: [0.0,0.0,0.0,0.02,0.05]
Total cost: 0
assigning lease 2 to address 1728
Average Cache Occupancy Per Bin: [0.05,0.03,0.0,0.02,0.05]
Total cost: 276480.0
assigning lease 2 to address 1844
Average Cache Occupancy Per Bin: [0.05,0.06,0.05,0.03,0.05]
Total cost: 276480.0
assigning lease 4 to address 1944
Average Cache Occupancy Per Bin: [0.05,0.06,0.05,0.22,0.42]
Total cost: 276480.0
assigning lease 4 to address 1708
Average Cache Occupancy Per Bin: [0.39,0.27,0.05,0.22,0.42]
Total cost: 2025472.0
assigning lease 4 to address 1824
Average Cache Occupancy Per Bin: [0.39,0.45,0.42,0.36,0.42]
Total cost: 2025472.0
assigning lease 2 to address 1820
Average Cache Occupancy Per Bin: [0.39,0.45,0.42,0.36,0.42]
Total cost: 2025472.0
assigning lease 57 to address 1704
Average Cache Occupancy Per Bin: [0.39,0.46,0.42,0.36,0.42]
Total cost: 2031616.0
assigning lease 6 to address 1820
Average Cache Occupancy Per Bin: [0.39,0.46,0.42,0.36,0.42]
Total cost: 2031616.0
assigning lease 45 to address 1844
Average Cache Occupancy Per Bin: [0.39,0.66,0.97,0.67,0.42]
Total cost: 2031616.0
assigning lease 33 to address 1820
Average Cache Occupancy Per Bin: [0.39,0.66,0.97,0.67,0.42]
Total cost: 2031616.0
assigning lease 44 to address 1964
Average Cache Occupancy Per Bin: [0.39,0.66,0.97,0.87,0.85]
Total cost: 2031616.0
assigning lease 1 to address 1828
Average Cache Occupancy Per Bin: [0.39,1.05,1.84,1.28,0.85]
Total cost: 2031616.0
assigning lease 119 to address 1728
Average Cache Occupancy Per Bin: [1.34,1.54,1.84,1.28,0.85]
Total cost: 6926336.0
assigning lease 1 to address 1712
Average Cache Occupancy Per Bin: [2.22,2.01,1.84,1.28,0.85]
Total cost: 11437824.0
assigning lease 6 to address 1708
Average Cache Occupancy Per Bin: [2.35,2.08,1.84,1.28,0.85]
Total cost: 12114944.0
assigning lease 7 to address 1708
Average Cache Occupancy Per Bin: [2.41,2.11,1.84,1.28,0.85]
Total cost: 12447232.0
assigning lease 14 to address 1824
Average Cache Occupancy Per Bin: [2.41,2.39,2.50,1.60,0.85]
Total cost: 12447232.0
assigning lease 69 to address 1844
Average Cache Occupancy Per Bin: [2.41,2.42,2.58,1.62,0.85]
Total cost: 12447232.0
assigning lease 14 to address 1944
Average Cache Occupancy Per Bin: [2.41,2.42,2.58,1.97,1.46]
Total cost: 12447232.0
assigning lease 15 to address 1824
Average Cache Occupancy Per Bin: [2.41,2.45,2.64,2.00,1.46]
Total cost: 12447232.0
assigning lease 16 to address 1708
Average Cache Occupancy Per Bin: [2.96,2.73,2.64,2.00,1.46]
Total cost: 15269376.0
assigning lease 70 to address 1844
Average Cache Occupancy Per Bin: [2.96,2.73,2.64,2.00,1.46]
Total cost: 15269376.0
assigning lease 16 to address 1824
Average Cache Occupancy Per Bin: [2.96,2.76,2.70,2.03,1.46]
Total cost: 15269376.0
assigning lease 87 to address 1940
Average Cache Occupancy Per Bin: [2.96,2.76,2.70,2.04,1.46]
Total cost: 15269376.0
assigning lease 1 to address 1948
Average Cache Occupancy Per Bin: [2.96,2.76,2.70,2.53,2.33]
Total cost: 15269376.0
assigning lease 15 to address 1944
Average Cache Occupancy Per Bin: [2.96,2.76,2.70,2.56,2.39]
Total cost: 15269376.0
assigning lease 236 to address 1844
Average Cache Occupancy Per Bin: [2.96,2.86,2.96,2.59,2.39]
Total cost: 15269376.0
assigning lease 202 to address 1964
Average Cache Occupancy Per Bin: [2.96,2.86,2.96,2.79,2.73]
Total cost: 15269376.0
assigning lease 16 to address 1944
Average Cache Occupancy Per Bin: [2.96,2.86,2.96,2.82,2.79]
Total cost: 15269376.0
assigning lease 198 to address 1940
Average Cache Occupancy Per Bin: [2.96,2.86,2.96,2.82,2.79]
Total cost: 15269376.0
assigning lease 221 to address 1820
Average Cache Occupancy Per Bin: [2.96,2.87,3.01,2.82,2.79]
Total cost: 15269376.0
assigning lease 18 to address 1824
Average Cache Occupancy Per Bin: [2.96,2.91,3.13,2.88,2.79]
Total cost: 15269376.0
assigning lease 256 to address 1944
Average Cache Occupancy Per Bin: [2.96,2.91,3.13,8.91,13.6]
Total cost: 15269376.0
assigning lease 275 to address 1708
Average Cache Occupancy Per Bin: [15.0,9.24,3.13,9.03,13.6]
Total cost: 77729792.0
assigning lease 257 to address 1948
Average Cache Occupancy Per Bin: [15.0,9.24,3.13,109.,197.]
Total cost: 77729792.0
assigning lease 290 to address 1824
Average Cache Occupancy Per Bin: [15.0,14.8,16.6,115.,197.]
Total cost: 77729792.0
assigning lease 276 to address 1712
Average Cache Occupancy Per Bin: [215.,124.,16.6,115.,197.]
Total cost: 1110745600.0
assigning lease 619 to address 1944
Average Cache Occupancy Per Bin: [215.,124.,16.6,115.,197.]
Total cost: 1110745600.0
assigning lease 292 to address 1828
Average Cache Occupancy Per Bin: [215.,221.,228.,212.,197.]
Total cost: 1110745600.0
assigning lease 857 to address 1824
Average Cache Occupancy Per Bin: [215.,221.,229.,212.,197.]
Total cost: 1110745600.0
assigning lease 502 to address 1820
Average Cache Occupancy Per Bin: [215.,221.,229.,212.,197.]
Total cost: 1110745600.0
assigning lease 1225 to address 1944
Average Cache Occupancy Per Bin: [215.,221.,229.,212.,198.]
Total cost: 1110745600.0
assigning lease 860 to address 1964
Average Cache Occupancy Per Bin: [215.,221.,229.,212.,198.]
Total cost: 1110745600.0
assigning lease 293 to address 1828
Average Cache Occupancy Per Bin: [215.,221.,229.,212.,198.]
Total cost: 1110745600.0
assigning lease 277 to address 1712
Average Cache Occupancy Per Bin: [215.,221.,229.,212.,198.]
Total cost: 1111018496.0
assigning lease 258 to address 1948
Average Cache Occupancy Per Bin: [215.,221.,229.,212.,198.]
Total cost: 1111018496.0
assigning lease 294 to address 1828
Average Cache Occupancy Per Bin: [215.,221.,229.,212.,198.]
Total cost: 1111018496.0
assigning lease 259 to address 1948
Average Cache Occupancy Per Bin: [215.,221.,229.,212.,198.]
Total cost: 1111018496.0
assigning lease 629 to address 1948
Average Cache Occupancy Per Bin: [215.,221.,229.,225.,222.]
Total cost: 1111018496.0
assigning lease 757 to address 1948
Average Cache Occupancy Per Bin: [215.,221.,229.,229.,230.]
Total cost: 1111018496.0
assigning lease 861 to address 1828
Average Cache Occupancy Per Bin: [215.,237.,262.,245.,230.]
Total cost: 1111018496.0
assigning lease 280 to address 1712
Average Cache Occupancy Per Bin: [215.,237.,262.,245.,230.]
Total cost: 1111835648.0
assigning lease 864 to address 1828
Average Cache Occupancy Per Bin: [215.,237.,262.,245.,230.]
Total cost: 1111835648.0
assigning lease 767 to address 1948
Average Cache Occupancy Per Bin: [215.,237.,262.,245.,230.]
Total cost: 1111835648.0
addr: 1948 ri: 48564
bin target: 2635930112
	bin: 3.0 current capacity: 245.8886409322221  avg impact: 1201.3948928005568
	bin: 4.0 current capacity: 230.70556597215275  avg impact: 2335.8307542624257
num_full_bins: 0
printing bin ranks sorted:
	bin: 4.0 rank: 0.12042586283896681
	selecting this^ bin
	bin: 3.0 rank: 0.22150198961429657
acceptable_ratio: 0.12042586283896681
Assigning 1948 dual lease lease 48564 * 0.12042586283896681. Bin saturation: [215.,237.,262.,390.,512.]
addr: 1712 ri: 47148
bin target: 2635930112
	bin: 0.0 current capacity: 215.96166346917167  avg impact: 2124.774923610721
	bin: 1.0 current capacity: 237.35162959586086  avg impact: 1264.039422714406
	bin: 4.0 current capacity: 512.0  avg impact: 2.330517970880102
num_full_bins: 1
printing bin ranks sorted:
	bin: 4.0 rank: 0.0
	bin: 0.0 rank: 0.13932691563761382
	bin: 1.0 rank: 0.21727832650532175
acceptable_ratio: 0
addr: 1828 ri: 56265
bin target: 2635930112
	bin: 1.0 current capacity: 237.35162959586086  avg impact: 1167.203288230428
	bin: 2.0 current capacity: 262.83392521144356  avg impact: 2456.553703445078
	bin: 3.0 current capacity: 390.5676575080572  avg impact: 1221.6822536211462
	bin: 4.0 current capacity: 512.0  avg impact: 0.0
num_full_bins: 1
printing bin ranks sorted:
	bin: 3.0 rank: 0.09939764790067906
	bin: 2.0 rank: 0.10142911772664494
	bin: 1.0 rank: 0.23530465787200422
acceptable_ratio: 0
addr: 1828 ri: 9724591
bin target: 2635930112
	bin: 1.0 current capacity: 237.35162959586086  avg impact: 1167.203288230428
	bin: 2.0 current capacity: 262.83392521144356  avg impact: 2456.553703445078
	bin: 3.0 current capacity: 390.5676575080572  avg impact: 2385.902431112711
	bin: 4.0 current capacity: 512.0  avg impact: 0.0
num_full_bins: 1
printing bin ranks sorted:
	bin: 3.0 rank: 0.05089577046757546
	bin: 2.0 rank: 0.10142911772664494
	bin: 1.0 rank: 0.23530465787200422
acceptable_ratio: 0
Final saturation:
	0.0,1111835648.0
	1.0,1221957632.0
	2.0,1353148160.0
	3.0,2010759861.7163885
	4.0,2635930112.0
DUMP LEASES
0, 6b0, 118, 0, 1 
0, 6ac, 113, 0, 1 
0, 6c0, 77, 0, 1 
0, 6a8, 39, 0, 1 
0, 720, 359, 0, 1 
0, 724, 360, 0, 1 
0, 734, ec, 0, 1 
0, 71c, 1f6, 0, 1 
0, 79c, 2ff, bdb4, 0.8795741371610332 
0, 798, 4c9, 0, 1 
0, 7ac, 35c, 0, 1 
0, 794, c6, 0, 1 
Dump dual leases

