sample rate: 0.00390625
1632,
	[32,1]
	[1,642]
	[3,607]
	[45,1]
	[132,1]
	[137,1]
	[151,1]
	[205,1]
	[226,1]
	[236,1]
	[241,1]
	[245,1]
	[251,1]
	[262,1]
	[280,1]
	[242,1]
	[315,1]
	[314,2]
	[322,1]
	[348,1]
	[426,1]
	[389,1]
	[427,1]
	[445,2]
	[455,1]
	[464,1]
	[473,1]
	[483,1]
	[489,1]
	[492,1]
	[494,1]
	[2,438]
	[502,1]
	[511,2]
	[521,1]
	[530,2]
	[591,1]
	[602,1]
	[639,1]
	[650,1]
	[659,1]
	[672,1]
	[671,1]
	[620,1]
	[726,1]
	[736,1]
	[751,1]
	[757,1]
	[760,1]
	[825,1]
	[828,1]
	[7,1]
	[829,1]
	[860,1]
	[861,1]
	[855,1]
	[862,1]
	[866,3]
	[864,1]
	[887,1]
	[840,1]
	[845,1]
	[902,1]
	[959,1]
	[969,1]
	[980,1]
	[984,1]
	[992,1]
	[1006,1]
	[983,1]
	[1033,1]
	[985,1]
	[1041,1]
	[1045,1]
	[994,1]
	[1056,2]
	[1068,1]
	[1066,1]
	[1030,1]
	[1089,1]
	[979,1]
	[1092,2]
	[1102,1]
	[1170,1]
	[1187,1]
	[1199,1]
	[1203,2]
	[1217,1]
	[1219,3]
	[1231,1]
	[1233,3]
	[1234,1]
	[1236,1]
	[1251,1]
	[1252,1]
	[1265,2]
	[1218,1]
	[1284,1]
	[1300,1]
	[1299,1]
	[1301,1]
	[1313,2]
	[1316,1]
	[1330,1]
	[1332,2]
	[1347,1]
	[1408,1]
	[1411,1]
	[1412,1]
	[1407,3]
	[1394,1]
	[1389,1]
	[1392,2]
	[1393,1]
	[1410,2]
	[1456,2]
	[1470,1]
	[1473,1]
	[1493,1]
	[1492,1]
	[1508,1]
	[1509,1]
	[1522,1]
	[1524,1]
	[1526,1]
	[1540,3]
	[1544,1]
	[1543,1]
	[1557,3]
	[1578,3]
	[1589,1]
	[1593,1]
	[1594,1]
	[1610,1]
	[1613,1]
	[1627,2]
	[1631,4]
	[1583,1]
	[1643,1]
	[1690,1]
	[1693,3]
	[1707,2]
	[1728,1]
	[1727,1]
	[1731,1]
	[1747,1]
	[1748,1]
	[1804,1]
	[1791,1]
	[1790,1]
	[1776,1]
	[1774,1]
	[1792,2]
	[1796,1]
	[1815,1]
	[1833,3]
	[1831,1]
	[1848,1]
	[1866,3]
	[1883,1]
	[1885,2]
	[1888,1]
	[1889,1]
	[1946,2]
	[1950,1]
	[1955,1]
	[1969,1]
	[1968,1]
	[1922,1]
	[1988,1]
	[1986,1]
	[1944,1]
	[1992,1]
	[2003,1]
	[2006,1]
	[2005,1]
	[2052,2]
	[2055,2]
	[1999,1]
	[2067,1]
	[2073,1]
	[2094,1]
	[2092,1]
	[2043,1]
	[2110,1]
	[2113,2]
	[2127,2]
	[2132,1]
	[2085,1]
	[2133,1]
	[2147,2]
	[2150,1]
	[2143,1]
	[2151,2]
	[2135,3]
	[2080,1]
	[2154,1]
	[2155,3]
	[2167,1]
	[2171,1]
	[2175,1]
	[2168,1]
	[2176,1]
	[2191,1]
	[2194,1]
	[2195,2]
	[2208,1]
	[2211,2]
	[2212,3]
	[2215,5]
	[2216,1]
	[2277,2]
	[2281,3]
	[2230,1]
	[2283,1]
	[2298,1]
	[2302,1]
	[2299,1]
	[2318,1]
	[2322,3]
	[2269,1]
	[2335,1]
	[2338,1]
	[2401,1]
	[2404,1]
	[2405,1]
	[2409,1]
	[2425,2]
	[2419,1]
	[2429,1]
	[2427,1]
	[2382,1]
	[2443,1]
	[2451,2]
	[2398,1]
	[2465,1]
	[2471,1]
	[2438,1]
	[2354,1]
	[2490,1]
	[2488,1]
	[2436,1]
	[2491,3]
	[2506,1]
	[2507,1]
	[2508,1]
	[2510,1]
	[2523,1]
	[2525,1]
	[2479,1]
	[2528,1]
	[2544,1]
	[2494,1]
	[2513,2]
	[2516,1]
	[2537,2]
	[2540,2]
	[2486,1]
	[2487,1]
	[2558,1]
	[2559,1]
	[2562,1]
	[2560,1]
	[2566,1]
	[2567,1]
	[2517,1]
	[2632,2]
	[2636,1]
	[2661,1]
	[2680,2]
	[2682,2]
	[2683,1]
	[2635,1]
	[2678,1]
	[2703,1]
	[2710,1]
	[2750,1]
	[2754,1]
	[2704,1]
	[2773,1]
	[2776,1]
	[2801,1]
	[2796,1]
	[2806,2]
	[2824,2]
	[2827,1]
	[2781,1]
	[2831,1]
	[2832,2]
	[2783,1]
	[2804,2]
	[2872,1]
	[2880,1]
	[2897,2]
	[2893,1]
	[2900,1]
	[2902,1]
	[2905,2]
	[2924,1]
	[2928,2]
	[2875,1]
	[2991,1]
	[2996,5]
	[2995,4]
	[2944,1]
	[2950,1]
	[2999,1]
	[3016,1]
	[3023,1]
	[3024,2]
	[3010,2]
	[3017,1]
	[3062,1]
	[3069,1]
	[3068,1]
	[3085,1]
	[3089,1]
	[3090,2]
	[3094,1]
	[3092,1]
	[3095,1]
	[3120,2]
	[3141,1]
	[3142,1]
	[3098,1]
	[3190,1]
	[3189,1]
	[3209,3]
	[3211,1]
	[3210,1]
	[3212,1]
	[3217,1]
	[3216,1]
	[3236,1]
	[3192,1]
	[3187,1]
	[3244,1]
	[3198,1]
	[3242,1]
	[3245,1]
	[3261,1]
	[3266,1]
	[3268,1]
	[3147,1]
	[3270,1]
	[3288,3]
	[3289,1]
	[3291,1]
	[3296,1]
	[3314,1]
	[3319,4]
	[3265,1]
	[3335,1]
	[3306,1]
	[3366,1]
	[13,1]
	[3370,1]
	[3322,1]
	[3367,1]
	[3371,2]
	[3374,3]
	[3325,1]
	[3391,1]
	[3436,1]
	[3437,1]
	[3462,1]
	[3467,3]
	[3471,1]
	[3472,1]
	[3490,1]
	[3494,1]
	[3497,1]
	[3515,2]
	[3518,1]
	[3308,1]
	[3565,1]
	[3568,3]
	[3523,1]
	[3570,1]
	[3556,1]
	[3506,1]
	[3536,1]
	[3542,1]
	[3543,2]
	[3562,2]
	[3566,1]
	[3561,1]
	[3521,1]
	[3567,1]
	[3560,1]
	[3571,2]
	[3586,1]
	[3589,2]
	[3590,1]
	[3593,3]
	[3594,2]
	[3597,2]
	[3547,1]
	[3591,1]
	[3598,1]
	[3662,1]
	[3665,1]
	[3664,1]
	[3670,2]
	[3690,2]
	[3691,1]
	[3694,1]
	[3700,1]
	[3716,1]
	[3717,1]
	[3724,1]
	[3678,1]
	[3746,2]
	[3744,1]
	[3749,1]
	[3693,1]
	[3705,1]
	[3821,1]
	[3823,1]
	[3819,1]
	[3826,1]
	[3827,2]
	[3825,1]
	[3844,1]
	[3846,2]
	[3850,1]
	[3851,2]
	[3873,1]
	[3876,1]
	[3879,2]
	[3836,1]
	[3824,1]
	[3950,3]
	[3907,1]
	[3955,1]
	[3954,1]
	[3974,1]
	[3975,1]
	[3980,4]
	[3931,1]
	[3984,1]
	[3979,1]
	[4003,1]
	[4006,1]
	[4007,1]
	[3965,1]
	[4012,1]
	[4034,1]
	[4030,1]
	[3987,1]
	[4082,1]
	[4084,2]
	[4031,1]
	[4104,1]
	[4057,1]
	[4055,1]
	[4059,1]
	[4111,1]
	[4108,1]
	[4103,1]
	[4113,2]
	[4129,1]
	[4134,3]
	[4137,1]
	[4136,1]
	[4085,1]
	[4092,1]
	[4156,2]
	[4142,2]
	[4128,1]
	[4115,1]
	[4114,2]
	[4138,2]
	[4094,1]
	[4095,1]
	[4159,1]
	[4167,2]
	[4170,1]
	[4171,1]
	[4118,1]
	[4192,4]
	[4148,1]
	[4189,1]
	[4147,1]
	[4221,2]
	[4224,2]
	[4173,1]
	[4230,1]
	[4231,1]
	[4229,1]
	[4247,1]
	[4208,1]
	[4298,1]
	[4304,1]
	[4255,1]
	[4253,1]
	[4306,1]
	[4326,2]
	[4335,1]
	[4269,1]
	[4357,1]
	[4310,1]
	[4311,1]
	[4359,2]
	[4355,1]
	[4363,1]
	[4364,2]
	[4316,1]
	[4380,1]
	[4383,2]
	[4432,2]
	[4437,3]
	[4457,1]
	[4416,2]
	[4415,1]
	[4462,1]
	[4413,1]
	[4463,1]
	[4468,1]
	[4484,2]
	[4487,1]
	[4439,1]
	[4438,1]
	[4491,1]
	[4493,1]
	[4449,1]
	[4496,1]
	[4497,1]
	[4516,2]
	[4467,1]
	[4518,1]
	[4572,1]
	[4520,1]
	[4591,1]
	[4593,1]
	[4592,1]
	[4375,1]
	[4595,2]
	[4596,1]
	[4545,1]
	[4603,1]
	[4594,1]
	[4618,1]
	[4621,1]
	[4577,1]
	[4625,1]
	[4616,1]
	[4620,1]
	[4583,1]
	[4631,2]
	[4647,1]
	[4650,2]
	[4651,1]
	[4654,1]
	[4607,1]
	[4659,1]
	[4658,1]
	[4675,2]
	[4678,1]
	[4684,1]
	[4639,1]
	[4685,1]
	[4686,1]
	[4692,2]
	[4691,2]
	[4677,2]
	[4663,1]
	[4688,4]
	[4638,1]
	[4694,1]
	[4645,2]
	[4693,1]
	[4696,1]
	[4687,1]
	[4699,1]
	[4695,1]
	[4722,3]
	[4720,1]
	[4723,1]
	[4681,1]
	[4730,1]
	[4727,1]
	[4679,1]
	[4731,1]
	[4752,1]
	[4753,1]
	[4800,1]
	[4801,1]
	[4804,1]
	[4803,1]
	[4808,1]
	[4833,1]
	[4839,2]
	[4840,3]
	[4838,1]
	[4788,1]
	[4785,1]
	[4844,1]
	[4846,1]
	[4834,1]
	[4796,1]
	[4871,1]
	[4873,1]
	[4822,1]
	[4877,1]
	[4869,1]
	[4828,1]
	[4902,2]
	[4903,1]
	[4956,1]
	[4906,1]
	[4955,1]
	[4933,1]
	[4982,1]
	[4837,1]
	[4981,1]
	[4987,1]
	[4985,2]
	[4935,1]
	[60,4]
	[4990,1]
	[4991,1]
	[5011,1]
	[5014,5]
	[4963,1]
	[5018,2]
	[4969,1]
	[5015,1]
	[5020,2]
	[5024,2]
	[5016,1]
	[5044,1]
	[4986,1]
	[5051,1]
	[5050,1]
	[5003,1]
	[5100,1]
	[5124,2]
	[5127,2]
	[5128,2]
	[5131,1]
	[5083,1]
	[5132,1]
	[5077,1]
	[4953,1]
	[5135,1]
	[5136,1]
	[5110,1]
	[5163,1]
	[5116,1]
	[4897,1]
	[5173,1]
	[5192,1]
	[5195,1]
	[5200,1]
	[5151,1]
	[5199,1]
	[5193,1]
	[5155,3]
	[5194,1]
	[5202,1]
	[5225,1]
	[5229,1]
	[5232,1]
	[5238,2]
	[5237,2]
	[5178,1]
	[5184,1]
	[5304,1]
	[5308,1]
	[5312,2]
	[5317,1]
	[5262,1]
	[5316,4]
	[5315,1]
	[5337,2]
	[5344,2]
	[5298,1]
	[5348,1]
	[5350,1]
	[5345,1]
	[5340,1]
	[5326,2]
	[5265,1]
	[5256,1]
	[5306,1]
	[5335,1]
	[5338,2]
	[5388,1]
	[5389,1]
	[5384,1]
	[5416,3]
	[5259,1]
	[5424,1]
	[5423,1]
	[5381,1]
	[5428,1]
	[5429,1]
	[5459,1]
	[5414,1]
	[5455,1]
	[5464,2]
	[5408,1]
	[5404,1]
	[5440,2]
	[5490,1]
	[5483,1]
	[5539,1]
	[5542,1]
	[5570,1]
	[5574,3]
	[5572,1]
	[5529,1]
	[5307,1]
	[5579,1]
	[5573,1]
	[5603,1]
	[5606,1]
	[5607,1]
	[5611,1]
	[5558,1]
	[5602,1]
	[5610,1]
	[5557,1]
	[5616,2]
	[5559,1]
	[5637,2]
	[5645,1]
	[5644,2]
	[5643,1]
	[5640,1]
	[5642,1]
	[5641,1]
	[5651,1]
	[5694,1]
	[5718,2]
	[5544,1]
	[5721,2]
	[5725,1]
	[5726,1]
	[5717,1]
	[5670,1]
	[5724,1]
	[5730,1]
	[5754,1]
	[5755,1]
	[5759,3]
	[5762,1]
	[5761,1]
	[5763,3]
	[52,4]
	[5711,1]
	[5758,1]
	[5768,1]
	[5743,1]
	[5792,2]
	[5796,1]
	[5744,1]
	[5788,1]
	[5797,3]
	[5798,2]
	[5801,2]
	[5799,2]
	[5794,1]
	[5802,1]
	[5824,2]
	[5828,1]
	[5826,1]
	[56,2]
	[5830,1]
	[5782,2]
	[5835,1]
	[5833,1]
	[5837,1]
	[5779,1]
	[5904,1]
	[5910,1]
	[5865,1]
	[5912,1]
	[5905,1]
	[5915,1]
	[5864,1]
	[5916,1]
	[5917,1]
	[5935,1]
	[5938,1]
	[5890,1]
	[5943,2]
	[5896,1]
	[5944,1]
	[5892,1]
	[5946,1]
	[5971,1]
	[5977,1]
	[5930,1]
	[5932,1]
	[5987,1]
	[5988,1]
	[6013,1]
	[6056,2]
	[6063,2]
	[6058,2]
	[6060,3]
	[6008,1]
	[6014,1]
	[6068,1]
	[6061,1]
	[6087,1]
	[6074,2]
	[6070,1]
	[6059,3]
	[6042,1]
	[6037,1]
	[5994,1]
	[6043,1]
	[6032,2]
	[5980,1]
	[6020,1]
	[6053,1]
	[6011,1]
	[6015,1]
	[6069,1]
	[6089,1]
	[6090,1]
	[6093,1]
	[6096,1]
	[6097,2]
	[6100,2]
	[6150,1]
	[6091,1]
	[6143,1]
	[6101,1]
	[6174,2]
	[6178,1]
	[6182,1]
	[5884,1]
	[6137,1]
	[6188,1]
	[6135,2]
	[6212,1]
	[6165,1]
	[6216,2]
	[6220,2]
	[6224,2]
	[6166,1]
	[6225,1]
	[6248,1]
	[6206,2]
	[6260,1]
	[6261,1]
	[6253,1]
	[6252,1]
	[6255,1]
	[6209,1]
	[6282,1]
	[6285,1]
	[6293,1]
	[6287,1]
	[6237,1]
	[6286,1]
	[6241,1]
	[6246,1]
	[6367,2]
	[6371,1]
	[6372,1]
	[6375,1]
	[6322,1]
	[6376,2]
	[6379,1]
	[6373,1]
	[6328,1]
	[6405,1]
	[6408,1]
	[6354,1]
	[6411,2]
	[6413,1]
	[6359,1]
	[6418,3]
	[6417,1]
	[6362,1]
	[6442,1]
	[6445,2]
	[6446,1]
	[6398,1]
	[6443,1]
	[6454,2]
	[6453,1]
	[6455,1]
	[6483,1]
	[6482,1]
	[6530,1]
	[6531,1]
	[6528,1]
	[6487,1]
	[6479,1]
	[6560,1]
	[6565,3]
	[6569,1]
	[6571,1]
	[6518,1]
	[6519,1]
	[6562,1]
	[6550,1]
	[6598,1]
	[6604,1]
	[6605,1]
	[6606,2]
	[6556,1]
	[6611,1]
	[6607,1]
	[6674,1]
	[6683,1]
	[6689,1]
	[6688,2]
	[6679,2]
	[6712,2]
	[6716,3]
	[6719,1]
	[6720,1]
	[6724,2]
	[6726,2]
	[6725,2]
	[6730,2]
	[6749,1]
	[6752,2]
	[6755,2]
	[6757,2]
	[6760,2]
	[6710,1]
	[6765,3]
	[6711,1]
	[6756,2]
	[6761,2]
	[6764,2]
	[6709,1]
	[6768,1]
	[6786,1]
	[6773,1]
	[6698,1]
	[6744,1]
	[6739,1]
	[6681,1]
	[6676,1]
	[6728,1]
	[6776,2]
	[6715,1]
	[6801,2]
	[6804,1]
	[6802,1]
	[6809,1]
	[6807,1]
	[6759,1]
	[6813,3]
	[6800,1]
	[6815,1]
	[6812,1]
	[6816,1]
	[6840,1]
	[6839,1]
	[6799,1]
	[6853,2]
	[6798,1]
	[6850,1]
	[6796,1]
	[6878,1]
	[6874,1]
	[6882,1]
	[6887,1]
	[6881,1]
	[6892,3]
	[6838,1]
	[6879,1]
	[6891,1]
	[6913,1]
	[6917,1]
	[6920,1]
	[6921,3]
	[6923,1]
	[6912,1]
	[6929,3]
	[6875,1]
	[6928,1]
	[7000,2]
	[7004,2]
	[6954,1]
	[6961,1]
	[6964,1]
	[7013,1]
	[7039,1]
	[6988,1]
	[7048,2]
	[6998,1]
	[6993,1]
	[6991,1]
	[7053,1]
	[7052,1]
	[7051,1]
	[7081,2]
	[7075,2]
	[7035,1]
	[7080,2]
	[7084,1]
	[7031,1]
	[7083,1]
	[7079,1]
	[7118,1]
	[7164,1]
	[7169,1]
	[7170,1]
	[7168,1]
	[7151,2]
	[7199,1]
	[7200,1]
	[7204,2]
	[7206,1]
	[7205,3]
	[6848,1]
	[7201,1]
	[7209,2]
	[7211,1]
	[7156,1]
	[7214,1]
	[7123,1]
	[7241,1]
	[7192,1]
	[7245,1]
	[7189,1]
	[7252,1]
	[7224,1]
	[7277,1]
	[7280,4]
	[7331,2]
	[7330,1]
	[7283,1]
	[7335,1]
	[7333,1]
	[7336,1]
	[7284,1]
	[7278,1]
	[7360,2]
	[7361,2]
	[7260,1]
	[7364,1]
	[7362,1]
	[7275,1]
	[7366,1]
	[7291,1]
	[7374,2]
	[7316,1]
	[7376,1]
	[7321,1]
	[7403,2]
	[7363,1]
	[7408,3]
	[7357,1]
	[7407,1]
	[7434,1]
	[7437,2]
	[7443,1]
	[7446,2]
	[7450,1]
	[7440,1]
	[7497,2]
	[7486,2]
	[7496,2]
	[7520,2]
	[7523,2]
	[7524,2]
	[7479,1]
	[7529,2]
	[7522,1]
	[7482,3]
	[7557,1]
	[7507,1]
	[7515,1]
	[7494,2]
	[7492,1]
	[7500,1]
	[7448,1]
	[7499,1]
	[7445,1]
	[7532,2]
	[7542,2]
	[7540,1]
	[7545,1]
	[7546,1]
	[7547,2]
	[7571,1]
	[7575,5]
	[7573,1]
	[7579,2]
	[7535,1]
	[7582,1]
	[7583,1]
	[7157,1]
	[7588,1]
	[7531,2]
	[7616,2]
	[7664,1]
	[7667,1]
	[7665,3]
	[7670,1]
	[7673,1]
	[7677,1]
	[7678,2]
	[7619,1]
	[7668,1]
	[7624,1]
	[7703,1]
	[7707,1]
	[7708,2]
	[7711,3]
	[7712,1]
	[7660,2]
	[7715,1]
	[7702,1]
	[7718,1]
	[7722,1]
	[7663,1]
	[7719,1]
	[7746,1]
	[7750,1]
	[7754,2]
	[7700,1]
	[7756,1]
	[7757,1]
	[7761,1]
	[7760,1]
	[7758,2]
	[7762,1]
	[7789,2]
	[7792,1]
	[7787,1]
	[7842,2]
	[7793,1]
	[7846,1]
	[7797,2]
	[7844,1]
	[7427,1]
	[7850,1]
	[7798,1]
	[7852,1]
	[7830,1]
	[7884,2]
	[7889,1]
	[7891,2]
	[7839,2]
	[7878,1]
	[7895,1]
	[7835,1]
	[7920,1]
	[7923,1]
	[7921,2]
	[7876,1]
	[7928,1]
	[7927,1]
	[7929,1]
	[7934,1]
	[7933,1]
	[7886,2]
	[64,1]
	[7924,1]
	[7879,1]
	[7967,2]
	[7969,3]
	[7972,1]
	[7975,1]
	[7976,1]
	[8022,1]
	[8015,1]
	[8021,1]
	[7968,1]
	[7971,1]
	[8028,1]
	[8052,1]
	[8055,2]
	[8059,1]
	[8062,1]
	[8049,1]
	[8063,1]
	[8016,1]
	[8060,1]
	[8013,1]
	[8065,1]
	[8019,1]
	[8072,1]
	[8053,1]
	[8100,1]
	[8103,1]
	[8104,2]
	[8097,2]
	[8101,1]
	[8109,1]
	[8112,1]
	[8108,1]
	[8110,1]
	[8139,1]
	[8143,1]
	[8093,1]
	[8147,1]
	[8142,2]
	[8150,1]
	[8155,2]
	[8154,1]
	[8107,1]
	[8156,1]
	[8141,1]
	[8157,1]
	[8227,1]
	[8185,4]
	[8230,3]
	[8186,1]
	[8030,1]
	[8244,3]
	[8189,2]
	[8187,1]
	[8319,1]
	[8320,1]
	[8315,1]
	[8324,3]
	[8279,1]
	[8327,1]
	[8329,1]
	[8363,3]
	[8361,1]
	[8371,3]
	[8370,1]
	[8323,2]
	[50,1]
	[8374,1]
	[8318,2]
	[8372,1]
	[8385,1]
	[8356,1]
	[8357,2]
	[8343,1]
	[8340,1]
	[8342,1]
	[8330,1]
	[8273,1]
	[8331,1]
	[8276,1]
	[8358,1]
	[8407,4]
	[8364,1]
	[8412,1]
	[8414,1]
	[8415,1]
	[8410,1]
	[8405,1]
	[8420,1]
	[8369,1]
	[8360,1]
	[8452,1]
	[8453,4]
	[8456,1]
	[8406,2]
	[8457,3]
	[8458,1]
	[8454,2]
	[8460,3]
	[8459,1]
	[8455,2]
	[8461,1]
	[8178,1]
	[8462,1]
	[8493,1]
	[8495,1]
	[8446,1]
	[8498,1]
	[8500,1]
	[8501,3]
	[8496,1]
	[8507,1]
	[8451,1]
	[8494,1]
	[8537,2]
	[8490,1]
	[8539,3]
	[8541,3]
	[8544,2]
	[8545,1]
	[8591,1]
	[8594,2]
	[8585,1]
	[8600,1]
	[8543,1]
	[8623,1]
	[8626,3]
	[8582,1]
	[8630,2]
	[8639,1]
	[8640,1]
	[8642,1]
	[8644,2]
	[8632,2]
	[8590,1]
	[8645,1]
	[8668,1]
	[8672,1]
	[8675,2]
	[8678,1]
	[8679,1]
	[8680,3]
	[8290,1]
	[8684,2]
	[8689,1]
	[8690,1]
	[8717,4]
	[8720,1]
	[8718,1]
	[8721,1]
	[8727,1]
	[8775,1]
	[8770,2]
	[8779,1]
	[8781,1]
	[8776,1]
	[8811,1]
	[8430,1]
	[8769,1]
	[8819,1]
	[8818,1]
	[8820,2]
	[8825,1]
	[8824,1]
	[8803,1]
	[8855,4]
	[8857,1]
	[8860,1]
	[8809,2]
	[8862,1]
	[8863,1]
	[8868,2]
	[8810,1]
	[8870,1]
	[8871,2]
	[8808,1]
	[8896,2]
	[8899,5]
	[8891,2]
	[8903,1]
	[8904,1]
	[8897,1]
	[8908,1]
	[8856,2]
	[8906,2]
	[8902,1]
	[8912,1]
	[8905,1]
	[8914,1]
	[8916,1]
	[8850,1]
	[8939,1]
	[8944,2]
	[8943,1]
	[8959,1]
	[8955,1]
	[8953,1]
	[8895,1]
	[8952,1]
	[8984,1]
	[9030,3]
	[9032,2]
	[9033,1]
	[9042,1]
	[9043,1]
	[9040,1]
	[8994,1]
	[8990,1]
	[9044,1]
	[9049,1]
	[9072,1]
	[9074,1]
	[9076,2]
	[9079,1]
	[9083,2]
	[9078,1]
	[9089,1]
	[9088,2]
	[9036,1]
	[9084,1]
	[9035,1]
	[9116,1]
	[9120,1]
	[9094,1]
	[9131,1]
	[9134,2]
	[9130,1]
	[9133,1]
	[8726,1]
	[9082,1]
	[9138,1]
	[9139,3]
	[9135,1]
	[9167,1]
	[9163,1]
	[9218,2]
	[9223,2]
	[9224,2]
	[9217,2]
	[9222,1]
	[9165,1]
	[9173,3]
	[9220,2]
	[9166,1]
	[9229,1]
	[9237,1]
	[9205,1]
	[9210,4]
	[9206,1]
	[9196,2]
	[9148,1]
	[9189,1]
	[9194,1]
	[9140,1]
	[9124,1]
	[9128,1]
	[9123,1]
	[9180,1]
	[9212,3]
	[9215,1]
	[9211,1]
	[9214,2]
	[9221,2]
	[9225,4]
	[9226,1]
	[9228,1]
	[9232,1]
	[9231,1]
	[9257,2]
	[9261,2]
	[9262,1]
	[9265,1]
	[9266,1]
	[9264,1]
	[9314,3]
	[9256,1]
	[9313,1]
	[9305,1]
	[9320,1]
	[9319,1]
	[9263,1]
	[9322,1]
	[9349,1]
	[9299,1]
	[9353,3]
	[9350,3]
	[9354,1]
	[9357,2]
	[9364,1]
	[9304,1]
	[9308,1]
	[9312,1]
	[9356,1]
	[9365,1]
	[9361,1]
	[9400,1]
	[9398,1]
	[9403,1]
	[9401,1]
	[9405,1]
	[9409,2]
	[9352,1]
	[9410,2]
	[9413,1]
	[9407,1]
	[9442,2]
	[9445,1]
	[9396,1]
	[9444,2]
	[9402,2]
	[9443,1]
	[9450,1]
	[9506,3]
	[9499,1]
	[9533,2]
	[9536,2]
	[9537,1]
	[9534,1]
	[9541,1]
	[9542,1]
	[9538,1]
	[9489,1]
	[9546,1]
	[9539,1]
	[9492,1]
	[9553,2]
	[9550,2]
	[9627,2]
	[9630,2]
	[9628,1]
	[9634,2]
	[9635,3]
	[9637,1]
	[9639,1]
	[9638,1]
	[9587,1]
	[9677,1]
	[9676,1]
	[9621,1]
	[9681,2]
	[9682,4]
	[9680,2]
	[9679,1]
	[9687,1]
	[9692,2]
	[9629,1]
	[9718,1]
	[9723,5]
	[9722,3]
	[9727,3]
	[9731,1]
	[9725,1]
	[9675,2]
	[9684,1]
	[9762,1]
	[9765,1]
	[9760,1]
	[9813,2]
	[9814,2]
	[9818,2]
	[9817,1]
	[9457,1]
	[9819,2]
	[9768,2]
	[9824,1]
	[9767,1]
	[9821,1]
	[9829,2]
	[9828,1]
	[9776,1]
	[9857,1]
	[9854,1]
	[9811,1]
	[9861,2]
	[9859,1]
	[9820,1]
	[9816,1]
	[9870,1]
	[9903,3]
	[9904,2]
	[9910,1]
	[9908,1]
	[9913,2]
	[9867,1]
	[9918,1]
	[9603,1]
	[9921,1]
	[9923,1]
	[9914,1]
	[9920,1]
	[9948,1]
	[9954,3]
	[9998,1]
	[10005,3]
	[10009,1]
	[10007,2]
	[10004,1]
	[9956,1]
	[10014,1]
	[9959,1]
	[10016,1]
	[10039,1]
	[10043,3]
	[10047,3]
	[10046,4]
	[10049,1]
	[10052,1]
	[10054,2]
	[10058,1]
	[10051,1]
	[10063,2]
	[10057,1]
	[10059,1]
	[10003,2]
	[10062,1]
	[10061,1]
	[9996,1]
	[10089,4]
	[10038,1]
	[10091,1]
	[10044,1]
	[10092,1]
	[10094,1]
	[10097,2]
	[10098,2]
	[10088,1]
	[10103,3]
	[10102,2]
	[10110,1]
	[10104,2]
	[10099,1]
	[10101,1]
	[10086,1]
	[10090,1]
	[10032,1]
	[10067,1]
	[10111,1]
	[10070,1]
	[10119,1]
	[10122,1]
	[10136,1]
	[10139,2]
	[10137,1]
	[10143,2]
	[10144,1]
	[10100,2]
	[10140,2]
	[10141,1]
	[10151,1]
	[10152,1]
	[10159,2]
	[10155,1]
	[10093,1]
	[10183,1]
	[10187,4]
	[10188,1]
	[10191,4]
	[10138,1]
	[10195,2]
	[10193,1]
	[10149,1]
	[10148,1]
	[10147,1]
	[10198,2]
	[10142,2]
	[10205,1]
	[10200,1]
	[10206,3]
	[10202,1]
	[10207,1]
	[10235,1]
	[10240,1]
	[10190,1]
	[10244,1]
	[10246,1]
	[10249,1]
	[10254,1]
	[10237,1]
	[10300,1]
	[10221,1]
	[10329,1]
	[10327,2]
	[10333,2]
	[10288,1]
	[10337,1]
	[10331,1]
	[10341,1]
	[10342,1]
	[10347,2]
	[10340,1]
	[10339,1]
	[10423,1]
	[10427,1]
	[10431,3]
	[10432,1]
	[10422,1]
	[10381,1]
	[10436,2]
	[10382,1]
	[10426,1]
	[10430,1]
	[10383,1]
	[10435,1]
	[10476,6]
	[10477,1]
	[10479,2]
	[10485,1]
	[10475,1]
	[10486,1]
	[10304,1]
	[10484,1]
	[10491,1]
	[10488,1]
	[10424,1]
	[10520,2]
	[10522,3]
	[10478,1]
	[10524,2]
	[10174,1]
	[10527,1]
	[10529,1]
	[10532,2]
	[10517,1]
	[10530,1]
	[10118,1]
	[10538,1]
	[10539,1]
	[10490,1]
	[10472,1]
	[10534,1]
	[10542,1]
	[10541,1]
	[10617,4]
	[10570,1]
	[10622,1]
	[10615,1]
	[10628,1]
	[10624,1]
	[10631,2]
	[10633,1]
	[10625,1]
	[10582,1]
	[10664,1]
	[10666,2]
	[10665,1]
	[10669,1]
	[10662,1]
	[10671,1]
	[10674,1]
	[10675,2]
	[10618,1]
	[10679,1]
	[10621,1]
	[10632,1]
	[10616,1]
	[10713,1]
	[10712,1]
	[10721,2]
	[10723,1]
	[10722,1]
	[10718,1]
	[10714,1]
	[10668,1]
	[10728,1]
	[10672,1]
	[10720,1]
	[10754,1]
	[10758,2]
	[10762,2]
	[10757,3]
	[10811,3]
	[10760,1]
	[10816,4]
	[10814,2]
	[10808,3]
	[10766,1]
	[10817,1]
	[10813,2]
	[10812,1]
	[10759,1]
	[10822,2]
	[10807,1]
	[10823,1]
	[10848,1]
	[10851,1]
	[10854,2]
	[10857,1]
	[10806,1]
	[10856,1]
	[10858,2]
	[10865,1]
	[10862,2]
	[10809,2]
	[10867,1]
	[10804,1]
	[10866,1]
	[10855,1]
	[10870,1]
	[10869,1]
	[10873,1]
	[10897,2]
	[10900,1]
	[10904,3]
	[10849,1]
	[10903,1]
	[10912,1]
	[10915,2]
	[10919,1]
	[10918,1]
	[10948,1]
	[10950,2]
	[10949,2]
	[10953,1]
	[10956,1]
	[10909,1]
	[10947,2]
	[10871,1]
	[10957,2]
	[10959,2]
	[10958,1]
	[10951,1]
	[10907,1]
	[10962,2]
	[11005,1]
	[11008,2]
	[11001,1]
	[11003,2]
	[11011,2]
	[11014,1]
	[10996,2]
	[11013,1]
	[11038,1]
	[11041,1]
	[11045,3]
	[11048,1]
	[11000,1]
	[11050,1]
	[11056,1]
	[11058,2]
	[11060,2]
	[11057,3]
	[10994,1]
	[11073,2]
	[11059,2]
	[11043,1]
	[11032,2]
	[11019,3]
	[11023,1]
	[11020,2]
	[11004,1]
	[11051,1]
	[10991,1]
	[11054,2]
	[11055,1]
	[11052,1]
	[11062,1]
	[11067,1]
	[11012,1]
	[11065,2]
	[11069,2]
	[11070,2]
	[11063,1]
	[11072,1]
	[11061,1]
	[11148,1]
	[11153,2]
	[11156,2]
	[11160,1]
	[11150,1]
	[11155,1]
	[11161,1]
	[11165,1]
	[11167,1]
	[11108,1]
	[11168,1]
	[11170,1]
	[11172,1]
	[11159,1]
	[11252,2]
	[11257,1]
	[11256,2]
	[11260,2]
	[11261,1]
	[11204,1]
	[11205,1]
	[11266,2]
	[11213,1]
	[11270,2]
	[11218,1]
	[11210,2]
	[11214,1]
	[11268,1]
	[11301,1]
	[11254,1]
	[11309,1]
	[10980,1]
	[11314,1]
	[11315,1]
	[11307,1]
	[11258,2]
	[11316,2]
	[11323,1]
	[11264,1]
	[11276,1]
	[11263,1]
	[11358,1]
	[11362,2]
	[11366,2]
	[11134,1]
	[11279,1]
	[11371,2]
	[11317,1]
	[11355,1]
	[11361,1]
	[11376,1]
	[11372,1]
	[11325,1]
	[11380,1]
	[11410,1]
	[11460,1]
	[11458,1]
	[11464,1]
	[11465,5]
	[11468,1]
	[11462,1]
	[11466,1]
	[11470,1]
	[11413,1]
	[65,1]
	[11416,1]
	[11469,4]
	[11473,1]
	[11472,2]
	[11414,1]
	[11475,1]
	[11420,1]
	[11504,1]
	[11508,1]
	[11512,2]
	[11513,2]
	[11510,2]
	[11517,2]
	[11461,1]
	[11506,1]
	[11509,1]
	[11518,4]
	[11516,2]
	[11521,2]
	[11522,1]
	[11505,1]
	[11527,2]
	[11529,1]
	[11524,1]
	[11530,1]
	[11558,1]
	[11562,1]
	[11561,1]
	[11525,1]
	[11571,2]
	[11563,1]
	[11577,1]
	[11576,2]
	[11572,3]
	[11573,1]
	[11579,1]
	[11578,1]
	[11618,2]
	[11612,1]
	[11619,1]
	[11622,2]
	[11568,1]
	[11660,1]
	[11673,1]
	[11623,1]
	[11620,1]
	[11662,1]
	[11671,1]
	[11222,1]
	[11677,2]
	[11674,2]
	[11616,1]
	[11617,1]
	[11681,1]
	[11678,1]
	[11713,2]
	[11683,1]
	[11716,1]
	[11669,1]
	[11717,1]
	[11665,1]
	[11712,1]
	[11721,2]
	[11714,1]
	[11676,1]
	[11723,3]
	[11724,2]
	[11667,2]
	[11719,2]
	[11418,1]
	[11732,1]
	[11664,1]
	[11762,2]
	[11769,1]
	[11770,1]
	[11766,1]
	[11772,2]
	[11728,1]
	[11774,1]
	[11771,1]
	[11720,1]
	[11775,2]
	[11718,1]
	[11722,1]
	[11786,1]
	[11781,1]
	[11815,2]
	[11818,2]
	[53,1]
	[11493,1]
	[11828,2]
	[11831,2]
	[11829,1]
	[11824,1]
	[11827,1]
	[58,1]
	[11872,1]
	[11883,1]
	[11878,2]
	[11820,1]
	[11884,1]
	[11814,1]
	[11913,1]
	[11914,1]
	[11916,3]
	[11917,2]
	[11866,1]
	[11921,1]
	[11874,1]
	[11920,1]
	[11930,1]
	[11929,2]
	[11869,1]
	[11936,1]
	[11935,1]
	[11923,1]
	[12017,1]
	[12016,1]
	[12019,3]
	[12015,1]
	[12024,4]
	[11972,1]
	[12022,3]
	[11934,1]
	[12027,3]
	[11974,1]
	[11975,1]
	[11980,1]
	[11970,3]
	[12030,1]
	[12025,1]
	[11971,1]
	[12035,1]
	[12036,1]
	[11965,1]
	[12064,2]
	[12066,1]
	[12072,3]
	[12074,1]
	[12077,1]
	[12080,1]
	[11839,1]
	[12081,2]
	[12070,1]
	[12083,1]
	[12084,1]
	[12034,1]

1584,
	[114,1]
	[2443,1]

1628,
	[441,1]
	[2,416]
	[773,1]
	[34,7]
	[952,1]
	[1062,1]
	[113,4]
	[95,2]
	[1122,1]
	[150,1]
	[155,2]
	[1488,1]
	[75,5]
	[173,4]
	[47,5]
	[109,5]
	[41,2]
	[94,2]
	[97,4]
	[61,4]
	[198,2]
	[105,5]
	[151,1]
	[222,1]
	[51,5]
	[25,2]
	[114,4]
	[65,8]
	[211,1]
	[112,8]
	[46,2]
	[136,4]
	[54,1]
	[172,2]
	[124,2]
	[3138,1]
	[64,2]
	[128,3]
	[59,9]
	[3374,1]
	[3398,1]
	[104,2]
	[263,2]
	[142,2]
	[3628,1]
	[119,7]
	[72,5]
	[102,3]
	[130,3]
	[121,10]
	[207,1]
	[134,7]
	[186,1]
	[133,15]
	[31,4]
	[45,2]
	[217,2]
	[258,1]
	[4264,1]
	[117,3]
	[4323,1]
	[86,4]
	[126,6]
	[158,2]
	[96,5]
	[87,4]
	[4788,1]
	[115,3]
	[202,3]
	[141,5]
	[82,3]
	[37,6]
	[88,4]
	[147,8]
	[193,4]
	[98,3]
	[120,1]
	[139,1]
	[189,2]
	[58,2]
	[125,3]
	[36,1]
	[127,3]
	[154,6]
	[203,3]
	[181,2]
	[246,1]
	[107,5]
	[103,2]
	[83,4]
	[213,3]
	[93,2]
	[5638,1]
	[219,1]
	[108,1]
	[171,2]
	[132,3]
	[205,4]
	[84,2]
	[122,4]
	[28,2]
	[78,3]
	[85,3]
	[230,2]
	[368,1]
	[262,1]
	[209,1]
	[101,2]
	[43,5]
	[99,2]
	[116,6]
	[316,1]
	[156,2]
	[161,6]
	[214,1]
	[92,1]
	[216,1]
	[6744,1]
	[196,2]
	[67,4]
	[229,1]
	[6861,1]
	[191,2]
	[140,7]
	[71,2]
	[6860,1]
	[178,3]
	[40,2]
	[235,1]
	[33,1]
	[363,1]
	[266,1]
	[63,4]
	[55,6]
	[49,3]
	[224,4]
	[241,1]
	[146,2]
	[176,3]
	[194,3]
	[226,2]
	[44,4]
	[168,5]
	[162,3]
	[210,2]
	[165,4]
	[179,4]
	[177,1]
	[131,4]
	[180,1]
	[149,1]
	[48,1]
	[53,1]
	[400,1]
	[183,3]
	[91,2]
	[8646,1]
	[89,2]
	[184,1]
	[426,1]
	[164,3]
	[100,1]
	[52,3]
	[228,1]
	[123,1]
	[79,2]
	[169,5]
	[8890,1]
	[251,1]
	[561,1]
	[73,1]
	[185,3]
	[81,1]
	[206,1]
	[118,3]
	[148,2]
	[170,2]
	[406,1]
	[9245,1]
	[138,4]
	[296,1]
	[247,1]
	[257,1]
	[9378,1]
	[215,1]
	[135,2]
	[9607,1]
	[9601,1]
	[298,1]
	[56,3]
	[282,1]
	[167,2]
	[200,1]
	[106,1]
	[166,1]
	[10069,1]
	[454,1]
	[152,1]
	[225,1]
	[60,2]
	[10461,1]
	[35,1]
	[526,1]
	[223,2]
	[68,2]
	[576,1]
	[558,1]
	[144,1]
	[201,1]
	[157,1]
	[231,1]
	[10929,1]
	[66,1]
	[582,1]
	[69,1]
	[259,1]
	[328,1]
	[182,1]
	[50,1]
	[62,1]
	[111,1]
	[90,1]
	[265,1]
	[232,1]
	[556,1]
	[188,1]
	[70,2]
	[11845,1]
	[11839,1]
	[74,1]
	[12150,1]

1648,
	[2,563]
	[158,1]
	[102,1]
	[93,2]
	[115,1]
	[55,1]
	[258,2]
	[22,1]
	[89,2]
	[87,2]
	[120,1]
	[83,1]
	[109,1]
	[91,1]
	[71,2]
	[163,1]
	[82,1]
	[68,1]
	[124,1]
	[57,1]
	[81,1]
	[50,1]
	[62,3]
	[105,1]
	[86,1]
	[54,1]
	[100,1]
	[186,1]
	[111,1]
	[101,1]
	[75,1]
	[128,1]
	[77,1]
	[152,1]
	[78,2]
	[95,1]
	[123,1]
	[45,1]
	[119,1]

1660,
	[828,1]
	[1313,1]
	[1732,1]
	[1844,1]
	[3871,1]
	[4002,1]
	[5114,1]
	[5452,1]
	[6352,1]
	[1,1]
	[6768,1]
	[6929,1]
	[7532,1]
	[7575,1]
	[9223,1]
	[9354,1]
	[9443,1]
	[10154,1]
	[10481,1]
	[10243,1]
	[10910,1]
	[10584,1]

1616,
	[39,1]
	[8,1]
	[49,1]
	[13,1]
	[17,1]
	[44,1]
	[29,1]
	[102,1]
	[46,1]
	[22,1]
	[12,1]
	[32,1]
	[41,2]
	[81,1]
	[56,1]
	[79,1]
	[67,1]
	[60,1]
	[35,1]
	[124,1]
	[65,1]
	[51,1]
	[112,1]
	[19,1]

1680,
	[109,1]
	[105,1]
	[90,1]
	[55,2]
	[42,1]

1580,
	[145,1]
	[114,1]

len(carl_order):
19
Printing carl assignment order:
1648,2,0.46223316912972084
1628,2,0.2157676348547718
1632,3,0.1470152505446623
1660,1,0.045454545454545456
1616,124,0.02009646302250804
1680,109,0.013157894736842105
1648,258,0.01026098594691055
1580,145,0.007722007722007722
1628,266,0.006895509677064876
1584,114,0.0043859649122807015
1628,298,0.0020632737276478678
1628,328,0.001564945226917058
1628,454,0.0014444903012794056
1628,582,0.001422137947380896
1584,2443,0.00042936882782310007
1628,1122,0.0002750842445498934
1628,12150,0.00015974866210495488
1660,10910,0.00015034041365090956
1632,12084,0.00014243790243171752
bin_width: 311474
assigning lease 2 to address 1648
Average Cache Occupancy Per Bin: [0.24,0.19,0.19,0.17,0.19]
Total cost: 75776.0
assigning lease 2 to address 1628
Average Cache Occupancy Per Bin: [0.47,0.48,0.52,0.52,0.57]
Total cost: 146432.0
assigning lease 3 to address 1632
Average Cache Occupancy Per Bin: [2.42,2.40,2.41,2.39,2.36]
Total cost: 756480.0
assigning lease 1 to address 1660
Average Cache Occupancy Per Bin: [2.43,2.40,2.42,2.40,2.37]
Total cost: 758016.0
assigning lease 124 to address 1616
Average Cache Occupancy Per Bin: [2.52,2.56,2.64,2.80,2.52]
Total cost: 785920.0
assigning lease 109 to address 1680
Average Cache Occupancy Per Bin: [2.61,2.64,2.64,2.87,2.64]
Total cost: 813824.0
assigning lease 258 to address 1648
Average Cache Occupancy Per Bin: [3.47,3.30,3.58,3.38,3.36]
Total cost: 1083136.0
assigning lease 145 to address 1580
Average Cache Occupancy Per Bin: [3.47,3.41,3.58,3.38,3.46]
Total cost: 1083136.0
assigning lease 266 to address 1628
Average Cache Occupancy Per Bin: [10.7,13.9,15.5,17.8,19.0]
Total cost: 3355392.0
assigning lease 114 to address 1584
Average Cache Occupancy Per Bin: [10.9,13.9,15.5,17.8,19.0]
Total cost: 3413760.0
assigning lease 298 to address 1628
Average Cache Occupancy Per Bin: [11.2,14.0,15.6,18.1,19.3]
Total cost: 3503872.0
assigning lease 328 to address 1628
Average Cache Occupancy Per Bin: [11.5,14.1,15.8,18.3,19.6]
Total cost: 3588352.0
assigning lease 454 to address 1628
Average Cache Occupancy Per Bin: [12.6,14.5,16.3,19.3,20.6]
Total cost: 3939840.0
assigning lease 582 to address 1628
Average Cache Occupancy Per Bin: [13.7,14.8,16.7,20.0,21.6]
Total cost: 4267520.0
assigning lease 2443 to address 1584
Average Cache Occupancy Per Bin: [15.6,14.8,16.7,20.0,21.6]
Total cost: 4863744.0
assigning lease 1122 to address 1628
Average Cache Occupancy Per Bin: [19.5,16.1,18.5,22.7,23.8]
Total cost: 6097920.0
assigning lease 12150 to address 1628
Average Cache Occupancy Per Bin: [29.8,25.5,38.7,63.8,66.2]
Total cost: 9312768.0
assigning lease 10910 to address 1660
Average Cache Occupancy Per Bin: [41.0,39.4,62.4,95.2,100.]
Total cost: 12790272.0
addr: 1632 ri: 12084
bin target: 159474688
	bin: 0.0 current capacity: 41.063690709336896  avg impact: 1108.3826707847204
	bin: 1.0 current capacity: 39.44866024130425  avg impact: 2320.7231679048655
	bin: 2.0 current capacity: 62.44948856084296  avg impact: 3196.030230452622
	bin: 3.0 current capacity: 95.2498121833604  avg impact: 4111.473882250204
	bin: 4.0 current capacity: 100.98584151486159  avg impact: 4912.234754746784
num_full_bins: 0
printing bin ranks sorted:
	bin: 4.0 rank: 0.0836715220273151
	selecting this^ bin
	bin: 3.0 rank: 0.10136272289502002
	bin: 2.0 rank: 0.14065902980382375
	bin: 1.0 rank: 0.2036224510936874
	bin: 0.0 rank: 0.424886026914555
acceptable_ratio: 0.0836715220273151
Assigning 1632 dual lease lease 12084 * 0.0836715220273151. Bin saturation: [133.,233.,329.,439.,512.]
Final saturation:
	0.0,41676391.02239851
	1.0,72768767.315485
	2.0,102744745.5226387
	3.0,136819031.59710294
	4.0,159474688.0
DUMP LEASES
0, 660, 3, 2f34, 0.9163284779726849 
0, 630, 98b, 0, 1 
0, 65c, 2f76, 0, 1 
0, 670, 102, 0, 1 
0, 67c, 2a9e, 0, 1 
0, 650, 7c, 0, 1 
0, 690, 6d, 0, 1 
0, 62c, 91, 0, 1 
Dump dual leases

