sample rate: 0.00390625
524,
	[3,63]
	[2,411]
	[5,26]
	[47,23]
	[4,359]
	[1,60]
	[14,21]
	[10,17]
	[6,29]
	[52,20]
	[1226,1]
	[59,80]
	[17,3]
	[13,20]
	[60,122]
	[55,26]
	[53,21]
	[108,5]
	[58,93]
	[61,91]
	[63,50]
	[49,26]
	[16,13]
	[62,36]
	[8,28]
	[50,11]
	[105,6]
	[57,55]
	[44,8]
	[11,21]
	[1975,1]
	[109,2]
	[66,4]
	[7,28]
	[54,25]
	[9,16]
	[65,10]
	[959,2]
	[70,1]
	[85,5]
	[56,31]
	[12,18]
	[1929,1]
	[64,21]
	[15,14]
	[45,18]
	[46,17]
	[2155,1]
	[48,19]
	[51,22]
	[2170,1]
	[1680,1]
	[2149,1]
	[2148,2]
	[2193,1]
	[43,10]
	[96,3]
	[1932,1]
	[69,2]
	[1648,2]
	[103,3]
	[2177,1]
	[104,2]
	[2472,1]
	[1934,1]
	[1722,1]
	[1437,1]
	[1183,1]
	[86,1]
	[2174,1]
	[106,2]
	[2919,1]
	[97,1]
	[1194,1]
	[1921,1]
	[958,1]
	[42,4]
	[1955,1]
	[981,1]
	[34,1]
	[87,1]
	[1983,1]
	[1936,1]
	[18,2]
	[2145,2]
	[82,1]
	[3128,1]
	[2978,1]
	[2203,1]
	[2129,1]
	[2204,1]
	[3894,1]
	[83,1]
	[107,3]
	[72,1]
	[88,1]
	[1923,1]
	[27,1]
	[1972,1]
	[1933,1]
	[1656,1]
	[1173,1]
	[73,1]
	[1985,1]
	[1439,1]
	[1919,1]
	[2166,1]
	[1186,1]
	[2144,1]
	[37,1]
	[2156,1]
	[110,1]
	[99,1]

528,
	[108,57]
	[106,242]
	[105,295]
	[104,219]
	[92,42]
	[4684,1]
	[59,3395]
	[1,1093]
	[65,373]
	[58,3134]
	[3346,1]
	[55,168]
	[2928,6]
	[63,1153]
	[69,76]
	[61,2941]
	[60,3874]
	[62,1645]
	[2735,7]
	[57,1416]
	[2726,10]
	[70,33]
	[64,1487]
	[56,850]
	[66,162]
	[2747,6]
	[2945,12]
	[2936,4]
	[68,52]
	[2921,8]
	[2705,25]
	[292,31]
	[2702,28]
	[2920,2]
	[67,74]
	[2685,15]
	[2691,13]
	[299,10]
	[301,23]
	[107,124]
	[97,3]
	[81,24]
	[82,62]
	[4962,1]
	[80,5]
	[78,21]
	[2967,4]
	[312,12]
	[302,7]
	[310,14]
	[2954,15]
	[2948,4]
	[289,11]
	[2934,7]
	[2699,20]
	[2694,21]
	[3103,1]
	[4810,1]
	[71,20]
	[72,36]
	[2973,5]
	[2744,6]
	[93,33]
	[2707,17]
	[2764,1]
	[2741,2]
	[296,6]
	[2711,28]
	[2714,20]
	[2675,8]
	[2715,21]
	[2949,7]
	[3099,1]
	[4500,2]
	[2950,4]
	[2782,1]
	[2731,12]
	[102,21]
	[2718,23]
	[2766,1]
	[2754,2]
	[2730,8]
	[2703,29]
	[2966,4]
	[2727,8]
	[2979,2]
	[308,25]
	[2712,30]
	[305,10]
	[2706,21]
	[2662,2]
	[2672,3]
	[2908,3]
	[94,37]
	[4402,1]
	[3472,2]
	[73,36]
	[2915,7]
	[293,23]
	[2710,13]
	[2709,19]
	[2748,3]
	[2957,8]
	[291,12]
	[2700,25]
	[2716,19]
	[2698,36]
	[2680,10]
	[284,9]
	[286,3]
	[3412,2]
	[85,24]
	[2924,4]
	[3111,2]
	[297,16]
	[2971,5]
	[2986,3]
	[2739,9]
	[2743,7]
	[2717,22]
	[2962,6]
	[2947,8]
	[304,5]
	[2689,24]
	[2961,6]
	[112,2]
	[103,84]
	[515,2]
	[3768,2]
	[4010,1]
	[2723,11]
	[2742,3]
	[2724,6]
	[2670,3]
	[2673,6]
	[2683,16]
	[2701,21]
	[2668,2]
	[2911,4]
	[2649,2]
	[2713,20]
	[3436,1]
	[4164,1]
	[3822,1]
	[2736,9]
	[3083,1]
	[4190,2]
	[2760,5]
	[2725,7]
	[2704,25]
	[2929,9]
	[2719,10]
	[2737,5]
	[2682,13]
	[2674,9]
	[2867,1]
	[95,27]
	[74,4]
	[2968,5]
	[2733,9]
	[2693,19]
	[2722,14]
	[690,1]
	[2946,7]
	[509,1]
	[84,18]
	[3123,1]
	[3124,1]
	[3121,1]
	[113,3]
	[3886,1]
	[3795,1]
	[3621,1]
	[2987,1]
	[3072,2]
	[96,11]
	[4226,1]
	[309,13]
	[3684,1]
	[315,13]
	[314,13]
	[1643,1]
	[2933,4]
	[313,9]
	[2679,4]
	[2959,8]
	[2671,6]
	[2910,1]
	[300,18]
	[4322,1]
	[680,1]
	[288,17]
	[2939,7]
	[2914,3]
	[2758,3]
	[290,3]
	[303,13]
	[2729,5]
	[2940,8]
	[2695,15]
	[2952,8]
	[111,4]
	[3585,1]
	[306,9]
	[2665,4]
	[2931,7]
	[2696,13]
	[2836,1]
	[2687,14]
	[529,4]
	[3433,1]
	[90,15]
	[295,7]
	[2800,1]
	[2932,8]
	[537,2]
	[4266,1]
	[3211,2]
	[2721,12]
	[2937,7]
	[2944,6]
	[2664,3]
	[2907,1]
	[4161,1]
	[4379,1]
	[4430,1]
	[2720,11]
	[2684,17]
	[2897,2]
	[3866,1]
	[3895,2]
	[2749,6]
	[2997,1]
	[2681,11]
	[2935,7]
	[3070,1]
	[2697,21]
	[294,9]
	[83,6]
	[3856,1]
	[3060,1]
	[2923,7]
	[3081,1]
	[3769,1]
	[2751,3]
	[307,17]
	[2938,8]
	[2960,3]
	[3281,1]
	[3714,2]
	[2990,5]
	[2964,6]
	[2663,3]
	[2955,9]
	[3405,1]
	[3958,1]
	[3456,1]
	[3844,1]
	[3158,1]
	[2976,2]
	[2930,8]
	[3129,1]
	[491,1]
	[4006,1]
	[316,11]
	[298,6]
	[86,6]
	[3571,2]
	[3611,1]
	[3150,1]
	[3952,1]
	[2974,4]
	[695,1]
	[2980,3]
	[2678,8]
	[3654,1]
	[89,1]
	[3669,2]
	[2975,2]
	[2708,18]
	[477,1]
	[3228,1]
	[3244,1]
	[317,4]
	[2922,5]
	[3043,1]
	[2818,2]
	[2890,1]
	[3246,1]
	[3784,2]
	[4331,1]
	[4446,1]
	[2988,1]
	[2983,5]
	[2905,1]
	[1645,1]
	[4947,1]
	[259,1]
	[3634,1]
	[2965,4]
	[2941,6]
	[2750,2]
	[2819,2]
	[2840,1]
	[325,1]
	[2692,9]
	[311,8]
	[2926,5]
	[3896,2]
	[527,1]
	[2943,7]
	[4380,1]
	[3339,1]
	[318,5]
	[2734,7]
	[2690,10]
	[2676,6]
	[2,1]
	[3245,2]
	[3862,1]
	[3767,1]
	[4547,1]
	[3423,3]
	[2738,3]
	[285,10]
	[2895,3]
	[2953,6]
	[2956,4]
	[4395,1]
	[3690,1]
	[3138,1]
	[280,2]
	[2667,3]
	[2686,12]
	[88,1]
	[4393,1]
	[521,3]
	[2657,2]
	[2894,2]
	[3069,1]
	[4108,1]
	[2927,9]
	[2732,2]
	[2951,10]
	[2969,2]
	[2942,6]
	[2677,1]
	[351,2]
	[357,1]
	[531,1]
	[4727,1]
	[2728,3]
	[3259,1]
	[4327,1]
	[2977,1]
	[2688,11]
	[2849,1]
	[4231,1]
	[692,2]
	[3089,1]
	[3230,2]
	[4484,1]
	[3554,1]
	[2850,1]
	[2925,5]
	[3748,1]
	[3180,1]
	[2881,1]
	[700,2]
	[2659,1]
	[2913,5]
	[158,1]
	[2982,4]
	[4560,1]
	[2887,1]
	[2865,1]
	[109,2]
	[532,2]
	[4124,1]
	[2903,1]
	[3782,1]
	[3712,1]
	[2746,3]
	[3153,1]
	[3601,1]
	[4449,1]
	[3305,1]
	[2763,1]
	[2874,1]
	[3001,1]
	[3416,1]
	[4005,1]
	[3364,1]
	[3889,1]
	[2992,1]
	[2752,2]
	[2919,1]
	[91,5]
	[3961,1]
	[321,1]
	[2917,2]
	[4154,1]
	[3309,2]
	[2978,1]
	[3424,1]
	[3657,1]
	[2958,3]
	[4601,1]
	[2616,1]
	[4364,1]
	[4781,1]
	[3964,1]
	[2860,1]
	[4840,1]
	[3996,1]
	[49,1]
	[2963,5]
	[2805,1]
	[497,1]
	[3100,1]
	[3491,1]
	[699,1]
	[2872,1]
	[3402,1]
	[1698,1]
	[75,1]
	[2984,1]
	[706,1]
	[2906,2]
	[2853,1]
	[3548,1]
	[3519,1]
	[3947,1]
	[2970,2]
	[2658,1]
	[3960,1]
	[3120,2]
	[3036,1]
	[2880,1]
	[4317,1]
	[3693,1]
	[3867,2]
	[3688,1]
	[110,3]
	[3430,1]
	[2646,1]
	[2756,2]
	[3426,3]
	[3289,1]
	[3207,1]
	[3068,1]
	[3306,1]
	[2753,2]
	[4522,1]
	[4302,1]
	[3465,1]
	[2611,1]
	[4674,1]
	[3073,1]
	[45,1]
	[2916,3]
	[4162,1]
	[79,4]
	[76,1]
	[4026,1]
	[3557,1]
	[3729,1]
	[4338,1]
	[461,3]
	[2669,2]
	[517,1]
	[4188,1]
	[3128,1]
	[2617,1]
	[694,1]
	[683,1]
	[4138,1]
	[3413,1]
	[3520,1]
	[3252,1]
	[2666,1]
	[2989,1]
	[3178,1]
	[2651,1]
	[2909,1]
	[687,1]
	[287,2]
	[2625,1]
	[3432,1]
	[3871,1]
	[2759,1]
	[3071,1]
	[4345,1]
	[4640,1]
	[4681,1]
	[326,1]
	[3209,1]
	[320,1]
	[4662,1]
	[216,1]
	[1673,1]
	[3183,1]
	[2838,1]
	[3011,1]
	[4063,1]
	[3235,1]
	[346,1]
	[4125,1]
	[4024,1]
	[3604,1]
	[3798,1]
	[4301,1]
	[3590,1]
	[3766,1]
	[2655,1]
	[3775,1]
	[3832,1]
	[3145,1]
	[3357,1]
	[2837,1]
	[3250,1]
	[3441,1]
	[696,1]
	[4020,1]
	[3236,1]
	[4250,1]
	[4570,1]
	[3838,1]
	[4120,1]
	[4095,1]
	[3122,1]
	[2994,1]
	[3151,1]
	[3649,1]
	[3421,1]
	[3778,1]
	[77,1]
	[2755,1]
	[283,1]
	[2761,1]
	[164,1]
	[401,1]
	[684,1]
	[2785,1]
	[3363,1]
	[3790,1]
	[4768,1]
	[1656,1]
	[322,1]
	[3082,1]
	[87,1]
	[3990,1]
	[2745,1]
	[4216,1]
	[2613,1]
	[2996,1]
	[4739,1]
	[3142,1]
	[2871,1]
	[3705,1]
	[3167,1]
	[3130,1]
	[3091,1]
	[3454,1]
	[2995,1]
	[4205,1]
	[3034,1]
	[2981,1]
	[2898,1]
	[3002,1]
	[4310,1]
	[3965,1]
	[2886,1]
	[3874,1]
	[4541,1]
	[688,1]
	[437,1]
	[4002,1]

544,
	[2,400]
	[17,23]
	[15,138]
	[32,2]
	[16,153]
	[23,30]
	[8,40]
	[57,47]
	[22,26]
	[19,105]
	[27,5]
	[43,39]
	[14,95]
	[56,24]
	[58,17]
	[6,1]
	[59,5]
	[25,25]
	[55,13]
	[20,38]
	[24,35]
	[18,123]
	[54,4]
	[26,12]
	[29,3]
	[10,12]
	[42,34]
	[11,9]
	[46,1]
	[41,19]
	[40,3]
	[9,13]
	[44,6]
	[3,6]
	[7,4]
	[62,2]
	[63,1]
	[31,4]
	[5,1]
	[4,2]
	[35,2]
	[12,4]
	[30,2]
	[61,1]
	[49,1]
	[60,1]
	[52,1]

520,
	[2,3]
	[3,2]
	[4,1]

576,
	[1,6]
	[3,5]
	[5,4]
	[4,1]
	[957,1]
	[969,1]
	[6,2]
	[1945,1]
	[1920,1]
	[970,1]
	[1916,1]
	[1683,1]
	[1928,1]
	[979,1]
	[967,1]
	[1687,1]
	[1927,1]

588,
	[2,9]
	[1948,1]
	[131,1]
	[63,1]
	[32,1]

len(carl_order):
24
Printing carl assignment order:
520,4,0.375
588,2,0.34615384615384615
576,1,0.2
544,2,0.13054830287206268
524,4,0.12247976957893293
576,6,0.12121212121212122
544,26,0.04731944591308026
544,63,0.04441529235382309
528,1,0.04264367367640748
524,8,0.024025974025974027
524,66,0.020928366278087515
528,69,0.014025613279261604
524,110,0.01245753114382786
528,108,0.011608370245914159
588,63,0.009389671361502348
588,131,0.007352941176470588
528,111,0.0013558300692979813
528,113,0.0011337868480725624
528,318,0.0009261637890239451
576,1945,0.0006750675067506751
524,3894,0.000550400140902436
588,1948,0.000550357732526142
528,322,0.0004191700433142378
528,4962,0.00039781683818204607
bin_width: 1507359
assigning lease 4 to address 520
Average Cache Occupancy Per Bin: [0.00,0.0,0.00,0.00,0.0]
Total cost: 2304.0
assigning lease 2 to address 588
Average Cache Occupancy Per Bin: [0.00,0.00,0.00,0.00,0.00]
Total cost: 2816.0
assigning lease 1 to address 576
Average Cache Occupancy Per Bin: [0.00,0.00,0.00,0.00,0.00]
Total cost: 3584.0
assigning lease 2 to address 544
Average Cache Occupancy Per Bin: [0.10,0.10,0.10,0.10,0.10]
Total cost: 161280.0
assigning lease 4 to address 524
Average Cache Occupancy Per Bin: [0.37,0.35,0.35,0.34,0.34]
Total cost: 564224.0
assigning lease 6 to address 576
Average Cache Occupancy Per Bin: [0.37,0.35,0.35,0.34,0.35]
Total cost: 564736.0
assigning lease 26 to address 544
Average Cache Occupancy Per Bin: [1.01,1.04,0.98,0.94,1.01]
Total cost: 1527296.0
assigning lease 63 to address 544
Average Cache Occupancy Per Bin: [1.22,1.26,1.17,1.09,1.14]
Total cost: 1849088.0
assigning lease 1 to address 528
Average Cache Occupancy Per Bin: [2.09,2.13,2.04,1.96,2.02]
Total cost: 3150848.0
assigning lease 8 to address 524
Average Cache Occupancy Per Bin: [2.25,2.28,2.19,2.13,2.16]
Total cost: 3402240.0
assigning lease 66 to address 524
Average Cache Occupancy Per Bin: [3.93,3.92,3.73,3.80,3.68]
Total cost: 5931776.0
assigning lease 69 to address 528
Average Cache Occupancy Per Bin: [53.8,54.2,54.1,54.2,54.4]
Total cost: 81198592.0
assigning lease 110 to address 524
Average Cache Occupancy Per Bin: [53.9,54.3,54.3,54.3,54.6]
Total cost: 81363712.0
assigning lease 108 to address 528
Average Cache Occupancy Per Bin: [58.3,58.5,58.7,58.7,59.3]
Total cost: 87964160.0
assigning lease 63 to address 588
Average Cache Occupancy Per Bin: [58.3,58.6,58.7,58.7,59.3]
Total cost: 87964160.0
assigning lease 131 to address 588
Average Cache Occupancy Per Bin: [58.3,58.6,58.7,58.7,59.3]
Total cost: 87964160.0
assigning lease 111 to address 528
Average Cache Occupancy Per Bin: [58.5,58.8,59.0,58.9,59.5]
Total cost: 88292864.0
assigning lease 113 to address 528
Average Cache Occupancy Per Bin: [58.7,59.0,59.1,59.0,59.7]
Total cost: 88511232.0
assigning lease 318 to address 528
Average Cache Occupancy Per Bin: [73.2,74.3,73.6,74.1,75.7]
Total cost: 110432256.0
assigning lease 1945 to address 576
Average Cache Occupancy Per Bin: [73.2,75.3,74.7,74.4,76.3]
Total cost: 110432256.0
assigning lease 3894 to address 524
Average Cache Occupancy Per Bin: [76.2,77.2,77.8,79.4,78.8]
Total cost: 114908160.0
assigning lease 1948 to address 588
Average Cache Occupancy Per Bin: [76.2,77.5,77.8,79.4,78.8]
Total cost: 114908160.0
assigning lease 322 to address 528
Average Cache Occupancy Per Bin: [76.4,77.7,78.0,79.6,79.1]
Total cost: 115268608.0
assigning lease 4962 to address 528
Average Cache Occupancy Per Bin: [228.,231.,227.,228.,237.]
Total cost: 345021440.0
Final saturation:
	0.0,345021440.0
	1.0,349605120.0
	2.0,342687488.0
	3.0,343819264.0
	4.0,358345472.0
DUMP LEASES
0, 20c, f36, 0, 1 
0, 210, 1362, 0, 1 
0, 220, 3f, 0, 1 
0, 208, 4, 0, 1 
0, 240, 799, 0, 1 
0, 24c, 79c, 0, 1 
Dump dual leases

