sample rate: 0.00390625
1604,
	[101,1]
	[8889,2]
	[8894,1]
	[83,1]
	[8896,2]
	[19,1]
	[27,1]
	[8902,1]
	[103,1]
	[8892,1]
	[23,2]

1636,
	[23,1102]
	[137,1]
	[8855,2]
	[8874,1]
	[17952,2]
	[45,6]
	[8868,1]
	[138,2]
	[42,2]
	[135,1]
	[17948,1]
	[26,1]
	[8822,1]
	[8831,1]
	[8819,3]
	[8828,1]
	[32,1]
	[24,2]
	[8898,1]
	[8857,1]
	[29,1]
	[8812,1]

1628,
	[8997,13]
	[8994,1103]
	[9018,1]
	[9000,2]
	[8989,1]
	[8986,2]
	[9015,1]
	[8987,2]
	[8992,1]
	[9006,1]
	[9024,1]
	[8991,1]

1700,
	[47,1089]
	[46,1]
	[37,2]
	[49,2]
	[199,1]
	[55,2]
	[41,2]
	[39,3]
	[191,1]
	[53,1]
	[23749,1]
	[8859,1]
	[52,1]
	[36,1]
	[27,1]

1692,
	[9053,1]
	[9281,1]
	[9403,1]
	[11061,1]
	[11137,1]
	[11335,1]
	[11769,1]
	[12163,1]
	[12395,1]
	[12833,1]
	[13867,1]
	[13931,1]
	[14411,1]
	[9498,2]
	[9896,1]
	[10016,2]
	[10236,1]
	[11042,1]
	[11718,1]
	[11990,1]
	[12896,3]
	[13192,1]
	[14798,3]
	[10264,1]
	[10324,1]
	[11480,1]
	[11818,1]
	[12232,1]
	[12576,3]
	[12868,3]
	[13174,1]
	[13564,2]
	[13902,2]
	[14012,1]
	[14604,1]
	[14706,2]
	[9196,1]
	[9534,1]
	[9578,2]
	[9902,2]
	[10442,2]
	[10828,1]
	[12474,1]
	[12600,1]
	[13796,1]
	[13966,1]
	[14254,2]
	[9798,2]
	[10046,2]
	[10330,1]
	[10632,1]
	[11232,4]
	[11716,1]
	[11914,2]
	[12212,1]
	[13208,2]
	[13462,1]
	[14448,1]
	[9384,1]
	[10474,2]
	[11000,2]
	[11520,1]
	[11976,1]
	[12792,2]
	[13690,1]
	[14030,3]
	[14360,2]
	[14768,1]
	[9478,1]
	[9634,2]
	[9872,2]
	[10422,1]
	[10630,2]
	[10894,1]
	[12082,1]
	[13410,1]
	[14084,1]
	[14128,1]
	[14524,1]
	[14712,1]
	[9116,1]
	[9286,1]
	[9490,1]
	[9834,1]
	[10286,1]
	[11292,1]
	[11810,1]
	[11950,1]
	[13184,1]
	[14892,1]
	[9126,1]
	[9392,1]
	[10884,1]
	[10934,1]
	[11132,2]
	[11556,2]
	[11656,2]
	[12168,1]
	[12500,1]
	[12790,1]
	[13594,1]
	[14514,1]
	[9982,1]
	[10128,2]
	[10398,1]
	[11024,1]
	[12014,1]
	[12604,2]
	[12828,1]
	[13100,1]
	[9990,1]
	[10096,1]
	[11442,1]
	[12782,1]
	[13522,2]
	[13550,1]
	[13724,1]
	[14212,2]
	[14238,1]
	[14922,1]
	[9049,2]
	[9310,3]
	[9664,3]
	[10072,1]
	[10548,1]
	[10862,1]
	[11258,1]
	[12118,1]
	[12150,2]
	[12326,1]
	[13506,1]
	[13970,1]
	[14282,2]
	[23940,2]
	[10238,1]
	[10314,4]
	[10512,1]
	[10946,2]
	[11340,1]
	[11572,3]
	[12010,2]
	[13044,1]
	[13108,1]
	[13588,1]
	[9078,1]
	[9198,1]
	[9418,1]
	[10224,1]
	[10900,1]
	[11172,1]
	[12078,3]
	[12374,1]
	[13980,2]
	[14504,1]
	[9446,1]
	[9506,1]
	[10662,1]
	[11414,1]
	[11758,2]
	[12050,3]
	[12356,1]
	[12746,2]
	[13084,2]
	[13194,1]
	[13786,1]
	[13888,2]
	[14442,1]
	[14580,2]
	[14844,1]
	[9084,2]
	[9624,2]
	[10010,1]
	[11782,1]
	[12978,1]
	[13148,1]
	[13436,2]
	[14840,1]
	[9228,2]
	[9512,1]
	[9814,1]
	[10414,4]
	[10898,1]
	[11096,2]
	[11394,1]
	[12390,2]
	[12644,1]
	[13630,1]
	[14298,2]
	[9656,2]
	[10182,2]
	[10702,1]
	[11158,1]
	[11974,2]
	[12872,1]
	[13212,1]
	[13542,1]
	[13950,1]
	[14532,2]
	[14918,1]
	[9604,2]
	[9812,2]
	[10076,1]
	[11264,2]
	[12592,1]
	[13266,1]
	[13310,1]
	[13706,1]
	[13894,1]
	[9468,1]
	[10992,1]
	[12366,1]
	[14074,2]
	[14650,2]
	[10066,1]
	[10116,2]
	[10738,3]
	[10838,2]
	[11350,1]
	[11682,1]
	[11972,1]
	[12776,1]
	[13696,1]
	[14350,2]
	[14754,1]
	[9164,1]
	[9580,1]
	[10206,2]
	[11196,1]
	[11786,2]
	[12282,1]
	[14410,1]
	[14868,2]
	[14876,1]
	[9172,2]
	[9278,1]
	[10624,1]
	[11964,1]
	[12704,2]
	[12732,1]
	[12906,1]
	[13394,2]
	[13420,1]
	[14104,1]
	[14556,1]
	[14866,2]
	[9254,2]
	[9730,1]
	[10044,1]
	[10440,1]
	[11300,1]
	[11332,3]
	[11508,1]
	[12688,2]
	[13152,1]
	[13464,2]
	[14130,1]
	[9420,1]
	[9496,4]
	[9694,1]
	[10522,1]
	[10754,3]
	[11192,2]
	[12226,1]
	[12290,1]
	[12770,1]
	[14240,1]
	[14762,1]
	[9406,1]
	[10082,1]
	[10354,1]
	[11260,2]
	[13162,1]
	[13686,1]
	[14550,1]
	[9844,1]
	[10596,1]
	[10940,2]
	[11538,1]
	[11928,3]
	[12266,1]
	[12376,1]
	[12968,1]
	[13070,2]
	[13624,1]
	[13762,3]
	[14026,1]
	[14886,2]
	[9192,1]
	[10964,1]
	[12160,1]
	[12330,1]
	[12618,1]
	[14022,1]
	[14306,2]
	[14944,2]
	[9024,2]
	[9596,3]
	[10080,1]
	[10278,2]
	[10576,1]
	[11826,2]
	[12812,1]
	[13480,1]
	[14630,1]
	[14896,1]
	[9050,1]
	[9364,2]
	[9884,1]
	[10340,1]
	[11156,1]
	[12054,1]
	[12394,1]
	[12724,1]
	[13132,1]
	[13714,2]
	[14100,1]
	[14218,2]
	[14516,1]
	[14790,1]
	[9258,1]
	[10446,1]
	[11774,1]
	[12448,1]
	[12492,1]
	[12888,1]
	[13076,1]
	[14476,1]
	[14554,1]
	[10174,1]
	[11548,1]
	[13256,1]
	[13832,1]
	[14294,1]
	[9248,1]
	[9298,1]
	[9920,2]
	[10020,2]
	[10532,1]
	[10864,1]
	[11154,2]
	[11958,1]
	[12878,1]
	[13532,2]
	[13936,1]
	[14428,1]
	[9388,1]
	[10378,1]
	[10968,2]
	[11464,1]
	[13592,1]
	[14050,2]
	[14058,1]
	[9003,1]
	[9806,1]
	[11146,1]
	[11886,1]
	[12088,1]
	[12602,1]
	[13286,3]
	[13738,1]
	[14048,2]
	[14628,2]
	[9226,1]
	[9622,1]
	[10482,1]
	[10514,2]
	[10690,1]
	[11870,1]
	[12334,1]
	[12646,1]
	[13312,1]
	[14152,1]
	[14682,1]
	[14824,1]
	[9064,3]
	[9704,1]
	[9936,2]
	[10374,2]
	[11408,1]
	[11472,1]
	[11952,1]
	[13422,1]
	[13944,1]
	[14498,1]
	[14704,1]
	[9264,1]
	[9536,1]
	[12344,1]
	[13732,1]
	[14382,1]
	[14632,1]
	[9778,1]
	[10122,2]
	[10720,2]
	[11110,1]
	[11448,1]
	[11558,2]
	[12252,1]
	[12806,1]
	[12944,2]
	[14068,1]
	[10146,1]
	[11342,1]
	[11512,1]
	[11800,1]
	[13204,1]
	[13488,1]
	[14126,1]
	[14926,1]
	[9262,1]
	[9460,2]
	[9758,1]
	[11008,2]
	[11994,1]
	[12662,1]
	[13812,1]
	[14078,1]
	[14176,1]
	[14794,1]
	[14898,1]
	[9071,1]
	[9522,1]
	[10338,1]
	[11236,1]
	[11576,1]
	[11906,1]
	[12314,1]
	[13282,1]
	[13400,2]
	[13698,1]
	[13972,1]
	[9628,1]
	[10956,1]
	[11630,2]
	[11674,1]
	[12070,1]
	[12258,1]
	[13658,1]
	[13736,1]
	[14312,2]
	[14608,1]
	[14916,1]
	[9356,1]
	[10730,1]
	[12438,1]
	[13014,1]
	[13476,1]
	[14386,1]
	[14564,1]
	[9012,1]
	[9102,2]
	[9202,2]
	[9714,1]
	[10336,2]
	[11140,1]
	[12060,1]
	[12714,2]
	[13118,1]
	[13610,1]
	[14262,1]
	[14314,1]
	[9015,1]
	[9560,1]
	[10150,1]
	[10646,1]
	[12774,1]
	[13232,1]
	[13240,1]
	[14874,2]
	[9009,1]
	[10328,1]
	[11068,1]
	[11270,1]
	[11784,1]
	[12468,2]
	[12920,2]
	[13230,2]
	[13810,1]
	[9696,2]
	[11052,2]
	[11516,1]
	[11828,1]
	[12494,1]
	[13334,1]
	[13864,1]
	[14006,1]
	[14720,1]
	[9118,2]
	[9556,2]
	[10590,1]
	[10654,1]
	[11134,1]
	[13126,1]
	[13680,1]
	[13886,2]
	[14586,1]
	[14884,1]
	[11526,1]
	[12914,1]
	[13814,1]
	[14162,1]
	[14856,2]
	[9304,1]
	[10292,1]
	[10740,2]
	[11434,1]
	[11988,1]
	[12126,2]
	[13250,1]
	[9328,1]
	[10524,1]
	[10694,1]
	[10982,1]
	[12386,1]
	[12670,1]
	[13308,1]
	[14108,1]
	[14334,2]
	[14664,1]
	[10190,1]
	[11176,1]
	[11844,1]
	[12994,1]
	[13260,1]
	[13358,1]
	[13976,1]
	[14080,1]
	[9040,1]
	[9520,1]
	[10418,1]
	[10758,1]
	[11088,1]
	[11496,1]
	[12464,1]
	[12582,1]
	[12880,1]
	[13154,1]
	[14182,1]
	[10138,1]
	[10812,2]
	[10856,1]
	[11252,2]
	[11440,1]
	[12840,1]
	[12918,1]
	[13494,2]
	[13790,2]
	[14098,1]
	[9067,1]
	[9912,1]
	[11620,1]
	[12196,1]
	[12658,1]
	[13568,1]
	[13746,1]
	[14500,1]
	[9038,2]
	[9518,1]
	[10322,2]
	[11242,1]
	[11896,1]
	[12300,1]
	[13444,1]
	[13496,1]
	[14488,1]
	[14744,1]
	[9332,1]
	[9828,1]
	[11956,1]
	[12414,1]
	[12422,1]
	[14056,2]
	[14598,1]
	[14742,1]
	[9510,1]
	[10250,1]
	[10452,1]
	[10966,1]
	[11650,1]
	[12102,2]
	[12412,2]
	[12992,1]
	[10234,2]
	[10698,1]
	[11010,1]
	[11676,1]
	[12516,1]
	[13046,1]
	[13188,1]
	[14648,1]
	[14848,1]
	[9772,1]
	[9836,1]
	[10316,1]
	[12308,3]
	[12862,1]
	[13068,2]
	[13768,1]
	[14066,2]
	[10708,1]
	[12096,1]
	[12996,1]
	[13344,1]
	[14038,2]
	[9474,1]
	[9922,2]
	[10616,1]
	[11170,1]
	[11308,2]
	[12432,1]
	[14300,1]
	[14582,1]
	[9706,1]
	[9876,1]
	[10164,1]
	[11568,1]
	[11852,1]
	[12490,1]
	[13290,1]
	[13516,1]
	[13846,1]
	[14402,1]
	[9372,1]
	[10358,1]
	[11026,1]
	[12176,1]
	[12442,1]
	[12540,2]
	[13158,1]
	[13262,1]
	[9600,1]
	[9940,1]
	[10270,2]
	[10678,1]
	[11646,1]
	[11764,2]
	[12062,1]
	[12336,1]
	[13364,1]
	[14450,1]
	[9320,1]
	[9994,1]
	[10038,1]
	[10434,1]
	[10622,1]
	[12022,1]
	[12100,1]
	[12676,2]
	[12972,1]
	[13280,1]
	[9094,1]
	[10802,1]
	[11378,1]
	[11840,1]
	[12750,1]
	[12928,1]
	[13682,2]
	[9504,1]
	[10424,2]
	[11078,1]
	[11482,1]
	[12626,1]
	[12678,1]
	[13670,1]
	[13926,1]
	[14214,1]
	[14518,1]
	[11138,1]
	[11596,1]
	[11604,1]
	[13238,2]
	[13780,1]
	[13924,1]
	[14464,1]
	[9432,1]
	[10148,1]
	[10832,1]
	[11284,1]
	[11594,2]
	[12174,1]
	[14178,1]
	[14430,1]
	[14716,1]
	[9416,1]
	[9880,1]
	[10192,1]
	[10858,1]
	[11698,1]
	[12228,1]
	[12370,1]
	[13830,2]
	[11490,1]
	[12044,1]
	[12250,1]
	[12950,1]
	[13248,1]
	[9890,1]
	[11278,1]
	[12178,1]
	[12526,2]
	[13220,2]
	[9104,1]
	[10352,1]
	[10490,2]
	[11614,1]
	[13482,1]
	[13764,1]
	[9068,1]
	[9346,2]
	[10750,1]
	[11034,1]
	[11672,1]
	[12472,1]
	[12698,1]
	[13028,1]
	[13584,1]
	[14578,1]
	[14618,1]
	[9540,1]
	[10208,1]
	[11358,1]
	[11624,1]
	[11722,2]
	[12340,1]
	[12444,1]
	[23938,1]
	[10594,1]
	[11060,1]
	[12032,1]
	[12694,2]
	[13236,1]
	[13380,1]
	[13920,1]
	[9090,1]
	[10288,1]
	[11050,2]
	[11534,1]
	[13634,1]
	[14172,1]
	[9336,1]
	[9648,1]
	[11684,1]
	[13486,1]
	[13754,1]
	[14934,1]
	[11500,1]
	[11706,1]
	[12406,1]
	[14928,1]
	[9870,1]
	[10734,1]
	[10764,1]
	[11384,1]
	[11634,1]
	[11982,1]
	[14756,1]
	[14826,1]
	[9152,1]
	[9808,1]
	[9946,1]
	[10210,1]
	[11070,1]
	[12938,1]
	[14698,1]
	[9070,1]
	[11128,1]
	[12154,1]
	[12484,1]
	[12856,1]
	[13040,1]
	[14034,1]
	[10814,1]
	[11080,1]
	[11178,2]
	[11796,1]
	[11900,1]
	[14412,1]
	[14574,1]
	[9316,1]
	[9898,1]
	[10284,1]
	[10402,1]
	[10700,1]
	[10974,1]
	[12002,1]
	[13088,1]
	[13678,1]
	[14344,2]
	[14616,1]
	[14802,1]
	[9260,1]
	[10660,1]
	[11314,1]
	[11610,1]
	[11918,1]
	[13770,1]
	[13842,1]
	[14296,1]
	[14888,1]
	[14904,1]
	[9440,1]
	[10478,1]
	[11352,1]
	[11388,1]
	[11566,1]
	[12320,1]
	[13524,1]
	[14638,1]
	[9716,1]
	[10120,1]
	[10612,1]
	[11316,1]
	[12564,1]
	[12852,1]
	[13156,1]
	[13816,1]
	[14684,1]
	[9776,1]
	[10242,1]
	[11214,1]
	[11876,1]
	[12418,1]
	[12562,1]
	[13102,1]
	[14316,1]
	[9470,1]
	[10232,1]
	[10716,1]
	[12816,1]
	[13354,1]
	[14522,1]
	[14584,1]
	[10866,1]
	[12668,1]
	[12936,1]
	[14116,1]
	[9120,1]
	[10536,1]
	[10634,1]
	[11356,1]
	[13218,1]
	[13868,1]
	[14670,1]
	[9354,1]
	[9740,1]
	[9858,1]
	[10156,1]
	[10430,1]
	[11458,1]
	[12544,1]
	[13134,1]
	[13800,1]
	[14072,1]
	[14258,1]
	[10194,1]
	[10770,1]
	[11066,1]
	[11374,1]
	[13226,1]
	[13298,1]
	[13752,1]
	[9472,1]
	[9934,1]
	[10808,1]
	[10844,1]
	[11022,1]
	[11776,1]
	[12144,1]
	[12980,1]
	[13138,1]
	[14094,1]
	[14774,1]
	[9576,1]
	[10068,1]
	[10772,1]
	[12020,1]
	[12612,1]
	[13272,1]
	[14140,1]
	[9232,1]
	[9690,1]
	[9698,1]
	[10670,1]
	[11874,1]
	[12018,1]
	[12558,1]
	[13772,1]
	[14602,1]
	[14750,1]
	[9378,1]
	[9688,1]
	[10172,1]
	[10268,1]
	[12272,1]
	[12524,1]
	[12810,1]
	[13978,1]
	[14040,1]
	[14872,1]
	[9792,1]
	[10464,1]
	[11924,1]
	[12124,1]
	[12392,1]
	[13572,1]
	[14106,1]

1772,
	[207,1186]
	[32905,1]
	[198,1]
	[181,2]
	[138,1]
	[142,4]
	[139,2]
	[169,3]
	[193,2]
	[203,1]
	[32906,1]
	[192,1]
	[246,1]
	[185,1]
	[148,1]
	[183,1]
	[196,1]
	[137,1]
	[206,1]
	[204,2]
	[188,1]
	[134,1]

1632,
	[18621,1]
	[18755,1]
	[19159,1]
	[19207,2]
	[19675,1]
	[20223,2]
	[21197,1]
	[21845,2]
	[21973,1]
	[22579,1]
	[23115,2]
	[17952,4]
	[18465,1]
	[19043,1]
	[19479,3]
	[20033,1]
	[20641,2]
	[20977,1]
	[21305,1]
	[21629,1]
	[21951,2]
	[22353,1]
	[22565,2]
	[23495,1]
	[23569,1]
	[23785,1]
	[8985,2]
	[18363,3]
	[18573,1]
	[19539,1]
	[20733,2]
	[20965,1]
	[21571,1]
	[21963,2]
	[22541,1]
	[22691,1]
	[22839,2]
	[23023,2]
	[18065,2]
	[18707,1]
	[18989,1]
	[20141,2]
	[20557,2]
	[21141,1]
	[21473,1]
	[21799,1]
	[22357,2]
	[23417,1]
	[18071,1]
	[18591,1]
	[18781,1]
	[19705,2]
	[20471,1]
	[20587,1]
	[20805,1]
	[21129,2]
	[21635,1]
	[21881,1]
	[22547,1]
	[23135,3]
	[18105,2]
	[18163,1]
	[18367,2]
	[19019,2]
	[19419,2]
	[20059,1]
	[22201,1]
	[22781,1]
	[23075,1]
	[23783,1]
	[18033,2]
	[18757,1]
	[20073,2]
	[20157,1]
	[20359,1]
	[21453,4]
	[21969,2]
	[22551,1]
	[22561,1]
	[23501,2]
	[23581,1]
	[23781,1]
	[18595,1]
	[18737,1]
	[19209,1]
	[20039,1]
	[20567,1]
	[21813,2]
	[22311,1]
	[22913,1]
	[23067,2]
	[23343,1]
	[18267,2]
	[18301,1]
	[18857,1]
	[19589,1]
	[19867,1]
	[19967,1]
	[21145,4]
	[21399,1]
	[21885,2]
	[23195,1]
	[23605,1]
	[23727,1]
	[17947,2]
	[18871,1]
	[19253,2]
	[21567,1]
	[21989,1]
	[22195,3]
	[22283,1]
	[23061,1]
	[23827,1]
	[18133,2]
	[18703,1]
	[19299,1]
	[19633,1]
	[20717,2]
	[22221,1]
	[22259,2]
	[22751,2]
	[23069,1]
	[18403,2]
	[18475,2]
	[19255,2]
	[21417,1]
	[21499,3]
	[21721,1]
	[22333,1]
	[23525,1]
	[17948,1]
	[18331,3]
	[18379,1]
	[18847,1]
	[19395,1]
	[20369,1]
	[21017,1]
	[21751,1]
	[22287,1]
	[23089,2]
	[18225,1]
	[18661,3]
	[19215,1]
	[19823,2]
	[20159,1]
	[20487,1]
	[20811,1]
	[21133,2]
	[21535,1]
	[21747,2]
	[22677,1]
	[22967,1]
	[23713,1]
	[8997,2]
	[18721,2]
	[19915,2]
	[20147,1]
	[20753,1]
	[21723,1]
	[21873,1]
	[22021,2]
	[22205,2]
	[23807,1]
	[18171,1]
	[18389,1]
	[19323,1]
	[19739,1]
	[20323,2]
	[20655,1]
	[20981,1]
	[21539,2]
	[22599,1]
	[23057,1]
	[23187,1]
	[23445,1]
	[23615,1]
	[23819,1]
	[17966,1]
	[18887,1]
	[19653,1]
	[19769,1]
	[19987,1]
	[20311,1]
	[20817,1]
	[21063,1]
	[21729,1]
	[22317,2]
	[23243,1]
	[23455,1]
	[23721,1]
	[18201,2]
	[18601,2]
	[19241,1]
	[21383,1]
	[22257,1]
	[22965,1]
	[17954,1]
	[19339,1]
	[19541,1]
	[20635,3]
	[21151,2]
	[21733,1]
	[21743,1]
	[22683,2]
	[22763,1]
	[22963,1]
	[23223,1]
	[18391,1]
	[19221,1]
	[19749,1]
	[20995,1]
	[21493,1]
	[22095,1]
	[22249,1]
	[22525,1]
	[23269,2]
	[23355,2]
	[23639,3]
	[18039,1]
	[18771,1]
	[19049,1]
	[19149,1]
	[20327,5]
	[20581,1]
	[21067,2]
	[22377,1]
	[22787,1]
	[22909,1]
	[17950,1]
	[18053,1]
	[18435,2]
	[20749,1]
	[21171,1]
	[21377,1]
	[21465,1]
	[22243,1]
	[23009,1]
	[23407,1]
	[23527,1]
	[23747,1]
	[18481,1]
	[18815,2]
	[19899,2]
	[21403,1]
	[21441,1]
	[21933,3]
	[22251,2]
	[23775,1]
	[23835,1]
	[18437,2]
	[20599,1]
	[20681,3]
	[20903,1]
	[21515,1]
	[22707,1]
	[23045,1]
	[23413,2]
	[18029,1]
	[18577,1]
	[19551,1]
	[20199,1]
	[20933,2]
	[21469,1]
	[22271,3]
	[23309,1]
	[23557,2]
	[23841,1]
	[18397,1]
	[19005,2]
	[19341,1]
	[19669,1]
	[19993,1]
	[20315,1]
	[20929,2]
	[21859,1]
	[22149,1]
	[22895,1]
	[19097,2]
	[19329,2]
	[19935,1]
	[20905,1]
	[21055,1]
	[21203,1]
	[21387,2]
	[22989,1]
	[23145,1]
	[23383,2]
	[18505,1]
	[18921,1]
	[19505,1]
	[19837,1]
	[20163,1]
	[20721,2]
	[21781,1]
	[22239,1]
	[22369,1]
	[22627,1]
	[22797,1]
	[23001,1]
	[23345,1]
	[23797,1]
	[18069,1]
	[18835,1]
	[18951,1]
	[19169,1]
	[19493,2]
	[19999,1]
	[20245,1]
	[20911,1]
	[22425,1]
	[22637,1]
	[22903,2]
	[18423,2]
	[20565,2]
	[21439,1]
	[22147,1]
	[23493,1]
	[18521,1]
	[18723,1]
	[19817,3]
	[20333,2]
	[20915,1]
	[20925,1]
	[21865,2]
	[21945,1]
	[22145,1]
	[22405,1]
	[23607,1]
	[18931,1]
	[20177,1]
	[20675,1]
	[21277,1]
	[21431,1]
	[21707,1]
	[22451,2]
	[22537,2]
	[22821,3]
	[23175,2]
	[23583,2]
	[17961,1]
	[18231,1]
	[19509,4]
	[19763,1]
	[20249,1]
	[21559,1]
	[22091,1]
	[23749,1]
	[23825,3]
	[19931,2]
	[20353,1]
	[20559,1]
	[20647,1]
	[21425,1]
	[22191,1]
	[22589,1]
	[22709,1]
	[22929,1]
	[23735,1]
	[17997,1]
	[19081,2]
	[20585,1]
	[20623,1]
	[21115,2]
	[21433,1]
	[22957,1]
	[23017,1]
	[19781,1]
	[19863,2]
	[20085,2]
	[20697,1]
	[21889,1]
	[22227,1]
	[22595,1]
	[23521,1]
	[18733,1]
	[19381,1]
	[20115,1]
	[20651,1]
	[22491,1]
	[22739,4]
	[23325,1]
	[18187,1]
	[18523,1]
	[18851,1]
	[19175,1]
	[19497,1]
	[20111,2]
	[21041,1]
	[21331,1]
	[22077,1]
	[23167,2]
	[23693,2]
	[18279,1]
	[18511,1]
	[19117,1]
	[20087,1]
	[20237,1]
	[20385,1]
	[20569,2]
	[22171,1]
	[22327,1]
	[23323,1]
	[23587,1]
	[18103,1]
	[18687,1]
	[19345,1]
	[19903,1]
	[20963,1]
	[21421,1]
	[21551,1]
	[21809,1]
	[21979,2]
	[22183,1]
	[22527,1]
	[22979,1]
	[18017,1]
	[18351,1]
	[18675,1]
	[19181,1]
	[19427,1]
	[20093,2]
	[21607,1]
	[21819,1]
	[22085,1]
	[23577,1]
	[23627,1]
	[19747,1]
	[20621,1]
	[21329,1]
	[22675,1]
	[23091,1]
	[23717,1]
	[18999,2]
	[19515,2]
	[20097,2]
	[20107,1]
	[21047,2]
	[21127,1]
	[21327,1]
	[21587,1]
	[22789,1]
	[18113,1]
	[19359,2]
	[19857,1]
	[20459,1]
	[20613,1]
	[20889,1]
	[21633,1]
	[21719,2]
	[22003,3]
	[22765,1]
	[23241,1]
	[23555,1]
	[18691,4]
	[18945,1]
	[19431,1]
	[20741,1]
	[21273,1]
	[22931,1]
	[23007,3]
	[23205,1]
	[19113,2]
	[19535,1]
	[19741,2]
	[19829,1]
	[20607,1]
	[21373,1]
	[21771,1]
	[21891,1]
	[22111,1]
	[22917,1]
	[23593,2]
	[18263,2]
	[19767,2]
	[19805,1]
	[20297,2]
	[20615,1]
	[22139,1]
	[22199,1]
	[18963,1]
	[19045,2]
	[19267,1]
	[19879,1]
	[21071,1]
	[21409,1]
	[21777,2]
	[22703,1]
	[18563,1]
	[19297,1]
	[19833,1]
	[21673,1]
	[21921,1]
	[22507,1]
	[23107,3]
	[23591,1]
	[23789,1]
	[18357,1]
	[18679,1]
	[19293,1]
	[20513,1]
	[21259,1]
	[22349,2]
	[22875,3]
	[23395,1]
	[23851,1]
	[18299,1]
	[19269,1]
	[19567,2]
	[19751,1]
	[21353,1]
	[21509,1]
	[22297,1]
	[22505,1]
	[22769,1]
	[18527,1]
	[19085,1]
	[20145,1]
	[20603,1]
	[20991,1]
	[21161,2]
	[21365,1]
	[21709,2]
	[22161,1]
	[23685,1]
	[18609,2]
	[19275,1]
	[20789,1]
	[21001,1]
	[21267,2]
	[22759,1]
	[22809,1]
	[23431,2]
	[23531,2]
	[18929,1]
	[19803,1]
	[20511,1]
	[21857,1]
	[22273,1]
	[22899,1]
	[18181,1]
	[18697,1]
	[19279,2]
	[19289,1]
	[20229,1]
	[20309,1]
	[20509,1]
	[20769,1]
	[21971,1]
	[23317,1]
	[18541,1]
	[19039,1]
	[19641,1]
	[19795,1]
	[20071,1]
	[20815,1]
	[20901,1]
	[21185,2]
	[21947,1]
	[22423,1]
	[22737,1]
	[23133,1]
	[18127,1]
	[18613,1]
	[19923,1]
	[20455,1]
	[22113,1]
	[22189,3]
	[22387,1]
	[23215,1]
	[23447,2]
	[18295,1]
	[18717,1]
	[18923,1]
	[19011,1]
	[19789,1]
	[20555,1]
	[20953,2]
	[21073,1]
	[21293,1]
	[22099,1]
	[22775,1]
	[23047,1]
	[8949,1]
	[18949,1]
	[18987,1]
	[19797,1]
	[21321,1]
	[21381,1]
	[23289,2]
	[23633,1]
	[18145,1]
	[18227,2]
	[18449,1]
	[19061,1]
	[20253,1]
	[20591,1]
	[20959,1]
	[23657,1]
	[18034,1]
	[18479,1]
	[19015,1]
	[20855,1]
	[21103,1]
	[21689,1]
	[22289,1]
	[22773,1]
	[22971,1]
	[19405,1]
	[19695,1]
	[20441,1]
	[21531,2]
	[22057,2]
	[22577,1]
	[23033,1]
	[23849,1]
	[18451,1]
	[18749,1]
	[18933,1]
	[20535,1]
	[20691,1]
	[21479,1]
	[21687,1]
	[23139,1]
	[19327,1]
	[19785,1]
	[20173,1]
	[20343,1]
	[20547,1]
	[20891,1]
	[21343,1]
	[22867,1]
	[18457,1]
	[19971,1]
	[20183,1]
	[20449,1]
	[21941,2]
	[21991,1]
	[22613,1]
	[22713,2]
	[23225,1]
	[23847,1]
	[18111,1]
	[18985,1]
	[19693,1]
	[21039,1]
	[21455,1]
	[22081,1]
	[23071,1]
	[23661,2]
	[18461,2]
	[18471,1]
	[19411,1]
	[19491,1]
	[19691,1]
	[19951,1]
	[21153,1]
	[22499,1]
	[23839,1]
	[17949,1]
	[18221,1]
	[18823,1]
	[18977,1]
	[19997,1]
	[20083,1]
	[20367,1]
	[21605,1]
	[21919,1]
	[22315,1]
	[23207,1]
	[19105,1]
	[19637,1]
	[21295,1]
	[21371,2]
	[21569,1]
	[22397,1]
	[22629,1]
	[18193,1]
	[18971,1]
	[19737,1]
	[20135,1]
	[20255,1]
	[20475,1]
	[21281,1]
	[21957,1]
	[22229,1]
	[18131,1]
	[18169,1]
	[18979,1]
	[20503,1]
	[20563,1]
	[22471,1]
	[22815,1]
	[23803,1]
	[18243,1]
	[19435,1]
	[19773,1]
	[18197,1]
	[20037,1]
	[20285,1]
	[20871,1]
	[21471,1]
	[21955,1]
	[22153,1]
	[23701,1]
	[18587,1]
	[18877,1]
	[19623,1]
	[20713,1]
	[21239,1]
	[21759,1]
	[22215,1]
	[23031,1]
	[8961,1]
	[18115,1]
	[19717,1]
	[19873,1]
	[20661,1]
	[20869,1]
	[22321,1]
	[23649,1]
	[17972,1]
	[18509,1]
	[18967,1]
	[19355,1]
	[19525,1]
	[19729,1]
	[20525,1]
	[22049,1]
	[23423,1]
	[19153,1]
	[19365,1]
	[19631,1]
	[21123,1]
	[21173,1]
	[21795,1]
	[21895,1]
	[22407,1]
	[23029,1]
	[23833,1]
	[18427,1]
	[19193,1]
	[19591,1]
	[19711,1]
	[20737,1]
	[21413,1]
	[21685,1]
	[22591,1]
	[22887,1]
	[18117,2]
	[19959,1]
	[20019,1]
	[21175,1]
	[21513,1]
	[21927,1]
	[22563,2]
	[22869,1]
	[23259,1]
	[23597,1]
	[23707,1]
	[18891,1]
	[19229,1]
	[19273,1]
	[19597,1]
	[20137,1]
	[20523,1]
	[22169,1]
	[22295,1]
	[23491,1]
	[18455,2]
	[20025,1]
	[20927,1]
	[21411,1]
	[21609,1]
	[21907,1]
	[23157,1]
	[17951,1]
	[18043,1]
	[18333,1]
	[19079,1]
	[20169,1]
	[20695,2]
	[21215,1]
	[21671,1]
	[22487,1]
	[23385,1]
	[23725,1]
	[19173,1]
	[20117,1]
	[20325,1]
	[20589,1]
	[23105,1]
	[23779,1]
	[23823,1]
	[17953,1]
	[17967,1]
	[18553,1]
	[18811,1]
	[18981,1]
	[19185,1]
	[19529,1]
	[19981,1]
	[20987,1]
	[21505,1]
	[21645,1]
	[22879,1]
	[18821,1]
	[19087,1]
	[20579,1]
	[20629,1]
	[20827,1]
	[21251,1]
	[21351,2]
	[21863,1]
	[22485,1]
	[19677,1]
	[20719,1]
	[22299,2]
	[22523,1]
	[22795,1]
	[18049,1]
	[18129,1]
	[18329,1]
	[18589,1]
	[19685,1]
	[19791,1]
	[21137,1]
	[22477,1]
	[23217,1]
	[23245,1]
	[23419,1]
	[18635,1]
	[20243,1]
	[23201,1]
	[23665,2]
	[18153,1]
	[18275,1]
	[19933,1]
	[20009,1]
	[20207,1]
	[21035,1]
	[21705,1]
	[22803,1]
	[23283,1]
	[18375,1]
	[18773,1]
	[18893,1]
	[19919,1]
	[20595,1]
	[20867,1]
	[21773,1]
	[22069,1]
	[23675,1]
	[9001,1]
	[19141,2]
	[19201,1]
	[20357,1]
	[21109,1]
	[21745,1]
	[22051,1]
	[22441,1]
	[22779,1]
	[22889,1]
	[23481,1]
	[18073,1]
	[18411,1]
	[18779,1]
	[19319,1]
	[21477,2]
	[22673,2]
	[22843,1]
	[23131,2]
	[18277,1]
	[18543,1]
	[20035,1]
	[20283,1]
	[20707,1]
	[20807,2]
	[21319,1]
	[21651,1]
	[22745,1]
	[19133,1]
	[19549,1]
	[20175,1]
	[21165,1]
	[21755,1]
	[18045,1]
	[19247,1]
	[20593,1]
	[22701,1]
	[23363,1]
	[23389,1]
	[18091,1]
	[18177,1]
	[19223,1]
	[19699,1]
	[20013,1]
	[20409,1]
	[21269,1]
	[21301,1]
	[22657,1]
	[23121,1]
	[23433,1]
	[19389,1]
	[19465,1]
	[19663,1]
	[20491,1]
	[20723,1]
	[18229,1]
	[18349,1]
	[18569,1]
	[19375,1]
	[20051,1]
	[21229,1]
	[21525,1]
	[23655,1]
	[18597,1]
	[18657,1]
	[19813,1]
	[20151,1]
	[20909,1]
	[21201,1]
	[21507,1]
	[21897,1]
	[22235,1]
	[22345,1]
	[22937,1]
	[23039,1]
	[23731,1]
	[8953,1]
	[18235,1]
	[18775,1]
	[19161,1]
	[22129,1]
	[22587,1]

1760,
	[77,1176]
	[9062,2]
	[71,1]
	[9066,2]
	[9054,1]
	[63,1]
	[73,1]
	[65,1]
	[61,2]

1696,
	[9998,1]
	[10246,1]
	[10530,1]
	[10832,1]
	[11432,1]
	[11916,1]
	[12114,1]
	[12412,1]
	[13408,1]
	[13662,1]
	[14648,1]
	[9579,1]
	[10669,2]
	[11195,2]
	[11715,1]
	[12171,1]
	[12987,2]
	[13885,1]
	[14225,2]
	[14555,2]
	[9673,1]
	[9829,2]
	[10067,2]
	[10617,1]
	[10825,2]
	[11089,1]
	[12277,1]
	[13605,1]
	[14279,1]
	[14323,1]
	[14719,1]
	[9053,1]
	[9311,1]
	[9481,1]
	[9685,1]
	[10029,1]
	[10481,1]
	[11487,1]
	[12005,1]
	[12145,1]
	[13063,2]
	[13379,1]
	[8961,1]
	[9109,1]
	[9321,1]
	[9587,2]
	[11079,1]
	[11129,1]
	[11327,2]
	[11751,2]
	[11851,2]
	[12363,1]
	[12695,1]
	[12985,1]
	[13789,1]
	[14709,1]
	[10177,1]
	[10323,3]
	[10593,1]
	[11219,1]
	[12209,1]
	[12799,2]
	[13023,1]
	[13295,1]
	[9089,1]
	[10185,1]
	[10291,1]
	[11637,1]
	[12977,1]
	[13717,1]
	[13745,1]
	[13919,1]
	[14407,2]
	[14433,1]
	[9135,2]
	[9221,2]
	[9505,3]
	[9859,3]
	[10267,1]
	[10743,1]
	[11057,1]
	[11453,1]
	[12313,1]
	[12345,2]
	[12521,1]
	[13701,1]
	[14165,1]
	[14477,2]
	[10433,1]
	[10509,3]
	[10707,1]
	[11141,2]
	[11535,1]
	[11767,3]
	[12205,2]
	[13239,1]
	[13303,2]
	[13783,1]
	[9273,1]
	[9393,1]
	[9613,1]
	[10419,1]
	[11095,1]
	[11367,1]
	[12273,3]
	[12569,1]
	[14175,2]
	[14699,1]
	[9641,1]
	[9701,1]
	[10857,1]
	[11609,1]
	[11953,2]
	[12245,3]
	[12551,1]
	[12941,2]
	[13279,2]
	[13389,1]
	[13981,1]
	[14083,2]
	[14637,1]
	[14775,2]
	[8975,1]
	[9279,2]
	[9819,2]
	[10205,1]
	[11977,1]
	[13173,1]
	[13343,1]
	[13631,3]
	[9175,1]
	[9423,2]
	[9707,1]
	[10009,1]
	[10609,4]
	[11093,1]
	[11291,2]
	[11589,1]
	[12585,2]
	[12839,1]
	[13825,1]
	[14493,2]
	[9851,2]
	[10377,2]
	[10897,1]
	[11353,1]
	[12169,2]
	[13067,1]
	[13407,1]
	[13737,1]
	[14145,1]
	[14727,2]
	[9011,1]
	[9249,2]
	[9799,1]
	[10007,2]
	[10271,1]
	[11459,2]
	[12787,1]
	[13461,1]
	[13505,1]
	[13901,1]
	[14089,1]
	[8989,3]
	[9211,1]
	[9663,1]
	[11187,1]
	[12561,1]
	[14269,2]
	[14845,2]
	[10261,1]
	[10311,1]
	[10933,3]
	[11033,2]
	[11545,1]
	[11877,1]
	[12167,1]
	[12971,1]
	[13891,1]
	[14545,3]
	[9359,1]
	[9775,1]
	[10401,2]
	[11391,1]
	[11981,2]
	[12477,1]
	[14605,1]
	[9367,2]
	[9473,1]
	[10819,1]
	[12159,1]
	[12899,1]
	[12927,1]
	[13101,1]
	[13589,3]
	[13615,1]
	[14299,1]
	[14751,1]
	[9041,2]
	[9449,2]
	[9925,1]
	[10239,1]
	[10635,1]
	[11495,1]
	[11527,4]
	[11703,1]
	[12883,2]
	[13347,1]
	[13659,3]
	[14325,1]
	[9615,1]
	[9691,4]
	[9889,1]
	[10717,1]
	[10949,3]
	[11387,2]
	[12421,1]
	[12485,1]
	[12965,1]
	[14435,1]
	[9601,1]
	[10277,1]
	[10549,1]
	[11455,2]
	[13357,1]
	[13881,1]
	[14745,1]
	[10039,1]
	[10791,1]
	[11135,2]
	[11427,3]
	[11733,1]
	[12123,3]
	[12461,1]
	[12571,1]
	[13163,1]
	[13265,2]
	[13819,1]
	[13957,3]
	[14221,1]
	[9001,2]
	[9387,1]
	[11159,1]
	[12355,1]
	[12525,1]
	[12813,1]
	[14217,1]
	[14501,2]
	[9191,2]
	[9791,3]
	[10275,1]
	[10473,2]
	[10771,1]
	[12021,1]
	[13007,1]
	[13675,1]
	[14825,1]
	[9033,2]
	[9559,2]
	[10079,1]
	[10535,1]
	[11351,2]
	[12249,1]
	[12589,1]
	[12919,1]
	[13327,1]
	[13909,2]
	[14295,1]
	[14413,2]
	[14711,1]
	[8967,1]
	[8997,5]
	[9189,2]
	[9453,1]
	[10641,1]
	[11969,1]
	[12643,1]
	[12687,1]
	[13083,1]
	[13271,1]
	[14671,1]
	[14749,1]
	[10369,1]
	[11743,1]
	[13451,2]
	[14027,1]
	[14489,1]
	[9443,1]
	[9493,1]
	[10115,2]
	[10215,2]
	[10727,1]
	[11059,1]
	[11349,1]
	[12153,1]
	[13073,1]
	[13727,2]
	[14131,1]
	[14623,1]
	[9583,2]
	[10573,1]
	[11163,2]
	[11659,1]
	[13787,1]
	[14245,2]
	[14253,1]
	[10001,1]
	[11341,1]
	[12081,2]
	[12109,1]
	[12283,1]
	[12771,2]
	[12797,1]
	[13481,1]
	[13933,1]
	[14243,2]
	[14823,2]
	[9107,1]
	[9421,1]
	[9817,1]
	[10677,1]
	[10709,2]
	[10885,1]
	[12065,1]
	[12529,1]
	[12841,1]
	[13507,1]
	[14347,1]
	[14877,1]
	[9071,1]
	[9899,1]
	[10131,2]
	[10569,2]
	[11603,1]
	[11667,1]
	[12147,1]
	[13617,1]
	[14139,1]
	[14693,1]
	[14899,1]
	[9459,1]
	[9731,1]
	[10637,2]
	[12539,1]
	[13927,1]
	[14577,1]
	[14827,1]
	[9973,1]
	[10317,2]
	[10915,2]
	[11305,2]
	[11643,1]
	[11753,2]
	[12447,1]
	[13001,1]
	[13139,2]
	[13403,1]
	[14263,2]
	[10341,1]
	[11537,2]
	[11707,1]
	[11995,1]
	[13399,1]
	[13683,1]
	[14321,2]
	[8983,1]
	[9457,1]
	[9655,2]
	[9953,1]
	[11203,2]
	[12189,1]
	[12857,1]
	[14007,1]
	[14273,1]
	[14371,1]
	[9261,1]
	[9717,1]
	[10533,1]
	[11431,1]
	[11771,2]
	[12101,1]
	[12509,1]
	[13091,2]
	[13477,1]
	[13595,2]
	[13893,1]
	[14167,1]
	[9823,1]
	[11151,1]
	[11825,1]
	[11869,1]
	[12265,1]
	[12453,1]
	[13853,1]
	[13931,1]
	[14507,1]
	[14803,1]
	[9551,1]
	[10925,1]
	[12633,1]
	[13209,1]
	[13671,1]
	[14581,2]
	[14759,1]
	[9297,2]
	[9397,2]
	[9909,1]
	[10241,1]
	[10531,2]
	[11335,1]
	[12255,1]
	[12909,2]
	[13313,1]
	[13805,1]
	[14457,1]
	[14509,2]
	[9755,1]
	[10345,1]
	[10841,1]
	[12969,1]
	[13427,2]
	[13435,1]
	[9183,1]
	[10523,1]
	[11263,1]
	[11465,1]
	[11979,1]
	[12663,2]
	[13115,1]
	[13425,2]
	[14005,1]
	[8999,1]
	[9891,2]
	[11247,1]
	[11711,1]
	[12023,1]
	[12689,1]
	[13529,1]
	[14059,1]
	[14201,1]
	[9081,1]
	[9313,2]
	[9751,2]
	[10785,1]
	[10849,1]
	[11329,1]
	[13321,1]
	[13875,1]
	[14081,1]
	[14781,1]
	[11721,1]
	[13109,1]
	[13759,1]
	[14009,1]
	[14357,1]
	[9155,1]
	[9499,1]
	[10097,1]
	[10487,1]
	[10935,1]
	[11629,1]
	[12183,1]
	[12321,2]
	[13445,1]
	[9523,1]
	[10719,1]
	[10889,1]
	[11177,1]
	[12581,1]
	[12865,1]
	[13503,1]
	[14303,1]
	[14529,2]
	[14859,1]
	[10385,1]
	[11371,1]
	[12039,1]
	[13189,1]
	[13455,1]
	[13553,1]
	[14171,2]
	[14275,1]
	[9715,1]
	[10613,1]
	[10953,1]
	[11283,1]
	[11691,1]
	[12659,1]
	[12777,1]
	[13075,1]
	[13349,1]
	[14377,1]
	[9005,1]
	[10333,2]
	[11007,2]
	[11051,1]
	[11447,1]
	[11635,1]
	[13035,1]
	[13113,1]
	[13689,1]
	[13985,2]
	[14293,1]
	[10107,1]
	[11815,1]
	[12391,1]
	[12853,1]
	[13763,1]
	[13941,1]
	[14695,1]
	[9091,1]
	[9713,1]
	[10517,2]
	[11437,1]
	[12091,2]
	[12495,1]
	[13639,1]
	[13691,1]
	[14683,1]
	[9527,1]
	[10023,1]
	[12151,1]
	[12609,1]
	[12617,1]
	[14251,2]
	[14793,1]
	[8986,1]
	[9705,1]
	[10445,1]
	[10647,1]
	[11161,1]
	[11845,1]
	[12297,2]
	[12607,2]
	[13187,1]
	[9073,1]
	[10429,2]
	[10893,1]
	[11205,1]
	[11871,1]
	[12711,1]
	[13241,1]
	[13383,1]
	[14097,1]
	[14843,1]
	[9967,1]
	[10031,1]
	[10511,1]
	[12503,3]
	[13057,1]
	[13263,2]
	[13963,1]
	[14261,2]
	[10903,1]
	[12291,1]
	[13191,1]
	[13539,1]
	[14233,2]
	[9669,1]
	[10117,2]
	[10811,1]
	[11365,1]
	[11503,2]
	[12627,1]
	[14495,1]
	[14777,2]
	[9901,1]
	[10071,1]
	[10359,1]
	[11763,1]
	[12047,1]
	[12685,1]
	[13485,1]
	[13711,1]
	[14041,1]
	[14597,1]
	[9567,2]
	[10553,1]
	[11221,1]
	[12371,1]
	[12637,1]
	[12735,1]
	[13353,1]
	[13457,1]
	[9795,1]
	[10135,1]
	[10465,1]
	[10873,1]
	[11841,1]
	[11959,2]
	[12257,1]
	[12531,1]
	[13559,1]
	[14645,1]
	[9515,1]
	[10189,1]
	[10233,1]
	[10629,1]
	[10817,1]
	[12217,1]
	[12295,1]
	[12871,2]
	[13167,1]
	[13475,1]
	[9289,1]
	[10997,1]
	[11573,1]
	[12035,1]
	[12945,1]
	[13123,1]
	[13877,2]
	[9699,1]
	[10619,1]
	[11273,1]
	[11677,1]
	[12821,1]
	[12873,1]
	[13865,1]
	[14121,1]
	[14409,1]
	[14713,1]
	[9205,1]
	[11333,1]
	[11791,1]
	[11799,1]
	[13433,2]
	[13975,1]
	[14119,1]
	[14659,1]
	[9627,1]
	[10343,1]
	[11027,1]
	[11479,1]
	[11789,2]
	[12369,1]
	[14373,1]
	[14625,1]
	[9611,1]
	[10075,1]
	[10387,1]
	[11053,1]
	[11893,1]
	[12423,1]
	[12565,1]
	[14025,2]
	[9149,1]
	[9213,1]
	[9693,1]
	[11685,1]
	[12239,1]
	[12445,1]
	[13145,1]
	[13443,1]
	[10085,1]
	[11473,1]
	[12373,1]
	[12721,2]
	[13415,2]
	[8994,1]
	[9299,1]
	[9993,1]
	[10547,1]
	[10685,2]
	[11809,1]
	[13677,1]
	[13959,1]
	[9083,1]
	[9253,1]
	[9541,2]
	[10945,1]
	[11229,1]
	[11867,1]
	[12667,1]
	[12893,1]
	[13223,1]
	[13779,1]
	[14773,2]
	[14813,1]
	[9735,1]
	[10403,1]
	[11553,1]
	[11819,1]
	[11917,2]
	[12535,1]
	[12639,1]
	[9317,1]
	[9647,1]
	[10055,1]
	[11023,1]
	[11439,1]
	[11713,1]
	[12741,1]
	[13827,1]
	[14417,1]
	[14569,1]
	[14805,1]
	[9371,1]
	[9415,1]
	[9811,1]
	[9999,1]
	[11399,1]
	[11477,1]
	[12053,3]
	[12349,2]
	[12657,1]
	[10179,1]
	[10755,1]
	[11217,1]
	[12127,1]
	[12305,1]
	[13059,1]
	[14421,1]
	[9801,2]
	[10455,1]
	[10859,1]
	[12003,1]
	[12055,1]
	[13047,2]
	[13591,1]
	[13895,1]
	[10065,1]
	[10929,1]
	[10959,1]
	[11579,1]
	[11829,1]
	[12177,1]
	[9347,1]
	[10003,1]
	[10141,2]
	[10405,1]
	[11245,1]
	[11265,1]
	[12889,1]
	[13133,1]
	[14893,1]
	[11323,1]
	[12679,1]
	[13051,1]
	[13235,1]
	[14229,2]
	[14449,1]
	[11009,1]
	[11275,1]
	[11373,2]
	[11991,1]
	[12095,1]
	[14607,1]
	[14769,1]
	[9103,1]
	[9511,1]
	[10093,1]
	[10479,1]
	[10597,1]
	[10895,1]
	[11169,1]
	[12197,1]
	[13283,1]
	[13873,1]
	[14539,1]
	[14811,1]
	[9267,1]
	[9455,1]
	[10855,1]
	[11509,2]
	[11805,1]
	[12113,1]
	[13965,1]
	[14037,1]
	[14491,1]
	[9635,1]
	[10211,1]
	[10673,1]
	[11547,1]
	[11583,1]
	[11761,1]
	[12515,1]
	[13719,1]
	[14833,1]
	[9257,2]
	[9911,1]
	[10315,1]
	[10807,1]
	[11511,1]
	[12759,1]
	[13351,1]
	[14011,1]
	[14879,1]
	[9971,1]
	[10437,1]
	[11409,1]
	[12071,2]
	[12613,1]
	[12757,1]
	[13297,1]
	[14511,1]
	[9665,1]
	[10427,2]
	[10911,1]
	[13011,1]
	[13549,1]
	[14717,1]
	[14779,1]
	[9025,1]
	[11061,1]
	[12863,1]
	[13131,1]
	[14311,1]
	[10877,1]
	[11083,1]
	[11783,1]
	[14305,1]
	[14657,1]
	[8992,1]
	[9247,1]
	[10111,1]
	[10761,2]
	[11011,1]
	[11359,2]
	[14133,1]
	[14203,1]
	[9185,1]
	[9323,2]
	[10447,1]
	[11903,1]
	[12315,1]
	[12597,1]
	[14075,1]
	[14743,1]
	[9867,1]
	[10505,1]
	[11531,1]
	[11861,1]
	[12233,1]
	[12417,1]
	[13411,1]
	[14715,2]
	[9771,1]
	[10263,1]
	[10967,1]
	[12215,1]
	[12807,1]
	[13467,1]
	[14335,1]
	[9427,1]
	[9885,1]
	[9893,1]
	[10865,1]
	[12069,1]
	[12213,1]
	[12753,1]
	[13967,1]
	[14797,1]
	[9121,1]
	[9573,1]
	[9883,2]
	[10367,1]
	[10463,1]
	[12467,1]
	[12719,1]
	[13005,1]
	[14173,1]
	[14235,1]
	[9147,1]
	[9987,1]
	[10659,1]
	[12119,1]
	[12319,1]
	[12587,1]
	[13767,1]
	[14301,1]
	[9779,1]
	[10539,1]
	[11239,1]
	[13761,1]
	[14113,1]
	[14583,1]
	[9597,1]
	[10217,1]
	[10467,1]
	[10815,1]
	[14001,1]
	[9043,1]
	[9903,1]
	[13531,1]
	[13777,1]
	[14199,1]
	[14475,1]
	[9039,1]
	[9961,1]
	[10987,1]
	[11317,1]
	[11689,1]
	[11873,1]
	[12867,1]
	[12907,1]
	[13087,1]

1764,
	[14707,2]
	[13977,2]
	[14017,2]
	[13733,1]
	[13769,1]
	[13521,1]
	[13459,2]
	[13241,3]
	[13101,3]
	[12957,1]
	[12679,2]
	[11761,3]
	[11407,3]
	[11501,1]
	[11377,2]
	[11219,2]
	[10867,1]
	[10917,2]
	[10559,1]
	[10717,1]
	[10195,3]
	[10399,5]
	[10155,1]
	[10039,2]
	[9885,1]
	[9769,3]
	[9581,4]
	[9499,1]
	[9437,2]
	[8963,1]
	[14747,1]
	[14335,1]
	[14077,2]
	[13961,2]
	[13921,3]
	[13489,1]
	[12939,2]
	[12891,1]
	[12083,1]
	[11899,1]
	[11691,2]
	[11649,1]
	[11617,1]
	[11307,1]
	[11041,2]
	[10811,2]
	[10801,1]
	[10625,1]
	[10441,2]
	[9821,1]
	[9603,2]
	[9595,2]
	[9275,1]
	[8985,1]
	[9093,1]
	[14577,2]
	[14543,2]
	[13985,2]
	[14039,3]
	[14027,2]
	[13717,1]
	[13415,1]
	[13029,1]
	[12737,4]
	[12501,1]
	[12205,1]
	[12119,3]
	[11467,2]
	[11563,1]
	[11325,1]
	[10181,2]
	[9315,1]
	[9241,2]
	[14682,1]
	[14421,2]
	[14375,2]
	[13737,1]
	[12989,1]
	[12831,1]
	[12861,2]
	[12845,1]
	[12741,1]
	[12391,2]
	[10913,1]
	[10427,2]
	[10283,2]
	[10229,2]
	[9955,2]
	[9719,1]
	[9357,1]
	[9377,1]
	[9267,3]
	[9039,2]
	[9051,3]
	[14309,1]
	[14265,2]
	[14021,1]
	[13809,1]
	[13747,1]
	[13467,1]
	[13529,2]
	[13389,2]
	[12967,2]
	[11631,3]
	[11695,2]
	[11179,1]
	[11155,2]
	[10823,2]
	[10847,2]
	[10597,1]
	[10483,2]
	[10443,2]
	[10327,2]
	[10173,1]
	[9913,1]
	[9903,2]
	[9895,4]
	[10057,3]
	[9497,2]
	[9251,1]
	[8911,1]
	[14365,2]
	[14249,1]
	[13777,2]
	[13519,1]
	[13227,2]
	[12371,1]
	[12105,3]
	[11775,1]
	[11979,2]
	[11937,1]
	[11905,2]
	[11595,1]
	[11329,1]
	[11099,1]
	[10083,1]
	[10109,1]
	[9891,1]
	[9563,1]
	[9181,1]
	[9117,1]
	[9273,1]
	[9007,2]
	[14691,1]
	[14865,2]
	[14273,2]
	[13703,1]
	[13317,3]
	[12493,3]
	[12407,1]
	[11967,1]
	[11755,2]
	[11613,1]
	[11323,1]
	[10469,2]
	[10245,1]
	[10157,1]
	[9085,1]
	[14535,3]
	[14709,2]
	[13605,3]
	[13277,2]
	[13119,1]
	[11993,2]
	[11591,3]
	[11201,2]
	[10947,2]
	[10715,2]
	[10499,1]
	[10453,2]
	[10241,3]
	[10243,2]
	[9843,2]
	[9823,2]
	[10007,1]
	[9717,1]
	[9637,1]
	[9469,2]
	[9443,2]
	[9645,1]
	[9423,3]
	[9327,1]
	[8991,2]
	[14683,3]
	[14597,1]
	[13755,4]
	[12651,1]
	[12451,1]
	[12255,2]
	[12061,2]
	[11915,2]
	[11919,3]
	[11111,1]
	[10885,1]
	[10135,2]
	[10201,2]
	[10191,2]
	[10183,3]
	[9785,3]
	[9133,1]
	[9199,1]
	[9061,1]
	[14679,1]
	[14467,2]
	[13807,2]
	[13507,1]
	[13419,2]
	[12393,2]
	[11955,1]
	[12063,2]
	[11827,3]
	[11771,4]
	[11457,2]
	[11215,2]
	[10371,2]
	[10003,2]
	[9409,1]
	[9283,2]
	[9405,1]
	[9295,2]
	[8979,2]
	[9035,2]
	[14115,1]
	[13109,2]
	[12855,3]
	[12403,1]
	[12053,2]
	[11611,1]
	[11295,1]
	[11199,3]
	[11055,1]
	[10887,2]
	[10707,1]
	[10533,2]
	[10445,2]
	[9847,1]
	[9373,1]
	[9055,1]
	[14823,2]
	[14343,2]
	[14195,1]
	[14025,1]
	[13897,1]
	[13715,1]
	[13893,1]
	[12783,1]
	[12499,2]
	[12075,1]
	[12281,1]
	[11879,3]
	[11669,2]
	[11235,1]
	[10937,1]
	[10787,1]
	[10741,1]
	[10529,3]
	[10125,2]
	[10131,1]
	[10111,3]
	[10005,1]
	[9787,2]
	[9925,1]
	[9583,1]
	[9579,1]
	[9757,2]
	[9731,2]
	[9711,3]
	[9415,1]
	[9169,1]
	[9279,2]
	[8891,1]
	[14341,1]
	[14165,2]
	[14043,3]
	[13413,2]
	[12997,1]
	[12739,2]
	[12543,1]
	[12349,4]
	[12203,1]
	[10225,2]
	[10423,1]
	[10345,1]
	[9697,2]
	[9535,2]
	[9413,1]
	[9421,2]
	[9031,1]
	[9103,1]
	[14595,2]
	[14563,1]
	[14755,3]
	[14205,1]
	[14055,2]
	[13795,1]
	[13707,2]
	[13171,2]
	[13019,2]
	[12847,2]
	[12665,1]
	[12243,1]
	[12115,1]
	[12059,3]
	[11745,2]
	[11503,2]
	[10731,3]
	[10291,1]
	[9701,2]
	[9451,2]
	[9571,1]
	[14569,3]
	[14429,2]
	[14221,2]
	[14403,1]
	[13721,2]
	[13397,3]
	[13143,1]
	[12691,2]
	[12449,3]
	[12341,1]
	[12069,1]
	[11995,1]
	[11939,1]
	[11583,1]
	[11487,1]
	[11343,1]
	[11175,1]
	[10995,1]
	[10497,2]
	[10369,2]
	[9343,3]
	[14585,1]
	[14631,1]
	[14483,3]
	[14313,1]
	[14185,1]
	[14003,1]
	[13743,1]
	[13675,2]
	[13545,3]
	[13447,1]
	[13259,1]
	[13071,1]
	[12615,1]
	[12591,2]
	[12787,3]
	[12483,2]
	[12363,1]
	[12089,2]
	[11957,1]
	[11681,3]
	[11605,2]
	[11471,1]
	[11225,1]
	[10757,2]
	[10413,3]
	[9991,1]
	[10075,2]
	[9871,1]
	[9869,3]
	[9867,1]
	[9551,1]
	[9537,1]
	[9703,1]
	[9361,1]
	[9457,1]
	[9215,1]
	[9179,1]
	[8903,1]
	[14869,1]
	[14547,1]
	[14629,1]
	[14299,1]
	[14453,1]
	[13701,3]
	[13487,1]
	[13285,2]
	[12291,1]
	[12031,1]
	[11907,1]
	[11749,2]
	[11447,1]
	[11247,2]
	[10929,4]
	[10513,1]
	[10029,1]
	[9967,3]
	[9985,2]
	[9319,2]
	[14883,2]
	[14851,1]
	[14451,1]
	[14493,2]
	[13421,1]
	[13307,1]
	[13135,3]
	[12953,2]
	[12429,2]
	[11331,2]
	[10971,1]
	[9989,1]
	[9623,1]
	[9739,1]
	[9567,1]
	[14857,2]
	[14557,3]
	[14717,1]
	[14509,1]
	[14247,1]
	[14009,1]
	[13267,3]
	[13031,1]
	[12357,3]
	[12093,1]
	[12283,1]
	[12227,2]
	[10785,3]
	[10657,2]
	[9771,1]
	[8997,1]
	[9025,1]
	[14873,3]
	[14267,2]
	[14327,2]
	[14031,1]
	[13963,2]
	[13833,1]
	[13735,1]
	[13391,3]
	[13375,1]
	[13547,1]
	[13271,2]
	[12921,1]
	[12903,2]
	[12879,2]
	[12771,1]
	[12377,2]
	[11969,2]
	[11893,1]
	[11759,2]
	[11045,2]
	[10813,2]
	[10759,1]
	[10279,1]
	[9907,1]
	[10045,1]
	[9797,3]
	[9839,1]
	[9825,2]
	[9649,1]
	[9503,1]
	[9077,2]
	[9191,1]
	[14875,1]
	[14835,2]
	[14551,1]
	[14587,1]
	[14339,1]
	[14277,2]
	[14059,2]
	[13919,2]
	[13775,1]
	[13497,1]
	[12579,2]
	[12225,1]
	[12319,1]
	[12195,2]
	[12037,2]
	[11685,1]
	[11735,1]
	[11535,1]
	[11013,3]
	[11217,5]
	[10973,1]
	[10857,2]
	[10703,1]
	[10587,1]
	[10317,2]
	[10255,1]
	[9781,2]
	[9201,3]
	[8959,1]
	[14895,2]
	[14739,1]
	[14307,1]
	[13757,2]
	[13709,1]
	[12901,1]
	[12717,2]
	[12509,1]
	[12467,1]
	[12435,1]
	[12125,2]
	[11859,2]
	[11629,1]
	[11619,1]
	[11443,1]
	[11259,2]
	[10639,2]
	[10421,2]
	[10093,1]
	[9803,2]
	[9911,1]
	[9367,3]
	[8967,1]
	[14867,1]
	[14845,1]
	[14233,1]
	[13847,1]
	[13555,3]
	[13319,1]
	[13023,1]
	[12937,3]
	[12285,2]
	[12381,1]
	[12143,2]
	[10999,1]
	[10133,1]
	[10059,3]
	[9353,1]
	[9285,2]
	[9097,2]
	[14555,2]
	[13649,1]
	[13679,2]
	[13663,1]
	[13559,2]
	[13209,1]
	[11731,1]
	[11245,2]
	[11101,2]
	[11047,1]
	[10773,2]
	[10537,1]
	[10175,1]
	[10085,3]
	[9857,2]
	[9261,1]
	[9365,1]
	[9059,2]
	[8907,1]
	[14839,1]
	[14627,1]
	[14565,1]
	[14285,1]
	[14347,1]
	[14207,1]
	[13785,1]
	[12513,1]
	[11997,1]
	[11973,2]
	[11641,3]
	[11665,2]
	[11415,1]
	[11301,2]
	[11261,2]
	[11145,2]
	[10991,1]
	[10721,2]
	[10713,4]
	[10875,2]
	[10315,1]
	[10069,1]
	[9729,1]
	[9591,1]
	[9487,1]
	[9489,2]
	[9247,2]
	[9023,2]
	[14337,1]
	[14045,2]
	[13189,2]
	[12923,2]
	[12593,1]
	[12797,1]
	[12755,1]
	[12723,1]
	[12413,4]
	[12147,1]
	[11917,1]
	[10901,1]
	[10927,2]
	[10709,1]
	[10381,1]
	[9999,1]
	[9935,1]
	[10091,1]
	[9565,2]
	[9655,3]
	[9529,1]
	[9255,1]
	[14521,1]
	[14135,3]
	[13311,1]
	[13225,1]
	[12785,1]
	[12573,2]
	[12431,1]
	[12141,1]
	[11287,1]
	[11063,1]
	[10975,1]
	[9641,1]
	[9155,1]
	[14423,2]
	[14095,1]
	[13937,1]
	[12811,3]
	[12409,3]
	[12019,3]
	[11765,2]
	[11533,1]
	[11317,1]
	[11271,1]
	[11059,2]
	[11061,2]
	[10661,2]
	[10641,2]
	[10825,1]
	[10535,1]
	[10455,1]
	[10287,2]
	[10261,2]
	[10463,1]
	[10145,2]
	[9809,3]
	[9465,2]
	[9549,1]
	[9347,2]
	[9195,1]
	[8913,1]
	[14573,3]
	[13469,1]
	[13269,1]
	[13073,2]
	[12733,1]
	[11929,1]
	[11703,1]
	[10953,2]
	[11019,2]
	[11009,2]
	[11001,3]
	[10603,2]
	[9951,1]
	[10017,1]
	[9879,1]
	[9633,2]
	[9775,2]
	[9137,2]
	[9149,2]
	[8897,2]
	[14625,3]
	[14325,1]
	[14237,2]
	[13211,2]
	[12773,1]
	[12881,2]
	[12645,4]
	[12589,4]
	[12275,3]
	[12033,2]
	[11189,1]
	[10821,2]
	[10227,1]
	[10101,1]
	[10223,1]
	[10113,1]
	[9853,2]
	[9505,2]
	[9163,1]
	[9113,1]
	[13927,2]
	[13673,2]
	[13221,3]
	[12871,2]
	[12113,2]
	[12017,2]
	[11873,1]
	[11705,2]
	[11525,1]
	[11351,1]
	[11263,2]
	[10665,1]
	[9873,2]
	[14533,1]
	[14711,1]
	[13601,2]
	[12893,1]
	[13099,1]
	[12697,2]
	[12487,1]
	[11559,1]
	[11347,2]
	[10943,2]
	[10949,2]
	[10605,3]
	[10743,1]
	[10401,1]
	[10397,1]
	[10575,2]
	[10549,3]
	[10233,1]
	[9987,1]
	[10097,2]
	[9709,1]
	[9753,2]
	[8889,1]
	[14861,2]
	[14231,1]
	[13815,1]
	[13557,1]
	[13361,1]
	[13167,1]
	[13021,1]
	[11043,1]
	[11241,1]
	[11163,1]
	[10515,3]
	[10353,1]
	[10231,1]
	[10239,1]
	[9849,1]
	[9921,1]
	[9425,2]
	[9185,1]
	[9121,2]
	[14613,2]
	[14525,2]
	[13989,1]
	[13837,1]
	[13665,1]
	[13483,1]
	[13061,1]
	[12933,2]
	[12877,2]
	[12563,3]
	[12321,2]
	[11549,2]
	[11109,1]
	[10519,2]
	[10269,2]
	[10389,1]
	[9793,2]
	[8969,1]
	[14539,3]
	[14215,2]
	[13509,2]
	[13159,1]
	[12887,1]
	[12813,2]
	[12757,1]
	[12401,2]
	[12305,2]
	[12161,1]
	[11813,1]
	[11315,1]
	[11187,2]
	[10161,3]
	[9555,1]
	[9631,3]
	[9311,2]
	[14821,1]
	[14561,1]
	[14363,1]
	[13889,1]
	[13433,1]
	[13409,1]
	[13301,2]
	[13181,1]
	[12907,2]
	[12775,1]
	[12423,2]
	[12289,1]
	[12043,1]
	[11575,1]
	[11231,2]
	[10809,1]
	[10893,1]
	[10689,1]
	[10687,2]
	[10685,1]
	[10355,2]
	[10521,1]
	[10179,1]
	[10275,2]
	[10033,1]
	[9997,2]
	[9721,1]
	[9607,2]
	[9521,2]
	[9177,1]
	[9083,1]
	[14519,1]
	[14305,1]
	[14103,2]
	[12849,3]
	[12725,1]
	[12567,3]
	[12265,1]
	[12065,1]
	[11747,4]
	[10803,1]
	[10137,1]
	[14239,2]
	[14125,1]
	[13953,1]
	[13771,1]
	[13247,2]
	[12149,2]
	[11789,1]
	[10807,2]
	[10557,1]
	[10385,1]
	[9257,1]
	[14827,1]
	[14085,3]
	[13849,1]
	[13175,1]
	[12911,2]
	[13045,1]
	[11603,2]
	[11475,2]
	[10589,1]
	[9815,1]
	[9627,2]
	[9515,1]
	[9159,2]
	[9079,1]
	[14849,2]
	[14781,1]
	[14651,1]
	[14553,1]
	[14209,2]
	[14193,1]
	[14089,1]
	[13739,1]
	[13697,2]
	[13589,1]
	[13195,2]
	[12711,1]
	[12577,1]
	[11863,2]
	[11577,2]
	[11097,1]
	[10725,1]
	[10863,1]
	[10615,3]
	[10643,3]
	[10467,2]
	[10321,2]
	[10009,1]
	[9075,1]
	[14764,1]
	[14593,1]
	[14315,1]
	[13043,1]
	[13137,1]
	[13013,3]
	[12503,1]
	[12553,1]
	[12353,2]
	[11831,3]
	[12035,4]
	[11791,1]
	[11675,3]
	[11521,1]
	[11405,1]
	[11135,1]
	[11073,1]
	[10599,1]
	[10019,3]
	[9777,1]
	[9553,1]
	[9183,1]
	[14575,2]
	[14527,2]
	[13719,1]
	[13535,1]
	[13327,1]
	[13253,1]
	[12943,1]
	[12677,1]
	[12447,1]
	[12437,2]
	[12261,1]
	[12077,2]
	[11239,3]
	[10911,1]
	[10621,2]
	[10729,1]
	[10185,3]
	[8945,1]
	[14665,1]
	[14373,3]
	[14137,1]
	[13841,1]
	[13103,2]
	[13199,1]
	[12961,1]
	[11817,2]
	[10951,2]
	[10877,2]
	[10171,1]
	[10103,1]
	[9915,2]
	[9447,3]
	[8993,2]
	[14890,1]
	[14497,1]
	[14481,1]
	[14377,1]
	[12549,1]
	[11865,1]
	[11355,1]
	[10993,1]
	[10903,3]
	[10675,1]
	[10079,1]
	[9877,3]
	[9725,1]
	[9363,1]
	[9119,1]
	[14603,1]
	[13331,1]
	[12815,2]
	[12791,3]
	[12459,2]
	[12233,1]
	[12079,2]
	[11963,2]
	[11809,1]
	[11539,2]
	[11531,2]
	[11693,2]
	[11133,1]
	[10547,2]
	[10409,1]
	[10305,1]
	[10307,2]
	[10065,1]
	[9679,1]
	[9841,2]
	[9471,2]
	[14863,2]
	[14007,1]
	[13741,1]
	[13411,1]
	[13615,1]
	[13573,1]
	[13541,1]
	[13231,1]
	[12965,2]
	[12735,1]
	[11719,1]
	[11527,1]
	[10817,1]
	[10753,1]
	[10909,1]
	[10383,1]
	[10473,2]
	[10347,3]
	[10073,1]
	[9643,1]
	[9233,1]
	[14902,1]
	[14129,1]
	[13603,1]
	[13249,1]
	[12959,1]
	[11881,1]
	[11793,1]
	[10459,2]
	[9973,1]
	[13629,2]
	[12837,1]
	[12583,1]
	[12351,1]
	[12135,1]
	[11877,2]
	[11479,1]
	[11459,2]
	[11643,1]
	[11353,1]
	[11273,1]
	[11105,2]
	[11079,2]
	[11281,2]
	[10963,1]
	[10627,2]
	[10367,1]
	[10165,2]
	[10013,1]
	[9407,1]
	[14287,2]
	[14087,1]
	[13891,3]
	[13551,1]
	[12747,1]
	[12521,1]
	[11837,1]
	[11819,2]
	[11421,1]
	[10769,1]
	[10835,1]
	[10697,1]
	[10451,1]
	[10593,1]
	[9715,2]
	[9651,1]
	[9331,1]
	[14029,1]
	[13591,1]
	[13699,2]
	[13463,1]
	[13407,1]
	[13093,1]
	[12851,2]
	[12007,1]
	[11639,2]
	[10919,1]
	[10931,1]
	[10671,1]
	[10323,1]
	[9981,1]
	[9931,1]
	[9151,1]
	[8951,1]
	[14760,1]
	[14491,1]
	[13689,2]
	[12931,1]
	[12835,2]
	[12523,3]
	[12343,1]
	[12169,1]
	[12081,1]
	[11483,1]
	[10691,1]
	[14419,1]
	[13711,1]
	[13917,2]
	[13515,1]
	[13305,1]
	[12165,2]
	[11767,2]
	[11423,1]
	[11561,1]
	[11393,3]
	[11367,1]
	[11051,1]
	[10805,1]
	[10915,2]
	[10527,1]
	[10571,1]
	[9707,2]
	[9613,1]
	[9047,1]
	[14633,2]
	[14179,2]
	[13839,1]
	[11861,1]
	[11981,1]
	[11333,2]
	[11171,1]
	[11049,1]
	[11057,1]
	[10667,1]
	[10739,2]
	[9939,1]
	[9619,1]
	[9309,1]
	[14655,1]
	[14301,1]
	[13879,2]
	[13751,1]
	[13695,1]
	[13381,2]
	[13139,2]
	[12367,3]
	[11927,2]
	[11337,2]
	[11087,2]
	[11207,1]
	[10611,1]
	[9439,2]
	[9239,1]
	[14779,1]
	[13705,1]
	[13631,1]
	[13575,1]
	[13219,2]
	[13123,1]
	[12979,1]
	[12631,1]
	[12133,2]
	[12005,3]
	[10979,2]
	[10373,2]
	[10449,2]
	[10129,1]
	[9609,1]
	[9009,1]
	[14251,1]
	[14227,1]
	[14119,2]
	[13999,2]
	[13725,2]
	[13593,1]
	[13107,1]
	[12049,2]
	[11627,1]
	[11711,1]
	[11507,1]
	[11505,3]
	[11173,1]
	[11339,1]
	[10997,1]
	[11093,1]
	[10851,1]
	[10815,1]
	[10539,1]
	[10425,1]
	[10339,1]
	[9995,1]
	[9901,1]
	[9411,1]
	[9145,1]
	[9335,1]
	[13667,1]
	[13543,1]
	[13385,1]
	[13083,1]
	[12883,1]
	[12565,3]
	[11621,1]
	[10955,1]
	[9597,1]
	[9271,1]
	[14771,1]
	[14589,1]
	[14065,2]
	[12607,1]
	[11625,1]
	[11375,1]
	[11203,1]
	[14887,1]
	[14666,1]
	[13993,1]
	[13729,2]
	[13863,1]
	[12421,1]
	[12293,1]
	[10633,1]
	[10333,1]
	[9977,2]
	[9897,1]
	[9523,1]
	[9297,1]
	[14515,2]
	[14407,1]
	[14013,1]
	[13395,1]
	[12681,1]
	[12395,2]
	[11543,1]
	[11433,2]
	[11461,2]
	[11285,2]
	[11139,1]
	[10827,1]
	[9893,1]
	[9699,1]
	[9433,1]
	[9131,3]
	[13861,1]
	[13955,1]
	[13831,2]
	[13321,1]
	[13371,1]
	[12649,2]
	[12853,1]
	[12609,1]
	[12339,1]
	[12223,3]
	[11953,1]
	[11891,1]
	[11417,2]
	[10837,3]
	[10595,1]
	[10001,1]
	[9559,1]
	[14537,1]
	[14353,1]
	[14145,2]
	[14071,1]
	[13761,2]
	[13495,1]
	[13265,1]
	[13255,1]
	[13079,3]
	[12895,1]
	[12057,2]
	[11729,2]
	[11439,1]
	[11547,1]
	[11003,2]
	[9763,1]
	[14659,1]
	[13779,2]
	[12635,1]
	[11769,1]
	[10989,1]
	[10921,2]
	[10733,1]
	[10265,3]
	[9811,1]
	[9517,1]
	[14844,1]
	[13367,2]
	[12683,2]
	[12173,1]
	[11811,1]
	[11721,2]
	[11493,2]
	[10897,1]
	[10695,2]
	[10543,1]
	[14149,1]
	[13633,1]
	[13609,1]
	[13051,1]
	[12897,2]
	[12781,3]
	[12627,1]
	[12511,3]
	[11951,2]
	[11365,1]
	[11227,1]
	[11123,1]
	[11125,2]
	[10883,1]
	[10659,2]
	[10289,1]
	[9207,2]
	[8917,1]
	[14879,3]
	[14825,1]
	[14559,1]
	[14229,1]
	[14433,1]
	[14391,2]
	[14359,2]
	[14049,1]
	[13783,1]
	[13553,1]
	[12537,2]
	[12345,1]
	[11635,1]
	[11571,1]
	[11727,1]
	[11291,2]
	[11165,1]
	[10891,1]
	[10461,1]
	[10051,1]
	[9427,1]
	[14067,1]
	[12699,1]
	[12611,1]
	[11277,1]
	[10791,1]
	[9805,1]
	[9105,1]
	[8933,1]
	[14447,2]
	[13655,1]
	[13401,1]
	[13169,2]
	[12695,1]
	[12297,1]
	[12277,1]
	[12461,1]
	[12171,2]
	[12091,1]
	[11923,3]
	[11897,1]
	[12099,1]
	[11781,3]
	[11445,1]
	[11185,1]
	[10983,1]
	[10831,2]
	[9507,1]
	[14686,1]
	[14369,1]
	[13565,2]
	[13339,1]
	[12655,2]
	[12637,1]
	[12239,2]
	[11587,1]
	[11653,1]
	[11515,1]
	[11269,1]
	[11411,2]
	[10149,2]
	[9495,1]
	[9205,1]
	[14847,1]
	[14409,1]
	[14517,1]
	[14281,1]
	[14225,1]
	[13911,1]
	[13669,1]
	[12825,1]
	[12457,1]
	[11737,2]
	[11489,1]
	[11141,2]
	[10799,1]
	[10749,2]
	[9969,1]
	[9003,2]
	[14507,1]
	[13749,1]
	[13653,1]
	[13341,1]
	[13161,1]
	[12987,2]
	[12899,1]
	[12301,1]
	[11509,2]
	[9393,1]
	[9221,1]
	[14529,1]
	[14735,1]
	[14333,1]
	[14123,1]
	[12983,2]
	[12585,1]
	[12241,1]
	[12379,1]
	[12211,3]
	[12185,1]
	[11869,1]
	[11623,1]
	[11733,3]
	[11345,1]
	[11389,1]
	[10525,1]
	[10431,1]
	[9865,1]
	[9795,1]
	[9345,2]
	[14803,1]
	[14657,1]
	[12799,1]
	[12151,2]
	[11989,1]
	[11867,1]
	[11875,1]
	[11485,1]
	[11557,1]
	[10437,2]
	[10127,1]
	[9341,1]
	[14697,1]
	[14513,1]
	[14199,1]
	[13957,1]
	[13185,2]
	[12745,1]
	[12155,1]
	[12025,1]
	[11429,2]
	[10257,1]
	[9569,1]
	[9291,2]
	[8987,1]
	[14795,1]
	[14523,1]
	[14449,1]
	[14393,1]
	[14037,1]
	[13941,1]
	[13797,1]
	[13449,1]
	[12951,2]
	[12823,1]
	[11797,1]
	[11191,1]
	[11267,1]
	[9827,1]
	[14896,1]
	[14817,1]
	[14411,2]
	[13925,1]
	[12867,1]
	[12445,2]
	[12529,1]
	[12325,2]
	[12323,1]
	[11991,1]
	[12157,1]
	[11815,1]
	[11911,1]
	[11633,1]
	[11357,1]
	[11243,1]
	[11157,1]
	[10719,2]
	[9963,1]
	[10153,1]
	[9661,1]
	[9383,1]
	[9217,1]
	[14759,1]
	[14201,1]
	[13899,1]
	[12481,2]
	[12419,1]
	[12153,1]
	[10087,1]
	[9189,1]
	[9277,1]
	[9029,2]
	[14681,1]
	[14881,1]
	[13027,1]
	[13053,1]
	[12507,1]
	[12217,1]
	[11655,1]
	[11327,2]
	[11381,1]
	[10541,1]
	[10359,1]
	[9917,1]
	[9639,1]
	[9621,1]
	[8971,1]
	[9139,1]
	[14699,1]
	[12547,1]
	[12029,1]
	[10295,1]
	[13659,2]
	[13443,1]
	[13187,1]
	[12767,3]
	[12661,1]
	[12581,1]
	[12387,1]
	[12271,2]
	[11935,1]
	[11473,1]
	[11321,1]
	[11039,1]
	[10655,1]
	[9737,1]
	[8975,1]
	[13829,1]
	[13001,1]
	[13145,2]
	[13127,2]
	[12729,2]
	[11901,1]
	[11275,1]
	[11023,1]
	[10959,1]
	[10055,1]
	[9695,1]
	[9299,1]
	[9141,1]
	[14401,1]
	[14159,1]
	[13387,1]
	[13315,1]
	[12947,1]
	[11615,1]
	[11289,1]
	[10755,1]
	[10259,1]
	[10205,1]
	[9927,1]
	[9493,1]
	[9259,1]
	[32743,1]
	[14143,1]
	[13651,1]
	[13477,1]
	[13427,1]
	[12317,1]
	[11999,1]
	[11469,1]
	[11569,1]
	[11149,1]
	[10651,1]
	[9883,1]
	[9111,1]
	[13881,1]
	[13731,1]
	[13685,1]
	[13473,2]
	[13069,2]
	[13075,1]
	[13055,3]
	[12949,1]
	[12731,1]
	[12869,1]
	[12527,1]
	[12525,1]
	[12701,3]
	[12675,1]
	[12359,1]
	[11835,1]
	[11015,1]
	[10285,1]
	[9835,1]
	[10025,1]
	[9263,1]
	[8957,1]
	[13289,1]
	[12641,2]
	[12479,1]
	[12365,1]
	[11975,1]
	[12047,1]
	[11551,1]
	[11311,1]
	[10617,1]
	[10343,1]
	[9831,1]
	[9481,1]
	[9587,1]
	[9429,1]
	[14689,1]
	[13235,1]
	[12839,2]
	[12515,1]
	[11095,1]
	[10747,1]
	[9477,1]
	[9387,1]
	[14431,1]
	[13939,1]
	[13441,1]
	[13313,1]
	[12287,1]
	[11757,1]
	[11437,1]
	[10939,1]
	[9399,1]
	[14549,1]
	[14415,1]
	[14169,1]
	[13357,1]
	[12935,1]
	[12495,2]
	[12647,1]
	[12159,1]
	[12123,1]
	[11847,1]
	[11647,1]
	[11303,1]
	[11209,1]
	[10151,1]
	[10123,1]
	[9245,1]
	[8921,1]
	[14690,1]
	[14191,1]
	[13873,1]
	[13457,1]
	[13343,1]
	[12973,1]
	[12929,1]
	[12263,1]
	[10905,1]
	[10579,1]
	[10119,1]
	[9681,1]
	[9333,1]
	[9281,1]
	[14275,1]
	[14099,1]
	[13915,1]
	[11383,1]
	[9765,1]
	[9675,1]
	[8901,1]
	[12715,1]
	[11941,1]
	[11753,2]
	[11205,1]
	[10063,1]
	[9751,1]
	[9615,1]
	[9115,1]
	[14882,1]
	[14701,1]
	[13987,1]
	[11933,1]
	[11005,1]
	[10159,1]
	[9993,1]
	[9635,1]
	[9107,1]
	[14545,1]
	[14319,1]
	[13569,2]
	[13491,1]
	[13635,1]
	[13625,1]
	[13617,1]
	[12633,1]
	[12249,1]
	[11983,1]
	[11513,1]
	[11449,1]
	[11129,1]
	[10545,1]
	[10475,1]
	[9789,1]
	[9231,1]
	[9057,1]
	[9019,1]
	[14649,1]
	[13877,1]
	[13805,1]
	[13437,1]
	[12843,1]
	[12469,1]
	[12121,1]
	[11779,1]
	[11221,1]
	[10417,1]
	[9983,1]
	[9749,1]
	[14768,1]
	[14489,1]
	[14321,1]
	[14141,1]
	[13967,1]
	[13281,1]
	[12807,1]
	[12489,1]
	[11959,1]
	[9601,1]
	[9541,1]
	[8925,1]
	[14669,1]
	[14371,1]
	[14175,1]
	[13439,1]
	[13359,1]
	[13017,1]
	[13015,1]
	[13191,1]
	[13165,1]
	[12603,1]
	[12713,2]
	[12369,1]
	[10845,1]
	[10775,1]
	[10325,1]
	[13857,1]
	[13131,2]
	[12969,1]
	[12465,1]
	[12041,1]
	[11801,1]
	[11107,1]
	[10833,1]
	[9971,1]
	[10077,1]
	[9919,1]
	[9483,1]
	[9519,1]
	[13329,1]
	[12885,1]
	[13005,1]
	[12067,1]
	[11585,1]
	[11237,1]
	[11037,1]
	[10271,1]
	[9323,1]
	[14777,1]
	[14609,1]
	[13931,1]
	[13803,1]
	[12777,1]
	[12247,1]
	[9889,1]
	[9213,1]

1756,
	[23887,1]
	[23408,1]
	[22968,1]
	[22792,2]
	[22040,1]
	[21624,1]
	[18852,2]
	[18738,2]
	[18324,1]
	[18162,1]
	[18040,1]
	[23894,1]
	[23560,2]
	[23222,2]
	[23204,1]
	[23190,1]
	[22832,2]
	[22682,1]
	[21798,2]
	[21474,2]
	[21292,1]
	[18522,2]
	[18328,1]
	[18078,1]
	[23382,1]
	[23196,2]
	[22848,1]
	[22348,1]
	[22046,1]
	[20696,1]
	[20622,1]
	[19124,2]
	[18996,2]
	[23212,2]
	[22370,1]
	[22302,2]
	[22172,1]
	[22074,1]
	[21242,1]
	[21218,1]
	[21110,2]
	[20308,1]
	[20232,1]
	[20098,1]
	[19384,1]
	[18618,1]
	[18384,1]
	[18178,1]
	[18164,1]
	[17988,1]
	[23861,2]
	[23174,2]
	[22926,1]
	[22114,1]
	[20918,1]
	[20658,1]
	[20534,1]
	[20376,1]
	[20074,1]
	[19874,1]
	[19556,3]
	[18656,1]
	[18594,2]
	[23492,1]
	[23078,2]
	[22048,1]
	[21056,1]
	[19958,1]
	[19782,1]
	[19598,1]
	[18752,1]
	[18250,1]
	[23700,1]
	[23184,2]
	[22874,1]
	[21894,4]
	[21658,1]
	[20720,1]
	[18398,1]
	[23532,2]
	[22894,1]
	[22018,2]
	[22002,1]
	[21898,1]
	[21548,2]
	[19440,2]
	[19386,1]
	[18534,1]
	[18424,3]
	[18208,3]
	[23422,1]
	[23178,1]
	[22904,1]
	[22686,2]
	[22124,1]
	[20852,2]
	[20312,1]
	[20004,1]
	[19640,2]
	[19600,1]
	[19484,2]
	[19330,1]
	[19214,1]
	[18408,1]
	[23522,2]
	[23406,1]
	[22934,1]
	[22384,2]
	[21528,1]
	[21094,1]
	[21062,1]
	[20752,1]
	[20486,1]
	[20256,1]
	[19266,1]
	[19048,1]
	[18720,1]
	[18430,1]
	[17994,3]
	[23430,2]
	[22860,1]
	[22474,1]
	[21650,1]
	[21564,1]
	[20912,1]
	[20770,1]
	[19626,1]
	[18760,1]
	[22434,1]
	[20358,1]
	[19872,2]
	[19400,2]
	[19164,1]
	[18802,1]
	[18484,1]
	[23754,1]
	[22912,1]
	[20624,1]
	[20268,2]
	[20042,1]
	[19358,2]
	[19348,2]
	[19340,3]
	[18942,2]
	[18356,1]
	[18218,1]
	[18114,1]
	[22964,1]
	[21550,1]
	[21220,1]
	[19528,1]
	[18626,1]
	[18562,1]
	[18452,2]
	[18192,2]
	[21412,1]
	[20768,1]
	[19690,1]
	[19602,1]
	[18530,1]
	[23050,1]
	[21438,1]
	[21036,3]
	[20392,1]
	[19944,1]
	[19898,1]
	[19686,2]
	[19288,1]
	[19268,2]
	[19162,1]
	[19082,1]
	[18914,1]
	[18888,1]
	[18868,3]
	[18092,2]
	[23200,3]
	[21896,1]
	[21700,1]
	[21506,2]
	[21360,1]
	[19580,1]
	[19502,1]
	[18578,2]
	[18260,1]
	[22952,1]
	[22864,2]
	[21400,1]
	[21272,1]
	[21216,3]
	[20902,2]
	[20660,2]
	[19888,1]
	[19448,1]
	[18854,1]
	[18728,1]
	[18132,2]
	[22554,2]
	[22300,1]
	[21848,1]
	[21498,1]
	[20740,1]
	[20644,1]
	[20500,1]
	[20332,1]
	[20152,1]
	[19292,1]
	[18500,1]
	[23788,1]
	[23640,1]
	[23470,1]
	[23342,1]
	[23160,1]
	[22228,1]
	[21944,2]
	[21520,1]
	[21114,1]
	[20382,1]
	[19570,2]
	[19232,2]
	[19028,1]
	[19026,3]
	[19024,1]
	[18860,1]
	[18614,1]
	[18336,1]
	[23786,1]
	[23610,1]
	[22858,1]
	[22442,1]
	[19670,1]
	[19142,2]
	[18980,1]
	[18858,1]
	[18476,1]
	[23650,1]
	[23500,1]
	[22616,1]
	[22464,1]
	[22292,2]
	[22110,1]
	[19146,1]
	[18896,1]
	[18724,1]
	[23866,1]
	[23666,1]
	[23166,1]
	[21514,1]
	[21440,1]
	[21384,1]
	[19942,3]
	[19814,2]
	[18182,1]
	[23484,2]
	[23188,1]
	[23120,1]
	[22990,1]
	[22892,1]
	[22704,1]
	[22060,2]
	[21928,1]
	[21534,2]
	[21126,1]
	[21050,1]
	[20916,1]
	[20202,1]
	[19436,1]
	[19202,1]
	[18982,1]
	[18806,1]
	[18660,1]
	[18348,1]
	[18234,1]
	[18148,1]
	[23744,1]
	[22932,1]
	[21476,1]
	[21352,2]
	[21194,2]
	[20892,1]
	[20692,1]
	[20374,3]
	[19474,1]
	[19412,1]
	[22866,1]
	[21874,1]
	[20600,1]
	[19068,2]
	[23692,1]
	[22712,3]
	[22476,1]
	[21538,1]
	[18442,2]
	[18254,1]
	[18142,2]
	[23712,2]
	[22836,1]
	[22820,1]
	[22716,1]
	[20258,1]
	[20204,1]
	[19352,1]
	[19242,3]
	[23893,1]
	[23784,1]
	[23722,1]
	[23504,1]
	[23364,1]
	[22942,1]
	[21670,1]
	[21130,1]
	[20822,1]
	[20458,3]
	[20418,1]
	[20302,3]
	[20148,1]
	[20032,1]
	[19226,1]
	[18404,1]
	[18180,1]
	[23752,1]
	[23202,1]
	[22346,1]
	[21954,2]
	[21912,1]
	[21880,1]
	[21570,2]
	[21304,1]
	[21074,1]
	[20084,2]
	[19866,1]
	[19538,1]
	[19248,1]
	[18812,2]
	[18686,1]
	[18412,1]
	[23678,1]
	[23292,1]
	[22468,1]
	[22382,1]
	[21730,1]
	[21588,1]
	[20444,1]
	[19578,1]
	[18798,1]
	[23252,1]
	[23094,1]
	[21176,1]
	[20690,1]
	[20218,1]
	[19982,1]
	[19620,1]
	[19302,1]
	[18504,2]
	[18352,1]
	[23730,1]
	[21442,1]
	[21086,1]
	[20860,1]
	[20166,2]
	[20158,3]
	[19760,1]
	[19174,1]
	[18932,1]
	[18306,1]
	[23898,1]
	[23782,1]
	[22368,1]
	[22038,1]
	[20346,1]
	[19444,1]
	[19380,1]
	[19270,1]
	[19010,1]
	[18270,1]
	[22230,1]
	[20508,1]
	[20420,1]
	[18600,1]
	[23863,1]
	[22256,1]
	[21854,2]
	[21210,1]
	[20762,1]
	[20504,2]
	[20106,1]
	[19980,1]
	[19900,1]
	[19732,1]
	[19706,1]
	[19254,1]
	[18910,1]
	[18358,1]
	[22914,1]
	[22714,1]
	[22518,1]
	[22324,1]
	[22178,1]
	[20398,1]
	[20320,1]
	[19078,1]
	[18582,2]
	[18342,1]
	[18278,1]
	[23770,1]
	[23682,2]
	[22218,1]
	[22090,1]
	[22034,1]
	[21720,2]
	[21478,2]
	[20706,1]
	[19672,1]
	[18950,2]
	[18608,1]
	[18050,1]
	[23372,2]
	[23118,1]
	[22316,1]
	[21558,1]
	[21462,1]
	[21318,1]
	[21150,1]
	[20970,1]
	[20110,1]
	[19318,1]
	[18788,2]
	[18468,3]
	[23046,1]
	[22762,2]
	[22338,1]
	[21932,1]
	[21200,1]
	[20388,2]
	[20050,1]
	[19844,2]
	[19842,1]
	[19678,1]
	[19432,2]
	[19154,1]
	[18334,1]
	[18240,1]
	[23676,1]
	[23260,1]
	[20488,1]
	[19960,1]
	[19798,2]
	[19676,1]
	[19294,1]
	[23919,1]
	[23434,1]
	[23282,1]
	[23110,1]
	[22928,1]
	[19964,1]
	[19714,1]
	[19542,1]
	[18414,1]
	[22332,1]
	[22258,1]
	[22202,1]
	[20760,1]
	[20632,2]
	[19000,1]
	[18236,1]
	[23808,1]
	[23710,1]
	[22878,1]
	[22854,1]
	[22746,1]
	[22352,2]
	[21868,1]
	[21734,1]
	[21020,2]
	[20254,1]
	[20020,1]
	[19800,1]
	[19624,1]
	[19478,1]
	[19166,1]
	[19052,1]
	[18966,1]
	[18038,1]
	[23750,1]
	[22294,1]
	[22170,1]
	[22012,1]
	[21710,1]
	[21510,1]
	[21192,3]
	[20292,1]
	[20230,1]
	[23684,2]
	[22692,1]
	[21594,1]
	[21418,1]
	[21234,1]
	[19886,1]
	[23530,3]
	[23294,1]
	[22356,1]
	[20034,1]
	[19260,1]
	[19072,2]
	[18960,1]
	[18604,2]
	[18150,1]
	[23654,1]
	[23638,1]
	[23534,1]
	[21022,1]
	[20170,1]
	[20060,3]
	[18520,1]
	[23760,1]
	[22488,1]
	[21948,1]
	[21640,1]
	[21276,2]
	[21236,1]
	[21120,3]
	[20966,1]
	[20850,1]
	[20044,1]
	[19464,2]
	[19222,1]
	[18998,1]
	[18628,1]
	[23164,1]
	[22772,1]
	[22730,1]
	[22698,1]
	[22388,1]
	[22122,1]
	[21892,1]
	[20684,1]
	[20066,1]
	[19630,2]
	[19504,1]
	[19230,1]
	[18390,1]
	[23286,1]
	[22548,1]
	[22406,1]
	[21262,3]
	[20396,2]
	[19616,1]
	[18144,1]
	[21994,1]
	[21508,1]
	[20800,1]
	[20438,1]
	[20120,1]
	[19524,1]
	[19322,2]
	[19170,1]
	[18564,1]
	[23906,1]
	[22260,1]
	[21904,1]
	[21678,1]
	[20994,1]
	[20984,2]
	[20976,2]
	[20578,1]
	[19992,1]
	[19854,1]
	[19750,1]
	[23186,1]
	[22856,1]
	[21164,1]
	[20262,1]
	[20198,1]
	[20088,1]
	[19828,2]
	[19088,1]
	[18054,2]
	[23048,1]
	[22404,1]
	[21326,1]
	[21238,1]
	[19418,1]
	[23074,3]
	[22672,1]
	[22028,1]
	[21580,1]
	[21322,3]
	[20924,2]
	[20904,1]
	[20798,1]
	[20718,1]
	[20550,2]
	[20524,1]
	[20072,1]
	[19728,1]
	[19176,1]
	[18134,1]
	[23732,1]
	[23336,2]
	[23142,1]
	[21138,1]
	[20214,1]
	[19896,1]
	[19160,1]
	[18776,1]
	[23036,2]
	[22908,1]
	[22852,1]
	[22538,1]
	[22296,1]
	[21524,1]
	[21084,1]
	[20490,1]
	[20364,2]
	[19768,1]
	[18596,2]
	[18396,1]
	[23134,1]
	[22376,2]
	[22280,1]
	[22136,1]
	[21968,2]
	[21788,1]
	[20928,1]
	[20136,1]
	[19286,1]
	[23580,1]
	[23156,1]
	[22750,1]
	[21206,2]
	[20868,1]
	[20664,1]
	[20662,2]
	[20496,1]
	[20250,1]
	[19972,1]
	[19152,1]
	[19058,1]
	[18492,1]
	[21306,1]
	[20778,1]
	[20616,1]
	[20494,1]
	[20112,1]
	[18754,1]
	[20782,1]
	[20532,1]
	[20360,1]
	[23150,1]
	[23076,1]
	[23020,1]
	[21578,1]
	[21450,1]
	[19818,1]
	[19054,1]
	[18454,1]
	[23696,2]
	[23672,1]
	[23564,1]
	[23170,1]
	[22552,1]
	[21838,1]
	[21072,1]
	[20838,1]
	[20618,1]
	[20442,1]
	[19984,1]
	[19870,1]
	[19784,1]
	[18590,1]
	[18288,3]
	[18010,1]
	[23112,1]
	[22988,1]
	[22830,1]
	[22528,1]
	[22328,1]
	[22010,1]
	[21048,1]
	[18716,1]
	[23510,1]
	[22412,1]
	[22236,3]
	[22052,1]
	[20704,1]
	[20078,1]
	[19890,1]
	[19778,1]
	[19422,2]
	[18968,1]
	[21840,1]
	[20988,1]
	[20878,1]
	[19338,1]
	[23306,2]
	[22766,1]
	[22458,1]
	[22094,2]
	[22054,1]
	[21938,1]
	[21784,1]
	[21668,1]
	[20862,1]
	[20282,2]
	[20040,1]
	[19446,1]
	[23590,1]
	[23548,1]
	[23516,1]
	[22940,1]
	[22710,1]
	[21502,1]
	[21174,1]
	[20884,1]
	[20448,1]
	[20322,1]
	[20048,1]
	[19208,1]
	[23366,1]
	[23224,1]
	[22080,1]
	[21214,1]
	[20434,1]
	[18962,1]
	[22812,1]
	[22326,1]
	[21618,1]
	[20938,3]
	[20342,1]
	[20140,1]
	[19988,1]
	[19382,1]
	[18088,1]
	[22722,1]
	[22496,1]
	[21812,2]
	[21802,2]
	[21794,1]
	[21396,2]
	[20810,1]
	[20672,1]
	[20568,2]
	[18652,1]
	[18362,1]
	[23674,1]
	[21982,1]
	[21080,1]
	[20906,1]
	[20646,1]
	[18872,1]
	[22144,1]
	[22056,1]
	[18550,1]
	[18378,2]
	[23490,1]
	[22398,1]
	[22140,1]
	[21742,1]
	[21722,1]
	[21536,1]
	[21368,3]
	[21342,2]
	[20890,1]
	[20546,1]
	[19994,1]
	[18952,1]
	[18692,1]
	[23812,1]
	[22032,1]
	[21030,1]
	[20712,1]
	[20446,1]
	[20216,1]
	[19976,1]
	[19912,3]
	[19592,1]
	[19008,1]
	[18252,1]
	[18094,1]
	[22902,1]
	[22542,1]
	[21696,1]
	[18098,1]
	[23664,1]
	[20380,1]
	[19458,1]
	[18242,1]
	[22330,1]
	[21152,1]
	[20648,1]
	[18778,2]
	[18264,1]
	[23796,1]
	[23256,1]
	[22948,1]
	[22584,2]
	[22544,1]
	[22428,2]
	[22274,1]
	[22158,1]
	[20772,2]
	[20530,1]
	[20306,1]
	[18544,1]
	[22210,1]
	[21992,1]
	[21664,1]
	[21374,1]
	[20812,1]
	[20538,1]
	[19698,1]
	[18296,1]
	[23884,1]
	[23856,1]
	[23714,1]
	[22570,1]
	[21704,1]
	[19452,1]
	[23302,1]
	[22344,1]
	[22108,1]
	[21746,1]
	[21428,2]
	[20832,1]
	[20630,1]
	[20478,1]
	[19812,1]
	[23568,1]
	[22986,1]
	[22284,1]
	[21300,1]
	[21162,1]
	[21058,1]
	[20432,1]
	[22472,1]
	[19362,1]
	[19084,1]
	[18416,1]
	[22634,1]
	[20726,1]
	[19040,1]
	[22888,1]
	[22842,1]
	[22630,1]
	[22232,1]
	[22212,1]
	[22106,1]
	[22026,1]
	[21858,1]
	[21832,1]
	[21380,1]
	[20484,1]
	[19442,1]
	[19182,1]
	[18420,1]
	[22524,1]
	[22446,1]
	[21522,1]
	[21204,1]
	[20708,1]
	[20468,1]
	[20404,1]
	[19500,1]
	[18744,1]
	[18186,1]
	[18012,1]
	[23846,1]
	[23604,1]
	[22392,1]
	[21672,1]
	[20734,1]
	[19904,1]
	[19704,1]
	[18938,1]
	[23588,1]
	[23444,1]
	[23276,1]
	[23096,1]
	[21444,1]
	[20914,1]
	[20594,1]
	[20096,1]
	[22512,1]
	[22174,1]
	[21970,1]
	[21966,1]
	[21556,1]
	[21278,1]
	[19300,1]
	[19278,1]
	[18400,1]
	[23438,1]
	[23034,1]
	[22918,1]
	[22764,1]
	[22648,1]
	[21842,1]
	[20796,1]
	[20426,1]
	[19034,1]
	[18282,1]
	[23690,1]
	[22700,1]
	[22482,1]
	[22154,1]
	[21864,1]
	[21302,1]
	[21028,1]
	[20188,1]
	[20006,1]
	[18786,1]
	[18632,1]
	[23060,1]
	[22194,1]
	[21414,1]
	[21040,1]
	[19562,1]
	[19086,1]
	[23792,1]
	[22834,1]
	[22598,1]
	[21918,1]
	[20968,1]
	[20362,1]
	[23702,1]
	[22782,1]
	[22774,1]
	[21790,1]
	[21652,1]
	[20922,1]
	[19632,1]
	[19342,1]
	[18176,1]
	[22962,1]
	[21996,1]
	[21626,1]
	[20886,1]
	[20402,1]
	[19852,1]
	[19574,1]
	[18906,1]
	[23124,1]
	[21964,1]
	[19530,1]
	[18698,1]
	[18440,1]

1752,
	[21646,1]
	[23056,1]
	[21076,4]
	[20566,1]
	[22666,2]
	[21886,3]
	[20716,2]
	[22966,1]
	[22546,2]
	[21136,2]
	[23862,2]
	[22276,1]
	[18436,1]
	[22096,1]
	[22036,1]
	[21736,1]
	[20776,1]
	[20416,1]
	[19216,1]
	[22366,1]
	[18646,2]
	[18706,1]
	[20176,2]
	[19036,1]
	[21586,1]
	[20086,1]
	[19396,1]
	[20266,1]
	[19546,1]
	[19846,1]
	[20356,1]
	[22996,1]
	[19096,1]
	[19426,1]
	[19606,1]
	[23746,2]
	[18196,1]
	[20296,1]
	[18856,1]
	[19816,1]
	[23206,1]
	[18106,1]
	[21256,1]
	[21016,1]
	[19906,1]
	[20236,1]
	[22846,1]
	[21616,1]
	[22726,1]
	[19936,1]
	[19516,1]
	[22816,1]
	[18586,1]
	[18556,1]
	[23324,1]
	[18046,1]
	[23476,1]

1596,
	[32934,1]

len(carl_order):
23
Printing carl assignment order:
1636,24,0.0422373555742597
1700,55,0.02121002725632462
1636,45,0.018425460636515914
1760,77,0.012941936472829598
1604,27,0.011049723756906077
1772,246,0.004839410500803247
1604,103,0.0040650406504065045
1700,199,0.0035211267605633804
1636,138,0.0021551724137931034
1604,8902,0.00011375270162666363
1760,9066,0.00011129660545353366
1628,9024,0.00011118416154536728
1636,17952,9.603783890852997e-05
1764,14902,8.442971657462482e-05
1696,14899,8.403270745660674e-05
1692,23940,8.337657818606609e-05
1700,23749,6.209251785159888e-05
1764,32743,5.605066980550417e-05
1632,23851,4.802807171093775e-05
1756,23919,4.7799033792946564e-05
1752,23862,4.7722283579443966e-05
1772,32906,3.0618962323366864e-05
1596,32934,3.0363757818667638e-05
bin_width: 658616
assigning lease 24 to address 1636
Average Cache Occupancy Per Bin: [1.96,2.02,2.05,2.09,2.02]
Total cost: 1291264.0
assigning lease 55 to address 1700
Average Cache Occupancy Per Bin: [6.07,6.01,6.06,6.18,6.06]
Total cost: 4000256.0
assigning lease 45 to address 1636
Average Cache Occupancy Per Bin: [6.13,6.06,6.09,6.23,6.10]
Total cost: 4037888.0
assigning lease 77 to address 1760
Average Cache Occupancy Per Bin: [13.4,13.1,13.2,13.6,12.6]
Total cost: 8846080.0
assigning lease 27 to address 1604
Average Cache Occupancy Per Bin: [13.4,13.2,13.2,13.7,12.6]
Total cost: 8866816.0
assigning lease 246 to address 1772
Average Cache Occupancy Per Bin: [33.4,32.7,32.8,33.3,31.3]
Total cost: 22034176.0
assigning lease 103 to address 1604
Average Cache Occupancy Per Bin: [33.5,32.8,32.8,33.4,31.3]
Total cost: 22092032.0
assigning lease 199 to address 1700
Average Cache Occupancy Per Bin: [33.5,32.8,32.9,33.4,31.4]
Total cost: 22128896.0
assigning lease 138 to address 1636
Average Cache Occupancy Per Bin: [33.8,32.9,33.0,33.6,31.4]
Total cost: 22271488.0
assigning lease 8902 to address 1604
Average Cache Occupancy Per Bin: [40.6,39.8,33.0,43.9,31.4]
Total cost: 26771200.0
assigning lease 9066 to address 1760
Average Cache Occupancy Per Bin: [44.1,43.3,40.0,43.9,34.9]
Total cost: 29071360.0
addr: 1628 ri: 9024
bin target: 337211392
	bin: 0.0 current capacity: 44.140075552370426  avg impact: 783.1100853911839
	bin: 1.0 current capacity: 43.31371239083168  avg impact: 741.1346459849138
	bin: 2.0 current capacity: 40.036245703110765  avg impact: 825.0303302683202
	bin: 3.0 current capacity: 43.91929743583515  avg impact: 811.052898805981
	bin: 4.0 current capacity: 34.98983322603763  avg impact: 786.5955032978245
num_full_bins: 0
printing bin ranks sorted:
	bin: 2.0 rank: 0.5720562468817297
	selecting this^ bin
	bin: 3.0 rank: 0.5771272172915795
	bin: 0.0 rank: 0.5974382569902944
	bin: 4.0 rank: 0.6064237143157867
	bin: 1.0 rank: 0.6323902008201472
acceptable_ratio: 0.5720562468817297
Assigning 1628 dual lease lease 9024 * 0.5720562468817297. Bin saturation: [492.,467.,512.,507.,484.]
addr: 1636 ri: 17952
bin target: 337211392
	bin: 0.0 current capacity: 492.12309189648204  avg impact: 20.48960851239569
	bin: 2.0 current capacity: 512.0  avg impact: 17.051222563678987
	bin: 3.0 current capacity: 507.887174749332  avg impact: 16.92023273045295
num_full_bins: 1
printing bin ranks sorted:
	bin: 2.0 rank: 0.0
	bin: 3.0 rank: 0.24307143502026177
	bin: 0.0 rank: 0.9700970172999136
acceptable_ratio: 0
addr: 1764 ri: 14902
bin target: 337211392
	bin: 0.0 current capacity: 492.12309189648204  avg impact: 2079.16974989979
	bin: 1.0 current capacity: 467.28441640698094  avg impact: 2250.4519780873834
	bin: 2.0 current capacity: 512.0  avg impact: 2226.1337349836626
	bin: 3.0 current capacity: 507.887174749332  avg impact: 2325.749754029662
	bin: 4.0 current capacity: 484.9667046566364  avg impact: 2291.8121151019714
num_full_bins: 1
printing bin ranks sorted:
	bin: 2.0 rank: 0.0
	bin: 3.0 rank: 0.001768386836778978
	bin: 0.0 rank: 0.009560021784886005
	bin: 4.0 rank: 0.01179559841106818
	bin: 1.0 rank: 0.019869601319385633
acceptable_ratio: 0
addr: 1696 ri: 14899
bin target: 337211392
	bin: 0.0 current capacity: 492.12309189648204  avg impact: 997.1890631263134
	bin: 1.0 current capacity: 467.28441640698094  avg impact: 1033.5976289674104
	bin: 2.0 current capacity: 512.0  avg impact: 1021.2414396249104
	bin: 3.0 current capacity: 507.887174749332  avg impact: 986.386094476903
	bin: 4.0 current capacity: 484.9667046566364  avg impact: 1045.0178434778384
num_full_bins: 1
printing bin ranks sorted:
	bin: 2.0 rank: 0.0
	bin: 3.0 rank: 0.004169589650236402
	bin: 0.0 rank: 0.019932938334884426
	bin: 4.0 rank: 0.025868740435470768
	bin: 1.0 rank: 0.04326208027169243
acceptable_ratio: 0
addr: 1692 ri: 23940
bin target: 337211392
	bin: 0.0 current capacity: 492.12309189648204  avg impact: 1016.2012462497115
	bin: 1.0 current capacity: 467.28441640698094  avg impact: 1055.556888991461
	bin: 2.0 current capacity: 512.0  avg impact: 1057.4797575522005
	bin: 3.0 current capacity: 507.887174749332  avg impact: 973.7488794684612
	bin: 4.0 current capacity: 484.9667046566364  avg impact: 1057.7444580757224
num_full_bins: 1
printing bin ranks sorted:
	bin: 2.0 rank: 0.0
	bin: 3.0 rank: 0.004223702165298575
	bin: 0.0 rank: 0.019560011539912655
	bin: 4.0 rank: 0.025557491827982087
	bin: 1.0 rank: 0.04236207831085531
acceptable_ratio: 0
addr: 1700 ri: 23749
bin target: 337211392
	bin: 2.0 current capacity: 512.0  avg impact: 0.0
	bin: 3.0 current capacity: 507.887174749332  avg impact: 9.153740571137051
num_full_bins: 1
printing bin ranks sorted:
	bin: 3.0 rank: 0.44930541986696454
acceptable_ratio: 0
addr: 1764 ri: 32743
bin target: 337211392
	bin: 0.0 current capacity: 492.12309189648204  avg impact: 2079.16974989979
	bin: 1.0 current capacity: 467.28441640698094  avg impact: 2250.4519780873834
	bin: 2.0 current capacity: 512.0  avg impact: 2226.1337349836626
	bin: 3.0 current capacity: 507.887174749332  avg impact: 2325.749754029662
	bin: 4.0 current capacity: 484.9667046566364  avg impact: 2298.7468023856086
num_full_bins: 1
printing bin ranks sorted:
	bin: 2.0 rank: 0.0
	bin: 3.0 rank: 0.001768386836778978
	bin: 0.0 rank: 0.009560021784886005
	bin: 4.0 rank: 0.011760014332726347
	bin: 1.0 rank: 0.019869601319385633
acceptable_ratio: 0
addr: 1632 ri: 23851
bin target: 337211392
	bin: 0.0 current capacity: 492.12309189648204  avg impact: 1829.1754588409635
	bin: 1.0 current capacity: 467.28441640698094  avg impact: 1822.877840805568
	bin: 2.0 current capacity: 512.0  avg impact: 1840.558358740146
	bin: 3.0 current capacity: 507.887174749332  avg impact: 1871.6177195816683
	bin: 4.0 current capacity: 484.9667046566364  avg impact: 1837.5751333098497
num_full_bins: 1
printing bin ranks sorted:
	bin: 2.0 rank: 0.0
	bin: 3.0 rank: 0.0021974707802976307
	bin: 0.0 rank: 0.010866594567211589
	bin: 4.0 rank: 0.014711395933330415
	bin: 1.0 rank: 0.024530214034122175
acceptable_ratio: 0
addr: 1756 ri: 23919
bin target: 337211392
	bin: 0.0 current capacity: 492.12309189648204  avg impact: 1717.3023673885846
	bin: 1.0 current capacity: 467.28441640698094  avg impact: 1921.4109587377166
	bin: 2.0 current capacity: 512.0  avg impact: 1921.8288046448918
	bin: 3.0 current capacity: 507.887174749332  avg impact: 1719.3185224774375
	bin: 4.0 current capacity: 484.9667046566364  avg impact: 1933.508666658569
num_full_bins: 1
printing bin ranks sorted:
	bin: 2.0 rank: 0.0
	bin: 3.0 rank: 0.002392125250149495
	bin: 0.0 rank: 0.01157449525545335
	bin: 4.0 rank: 0.013981470995980452
	bin: 1.0 rank: 0.023272264264795943
acceptable_ratio: 0
addr: 1752 ri: 23862
bin target: 337211392
	bin: 0.0 current capacity: 492.12309189648204  avg impact: 126.71653285070512
	bin: 1.0 current capacity: 467.28441640698094  avg impact: 142.26895186269388
	bin: 2.0 current capacity: 512.0  avg impact: 55.35078406841012
	bin: 3.0 current capacity: 507.887174749332  avg impact: 122.70521214182467
	bin: 4.0 current capacity: 484.9667046566364  avg impact: 123.10245727404133
num_full_bins: 1
printing bin ranks sorted:
	bin: 2.0 rank: 0.0
	bin: 3.0 rank: 0.03351793439641611
	bin: 0.0 rank: 0.15686120552979899
	bin: 4.0 rank: 0.2195999652808242
	bin: 1.0 rank: 0.3143031772397875
acceptable_ratio: 0
assigning lease 32906 to address 1772
Average Cache Occupancy Per Bin: [504.,479.,512.,507.,484.]
Total cost: 332480846.2924934
assigning lease 32934 to address 1596
Average Cache Occupancy Per Bin: [504.,479.,512.,507.,497.]
Total cost: 332480846.2924934
Final saturation:
	0.0,332480846.2924934
	1.0,316121953.19630015
	2.0,337211392.0
	3.0,334502619.48470604
	4.0,327837935.1541352
DUMP LEASES
0, 644, 22c6, 0, 1 
0, 664, 8a, 0, 1 
0, 65c, 0, 2340, 0.42794375311827026 
0, 6a4, c7, 0, 1 
0, 69c, 0, 0, 1 
0, 6ec, 808a, 0, 1 
0, 660, 0, 0, 1 
0, 6e0, 236a, 0, 1 
0, 6a0, 0, 0, 1 
0, 6e4, 0, 0, 1 
0, 6dc, 0, 0, 1 
0, 6d8, 0, 0, 1 
0, 63c, 80a6, 0, 1 
Dump dual leases

