sample rate: 0.00390625
1504,
	[569,2]
	[594,2]
	[571,5]
	[559,3]
	[360,2]
	[436,11]
	[590,3]
	[542,2]
	[598,2]
	[557,2]
	[603,2]
	[562,3]
	[548,1]
	[438,4]
	[430,1]
	[414,2]
	[547,2]
	[568,2]
	[587,2]
	[593,2]
	[513,1]
	[488,3]
	[460,1]
	[486,4]
	[473,3]
	[435,24]
	[561,6]
	[602,1]
	[507,2]
	[601,2]
	[566,5]
	[382,2]
	[588,3]
	[556,3]
	[356,2]
	[434,1]
	[572,2]
	[516,2]
	[595,2]
	[413,1]
	[393,4]
	[399,1]
	[423,2]
	[483,4]
	[567,3]
	[534,1]
	[397,1]
	[536,2]
	[424,2]
	[575,2]
	[386,1]
	[499,3]
	[480,1]
	[469,2]
	[580,1]
	[476,1]
	[485,4]
	[550,3]
	[498,2]
	[573,2]
	[481,3]
	[501,4]
	[549,1]
	[531,2]
	[427,1]
	[529,2]
	[576,2]
	[521,3]
	[494,1]
	[463,2]
	[484,1]
	[459,1]
	[482,1]
	[600,1]
	[365,3]
	[514,2]
	[584,4]
	[385,2]
	[552,1]
	[392,2]
	[591,2]
	[599,3]
	[605,3]
	[419,1]
	[472,1]
	[597,2]
	[506,1]
	[579,3]
	[545,1]
	[555,2]
	[362,2]
	[422,1]
	[558,2]
	[551,1]
	[505,1]
	[431,1]
	[379,2]
	[586,2]
	[585,1]
	[564,3]
	[420,1]
	[528,1]
	[523,1]
	[417,1]
	[495,2]
	[560,2]
	[526,1]
	[574,5]
	[404,2]
	[418,1]
	[429,2]
	[387,1]
	[519,1]
	[525,2]
	[415,1]
	[546,1]
	[532,1]
	[409,3]
	[381,1]
	[565,3]
	[583,2]
	[391,1]
	[396,1]
	[353,1]
	[604,1]
	[543,2]
	[470,3]
	[478,1]
	[402,2]
	[366,1]
	[355,1]
	[388,1]
	[522,1]
	[487,2]
	[468,2]
	[607,2]
	[405,4]
	[518,2]
	[517,3]
	[508,1]
	[540,1]
	[504,2]
	[403,2]
	[370,2]
	[582,2]
	[511,1]
	[437,1]
	[450,1]
	[443,1]
	[538,1]
	[416,1]
	[578,1]
	[363,2]
	[490,1]
	[502,1]
	[475,1]
	[570,1]
	[467,2]
	[449,1]
	[592,1]
	[577,1]
	[537,1]
	[398,1]
	[596,1]
	[383,1]
	[533,1]
	[433,1]
	[512,1]
	[369,1]
	[395,1]
	[530,1]
	[491,1]
	[489,1]
	[445,1]
	[471,2]
	[503,1]
	[462,1]
	[461,1]
	[581,1]
	[477,1]

1628,
	[24,549]
	[23,1590]
	[151,33]
	[166,1160]
	[159,28]
	[137,85]
	[190,210]
	[164,194]
	[113,679]
	[99,33]
	[139,200]
	[62,1230]
	[59,15]
	[63,48]
	[11,1943]
	[152,216]
	[179,133]
	[153,35]
	[154,735]
	[109,35]
	[103,628]
	[97,23]
	[127,144]
	[101,613]
	[96,25]
	[50,947]
	[76,56]
	[77,96]
	[36,12]
	[67,8]
	[143,49]
	[168,36]
	[175,11]
	[185,7]
	[192,576]
	[216,266]
	[160,33]
	[142,489]
	[118,35]
	[140,221]
	[126,75]
	[89,386]
	[71,20]
	[115,971]
	[91,311]
	[38,528]
	[207,13]
	[177,68]
	[181,205]
	[165,56]
	[178,166]
	[2,275]
	[92,38]
	[128,117]
	[130,169]
	[119,29]
	[124,29]
	[26,158]
	[79,74]
	[163,29]
	[121,46]
	[90,43]
	[110,39]
	[64,544]
	[61,11]
	[13,75]
	[129,36]
	[149,21]
	[117,33]
	[148,29]
	[88,65]
	[52,307]
	[161,28]
	[174,8]
	[135,33]
	[108,39]
	[184,10]
	[80,30]
	[86,71]
	[40,92]
	[136,48]
	[58,10]
	[66,8]
	[1,61]
	[105,21]
	[155,44]
	[78,30]
	[93,26]
	[125,60]
	[37,8]
	[180,58]
	[147,35]
	[111,27]
	[82,35]
	[39,26]
	[138,112]
	[182,11]
	[95,29]
	[65,47]
	[60,11]
	[74,79]
	[25,249]
	[98,31]
	[72,12]
	[14,26]
	[20,43]
	[44,14]
	[42,12]
	[162,30]
	[81,41]
	[34,11]
	[132,42]
	[158,28]
	[157,22]
	[131,45]
	[116,65]
	[122,30]
	[134,27]
	[120,28]
	[83,33]
	[104,39]
	[47,20]
	[3,57]
	[167,82]
	[141,73]
	[114,61]
	[28,12]
	[150,38]
	[206,59]
	[204,12]
	[73,20]
	[106,38]
	[12,30]
	[46,19]
	[187,6]
	[68,3]
	[33,5]
	[112,31]
	[84,30]
	[123,26]
	[41,42]
	[183,6]
	[156,28]
	[144,33]
	[173,10]
	[100,26]
	[75,47]
	[85,33]
	[32,4]
	[27,11]
	[205,40]
	[107,29]
	[102,35]
	[55,14]
	[10,16]
	[228,1]
	[191,224]
	[45,29]
	[87,50]
	[217,39]
	[186,7]
	[233,4]
	[133,31]
	[29,8]
	[70,11]
	[19,15]
	[176,13]
	[171,10]
	[189,60]
	[9,10]
	[43,14]
	[188,7]
	[69,8]
	[146,34]
	[208,2]
	[202,1]
	[57,6]
	[48,21]
	[170,9]
	[219,8]
	[16,9]
	[17,6]
	[145,27]
	[56,14]
	[51,25]
	[53,69]
	[169,11]
	[195,3]
	[210,4]
	[209,1]
	[94,18]
	[235,3]
	[211,1]
	[221,1]
	[223,1]
	[172,6]
	[218,6]
	[49,13]
	[227,1]
	[54,16]
	[196,4]
	[30,3]
	[21,6]
	[194,3]
	[226,2]
	[35,8]
	[18,6]
	[229,1]
	[31,6]
	[22,11]
	[477,1]
	[8,6]
	[234,3]
	[198,1]
	[193,4]
	[199,1]
	[544,1]
	[200,1]

1652,
	[25,37]
	[603,4]
	[28,26]
	[526,2]
	[64,31]
	[103,36]
	[44,1]
	[130,30]
	[181,28]
	[475,2]
	[227595,1]
	[154,29]
	[480,2]
	[54,1]
	[535,2]
	[114,3]
	[193,11]
	[142,32]
	[91,35]
	[578,4]
	[79,21]
	[138,7]
	[551,3]
	[581,3]
	[564,2]
	[47,1]
	[166,20]
	[141,3]
	[586,6]
	[115,24]
	[188,1]
	[76,2]
	[497,4]
	[150,2]
	[474,2]
	[19,9]
	[13,37]
	[223420,1]
	[223454,1]
	[486,2]
	[58,2]
	[588,2]
	[512,3]
	[495,4]
	[602,3]
	[136,1]
	[68,1]
	[169,21]
	[567,7]
	[52,27]
	[554,1]
	[216,5]
	[552,1]
	[120,1]
	[559,4]
	[542,2]
	[78,2]
	[600,1]
	[538,1]
	[483,3]
	[599,5]
	[88,2]
	[550,1]
	[557,2]
	[35,1]
	[522,1]
	[106,1]
	[566,2]
	[218407,1]
	[579,5]
	[40,28]
	[591,3]
	[216406,1]
	[479,1]
	[215354,1]
	[127,4]
	[143,2]
	[204,3]
	[43,2]
	[178,1]
	[573,3]
	[513,3]
	[27,6]
	[85,1]
	[587,3]
	[525,1]
	[189,11]
	[493,1]
	[504,3]
	[23,5]
	[458,4]
	[211270,1]
	[546,2]
	[211139,1]
	[467,1]
	[131,2]
	[473,1]
	[456,3]
	[598,2]
	[544,3]
	[123,3]
	[180,3]
	[208122,1]
	[9,5]
	[506,1]
	[161,1]
	[53,3]
	[523,2]
	[577,1]
	[583,3]
	[560,3]
	[470,4]
	[589,2]
	[555,4]
	[489,1]
	[531,3]
	[604,3]
	[137,2]
	[508,1]
	[165,2]
	[198979,1]
	[66,1]
	[502,2]
	[492,1]
	[195946,1]
	[162,1]
	[145,3]
	[196000,1]
	[57,1]
	[140,1]
	[147,1]
	[444,2]
	[122,1]
	[164,2]
	[561,1]
	[547,2]
	[494,2]
	[488,1]
	[159,1]
	[436,1]
	[484,2]
	[100,1]
	[152,1]
	[490,2]
	[532,2]
	[462,3]
	[469,1]
	[443,2]
	[592,3]
	[90,1]
	[442,1]
	[449,1]
	[119,2]
	[541,1]
	[487,2]
	[457,1]
	[133,1]
	[433,2]
	[33,1]
	[186,1]
	[179639,1]
	[178605,1]
	[501,2]
	[75,2]
	[476,2]
	[543,2]
	[425,1]
	[471,2]
	[580,1]
	[87,7]
	[593,4]
	[572,5]
	[509,1]
	[62,1]
	[500,2]
	[516,1]
	[169899,1]
	[595,2]
	[48,1]
	[563,1]
	[67,1]
	[533,1]
	[192,1]
	[72,1]
	[126,4]
	[139,2]
	[601,1]
	[507,1]
	[585,4]
	[524,4]
	[55,1]
	[472,2]
	[160220,1]
	[505,1]
	[195,1]
	[519,2]
	[163227,1]
	[129,3]
	[553,3]
	[97,1]
	[149,1]
	[81,1]
	[518,2]
	[582,2]
	[148023,1]
	[173,2]
	[143037,1]
	[177,3]
	[170,1]
	[144,1]
	[515,1]
	[139883,1]
	[529,2]
	[136809,1]
	[466,1]
	[198,1]
	[575,1]
	[478,1]
	[179,1]
	[132703,1]
	[584,1]
	[153,2]
	[453,4]
	[61,2]
	[534,2]
	[74,1]
	[455,2]
	[451,1]
	[435,1]
	[574,3]
	[77,1]
	[527,1]
	[468,2]
	[570,3]
	[606,1]
	[540,1]
	[569,2]
	[605,1]
	[70,1]
	[597,1]
	[491,1]
	[89,2]
	[423,1]
	[596,2]
	[105534,1]
	[558,2]
	[117,1]
	[108,1]
	[590,2]
	[110,2]
	[556,1]
	[571,1]
	[200,2]
	[121,1]
	[34,1]
	[84933,1]
	[80910,1]
	[537,1]
	[536,2]
	[517,1]
	[503,2]
	[452,1]
	[499,1]
	[163,1]
	[463,1]
	[99,1]
	[450,1]
	[477,1]
	[113,1]
	[514,1]
	[157,1]
	[148,1]
	[520,2]
	[437,1]
	[116,1]
	[96,1]
	[176,1]
	[510,1]
	[511,1]

1588,
	[560,95]
	[561,83]
	[457,155]
	[484,116]
	[586,56]
	[459,128]
	[399,15]
	[448,222]
	[501,113]
	[432,201]
	[500,121]
	[414,188]
	[466,147]
	[510,125]
	[468,107]
	[503,106]
	[415,191]
	[425,204]
	[482,137]
	[472,122]
	[518,134]
	[1,310]
	[451,161]
	[447,172]
	[516,97]
	[532,102]
	[496,107]
	[514,123]
	[455,153]
	[413,153]
	[529,126]
	[558,80]
	[431,190]
	[523,115]
	[454,154]
	[559,88]
	[409,32]
	[419,228]
	[541,96]
	[519,122]
	[416,219]
	[426,197]
	[512,111]
	[548,114]
	[533,147]
	[440,203]
	[593,32]
	[464,139]
	[597,26]
	[465,137]
	[475,95]
	[456,154]
	[441,180]
	[433,198]
	[483,127]
	[418,225]
	[536,107]
	[450,154]
	[535,120]
	[563,66]
	[435,190]
	[430,171]
	[481,110]
	[526,95]
	[570,75]
	[449,182]
	[530,122]
	[461,141]
	[508,101]
	[480,90]
	[478,138]
	[411,38]
	[555,106]
	[520,133]
	[471,117]
	[422,205]
	[525,101]
	[458,160]
	[444,181]
	[515,113]
	[429,199]
	[479,125]
	[434,179]
	[442,213]
	[438,182]
	[424,216]
	[505,109]
	[557,86]
	[528,106]
	[469,119]
	[543,127]
	[493,137]
	[573,61]
	[421,255]
	[552,114]
	[524,118]
	[420,218]
	[513,96]
	[488,135]
	[439,201]
	[544,103]
	[494,114]
	[487,123]
	[427,233]
	[507,134]
	[506,118]
	[446,196]
	[423,241]
	[476,125]
	[553,98]
	[517,116]
	[502,120]
	[417,261]
	[522,109]
	[599,21]
	[568,85]
	[566,76]
	[428,227]
	[521,136]
	[470,120]
	[436,211]
	[460,185]
	[437,159]
	[504,108]
	[509,129]
	[556,78]
	[527,121]
	[542,124]
	[574,53]
	[492,103]
	[467,112]
	[572,48]
	[551,123]
	[584,43]
	[511,109]
	[445,180]
	[485,148]
	[474,103]
	[462,155]
	[564,82]
	[463,163]
	[412,126]
	[576,55]
	[491,130]
	[539,103]
	[407,22]
	[453,157]
	[545,92]
	[489,112]
	[490,126]
	[562,84]
	[486,128]
	[571,69]
	[540,103]
	[477,122]
	[534,122]
	[547,115]
	[579,56]
	[594,19]
	[498,123]
	[443,202]
	[226345,1]
	[549,111]
	[567,74]
	[577,43]
	[565,81]
	[591,36]
	[581,47]
	[603,16]
	[531,117]
	[589,27]
	[550,116]
	[537,127]
	[575,51]
	[578,51]
	[226329,1]
	[318,1]
	[402,16]
	[580,57]
	[590,31]
	[587,42]
	[538,105]
	[495,106]
	[452,155]
	[601,16]
	[499,112]
	[311,2]
	[546,85]
	[592,25]
	[224317,1]
	[583,36]
	[554,90]
	[582,43]
	[223125,1]
	[497,107]
	[280,1]
	[473,111]
	[396,13]
	[569,65]
	[222286,1]
	[405,9]
	[410,20]
	[220230,1]
	[220251,1]
	[397,28]
	[219289,1]
	[403,11]
	[217274,1]
	[585,36]
	[216190,1]
	[339,1]
	[400,12]
	[398,16]
	[215169,1]
	[408,23]
	[406,19]
	[595,24]
	[213175,1]
	[314,1]
	[212185,1]
	[600,8]
	[602,12]
	[313,3]
	[588,32]
	[203886,1]
	[203933,1]
	[285,1]
	[202904,1]
	[2,3]
	[596,16]
	[200852,1]
	[598,23]
	[199891,1]
	[198812,1]
	[337,1]
	[197856,1]
	[308,3]
	[196774,1]
	[195681,1]
	[303,3]
	[194737,1]
	[192614,1]
	[195745,1]
	[190633,1]
	[190642,1]
	[189597,1]
	[188646,1]
	[297,2]
	[185540,1]
	[401,14]
	[181683,1]
	[195775,1]
	[287,2]
	[302,1]
	[179466,1]
	[179458,1]
	[179452,1]
	[178429,1]
	[177416,1]
	[177424,1]
	[315,2]
	[404,3]
	[173360,1]
	[605,1]
	[170693,1]
	[170696,1]
	[290,1]
	[167650,1]
	[167617,1]
	[166555,1]
	[604,1]
	[164438,1]
	[162157,1]
	[162275,1]
	[162260,1]
	[161040,1]
	[161254,1]
	[160026,1]
	[160090,1]
	[159064,1]
	[157072,1]
	[155994,1]
	[156060,1]
	[289,2]
	[153048,1]
	[152026,1]
	[333,1]
	[150986,1]
	[150938,1]
	[151181,1]
	[150392,1]
	[320,2]
	[147904,1]
	[147871,1]
	[317,1]
	[146876,1]
	[284,2]
	[143731,1]
	[140699,1]
	[140935,1]
	[136627,1]
	[136615,1]
	[135606,1]
	[134632,1]
	[323,2]
	[133584,1]
	[132514,1]
	[146767,1]
	[127406,1]
	[127471,1]
	[316,1]
	[122413,1]
	[122354,1]
	[122439,1]
	[310,1]
	[121336,1]
	[117426,1]
	[117407,1]
	[113338,1]
	[296,1]
	[112318,1]
	[112286,1]
	[110244,1]
	[110249,1]
	[109266,1]
	[105455,1]
	[104407,1]
	[92932,1]
	[88898,1]
	[87900,1]
	[292,1]
	[82742,1]
	[81713,1]
	[80624,1]
	[80680,1]
	[76613,1]
	[293,1]
	[72590,1]
	[71506,1]
	[81708,1]
	[324,1]
	[66445,1]
	[65423,1]
	[65388,1]
	[64390,1]
	[65386,1]
	[65390,1]
	[283,1]
	[45055,1]
	[301,1]
	[37956,1]
	[340,1]
	[331,1]
	[299,1]
	[294,1]
	[24661,1]
	[328,1]
	[325,1]
	[295,1]
	[16481,1]
	[304,1]
	[319,1]

1624,
	[513,140]
	[520,130]
	[412,129]
	[588,221]
	[462,141]
	[546,146]
	[525,167]
	[428,165]
	[579,195]
	[435,122]
	[571,188]
	[438,157]
	[562,185]
	[575,236]
	[487,185]
	[580,171]
	[519,171]
	[568,187]
	[496,194]
	[499,169]
	[591,246]
	[509,169]
	[479,179]
	[554,164]
	[570,165]
	[582,206]
	[547,137]
	[440,365]
	[599,241]
	[414,104]
	[592,210]
	[567,164]
	[526,158]
	[442,241]
	[565,184]
	[478,216]
	[430,141]
	[576,170]
	[543,183]
	[390,72]
	[497,162]
	[450,168]
	[569,169]
	[585,188]
	[455,202]
	[418,110]
	[383,66]
	[459,145]
	[481,184]
	[376,59]
	[492,287]
	[483,169]
	[584,222]
	[498,189]
	[535,121]
	[530,177]
	[470,183]
	[521,145]
	[541,178]
	[605,211]
	[484,171]
	[544,237]
	[485,180]
	[468,168]
	[601,215]
	[493,322]
	[566,187]
	[560,145]
	[553,181]
	[461,147]
	[550,178]
	[594,213]
	[446,121]
	[494,180]
	[517,220]
	[471,161]
	[559,160]
	[524,150]
	[421,95]
	[445,147]
	[456,166]
	[533,163]
	[583,231]
	[561,165]
	[464,225]
	[606,165]
	[380,57]
	[549,146]
	[522,172]
	[598,212]
	[564,177]
	[451,214]
	[454,200]
	[473,203]
	[452,348]
	[426,190]
	[409,108]
	[401,78]
	[375,51]
	[386,56]
	[378,47]
	[408,114]
	[432,111]
	[506,177]
	[472,191]
	[556,232]
	[529,161]
	[448,142]
	[557,177]
	[422,117]
	[404,79]
	[528,131]
	[474,191]
	[593,202]
	[467,194]
	[407,102]
	[508,161]
	[475,195]
	[441,387]
	[596,204]
	[587,207]
	[395,72]
	[542,214]
	[589,187]
	[411,425]
	[393,95]
	[359,32]
	[577,192]
	[578,194]
	[405,97]
	[400,98]
	[551,152]
	[595,201]
	[466,222]
	[443,230]
	[403,79]
	[552,151]
	[514,162]
	[480,209]
	[449,148]
	[420,122]
	[495,161]
	[431,122]
	[486,183]
	[477,183]
	[458,154]
	[563,142]
	[365,31]
	[429,130]
	[368,25]
	[427,147]
	[354,16]
	[388,68]
	[476,186]
	[536,141]
	[387,63]
	[433,117]
	[600,217]
	[503,205]
	[516,180]
	[392,80]
	[502,163]
	[434,149]
	[537,153]
	[228605,1]
	[785,5]
	[555,170]
	[603,269]
	[227403,1]
	[362,40]
	[366,32]
	[573,206]
	[439,211]
	[382,60]
	[227470,1]
	[539,133]
	[490,236]
	[558,189]
	[227391,1]
	[548,162]
	[518,171]
	[437,146]
	[500,175]
	[527,154]
	[227457,1]
	[489,162]
	[586,211]
	[469,176]
	[510,151]
	[424,121]
	[416,105]
	[381,75]
	[453,295]
	[227455,2]
	[397,81]
	[504,210]
	[505,238]
	[379,40]
	[597,207]
	[447,149]
	[590,233]
	[460,163]
	[507,156]
	[540,157]
	[545,222]
	[444,144]
	[227595,1]
	[227555,1]
	[389,69]
	[391,71]
	[491,226]
	[384,56]
	[488,166]
	[373,50]
	[394,80]
	[370,48]
	[512,154]
	[531,145]
	[227440,1]
	[511,160]
	[417,110]
	[227415,1]
	[604,207]
	[364,29]
	[367,43]
	[2,66]
	[572,168]
	[410,108]
	[532,167]
	[457,157]
	[784,4]
	[406,103]
	[361,29]
	[436,145]
	[385,63]
	[226454,1]
	[396,91]
	[465,219]
	[581,216]
	[574,194]
	[423,143]
	[534,165]
	[226356,1]
	[419,103]
	[413,88]
	[402,80]
	[226352,1]
	[226463,1]
	[501,194]
	[226481,1]
	[602,215]
	[482,171]
	[372,43]
	[374,53]
	[369,44]
	[226421,1]
	[398,100]
	[415,93]
	[226440,1]
	[463,184]
	[523,162]
	[228755,1]
	[228555,1]
	[515,173]
	[377,43]
	[225352,2]
	[225497,1]
	[225426,1]
	[225393,1]
	[225373,1]
	[356,20]
	[348,11]
	[399,95]
	[358,23]
	[371,34]
	[224387,1]
	[609,15]
	[224433,1]
	[224504,1]
	[224375,1]
	[345,5]
	[350,10]
	[224390,1]
	[608,30]
	[228397,1]
	[223259,1]
	[360,35]
	[538,143]
	[425,158]
	[223439,1]
	[223424,1]
	[228757,1]
	[228667,1]
	[228491,1]
	[607,94]
	[222302,1]
	[222467,1]
	[222332,1]
	[222265,1]
	[222386,1]
	[222299,1]
	[342,7]
	[222390,1]
	[222323,1]
	[222269,1]
	[222336,1]
	[221248,1]
	[363,24]
	[221365,1]
	[221443,1]
	[221312,2]
	[221322,1]
	[344,7]
	[346,6]
	[221347,1]
	[221298,1]
	[228675,1]
	[220334,1]
	[220262,1]
	[220292,1]
	[220399,1]
	[220456,1]
	[351,7]
	[220313,1]
	[220236,1]
	[220365,1]
	[228624,1]
	[219206,1]
	[357,20]
	[219216,1]
	[219280,1]
	[219243,2]
	[219388,1]
	[219305,2]
	[219197,1]
	[219372,1]
	[219288,1]
	[219320,1]
	[219294,1]
	[219366,1]
	[219447,1]
	[218314,1]
	[218369,1]
	[218334,1]
	[218388,1]
	[218301,1]
	[218468,1]
	[218326,1]
	[218277,1]
	[218401,1]
	[218354,1]
	[218342,1]
	[782,2]
	[217338,1]
	[217402,1]
	[217253,1]
	[217306,1]
	[217414,1]
	[217347,1]
	[217407,1]
	[216272,1]
	[216303,1]
	[216372,1]
	[352,11]
	[216323,1]
	[216213,1]
	[216260,1]
	[216257,1]
	[216361,1]
	[228788,1]
	[228595,1]
	[816,5]
	[215394,1]
	[215228,1]
	[215337,1]
	[215285,1]
	[215411,1]
	[215332,1]
	[215330,1]
	[215298,1]
	[215338,1]
	[215235,1]
	[215198,1]
	[228562,1]
	[214227,1]
	[214240,1]
	[214385,1]
	[214258,1]
	[214294,1]
	[349,12]
	[228668,1]
	[820,1]
	[213305,1]
	[213214,1]
	[213335,1]
	[213277,1]
	[213361,1]
	[213349,1]
	[213212,1]
	[213362,1]
	[340,6]
	[355,15]
	[212148,1]
	[212375,1]
	[212206,1]
	[212273,1]
	[212212,1]
	[212424,1]
	[799,4]
	[211139,1]
	[211223,1]
	[211230,1]
	[211258,1]
	[211147,1]
	[211097,1]
	[211054,1]
	[212226,1]
	[212082,1]
	[210014,1]
	[210011,1]
	[210161,1]
	[210136,1]
	[210106,1]
	[210101,1]
	[210185,1]
	[210111,1]
	[210046,1]
	[210045,1]
	[801,3]
	[209001,1]
	[209057,1]
	[209130,1]
	[209031,1]
	[209182,1]
	[209169,1]
	[347,6]
	[353,16]
	[208024,1]
	[208026,1]
	[208028,1]
	[212309,1]
	[212235,1]
	[808,14]
	[206977,1]
	[207022,1]
	[207183,1]
	[207047,1]
	[206994,1]
	[341,7]
	[207050,1]
	[207086,1]
	[207074,1]
	[207020,1]
	[212246,1]
	[205994,1]
	[206064,1]
	[205954,1]
	[206020,1]
	[212392,1]
	[798,3]
	[205026,1]
	[204982,1]
	[205146,1]
	[205168,1]
	[205036,1]
	[205011,1]
	[205039,1]
	[205017,1]
	[212149,1]
	[812,9]
	[204074,1]
	[204080,1]
	[204047,1]
	[203947,1]
	[204023,1]
	[204140,1]
	[203942,1]
	[204085,1]
	[212460,1]
	[212336,1]
	[212256,1]
	[202950,1]
	[202967,1]
	[202984,1]
	[202951,1]
	[202898,1]
	[203059,1]
	[203040,1]
	[212459,1]
	[212442,1]
	[212279,1]
	[201970,1]
	[201862,1]
	[201989,1]
	[201966,1]
	[202051,1]
	[201868,1]
	[200906,1]
	[200975,1]
	[200964,1]
	[200983,1]
	[200925,1]
	[200961,1]
	[200947,1]
	[200930,1]
	[200969,1]
	[200979,1]
	[212274,1]
	[199930,1]
	[199892,1]
	[200040,1]
	[199903,1]
	[199865,1]
	[199911,1]
	[199901,1]
	[807,8]
	[829,2]
	[833,1]
	[198919,1]
	[198943,1]
	[198924,1]
	[198831,1]
	[212381,1]
	[212342,1]
	[832,1]
	[197933,1]
	[197929,1]
	[197849,1]
	[197917,1]
	[196887,1]
	[196802,1]
	[196750,1]
	[196789,1]
	[196803,1]
	[196756,1]
	[196821,1]
	[196890,1]
	[196851,1]
	[196833,1]
	[195813,1]
	[195916,1]
	[195884,1]
	[195841,1]
	[195857,1]
	[195908,2]
	[195821,1]
	[195733,1]
	[194864,1]
	[194889,1]
	[194801,1]
	[194791,1]
	[194863,1]
	[194840,1]
	[194717,1]
	[194797,1]
	[194754,1]
	[196067,1]
	[193764,1]
	[193795,1]
	[193749,1]
	[193790,1]
	[193803,1]
	[193687,1]
	[193811,1]
	[192694,1]
	[192638,1]
	[192737,1]
	[192696,1]
	[192783,1]
	[192838,1]
	[192832,1]
	[191763,1]
	[191635,1]
	[191730,1]
	[191771,1]
	[191826,1]
	[191715,1]
	[190694,1]
	[190749,1]
	[190690,1]
	[190750,1]
	[196047,1]
	[189715,1]
	[189718,1]
	[189736,1]
	[189676,1]
	[189645,1]
	[189666,1]
	[811,7]
	[814,2]
	[188698,1]
	[188773,1]
	[188657,1]
	[188801,1]
	[187708,1]
	[187689,1]
	[187678,1]
	[187666,1]
	[187738,1]
	[187677,1]
	[187778,1]
	[187732,1]
	[187751,1]
	[187619,1]
	[187761,1]
	[187688,1]
	[196019,1]
	[818,4]
	[186679,1]
	[186809,1]
	[186700,1]
	[186652,1]
	[186704,1]
	[343,6]
	[196065,1]
	[809,3]
	[185607,1]
	[185631,1]
	[185653,1]
	[185768,1]
	[185656,1]
	[813,6]
	[184603,1]
	[184568,1]
	[184623,1]
	[184620,1]
	[184611,1]
	[184563,1]
	[184618,1]
	[184682,1]
	[184651,1]
	[184635,1]
	[184614,1]
	[196029,1]
	[195871,1]
	[183547,1]
	[183690,1]
	[183651,1]
	[183560,1]
	[183671,1]
	[195947,1]
	[786,4]
	[182722,1]
	[182615,1]
	[182684,1]
	[182734,1]
	[182577,1]
	[182639,1]
	[182579,1]
	[182597,1]
	[182546,1]
	[181668,1]
	[181601,1]
	[181593,1]
	[181667,1]
	[181618,1]
	[181643,1]
	[181545,1]
	[181585,1]
	[181592,1]
	[181516,1]
	[195960,1]
	[180549,1]
	[180599,1]
	[180630,1]
	[180510,1]
	[180500,1]
	[180576,1]
	[180628,1]
	[180457,1]
	[180474,1]
	[180552,1]
	[179459,1]
	[179508,1]
	[179618,1]
	[179662,1]
	[179463,1]
	[179537,1]
	[179588,1]
	[179516,1]
	[178449,1]
	[178606,2]
	[178573,1]
	[178468,1]
	[179528,1]
	[177528,1]
	[177458,1]
	[177560,1]
	[177538,1]
	[177583,1]
	[177514,1]
	[769,1]
	[176394,1]
	[176534,1]
	[176470,1]
	[179506,1]
	[773,2]
	[175449,1]
	[175502,1]
	[175475,1]
	[175459,1]
	[175470,1]
	[175456,1]
	[175549,1]
	[175451,1]
	[175432,1]
	[175423,1]
	[179825,1]
	[179526,1]
	[174472,1]
	[174411,1]
	[174376,1]
	[174408,1]
	[174352,1]
	[174341,1]
	[174465,1]
	[174434,1]
	[179670,1]
	[179492,1]
	[173379,1]
	[173412,1]
	[173488,1]
	[173545,1]
	[173369,1]
	[173446,1]
	[172289,1]
	[172468,1]
	[172439,1]
	[172419,1]
	[172377,1]
	[772,2]
	[171395,1]
	[171530,1]
	[171517,1]
	[171509,1]
	[171472,1]
	[171706,1]
	[171721,1]
	[171670,1]
	[171728,1]
	[171688,1]
	[180267,1]
	[170777,2]
	[170717,1]
	[170771,1]
	[170684,1]
	[170715,1]
	[170708,1]
	[170833,1]
	[170836,1]
	[170826,1]
	[169686,1]
	[169741,1]
	[169671,1]
	[169691,1]
	[169755,1]
	[802,3]
	[168659,1]
	[168722,1]
	[168671,1]
	[168694,1]
	[168650,1]
	[168809,1]
	[168768,1]
	[168747,1]
	[168736,1]
	[168724,1]
	[168763,1]
	[168742,1]
	[168791,1]
	[168730,1]
	[168790,1]
	[180193,1]
	[180025,1]
	[167706,1]
	[167631,1]
	[167757,1]
	[167684,1]
	[167720,1]
	[167622,1]
	[167618,1]
	[179915,1]
	[166675,1]
	[166562,1]
	[166681,1]
	[166602,1]
	[166596,1]
	[166774,1]
	[166737,1]
	[180190,1]
	[180094,1]
	[179914,1]
	[165586,1]
	[165702,1]
	[165632,1]
	[165575,1]
	[165609,1]
	[179927,1]
	[804,1]
	[164526,1]
	[164640,1]
	[164604,1]
	[164679,1]
	[164695,1]
	[164544,1]
	[790,4]
	[163418,1]
	[163421,1]
	[163323,1]
	[162227,1]
	[162133,1]
	[162220,1]
	[162110,1]
	[163333,1]
	[163219,1]
	[161027,1]
	[161138,1]
	[161142,1]
	[161302,1]
	[161198,1]
	[161110,1]
	[161093,1]
	[163339,1]
	[160073,1]
	[160088,1]
	[160132,1]
	[160149,1]
	[160185,1]
	[160184,1]
	[160242,1]
	[160076,1]
	[159107,1]
	[159013,1]
	[159106,1]
	[159127,1]
	[159110,1]
	[159173,1]
	[159080,1]
	[159116,1]
	[159263,1]
	[163315,1]
	[163235,1]
	[163195,1]
	[158130,1]
	[163515,1]
	[789,1]
	[157077,1]
	[157220,1]
	[157198,1]
	[157089,2]
	[157126,1]
	[157161,1]
	[157224,1]
	[157145,1]
	[157061,1]
	[156081,1]
	[156144,1]
	[156229,1]
	[156062,1]
	[156148,1]
	[156146,1]
	[156100,1]
	[156176,1]
	[156172,1]
	[155210,1]
	[155110,1]
	[154983,1]
	[155144,1]
	[155067,1]
	[155150,1]
	[788,1]
	[153950,1]
	[154078,1]
	[154138,1]
	[153960,1]
	[153924,1]
	[153997,1]
	[154212,1]
	[153071,1]
	[153079,1]
	[153069,1]
	[153093,1]
	[153127,1]
	[152127,1]
	[152160,1]
	[152144,1]
	[152229,1]
	[152102,1]
	[163286,1]
	[151002,1]
	[151208,1]
	[151155,1]
	[1217,1]
	[150446,1]
	[150432,1]
	[150512,1]
	[163425,1]
	[821,2]
	[149093,1]
	[148919,1]
	[148949,1]
	[148946,1]
	[148925,1]
	[148036,1]
	[147961,1]
	[147975,1]
	[147861,1]
	[147079,1]
	[146967,1]
	[146911,1]
	[146867,1]
	[147009,1]
	[146953,1]
	[147029,1]
	[147077,1]
	[146875,1]
	[145869,1]
	[145929,1]
	[145867,1]
	[145971,1]
	[145962,1]
	[145847,1]
	[145837,1]
	[146924,1]
	[144889,1]
	[144879,1]
	[144769,1]
	[144885,1]
	[144850,1]
	[144831,1]
	[144856,1]
	[143744,1]
	[143872,1]
	[143868,1]
	[143859,1]
	[143849,1]
	[143871,1]
	[142771,1]
	[142759,1]
	[142933,1]
	[142909,1]
	[142900,1]
	[142890,1]
	[142793,1]
	[147165,1]
	[141751,1]
	[141851,1]
	[141788,1]
	[141775,1]
	[140768,1]
	[140760,1]
	[140812,1]
	[140795,1]
	[147199,1]
	[139859,1]
	[138905,1]
	[138749,1]
	[138792,1]
	[147002,1]
	[146926,1]
	[806,3]
	[137768,1]
	[137748,1]
	[137846,1]
	[137832,1]
	[137783,1]
	[137757,1]
	[137684,1]
	[137841,1]
	[810,7]
	[136770,1]
	[136701,1]
	[136649,1]
	[136776,1]
	[136706,1]
	[136742,1]
	[147194,1]
	[135627,1]
	[135764,1]
	[135698,1]
	[135658,1]
	[146876,1]
	[134745,1]
	[147014,1]
	[834,1]
	[133759,1]
	[133572,1]
	[133628,1]
	[133675,1]
	[133760,1]
	[147086,1]
	[838,1]
	[132579,1]
	[132652,1]
	[132625,1]
	[132716,1]
	[132570,1]
	[132628,1]
	[132597,1]
	[132663,1]
	[132613,1]
	[131516,1]
	[131580,1]
	[131581,1]
	[131640,1]
	[131535,1]
	[131538,1]
	[131582,1]
	[131521,1]
	[131699,1]
	[131657,1]
	[130563,1]
	[130468,1]
	[130815,1]
	[130667,1]
	[129501,1]
	[129493,1]
	[129496,1]
	[129629,1]
	[129557,1]
	[129547,1]
	[129632,1]
	[822,1]
	[128444,1]
	[128580,1]
	[128493,1]
	[128520,1]
	[128521,1]
	[128624,1]
	[130780,1]
	[130775,1]
	[130603,1]
	[127396,1]
	[127506,1]
	[127409,1]
	[127550,1]
	[127558,1]
	[127641,1]
	[130576,1]
	[126543,1]
	[126593,1]
	[126497,1]
	[126529,1]
	[125406,1]
	[125497,1]
	[125519,1]
	[125469,1]
	[125458,1]
	[125464,1]
	[125541,1]
	[130575,1]
	[124460,1]
	[124595,1]
	[124555,1]
	[124405,1]
	[124614,1]
	[124586,1]
	[130866,1]
	[123480,1]
	[123449,1]
	[123493,1]
	[123492,1]
	[123408,1]
	[123415,1]
	[123549,1]
	[122501,1]
	[122466,1]
	[122395,1]
	[122503,1]
	[122517,1]
	[122515,1]
	[130745,1]
	[130655,1]
	[121493,1]
	[121487,1]
	[121426,1]
	[121510,1]
	[121495,1]
	[121481,1]
	[121583,1]
	[121552,1]
	[130711,1]
	[819,1]
	[120451,1]
	[120566,1]
	[120372,1]
	[120472,1]
	[120385,1]
	[120497,1]
	[119356,1]
	[119448,1]
	[119372,1]
	[119392,1]
	[119284,1]
	[119404,1]
	[119522,1]
	[119420,1]
	[118299,1]
	[118334,1]
	[118395,1]
	[118459,1]
	[118417,1]
	[117453,1]
	[117505,1]
	[117425,1]
	[117410,1]
	[130821,1]
	[791,2]
	[116578,1]
	[116492,1]
	[116476,1]
	[116548,1]
	[116424,1]
	[115469,1]
	[115383,1]
	[115363,1]
	[115359,1]
	[115470,1]
	[115395,1]
	[115482,1]
	[115453,1]
	[114433,1]
	[114327,1]
	[114323,1]
	[114436,1]
	[114361,1]
	[114449,1]
	[114632,1]
	[114444,1]
	[113384,1]
	[113454,1]
	[113426,1]
	[113441,1]
	[113408,1]
	[112412,1]
	[112413,1]
	[112336,1]
	[112496,1]
	[112331,1]
	[112472,1]
	[114590,1]
	[775,1]
	[111303,1]
	[111339,1]
	[111331,1]
	[111334,1]
	[111381,1]
	[111305,1]
	[111387,1]
	[111329,1]
	[114504,1]
	[110298,1]
	[110346,1]
	[109330,2]
	[109411,1]
	[109394,1]
	[109336,1]
	[109328,1]
	[109423,1]
	[114634,1]
	[108334,1]
	[108405,1]
	[108411,1]
	[108377,1]
	[108428,1]
	[803,2]
	[107301,1]
	[107350,1]
	[107277,1]
	[107382,1]
	[107336,1]
	[107274,1]
	[107270,1]
	[114600,1]
	[114578,1]
	[114560,1]
	[106318,1]
	[106248,1]
	[106431,1]
	[106550,1]
	[114960,1]
	[105566,1]
	[105498,1]
	[105600,1]
	[105522,1]
	[105494,1]
	[105521,1]
	[105540,1]
	[800,1]
	[774,2]
	[104461,1]
	[104486,1]
	[104447,1]
	[104482,1]
	[104443,1]
	[114980,1]
	[114782,1]
	[103520,1]
	[103498,1]
	[103440,1]
	[103519,1]
	[103564,1]
	[102479,1]
	[102420,1]
	[102523,1]
	[102435,1]
	[102357,1]
	[102489,1]
	[101467,1]
	[101408,1]
	[101381,1]
	[101356,1]
	[101287,1]
	[101363,2]
	[101422,1]
	[101370,1]
	[100301,1]
	[100419,1]
	[100363,1]
	[100310,1]
	[99311,1]
	[99330,1]
	[99270,1]
	[99288,1]
	[99275,1]
	[98517,1]
	[792,5]
	[98125,1]
	[98046,1]
	[98271,1]
	[98077,1]
	[97010,1]
	[97142,1]
	[97143,1]
	[97032,1]
	[97137,1]
	[96075,1]
	[96130,1]
	[96073,1]
	[96122,1]
	[94992,1]
	[95015,2]
	[95146,1]
	[95004,1]
	[95144,1]
	[95106,1]
	[95103,1]
	[94125,1]
	[93996,1]
	[93008,1]
	[93025,1]
	[92984,1]
	[93027,1]
	[98452,1]
	[98353,1]
	[98335,1]
	[91924,1]
	[92080,1]
	[92065,1]
	[92057,1]
	[92024,1]
	[92061,1]
	[92016,1]
	[98446,1]
	[98235,1]
	[91072,1]
	[91040,1]
	[91085,1]
	[91071,1]
	[90014,1]
	[90000,1]
	[88986,1]
	[89032,1]
	[89014,1]
	[89001,1]
	[98376,1]
	[98232,1]
	[98160,1]
	[87885,1]
	[87951,1]
	[87933,1]
	[98188,1]
	[86914,1]
	[86922,1]
	[87034,1]
	[86825,1]
	[86933,1]
	[98302,1]
	[85991,1]
	[85939,1]
	[85998,1]
	[85905,1]
	[85867,1]
	[85820,1]
	[84942,2]
	[84992,1]
	[84971,1]
	[83878,1]
	[83869,1]
	[83806,1]
	[83799,1]
	[83769,1]
	[826,1]
	[81794,1]
	[81789,1]
	[81722,1]
	[80781,1]
	[80829,1]
	[80657,1]
	[81912,1]
	[81798,2]
	[79753,1]
	[79862,1]
	[79747,1]
	[78750,1]
	[78665,1]
	[78753,1]
	[78790,1]
	[82084,1]
	[81980,1]
	[77857,1]
	[77843,1]
	[77679,1]
	[76782,1]
	[76840,1]
	[76639,1]
	[76632,1]
	[81854,1]
	[74690,1]
	[74665,1]
	[74763,1]
	[74741,1]
	[74599,1]
	[81836,1]
	[73577,1]
	[73647,1]
	[72597,1]
	[72554,1]
	[72686,1]
	[72594,1]
	[72656,1]
	[72668,1]
	[71549,1]
	[71600,1]
	[82029,1]
	[70518,1]
	[82024,1]
	[81790,1]
	[69556,1]
	[69522,1]
	[69567,1]
	[81918,1]
	[68465,1]
	[68584,1]
	[68539,1]
	[68518,1]
	[68507,1]
	[68501,1]
	[68565,1]
	[68504,1]
	[778,5]
	[67599,1]
	[67510,1]
	[67492,1]
	[67534,1]
	[776,1]
	[66456,1]
	[66510,1]
	[66412,1]
	[66483,1]
	[761,6]
	[65465,1]
	[64563,1]
	[65499,1]
	[63437,1]
	[63501,1]
	[63460,1]
	[763,4]
	[62434,1]
	[62335,1]
	[65813,1]
	[61442,1]
	[61399,1]
	[61447,1]
	[65699,1]
	[60540,1]
	[60450,1]
	[65589,1]
	[59418,1]
	[59414,1]
	[58364,1]
	[58321,1]
	[58466,1]
	[58367,1]
	[65599,1]
	[759,1]
	[57450,1]
	[57392,1]
	[56262,1]
	[56343,1]
	[56301,1]
	[55285,1]
	[55283,1]
	[55358,1]
	[65774,1]
	[54317,1]
	[54270,1]
	[54334,1]
	[54224,1]
	[65806,1]
	[65527,1]
	[53217,1]
	[53278,1]
	[53185,1]
	[53343,1]
	[65724,1]
	[52308,1]
	[52201,1]
	[52187,1]
	[793,1]
	[51186,1]
	[51262,1]
	[65653,1]
	[50213,1]
	[50248,1]
	[49457,1]
	[49412,1]
	[49208,1]
	[777,3]
	[48252,1]
	[779,2]
	[47182,1]
	[47193,1]
	[47210,1]
	[49350,1]
	[49250,1]
	[49200,1]
	[49174,1]
	[46077,1]
	[45130,1]
	[45152,1]
	[45113,1]
	[45095,1]
	[44122,1]
	[44125,1]
	[49202,1]
	[43043,1]
	[43012,1]
	[42078,1]
	[49477,1]
	[41028,1]
	[40108,1]
	[40117,1]
	[39097,1]
	[39039,1]
	[49450,1]
	[49430,1]
	[38032,1]
	[38083,1]
	[37054,1]
	[35923,1]
	[35090,1]
	[34962,1]
	[35003,1]
	[34907,1]
	[33866,1]
	[33930,1]
	[32903,1]
	[33037,1]
	[31832,1]
	[31786,1]
	[796,2]
	[30843,1]
	[33183,1]
	[32881,1]
	[29847,1]
	[29798,1]
	[28850,1]
	[32953,1]
	[26734,1]
	[25706,1]
	[33177,1]
	[24716,1]
	[33046,1]
	[23718,1]
	[794,1]
	[610,1]
	[22698,1]
	[22612,1]
	[33111,2]
	[32985,1]
	[21627,1]
	[32854,1]
	[33059,1]
	[828,1]
	[19678,1]
	[19571,1]
	[19646,1]
	[19553,1]
	[32826,1]
	[16555,1]
	[15470,1]
	[16787,1]
	[16797,1]
	[16574,1]
	[12383,1]
	[16580,1]
	[16793,1]
	[16702,1]
	[9439,1]
	[16804,1]
	[16748,1]
	[8420,1]
	[16845,1]
	[16821,1]
	[7332,1]
	[16767,1]
	[16837,1]
	[16736,1]
	[16688,1]
	[4338,1]
	[16746,1]
	[16670,1]
	[780,1]
	[16674,1]
	[1343,1]
	[235,1]
	[797,2]
	[765,2]
	[261,1]
	[331,1]

1584,
	[458,151]
	[490,111]
	[460,141]
	[433,209]
	[511,123]
	[525,107]
	[474,117]
	[428,163]
	[469,103]
	[413,153]
	[443,163]
	[456,151]
	[467,144]
	[435,159]
	[485,117]
	[295,32]
	[447,162]
	[326,47]
	[482,137]
	[519,110]
	[311,24]
	[465,126]
	[288,24]
	[522,108]
	[307,41]
	[491,128]
	[528,133]
	[535,122]
	[434,196]
	[526,91]
	[548,100]
	[2,371]
	[421,255]
	[432,207]
	[554,92]
	[415,207]
	[504,121]
	[557,103]
	[430,211]
	[442,177]
	[494,121]
	[429,210]
	[543,93]
	[472,113]
	[560,79]
	[453,175]
	[550,93]
	[495,112]
	[527,121]
	[499,120]
	[506,102]
	[514,114]
	[567,80]
	[500,120]
	[542,103]
	[598,13]
	[468,137]
	[486,116]
	[558,94]
	[573,65]
	[422,207]
	[575,47]
	[437,170]
	[294,35]
	[445,163]
	[420,229]
	[439,208]
	[431,192]
	[462,169]
	[438,173]
	[343,26]
	[477,116]
	[488,100]
	[545,101]
	[446,198]
	[425,209]
	[563,69]
	[552,105]
	[512,128]
	[444,179]
	[480,107]
	[473,106]
	[476,95]
	[565,75]
	[300,35]
	[493,114]
	[449,181]
	[530,130]
	[440,156]
	[306,39]
	[280,10]
	[457,144]
	[408,21]
	[441,176]
	[448,188]
	[498,122]
	[417,201]
	[532,120]
	[478,103]
	[427,198]
	[529,114]
	[505,114]
	[539,111]
	[568,59]
	[517,130]
	[571,55]
	[508,122]
	[483,106]
	[574,63]
	[572,52]
	[579,44]
	[509,111]
	[541,132]
	[513,101]
	[520,115]
	[423,172]
	[581,39]
	[466,123]
	[314,47]
	[475,133]
	[547,110]
	[419,208]
	[454,155]
	[322,51]
	[436,185]
	[516,120]
	[330,43]
	[312,46]
	[452,164]
	[551,105]
	[566,68]
	[481,111]
	[591,26]
	[461,159]
	[561,77]
	[305,42]
	[302,44]
	[459,166]
	[320,52]
	[293,34]
	[424,213]
	[497,123]
	[323,47]
	[531,127]
	[338,29]
	[546,117]
	[553,89]
	[577,52]
	[414,186]
	[570,60]
	[584,44]
	[471,117]
	[507,105]
	[587,29]
	[578,53]
	[492,134]
	[328,62]
	[510,106]
	[416,283]
	[589,37]
	[487,115]
	[501,116]
	[555,109]
	[540,116]
	[583,50]
	[518,124]
	[411,12]
	[227296,1]
	[319,38]
	[426,213]
	[336,38]
	[348,24]
	[347,29]
	[351,16]
	[227370,1]
	[470,130]
	[521,133]
	[310,40]
	[455,157]
	[227320,1]
	[325,43]
	[533,105]
	[352,8]
	[549,103]
	[479,118]
	[464,134]
	[317,31]
	[496,99]
	[298,31]
	[287,27]
	[321,35]
	[355,14]
	[524,116]
	[523,105]
	[418,242]
	[569,68]
	[597,24]
	[451,181]
	[503,126]
	[332,55]
	[576,47]
	[271,7]
	[489,116]
	[269,8]
	[272,7]
	[538,111]
	[544,121]
	[350,9]
	[346,24]
	[450,182]
	[502,110]
	[484,97]
	[282,7]
	[290,21]
	[285,24]
	[283,17]
	[463,133]
	[515,113]
	[534,133]
	[296,32]
	[537,128]
	[601,21]
	[536,101]
	[370,8]
	[363,19]
	[279,15]
	[291,25]
	[286,16]
	[580,45]
	[588,28]
	[309,37]
	[331,52]
	[318,29]
	[324,61]
	[342,26]
	[315,39]
	[354,17]
	[594,22]
	[585,58]
	[299,33]
	[335,38]
	[297,22]
	[412,94]
	[364,18]
	[410,13]
	[266,6]
	[409,10]
	[329,51]
	[586,35]
	[339,30]
	[357,11]
	[559,90]
	[303,25]
	[556,82]
	[337,30]
	[593,26]
	[223195,1]
	[327,52]
	[562,63]
	[407,17]
	[375,4]
	[281,9]
	[564,79]
	[284,15]
	[367,19]
	[316,38]
	[368,9]
	[371,8]
	[362,10]
	[308,35]
	[582,44]
	[313,45]
	[596,28]
	[221166,1]
	[345,29]
	[595,17]
	[344,27]
	[365,19]
	[220277,1]
	[301,51]
	[356,15]
	[353,12]
	[372,2]
	[340,28]
	[268,13]
	[334,30]
	[304,43]
	[218159,1]
	[267,9]
	[275,8]
	[217204,1]
	[358,14]
	[600,14]
	[289,35]
	[333,20]
	[216244,1]
	[360,15]
	[274,8]
	[215158,1]
	[366,14]
	[215246,1]
	[276,8]
	[263,7]
	[265,6]
	[264,5]
	[273,10]
	[3,15]
	[214084,1]
	[214100,1]
	[278,6]
	[590,34]
	[212132,1]
	[373,3]
	[359,13]
	[349,11]
	[210937,1]
	[592,30]
	[599,12]
	[292,37]
	[208926,1]
	[207197,1]
	[374,6]
	[205908,1]
	[205166,1]
	[406,3]
	[270,5]
	[341,19]
	[201896,1]
	[200820,1]
	[198779,1]
	[197772,1]
	[196806,1]
	[195684,1]
	[369,6]
	[277,3]
	[262,5]
	[192592,1]
	[191718,1]
	[190563,1]
	[185640,1]
	[185588,1]
	[361,9]
	[195787,1]
	[180507,1]
	[179410,1]
	[174302,1]
	[171402,1]
	[171623,1]
	[602,7]
	[167547,1]
	[604,1]
	[261,5]
	[162061,1]
	[161040,1]
	[158127,1]
	[154899,1]
	[603,2]
	[148849,1]
	[146833,1]
	[144752,1]
	[140653,1]
	[140787,1]
	[138625,1]
	[136657,1]
	[134562,1]
	[132464,1]
	[131475,1]
	[130381,1]
	[124312,1]
	[124332,1]
	[123342,1]
	[118219,1]
	[118225,1]
	[112220,1]
	[109237,1]
	[107181,1]
	[99178,1]
	[92820,1]
	[89848,1]
	[87899,1]
	[85804,1]
	[79563,1]
	[78607,1]
	[74554,1]
	[67346,1]
	[62253,1]
	[65453,1]
	[65452,1]
	[49100,1]
	[43985,1]
	[392,1]
	[39945,1]
	[30668,1]
	[25606,1]
	[16493,1]

1604,
	[110,21]
	[35,14]
	[94,13]
	[81,1]
	[69,11]
	[16,52]
	[61,17]
	[111,3]
	[52,6]
	[53,25]
	[12,1]
	[113,16]
	[103,11]
	[128,9]
	[27,17]
	[13,3]
	[19,24]
	[140,1]
	[60,11]
	[136,4]
	[9,4]
	[87,24]
	[8,31]
	[43,7]
	[93,2]
	[114,2]
	[77,6]
	[76,21]
	[68,13]
	[72,1]
	[144,11]
	[120,2]
	[86,2]
	[118,9]
	[157,1]
	[34,20]
	[167,1]
	[26,11]
	[147,2]
	[42,31]
	[95,15]
	[40,7]
	[165,2]
	[101,3]
	[135,5]
	[23,1]
	[102,18]
	[161,4]
	[82,1]
	[92,4]
	[117,1]
	[126,9]
	[132,1]
	[162,2]
	[84,5]
	[28,13]
	[51,3]
	[129,1]
	[96,2]
	[121,12]
	[50,4]
	[100,1]
	[31,1]
	[38,1]
	[58,1]
	[122,2]
	[36,1]
	[17,10]
	[185,1]
	[130,2]
	[181,1]
	[47,1]
	[62,1]
	[148,3]
	[97,1]
	[153,4]
	[104,3]
	[158,2]
	[79,2]
	[139,1]
	[115,1]
	[125,1]
	[74,1]
	[151,1]
	[171,1]
	[124,1]
	[83,1]
	[178,1]
	[70,1]
	[33,1]
	[80,1]
	[172,1]
	[173,1]
	[164,1]
	[25,1]
	[22,1]
	[166,1]

1448,
	[340,3]
	[479,1]
	[293,4]
	[353,3]
	[383,1]
	[399,1]
	[225339,1]
	[291,1]
	[229,1]
	[232,2]
	[423,1]
	[535,1]
	[251,2]
	[369,1]
	[355,1]
	[226,2]
	[492,1]
	[446,1]
	[214180,1]
	[480,1]
	[362,2]
	[212104,1]
	[244,2]
	[387,2]
	[208976,1]
	[206932,1]
	[281,2]
	[203925,1]
	[509,2]
	[297,1]
	[197649,1]
	[196629,1]
	[483,1]
	[487,1]
	[457,1]
	[541,1]
	[341,1]
	[403,3]
	[491,1]
	[473,1]
	[186579,1]
	[260,2]
	[261,1]
	[481,1]
	[485,1]
	[308,2]
	[217,1]
	[494,1]
	[290,3]
	[484,1]
	[518,1]
	[526,1]
	[416,2]
	[523,2]
	[311,2]
	[337,1]
	[381,1]
	[263,1]
	[501,1]
	[359,2]
	[517,1]
	[233,1]
	[329,1]
	[170947,1]
	[230,2]
	[242,2]
	[331,1]
	[3,2]
	[599,1]
	[374,1]
	[250,1]
	[248,2]
	[252,2]
	[460,1]
	[323,2]
	[391,1]
	[511,1]
	[389,1]
	[505,2]
	[138699,1]
	[136613,1]
	[134713,1]
	[264,1]
	[269,1]
	[315,3]
	[365,1]
	[393,1]
	[407,2]
	[415,1]
	[130569,1]
	[427,2]
	[265,2]
	[433,2]
	[303,1]
	[289,1]
	[125522,1]
	[465,1]
	[309,2]
	[120474,1]
	[321,1]
	[507,1]
	[301,1]
	[426,2]
	[259,1]
	[454,2]
	[111293,1]
	[237,1]
	[241,1]
	[221,1]
	[519,2]
	[373,1]
	[499,1]
	[105461,1]
	[445,3]
	[344,2]
	[477,1]
	[461,1]
	[234,2]
	[429,1]
	[93969,1]
	[345,1]
	[88907,1]
	[467,1]
	[273,1]
	[372,1]
	[81704,1]
	[471,1]
	[77647,1]
	[275,1]
	[549,4]
	[223,1]
	[270,1]
	[214,1]
	[224,1]
	[497,1]
	[213,1]
	[208,1]
	[236,1]
	[371,1]
	[305,1]
	[357,1]
	[352,1]
	[386,1]
	[404,1]
	[414,1]
	[422,1]
	[50061,1]
	[225,2]
	[358,1]
	[364,1]
	[316,1]
	[463,1]
	[459,1]
	[443,1]
	[34825,1]
	[33804,1]
	[29761,1]
	[256,2]
	[240,1]
	[25685,1]
	[23613,1]
	[436,1]
	[257,2]
	[458,1]
	[14411,1]
	[9318,1]
	[7280,1]
	[5242,1]
	[440,1]
	[4221,1]
	[456,1]
	[474,1]
	[212,1]
	[317,1]
	[401,1]
	[510,1]
	[196,1]
	[537,1]
	[413,1]
	[29420042,1]

1520,
	[152,1]
	[195,26]
	[2,2]
	[194,13]
	[126,1]
	[169,50]
	[23,10]
	[117,2]
	[95,2]
	[116,14]
	[100,1]
	[110,1]
	[118,12]
	[153,1]
	[128,1]
	[131,2]
	[167,4]
	[148,2]
	[84,2]
	[115,2]
	[143,10]
	[144,1]
	[196,2]
	[150,1]
	[94,2]
	[142,2]
	[166,1]
	[155,1]
	[147,1]
	[119,2]
	[108,1]
	[145,2]
	[3,1]
	[165,1]
	[25,2]
	[107,1]
	[179,1]
	[163,2]
	[193,2]
	[136,1]
	[127,1]
	[146,1]
	[176,1]
	[154,1]
	[156,1]
	[170,1]
	[132,1]
	[125,1]
	[139,1]
	[168,1]
	[91,1]
	[24,1]
	[178,1]
	[92,1]

1580,
	[13,1]
	[19,1]
	[473,1]
	[27,1]
	[48,1]
	[79,1]
	[25,1]
	[96,1]
	[84,1]
	[87,1]
	[93,1]
	[20,1]
	[23,1]
	[108,1]

1500,
	[504,1]
	[169,2]
	[25,4]
	[110,1]
	[17,1]
	[563,1]
	[555,1]
	[24,1]
	[118,2]

1484,
	[17,1]
	[4,1]

1644,
	[3851,1]

len(carl_order):
36
Printing carl assignment order:
1484,4,0.125
1484,17,0.07692307692307693
1500,25,0.017595307917888565
1580,27,0.01749271137026239
1604,185,0.014600908500973394
1580,108,0.014373716632443531
1588,1,0.013115031518382197
1628,235,0.010706794837472049
1584,2,0.007208082378084321
1520,196,0.006883496816382722
1652,193,0.0050935394966477405
1500,169,0.005045408678102927
1628,544,0.003629764065335753
1448,3,0.0028735632183908046
1652,606,0.002774776094800271
1580,473,0.0027397260273972603
1500,563,0.0026905829596412557
1448,549,0.002180086309057979
1584,604,0.002148660159221445
1588,605,0.0020625939284307005
1504,607,0.0020128710345023106
1624,609,0.0019180173819219935
1624,610,0.000724112961622013
1448,599,0.0005714285714285715
1624,822,0.0005440262795879261
1624,834,0.00047784831729128267
1644,3851,0.00025967281225655674
1624,838,0.00020559210526315788
1448,9318,1.4023524462285484e-05
1448,34825,8.352369776114728e-06
1448,225339,8.189626164929813e-06
1624,228788,7.042429979857433e-06
1588,226345,6.784679708598006e-06
1584,227370,6.671104947086164e-06
1652,227595,5.741366592227935e-06
1448,29420042,3.42527889391442e-08
bin_width: 5884997
assigning lease 4 to address 1484
Average Cache Occupancy Per Bin: [0.0,0.0,0.0,0.0,0.00]
Total cost: 0
assigning lease 17 to address 1484
Average Cache Occupancy Per Bin: [0.0,0.0,0.0,0.0,0.00]
Total cost: 0
assigning lease 25 to address 1500
Average Cache Occupancy Per Bin: [0.0,0.00,0.00,0.00,0.00]
Total cost: 0
assigning lease 27 to address 1580
Average Cache Occupancy Per Bin: [0.00,0.00,0.00,0.00,0.00]
Total cost: 28928.0
assigning lease 185 to address 1604
Average Cache Occupancy Per Bin: [0.37,0.36,0.43,0.36,0.36]
Total cost: 2214400.0
assigning lease 108 to address 1580
Average Cache Occupancy Per Bin: [0.38,0.37,0.43,0.37,0.36]
Total cost: 2240512.0
assigning lease 1 to address 1588
Average Cache Occupancy Per Bin: [0.58,0.57,0.64,0.57,0.57]
Total cost: 3457024.0
assigning lease 235 to address 1628
Average Cache Occupancy Per Bin: [19.3,19.3,19.1,18.0,17.3]
Total cost: 113967872.0
assigning lease 2 to address 1584
Average Cache Occupancy Per Bin: [19.8,19.8,19.5,18.5,17.7]
Total cost: 116677376.0
assigning lease 196 to address 1520
Average Cache Occupancy Per Bin: [19.9,19.9,19.7,18.7,18.4]
Total cost: 117304576.0
assigning lease 193 to address 1652
Average Cache Occupancy Per Bin: [21.1,21.0,20.8,19.8,19.4]
Total cost: 124642304.0
assigning lease 169 to address 1500
Average Cache Occupancy Per Bin: [21.1,21.0,20.8,19.8,19.4]
Total cost: 124642304.0
assigning lease 544 to address 1628
Average Cache Occupancy Per Bin: [21.1,21.0,20.8,19.8,19.4]
Total cost: 124642304.0
assigning lease 3 to address 1448
Average Cache Occupancy Per Bin: [21.1,21.0,20.8,19.8,19.4]
Total cost: 124665344.0
assigning lease 606 to address 1652
Average Cache Occupancy Per Bin: [22.2,21.9,21.8,20.7,20.3]
Total cost: 131022336.0
assigning lease 473 to address 1580
Average Cache Occupancy Per Bin: [22.2,21.9,21.8,20.7,20.3]
Total cost: 131115776.0
assigning lease 563 to address 1500
Average Cache Occupancy Per Bin: [22.2,21.9,21.8,20.7,20.3]
Total cost: 131115776.0
assigning lease 549 to address 1448
Average Cache Occupancy Per Bin: [22.7,22.4,22.3,21.5,21.9]
Total cost: 134083072.0
assigning lease 604 to address 1584
Average Cache Occupancy Per Bin: [127.,124.,124.,123.,122.]
Total cost: 753276160.0
assigning lease 605 to address 1588
Average Cache Occupancy Per Bin: [225.,222.,222.,222.,219.]
Total cost: 1328632832.0
assigning lease 607 to address 1504
Average Cache Occupancy Per Bin: [226.,223.,224.,223.,222.]
Total cost: 1333933568.0
assigning lease 609 to address 1624
Average Cache Occupancy Per Bin: [401.,400.,401.,401.,400.]
Total cost: 2361950464.0
assigning lease 610 to address 1624
Average Cache Occupancy Per Bin: [401.,400.,401.,401.,400.]
Total cost: 2362007552.0
assigning lease 599 to address 1448
Average Cache Occupancy Per Bin: [401.,400.,401.,401.,400.]
Total cost: 2362084352.0
assigning lease 822 to address 1624
Average Cache Occupancy Per Bin: [403.,402.,404.,404.,403.]
Total cost: 2374102016.0
assigning lease 834 to address 1624
Average Cache Occupancy Per Bin: [403.,402.,404.,404.,403.]
Total cost: 2374740992.0
assigning lease 3851 to address 1644
Average Cache Occupancy Per Bin: [403.,402.,404.,404.,403.]
Total cost: 2374740992.0
assigning lease 838 to address 1624
Average Cache Occupancy Per Bin: [403.,403.,404.,404.,403.]
Total cost: 2374953984.0
assigning lease 9318 to address 1448
Average Cache Occupancy Per Bin: [405.,404.,404.,408.,409.]
Total cost: 2388346368.0
assigning lease 34825 to address 1448
Average Cache Occupancy Per Bin: [412.,407.,405.,418.,419.]
Total cost: 2427525120.0
assigning lease 225339 to address 1448
Average Cache Occupancy Per Bin: [458.,428.,411.,452.,434.]
Total cost: 2699526656.0
addr: 1624 ri: 228788
bin target: 3013118464
	bin: 0.0 current capacity: 458.7133444587992  avg impact: 1951.7910184151326
	bin: 1.0 current capacity: 428.22148864306985  avg impact: 1842.341849282166
	bin: 2.0 current capacity: 411.74369332728634  avg impact: 1583.5822244259427
	bin: 3.0 current capacity: 452.17492277396235  avg impact: 1451.034839949791
	bin: 4.0 current capacity: 434.5101307613241  avg impact: 676.1941336588617
num_full_bins: 0
printing bin ranks sorted:
	bin: 0.0 rank: 0.027301414464172453
	selecting this^ bin
	bin: 3.0 rank: 0.041229249346010015
	bin: 1.0 rank: 0.04547392297991434
	bin: 2.0 rank: 0.06330982068774935
	bin: 4.0 rank: 0.11459707409672584
acceptable_ratio: 0.027301414464172453
Assigning 1624 dual lease lease 228788 * 0.027301414464172453. Bin saturation: [512.,478.,454.,491.,452.]
addr: 1588 ri: 226345
bin target: 3013118464
	bin: 0.0 current capacity: 512.0  avg impact: 150.39009331695496
	bin: 1.0 current capacity: 478.5200270550122  avg impact: 180.69272218830358
	bin: 2.0 current capacity: 454.97772797443514  avg impact: 204.310202367138
	bin: 3.0 current capacity: 491.79022634138573  avg impact: 121.72490827098127
	bin: 4.0 current capacity: 452.9711870625867  avg impact: 60.97788257156291
num_full_bins: 1
printing bin ranks sorted:
	bin: 0.0 rank: 0.0
	bin: 3.0 rank: 0.16602825128956947
	bin: 1.0 rank: 0.18528678155668954
	bin: 2.0 rank: 0.279096547137171
	bin: 4.0 rank: 0.9680364494148812
acceptable_ratio: 0
addr: 1584 ri: 227370
bin target: 3013118464
	bin: 0.0 current capacity: 512.0  avg impact: 178.1608221720419
	bin: 1.0 current capacity: 478.5200270550122  avg impact: 124.35925183989049
	bin: 2.0 current capacity: 454.97772797443514  avg impact: 86.97244467584265
	bin: 3.0 current capacity: 491.79022634138573  avg impact: 73.66056839111388
num_full_bins: 1
printing bin ranks sorted:
	bin: 0.0 rank: 0.0
	bin: 1.0 rank: 0.2692198002935274
	bin: 3.0 rank: 0.2743635312628446
	bin: 2.0 rank: 0.6556360722996131
acceptable_ratio: 0
addr: 1652 ri: 227595
bin target: 3013118464
	bin: 0.0 current capacity: 512.0  avg impact: 84.81338699068156
	bin: 1.0 current capacity: 478.5200270550122  avg impact: 41.15746940907531
num_full_bins: 1
printing bin ranks sorted:
	bin: 0.0 rank: 0.0
	bin: 1.0 rank: 0.8134604344164412
acceptable_ratio: 0
addr: 1448 ri: 29420042
bin target: 3013118464
	bin: 0.0 current capacity: 512.0  avg impact: 0.0
	bin: 4.0 current capacity: 452.9711870625867  avg impact: 1269.982630067611
num_full_bins: 1
printing bin ranks sorted:
	bin: 4.0 rank: 0.046480015978069535
acceptable_ratio: 0
Final saturation:
	0.0,3013118464.0
	1.0,2816088923.6586657
	2.0,2677542564.196367
	3.0,2894184006.648376
	4.0,2665734076.9497614
DUMP LEASES
0, 5e0, 25f, 0, 1 
0, 65c, 220, 0, 1 
0, 674, 25e, 0, 1 
0, 634, 25d, 0, 1 
0, 658, 346, 37db4, 0.9726985855358276 
0, 630, 25c, 0, 1 
0, 644, b9, 0, 1 
0, 5a8, 3703b, 0, 1 
0, 5f0, c4, 0, 1 
0, 62c, 1d9, 0, 1 
0, 5dc, 233, 0, 1 
0, 5cc, 11, 0, 1 
0, 66c, f0b, 0, 1 
Dump dual leases

