sample rate: 0.00390625
1784,
	[120,2]
	[81,1]
	[112,1]
	[108,1]
	[157,2]
	[194,2]
	[126,1]
	[144,1]
	[167,1]
	[74,1]
	[80,1]
	[84,1]
	[94,1]
	[119,1]
	[130,1]
	[137,1]
	[142,1]
	[149,1]
	[150,1]
	[158,1]
	[221,2]
	[269,1]

1804,
	[118,72]
	[215,110]
	[2,20]
	[362,121]
	[387,109]
	[396,64]
	[452,1]
	[472,1]
	[531,1]
	[545,1]
	[582,1]
	[633,1]
	[528,1]
	[924,1]
	[929,1]
	[943,1]
	[959,1]
	[981,1]
	[1055,1]
	[1062,1]
	[1070,1]
	[1074,1]
	[1092,1]
	[1097,1]
	[1125,1]
	[1173,1]
	[1175,1]
	[1183,1]
	[1195,1]
	[1196,1]
	[1197,1]
	[1267,1]
	[1274,1]
	[1284,1]
	[1307,1]
	[1314,1]
	[1330,1]
	[1339,1]
	[1419,1]
	[1440,1]
	[1442,1]
	[1509,1]
	[1510,1]
	[1512,1]
	[1518,1]
	[1527,1]
	[1534,1]
	[1812,1]
	[4,31]
	[1918,1]
	[1923,1]
	[2025,1]
	[2048,1]
	[2069,1]
	[2073,1]
	[2159,1]
	[2163,1]
	[2082,1]
	[2092,1]
	[2181,1]
	[2198,1]
	[2199,1]
	[2202,1]
	[2207,1]
	[2209,1]
	[2220,1]
	[2261,1]
	[2258,1]
	[2415,1]
	[2448,1]
	[2449,1]
	[2451,1]
	[2461,1]
	[2463,2]
	[2465,1]
	[2475,1]
	[2490,1]
	[2493,1]
	[2502,1]
	[2504,1]
	[2505,1]
	[2508,1]
	[2520,1]
	[2585,1]
	[2619,1]
	[2631,1]
	[33,15]
	[2523,1]
	[2640,1]
	[2552,1]
	[2649,1]
	[2659,1]
	[31,21]
	[2676,1]
	[2678,1]
	[2690,1]
	[2770,1]
	[2773,1]
	[2781,1]
	[6,19]
	[2911,1]
	[3067,1]
	[3358,1]
	[3391,1]
	[3393,1]
	[3397,1]
	[8,43]
	[3402,1]
	[3406,1]
	[3414,1]
	[34,13]
	[3419,1]
	[3422,1]
	[3429,1]
	[3441,1]
	[49,20]
	[3729,1]
	[3733,1]
	[3734,1]
	[3740,1]
	[3741,1]
	[3742,1]
	[3601,1]
	[3749,1]
	[3751,1]
	[3752,1]
	[3755,1]
	[3756,1]
	[3765,2]
	[3766,1]
	[3773,1]
	[39,17]
	[3776,1]
	[3781,1]
	[3783,1]
	[3917,1]
	[3918,1]
	[3922,1]
	[3926,1]
	[3931,1]
	[3963,1]
	[3995,1]
	[4062,1]
	[4066,1]
	[4069,1]
	[3941,1]
	[4075,1]
	[4076,1]
	[4078,1]
	[4084,1]
	[4093,1]
	[4096,1]
	[4097,1]
	[4108,1]
	[4109,1]
	[4113,1]
	[3987,1]
	[3972,1]
	[4247,1]
	[4257,1]
	[4261,1]
	[4265,1]
	[67,45]
	[11,10]
	[4781,1]
	[4875,1]
	[9,1]
	[5298,1]
	[5345,1]
	[5392,1]
	[5587,1]
	[15,13]
	[5836,1]
	[6146,1]
	[6394,1]
	[6726,1]
	[17,18]
	[6651,1]
	[12,1]
	[6913,1]
	[6944,1]
	[7036,1]
	[7067,1]
	[6817,1]
	[7098,1]
	[7222,1]
	[7284,1]
	[7315,1]
	[7366,1]
	[19,15]
	[7521,1]
	[18,2]
	[7697,1]
	[7728,1]
	[73,50]
	[13,1]
	[7821,1]
	[21,17]
	[8087,1]
	[20,8]
	[14,1]
	[8272,1]
	[8365,2]
	[8599,1]
	[23,18]
	[8754,1]
	[22,3]
	[54,27]
	[9233,1]
	[25,16]
	[8898,1]
	[9295,1]
	[9451,1]
	[24,4]
	[9177,1]
	[9574,1]
	[9605,1]
	[9606,2]
	[16,2]
	[9730,1]
	[9810,1]
	[9457,1]
	[27,19]
	[9900,1]
	[10054,1]
	[26,8]
	[10085,1]
	[29,13]
	[80,31]
	[28,10]
	[10642,1]
	[11055,1]
	[30,12]
	[10879,1]
	[10953,1]
	[11644,1]
	[81,63]
	[11774,1]
	[32,13]
	[11991,1]
	[11588,1]
	[12084,3]
	[76,35]
	[12269,1]
	[35,13]
	[12398,1]
	[11901,1]
	[11993,1]
	[12553,1]
	[12646,1]
	[82,34]
	[37,14]
	[36,22]
	[13102,1]
	[12606,1]
	[13165,1]
	[13289,1]
	[79,27]
	[83,47]
	[13413,2]
	[13474,1]
	[38,24]
	[13650,1]
	[13774,1]
	[13867,1]
	[84,23]
	[13960,1]
	[13451,1]
	[41,14]
	[40,30]
	[13574,1]
	[13635,1]
	[14236,1]
	[13651,1]
	[14329,1]
	[13743,1]
	[13807,1]
	[14485,1]
	[14640,1]
	[14246,1]
	[14355,1]
	[14424,1]
	[14480,1]
	[43,15]
	[42,26]
	[14159,1]
	[14790,1]
	[14252,1]
	[14446,1]
	[86,33]
	[15254,1]
	[15230,1]
	[45,8]
	[14668,1]
	[44,43]
	[15404,1]
	[87,65]
	[14915,1]
	[15008,1]
	[15717,1]
	[15859,1]
	[47,15]
	[48,26]
	[16038,1]
	[16100,1]
	[16272,1]
	[16381,1]
	[16676,1]
	[16738,1]
	[16799,1]
	[16846,1]
	[17073,1]
	[50,38]
	[16401,1]
	[17183,1]
	[90,24]
	[17368,1]
	[17430,1]
	[17639,1]
	[52,33]
	[16893,1]
	[51,12]
	[53,24]
	[56,37]
	[18042,1]
	[17274,1]
	[17282,1]
	[17375,1]
	[18166,1]
	[18197,1]
	[92,38]
	[17505,1]
	[18310,1]
	[17546,1]
	[18373,1]
	[17593,1]
	[17629,1]
	[55,36]
	[17748,1]
	[18620,1]
	[18681,1]
	[18713,1]
	[94,33]
	[57,30]
	[19106,1]
	[19137,1]
	[19170,1]
	[18324,1]
	[18386,1]
	[19296,1]
	[18495,1]
	[18573,1]
	[71,44]
	[58,22]
	[18606,1]
	[59,46]
	[95,60]
	[18855,1]
	[19856,1]
	[19062,1]
	[19996,1]
	[60,16]
	[20073,1]
	[20212,1]
	[19327,1]
	[20258,1]
	[20289,1]
	[20413,1]
	[19546,1]
	[19620,1]
	[61,36]
	[19676,1]
	[19766,1]
	[62,17]
	[19757,1]
	[63,34]
	[19830,1]
	[21077,1]
	[21170,1]
	[64,34]
	[21277,1]
	[65,37]
	[20450,1]
	[21401,1]
	[20622,1]
	[20642,1]
	[20656,1]
	[20683,1]
	[98,28]
	[20973,1]
	[66,28]
	[99,74]
	[21024,1]
	[22000,1]
	[21106,1]
	[68,30]
	[21440,1]
	[21409,1]
	[69,41]
	[21513,1]
	[21636,1]
	[21637,1]
	[22693,1]
	[22787,1]
	[21825,1]
	[22864,1]
	[21889,1]
	[21873,1]
	[21916,1]
	[21911,1]
	[100,27]
	[70,22]
	[22993,1]
	[97,71]
	[23101,1]
	[22111,1]
	[23163,1]
	[22202,1]
	[22314,1]
	[23442,1]
	[22484,1]
	[22550,1]
	[23616,1]
	[22567,1]
	[72,23]
	[22705,1]
	[23848,1]
	[22830,1]
	[103,42]
	[101,73]
	[22907,1]
	[22906,1]
	[102,48]
	[23234,1]
	[75,37]
	[24150,1]
	[23132,2]
	[74,36]
	[23380,1]
	[23398,1]
	[24584,1]
	[23820,1]
	[23555,1]
	[77,32]
	[24740,1]
	[104,46]
	[23678,1]
	[24821,1]
	[23838,1]
	[23867,1]
	[23913,1]
	[25085,1]
	[24026,1]
	[24085,1]
	[25301,1]
	[25332,1]
	[24252,1]
	[105,62]
	[24299,1]
	[24362,1]
	[78,10]
	[25735,1]
	[25766,1]
	[24763,1]
	[107,40]
	[108,56]
	[24982,1]
	[26184,1]
	[25029,1]
	[25048,1]
	[26387,1]
	[26434,1]
	[26496,1]
	[25347,1]
	[25591,1]
	[25609,1]
	[25804,1]
	[25980,1]
	[109,42]
	[26172,1]
	[85,47]
	[26177,1]
	[26237,1]
	[26264,2]
	[26332,1]
	[27851,1]
	[26652,1]
	[26683,1]
	[26625,1]
	[27938,1]
	[26649,1]
	[111,28]
	[26684,1]
	[26779,1]
	[28158,1]
	[88,26]
	[27022,1]
	[27057,2]
	[27100,1]
	[27113,1]
	[89,52]
	[27213,1]
	[27219,1]
	[28534,1]
	[28736,1]
	[27578,1]
	[27643,1]
	[28938,1]
	[27675,1]
	[91,62]
	[27735,1]
	[113,48]
	[27985,1]
	[28008,1]
	[112,83]
	[28079,1]
	[28169,1]
	[29498,1]
	[28193,3]
	[46,1]
	[93,60]
	[29808,1]
	[28421,1]
	[28490,1]
	[28487,1]
	[28588,1]
	[29985,1]
	[30016,1]
	[28681,1]
	[28659,1]
	[96,35]
	[29013,1]
	[29005,1]
	[110,40]
	[29184,1]
	[29206,1]
	[29237,1]
	[115,62]
	[29395,1]
	[29488,1]
	[30945,1]
	[29581,1]
	[29612,1]
	[29670,1]
	[31194,1]
	[29798,1]
	[29897,1]
	[29916,1]
	[29885,1]
	[29904,2]
	[29994,1]
	[31640,1]
	[30185,1]
	[30243,1]
	[30277,1]
	[30323,1]
	[31992,1]
	[30537,1]
	[30550,1]
	[30582,1]
	[30739,1]
	[32348,1]
	[30893,1]
	[30906,1]
	[30961,1]
	[30994,1]
	[31089,1]
	[31151,1]
	[31121,1]
	[31230,1]
	[31276,1]
	[31289,1]
	[31321,1]
	[32859,1]
	[31329,1]
	[32936,1]
	[31413,1]
	[31452,1]
	[31561,1]
	[119,49]
	[31700,1]
	[31746,1]
	[31761,1]
	[33465,1]
	[106,64]
	[31921,1]
	[31982,1]
	[120,66]
	[32091,1]
	[32122,1]
	[32183,1]
	[121,79]
	[32216,1]
	[32386,1]
	[32625,1]
	[34026,1]
	[32529,1]
	[32745,2]
	[32793,1]
	[32869,1]
	[32904,2]
	[122,60]
	[33119,1]
	[33227,1]
	[33382,1]
	[33492,1]
	[33479,1]
	[33542,1]
	[123,45]
	[33633,1]
	[124,53]
	[33760,1]
	[33886,1]
	[34226,3]
	[116,47]
	[114,45]
	[34307,1]
	[34367,1]
	[34519,1]
	[126,77]
	[34741,1]
	[34752,2]
	[117,47]
	[34790,1]
	[34821,1]
	[34928,1]
	[125,60]
	[35060,1]
	[35163,1]
	[35200,1]
	[35230,1]
	[35311,1]
	[35309,1]
	[35356,1]
	[35500,2]
	[35510,3]
	[35625,1]
	[127,65]
	[35681,1]
	[35704,1]
	[35750,1]
	[35777,1]
	[35787,1]
	[35796,1]
	[128,75]
	[129,38]
	[35940,1]
	[35966,1]
	[36059,1]
	[36090,1]
	[36246,1]
	[36267,1]
	[36307,1]
	[36320,1]
	[36329,1]
	[36351,1]
	[36376,1]
	[36407,1]
	[36400,1]
	[36408,1]
	[36423,1]
	[36494,1]
	[36501,1]
	[36562,1]
	[36586,1]
	[36616,1]
	[130,72]
	[36647,1]
	[36743,1]
	[36785,1]
	[36786,2]
	[36825,1]
	[36871,1]
	[36872,1]
	[36887,1]
	[36981,1]
	[37012,1]
	[37167,1]
	[37190,1]
	[37221,1]
	[37273,1]
	[37351,1]
	[132,72]
	[37390,3]
	[37429,1]
	[37476,1]
	[37518,1]
	[37549,1]
	[131,62]
	[39552,1]
	[37816,2]
	[37821,1]
	[39702,1]
	[37836,1]
	[37842,2]
	[37866,1]
	[37919,1]
	[37960,1]
	[38013,1]
	[38010,1]
	[38119,1]
	[38120,1]
	[38151,1]
	[38218,1]
	[38143,1]
	[133,77]
	[38273,1]
	[38366,1]
	[135,39]
	[134,61]
	[38624,1]
	[38750,1]
	[38641,1]
	[38657,1]
	[38760,1]
	[38781,1]
	[38793,1]
	[38797,1]
	[38812,1]
	[38858,1]
	[39082,1]
	[39113,1]
	[136,94]
	[39155,1]
	[39268,1]
	[39315,1]
	[39393,1]
	[39593,1]
	[39734,1]
	[41046,1]
	[39581,1]
	[39626,1]
	[39629,1]
	[39800,1]
	[39968,1]
	[40306,1]
	[40111,1]
	[137,89]
	[40189,1]
	[40219,1]
	[40249,1]
	[40299,1]
	[138,85]
	[40441,2]
	[40442,2]
	[40457,1]
	[40696,1]
	[40806,1]
	[139,114]
	[140,104]
	[40612,1]
	[40738,2]
	[40816,1]
	[40877,1]
	[40923,1]
	[41391,1]
	[41188,1]
	[41189,1]
	[41205,1]
	[41252,1]
	[41269,1]
	[41285,1]
	[141,37]
	[41347,1]
	[41363,1]
	[41364,1]
	[41394,1]
	[41395,1]
	[142,121]
	[41507,1]
	[143,114]
	[41572,1]
	[41619,1]
	[41651,1]
	[41683,1]
	[41731,1]
	[41763,1]
	[41842,1]
	[41844,1]
	[144,137]
	[42000,1]
	[42033,2]
	[42096,1]
	[42140,1]
	[42156,1]
	[42188,1]
	[42253,1]
	[145,136]
	[42284,1]
	[42300,1]
	[42396,1]
	[146,129]
	[42519,1]
	[42535,1]
	[42582,1]
	[42568,1]
	[42567,1]
	[42614,1]
	[42656,1]
	[42657,1]
	[42672,1]
	[42721,1]
	[42754,1]
	[147,123]
	[42784,1]
	[42816,1]
	[42817,1]
	[42967,1]
	[42937,1]
	[148,102]
	[43034,1]
	[43050,1]
	[43097,1]
	[43114,1]
	[43161,1]
	[43221,1]
	[43202,2]
	[43218,4]
	[149,132]
	[43233,1]
	[43266,1]
	[43283,1]
	[43394,1]
	[43410,1]
	[43432,1]
	[43449,1]
	[43465,1]
	[43480,1]
	[150,131]
	[43512,1]
	[43513,2]
	[43576,1]
	[43608,1]
	[43624,1]
	[43641,1]
	[43673,1]
	[43728,1]
	[43790,1]
	[43823,1]
	[43855,1]
	[43871,1]
	[151,132]
	[43935,1]
	[43967,1]
	[43939,1]
	[152,157]
	[43972,1]
	[43989,1]
	[44068,1]
	[44100,1]
	[44132,1]
	[44148,1]
	[44180,1]
	[153,110]
	[44263,1]
	[44294,1]
	[44295,1]
	[44328,1]
	[44375,1]
	[44391,1]
	[44425,1]
	[44426,2]
	[44441,1]
	[44458,1]
	[154,126]
	[44537,2]
	[155,167]
	[44587,1]
	[44734,1]
	[44766,1]
	[44783,1]
	[156,107]
	[44862,1]
	[44879,1]
	[44878,1]
	[44990,1]
	[45006,1]
	[45022,1]
	[45023,1]
	[157,127]
	[45101,1]
	[45118,1]
	[45117,1]
	[45134,1]
	[45196,1]
	[45214,1]
	[45245,1]
	[45261,1]
	[45293,1]
	[158,64]
	[45325,1]
	[45341,1]
	[45371,1]
	[45387,1]
	[45418,1]
	[45419,1]
	[45420,1]
	[45498,1]
	[45499,1]
	[45579,1]
	[45610,2]
	[45626,1]
	[159,101]
	[160,132]
	[45770,1]
	[45802,1]
	[45882,1]
	[45962,3]
	[45994,1]
	[46073,1]
	[46074,1]
	[46121,1]
	[46107,1]
	[161,153]
	[46154,1]
	[46171,2]
	[46219,1]
	[46173,1]
	[46313,1]
	[46345,1]
	[46392,1]
	[162,109]
	[46408,1]
	[46409,1]
	[163,151]
	[46519,1]
	[46520,1]
	[46617,2]
	[46693,1]
	[46678,1]
	[46741,1]
	[46742,1]
	[46774,1]
	[46817,1]
	[164,126]
	[165,134]
	[46929,1]
	[46961,1]
	[47025,1]
	[47056,1]
	[47083,1]
	[47132,1]
	[47133,1]
	[47181,1]
	[47196,1]
	[47212,1]
	[47245,1]
	[47292,1]
	[47307,1]
	[47308,2]
	[47337,1]
	[47303,1]
	[47320,1]
	[166,140]
	[47350,1]
	[47351,1]
	[47430,1]
	[47447,1]
	[47463,1]
	[47536,1]
	[47552,1]
	[47569,1]
	[47570,1]
	[168,127]
	[47616,1]
	[167,114]
	[47664,1]
	[47679,1]
	[47695,1]
	[47729,1]
	[47744,1]
	[47761,1]
	[47802,1]
	[47818,1]
	[47819,1]
	[47850,1]
	[47882,2]
	[47883,1]
	[47897,1]
	[169,148]
	[47946,2]
	[48011,1]
	[48061,1]
	[48098,1]
	[48162,1]
	[48178,1]
	[48242,1]
	[170,120]
	[48318,1]
	[48265,1]
	[171,163]
	[48296,1]
	[48311,1]
	[48377,1]
	[48392,1]
	[48409,1]
	[48456,1]
	[48472,2]
	[48462,1]
	[48494,1]
	[48510,1]
	[48541,1]
	[48543,1]
	[48590,1]
	[48606,1]
	[172,129]
	[48686,1]
	[48687,1]
	[48708,2]
	[48709,2]
	[173,134]
	[48771,1]
	[48787,1]
	[48866,1]
	[48868,2]
	[48867,1]
	[48900,1]
	[48931,1]
	[48948,1]
	[49057,1]
	[48937,2]
	[48968,1]
	[48984,1]
	[49001,1]
	[49016,1]
	[49063,1]
	[49095,1]
	[174,157]
	[49129,1]
	[49176,1]
	[49213,1]
	[49276,2]
	[49340,1]
	[49356,1]
	[49404,1]
	[49540,1]
	[49406,1]
	[175,50]
	[49437,1]
	[49453,1]
	[49502,1]
	[49549,1]
	[49550,1]
	[176,95]
	[49629,1]
	[49632,1]
	[178,168]
	[177,149]
	[49744,1]
	[49809,1]
	[49888,1]
	[49920,1]
	[49953,1]
	[50095,1]
	[50112,1]
	[50159,1]
	[50191,1]
	[50224,2]
	[50317,1]
	[179,102]
	[50365,1]
	[50381,1]
	[50380,1]
	[50397,1]
	[50398,1]
	[180,157]
	[50429,1]
	[50430,2]
	[50477,1]
	[50478,1]
	[50509,1]
	[50525,1]
	[50541,2]
	[50533,1]
	[50528,1]
	[50544,1]
	[50559,1]
	[50592,1]
	[50542,1]
	[50609,1]
	[50640,1]
	[50655,1]
	[50641,1]
	[50671,1]
	[50688,1]
	[50726,1]
	[181,120]
	[50733,1]
	[50781,1]
	[50798,1]
	[182,153]
	[50860,1]
	[50861,2]
	[50876,1]
	[50982,1]
	[50984,1]
	[51000,1]
	[51017,2]
	[51048,1]
	[51066,1]
	[51112,2]
	[51113,1]
	[51191,1]
	[51187,1]
	[51188,1]
	[183,149]
	[51252,1]
	[51283,1]
	[51315,1]
	[51363,1]
	[51379,1]
	[51400,1]
	[51387,1]
	[51404,1]
	[185,165]
	[51453,1]
	[184,104]
	[51484,1]
	[51500,2]
	[51499,1]
	[51501,1]
	[51502,1]
	[51549,1]
	[51580,2]
	[51596,1]
	[52576,1]
	[51656,1]
	[51689,1]
	[51721,2]
	[51720,2]
	[51737,1]
	[51769,1]
	[51786,1]
	[51833,1]
	[51832,2]
	[51848,1]
	[51901,1]
	[186,143]
	[51889,1]
	[187,132]
	[51986,2]
	[51985,1]
	[52017,1]
	[52034,1]
	[52033,1]
	[52081,1]
	[52138,1]
	[52139,1]
	[52171,1]
	[52170,5]
	[52186,1]
	[52187,1]
	[52202,1]
	[188,149]
	[52266,1]
	[52282,1]
	[52320,2]
	[52321,1]
	[52353,1]
	[52384,1]
	[52385,1]
	[52417,1]
	[52433,1]
	[52434,2]
	[52496,1]
	[52593,1]
	[52502,1]
	[190,128]
	[189,121]
	[52565,1]
	[52564,1]
	[52581,1]
	[52580,1]
	[52582,1]
	[52614,1]
	[52628,1]
	[52629,1]
	[52661,1]
	[52693,1]
	[52724,1]
	[52740,1]
	[52818,1]
	[52697,1]
	[52714,2]
	[52760,4]
	[52776,1]
	[52793,1]
	[52809,1]
	[52840,1]
	[191,152]
	[52890,1]
	[52921,1]
	[52920,2]
	[52937,1]
	[52940,1]
	[52956,1]
	[192,75]
	[53003,1]
	[53019,1]
	[53020,1]
	[53066,1]
	[53067,1]
	[53069,1]
	[53099,3]
	[53115,2]
	[53102,1]
	[53100,1]
	[53116,1]
	[53149,1]
	[53179,1]
	[53181,1]
	[53228,1]
	[53260,1]
	[193,71]
	[53325,1]
	[53341,1]
	[53373,1]
	[53404,1]
	[53392,2]
	[194,174]
	[53440,1]
	[53505,1]
	[53551,1]
	[53583,1]
	[53600,1]
	[53696,1]
	[53714,1]
	[53744,1]
	[53791,1]
	[196,120]
	[53855,1]
	[195,112]
	[53886,1]
	[53887,1]
	[53919,1]
	[53951,1]
	[53967,1]
	[54012,1]
	[54027,1]
	[197,177]
	[54187,1]
	[54219,1]
	[54218,1]
	[54267,1]
	[54279,4]
	[54278,2]
	[54295,1]
	[54343,1]
	[54328,1]
	[54375,1]
	[54407,1]
	[54408,3]
	[54439,1]
	[54458,1]
	[54434,1]
	[198,109]
	[54450,1]
	[54465,1]
	[199,177]
	[54514,1]
	[54530,1]
	[54546,1]
	[54578,1]
	[54609,1]
	[54682,1]
	[54653,1]
	[54685,1]
	[54701,1]
	[54732,2]
	[54749,2]
	[54765,2]
	[54828,1]
	[54840,1]
	[200,139]
	[54836,1]
	[54837,1]
	[54870,1]
	[54900,1]
	[54901,1]
	[54918,1]
	[201,110]
	[54964,1]
	[55005,1]
	[55035,1]
	[55053,1]
	[202,171]
	[55116,1]
	[55179,1]
	[55180,1]
	[55196,2]
	[55213,1]
	[55267,1]
	[55217,1]
	[55265,2]
	[55249,1]
	[55314,1]
	[55361,1]
	[55393,1]
	[55454,1]
	[203,115]
	[204,181]
	[55442,1]
	[55460,1]
	[55539,1]
	[55556,1]
	[55588,1]
	[55586,1]
	[55634,1]
	[55679,1]
	[55611,1]
	[55641,1]
	[55658,2]
	[55657,1]
	[55674,1]
	[55705,2]
	[55708,1]
	[55706,1]
	[55738,1]
	[205,134]
	[55801,2]
	[55757,1]
	[55821,1]
	[206,115]
	[55885,2]
	[55878,1]
	[55949,1]
	[55980,1]
	[56074,1]
	[207,187]
	[56045,4]
	[56061,1]
	[56062,1]
	[56080,1]
	[56078,1]
	[56109,1]
	[56110,1]
	[56142,3]
	[56159,2]
	[56175,1]
	[56207,4]
	[56239,2]
	[56224,5]
	[56334,1]
	[56335,1]
	[208,136]
	[56351,1]
	[56382,1]
	[56502,1]
	[56383,1]
	[56400,1]
	[209,124]
	[56432,1]
	[56462,1]
	[56463,1]
	[56480,1]
	[56479,1]
	[56510,1]
	[56511,1]
	[56527,1]
	[56559,2]
	[56543,1]
	[56591,1]
	[56728,1]
	[56745,1]
	[56775,1]
	[56777,1]
	[56809,1]
	[211,147]
	[210,53]
	[56840,2]
	[56872,2]
	[56920,1]
	[56918,1]
	[56951,1]
	[212,89]
	[57014,1]
	[57031,1]
	[57205,1]
	[57206,1]
	[57223,1]
	[57300,2]
	[213,147]
	[57316,1]
	[57347,2]
	[57380,1]
	[57443,3]
	[57444,5]
	[57460,1]
	[57503,1]
	[57471,3]
	[57518,1]
	[57534,1]
	[57550,1]
	[57581,1]
	[57583,1]
	[214,146]
	[57598,1]
	[57645,2]
	[57662,2]
	[57751,1]
	[57752,1]
	[57768,2]
	[57799,1]
	[57832,1]
	[57849,1]
	[57865,1]
	[57841,3]
	[57842,1]
	[57872,1]
	[216,193]
	[57905,1]
	[57936,1]
	[217,136]
	[57985,1]
	[58016,2]
	[58033,1]
	[58118,1]
	[58089,1]
	[58105,1]
	[58136,1]
	[58153,2]
	[58183,1]
	[58168,1]
	[58233,1]
	[58274,1]
	[218,137]
	[58289,1]
	[58352,1]
	[58384,1]
	[58400,1]
	[58416,1]
	[58447,1]
	[58449,1]
	[58422,1]
	[219,154]
	[58468,1]
	[58470,1]
	[58471,1]
	[58486,1]
	[58534,1]
	[58550,1]
	[58566,1]
	[58582,1]
	[58619,2]
	[58666,1]
	[58651,1]
	[220,112]
	[58667,1]
	[58698,1]
	[58699,2]
	[58730,1]
	[58694,1]
	[58779,2]
	[58795,1]
	[58826,1]
	[58768,1]
	[221,196]
	[58831,1]
	[58847,1]
	[58879,1]
	[58910,1]
	[58944,1]
	[58959,1]
	[58973,1]
	[59062,1]
	[59009,1]
	[59105,1]
	[222,111]
	[59139,1]
	[59154,1]
	[223,145]
	[59203,2]
	[59220,1]
	[59266,1]
	[59267,2]
	[59299,2]
	[59331,1]
	[59410,1]
	[224,149]
	[59335,1]
	[59365,1]
	[59381,1]
	[59398,1]
	[59414,1]
	[59447,3]
	[59479,2]
	[59477,2]
	[59509,2]
	[59540,1]
	[59526,1]
	[59525,1]
	[59541,1]
	[59558,1]
	[226,130]
	[225,162]
	[59589,1]
	[59605,1]
	[59621,1]
	[59637,1]
	[59786,1]
	[59667,1]
	[59684,1]
	[59715,1]
	[59747,1]
	[59811,1]
	[59843,1]
	[59989,1]
	[59855,2]
	[59871,1]
	[227,39]
	[59903,1]
	[59919,2]
	[59935,1]
	[59952,1]
	[60032,1]
	[60046,1]
	[60045,1]
	[228,125]
	[60079,1]
	[229,135]
	[60158,1]
	[60190,2]
	[60285,1]
	[60286,1]
	[60318,5]
	[60413,1]
	[230,133]
	[60415,1]
	[60384,1]
	[60446,1]
	[60461,1]
	[60463,1]
	[60478,2]
	[60495,1]
	[60526,1]
	[60542,2]
	[60571,1]
	[60539,2]
	[231,154]
	[60618,1]
	[60633,1]
	[60650,1]
	[60667,1]
	[60666,1]
	[60682,1]
	[60712,1]
	[60713,4]
	[60714,1]
	[60794,1]
	[60793,1]
	[60773,1]
	[60790,1]
	[232,152]
	[60806,1]
	[60822,2]
	[60854,1]
	[60855,1]
	[60870,2]
	[60933,3]
	[60919,1]
	[60922,1]
	[60929,1]
	[60944,1]
	[233,160]
	[60977,1]
	[60992,1]
	[61009,1]
	[61026,1]
	[61041,1]
	[61072,1]
	[61131,1]
	[61146,1]
	[61148,1]
	[234,136]
	[61164,1]
	[61179,1]
	[61195,1]
	[61211,1]
	[61227,1]
	[61226,1]
	[61259,1]
	[61275,1]
	[61269,1]
	[61284,1]
	[61285,1]
	[61302,1]
	[235,135]
	[61333,1]
	[61349,1]
	[61366,1]
	[61431,1]
	[61433,2]
	[61420,1]
	[236,142]
	[61453,1]
	[61470,1]
	[61532,1]
	[61531,1]
	[61533,1]
	[61549,3]
	[61565,1]
	[61582,1]
	[61657,1]
	[61638,1]
	[61653,1]
	[61655,2]
	[61670,1]
	[61687,1]
	[237,118]
	[61718,1]
	[61750,1]
	[61767,1]
	[238,204]
	[61805,1]
	[61821,1]
	[61854,1]
	[61901,1]
	[61917,1]
	[61916,1]
	[61933,1]
	[61934,2]
	[62023,1]
	[62024,1]
	[61970,1]
	[61985,1]
	[62002,2]
	[62018,1]
	[62034,1]
	[62066,1]
	[62081,1]
	[62082,2]
	[62083,1]
	[62097,1]
	[62098,1]
	[62100,1]
	[241,142]
	[240,168]
	[62152,1]
	[239,91]
	[62103,1]
	[62134,1]
	[62151,3]
	[62168,1]
	[62199,1]
	[62231,1]
	[62248,1]
	[62376,2]
	[62300,1]
	[62315,1]
	[62330,1]
	[62331,1]
	[62380,1]
	[62412,1]
	[242,125]
	[62447,1]
	[62464,1]
	[62496,1]
	[62511,1]
	[62526,1]
	[62528,1]
	[62591,3]
	[243,188]
	[62642,1]
	[62674,1]
	[62705,2]
	[62738,1]
	[62769,1]
	[62770,1]
	[62786,1]
	[62771,1]
	[62920,1]
	[62817,2]
	[62849,1]
	[62866,1]
	[62883,1]
	[245,106]
	[62929,2]
	[62945,1]
	[244,20]
	[62981,1]
	[246,139]
	[63028,2]
	[63060,1]
	[63092,1]
	[63125,1]
	[63188,4]
	[63219,1]
	[63237,4]
	[63282,1]
	[247,148]
	[63314,1]
	[63331,1]
	[63363,2]
	[63395,1]
	[63426,1]
	[63427,1]
	[63456,2]
	[63439,2]
	[248,89]
	[63472,1]
	[63503,1]
	[63518,1]
	[63520,1]
	[249,202]
	[63566,1]
	[63583,1]
	[63589,1]
	[63585,1]
	[250,118]
	[63601,1]
	[63602,1]
	[63633,1]
	[63634,1]
	[63665,1]
	[63713,2]
	[63718,1]
	[63727,1]
	[251,151]
	[63788,1]
	[63790,2]
	[63821,1]
	[63837,1]
	[63853,1]
	[63908,1]
	[63909,1]
	[63895,1]
	[63911,1]
	[63975,1]
	[63976,1]
	[252,178]
	[64024,1]
	[64037,1]
	[64018,1]
	[64049,1]
	[64050,1]
	[64082,1]
	[64113,1]
	[64114,1]
	[64129,1]
	[64145,1]
	[253,114]
	[64161,3]
	[64154,1]
	[64185,1]
	[64201,1]
	[64203,1]
	[254,147]
	[64234,1]
	[64233,2]
	[64249,1]
	[64281,1]
	[64297,1]
	[64313,1]
	[64407,1]
	[64389,1]
	[64437,1]
	[64468,1]
	[64493,1]
	[64494,1]
	[256,127]
	[64556,3]
	[64558,1]
	[255,159]
	[64588,1]
	[64589,1]
	[64606,1]
	[64620,1]
	[64636,1]
	[64668,1]
	[64746,2]
	[64747,1]
	[64677,1]
	[64709,1]
	[64741,2]
	[64740,3]
	[64756,1]
	[64773,1]
	[64805,1]
	[64820,2]
	[64859,1]
	[64858,2]
	[64778,1]
	[257,156]
	[64810,3]
	[64841,1]
	[64842,1]
	[64857,1]
	[64873,1]
	[64890,1]
	[64905,1]
	[64921,1]
	[64937,1]
	[65065,1]
	[64974,1]
	[259,158]
	[65004,1]
	[65020,1]
	[65036,1]
	[65053,1]
	[258,112]
	[65069,1]
	[65068,1]
	[65084,1]
	[65101,1]
	[65132,1]
	[65073,1]
	[65072,2]
	[65103,1]
	[65150,1]
	[65151,1]
	[65153,1]
	[65167,2]
	[65232,1]
	[66864,1]
	[65266,1]
	[260,149]
	[65298,2]
	[65329,1]
	[65346,1]
	[65345,1]
	[65361,1]
	[65377,1]
	[65378,1]
	[65410,1]
	[65442,1]
	[261,60]
	[65456,1]
	[65472,1]
	[65489,1]
	[65520,1]
	[65521,1]
	[65536,1]
	[65538,1]
	[262,94]
	[65569,1]
	[65600,2]
	[65588,1]
	[65603,1]
	[65636,1]
	[263,142]
	[65667,1]
	[65812,1]
	[65859,1]
	[65890,1]
	[264,125]
	[65907,1]
	[65921,1]
	[65938,1]
	[65968,1]
	[65970,1]
	[65969,2]
	[65986,1]
	[265,84]
	[66033,1]
	[66030,2]
	[66014,1]
	[66028,1]
	[66044,1]
	[66092,1]
	[66109,1]
	[266,193]
	[66125,1]
	[66199,1]
	[66215,1]
	[66216,1]
	[66231,1]
	[66233,1]
	[66264,1]
	[66295,1]
	[66281,4]
	[66328,1]
	[66337,1]
	[66339,1]
	[66354,1]
	[268,171]
	[66386,1]
	[267,98]
	[66417,1]
	[66434,1]
	[66465,2]
	[66475,1]
	[66507,1]
	[66508,1]
	[66524,2]
	[66556,3]
	[66558,1]
	[66582,1]
	[66563,1]
	[269,136]
	[66594,2]
	[66595,3]
	[66612,1]
	[270,93]
	[66658,1]
	[66660,1]
	[66659,4]
	[66691,1]
	[66712,1]
	[66730,1]
	[271,173]
	[66745,1]
	[66792,1]
	[66825,1]
	[66880,1]
	[66829,1]
	[66862,1]
	[66861,1]
	[66878,1]
	[66877,1]
	[66973,1]
	[66972,1]
	[66943,1]
	[272,115]
	[273,184]
	[66974,1]
	[67005,1]
	[67006,2]
	[67023,1]
	[67054,1]
	[67069,1]
	[67162,1]
	[67108,1]
	[67139,1]
	[67140,4]
	[67171,1]
	[67188,1]
	[67204,1]
	[67221,1]
	[67254,1]
	[67174,1]
	[274,122]
	[275,81]
	[67237,1]
	[67238,1]
	[67239,1]
	[67270,1]
	[67285,1]
	[67286,1]
	[67317,1]
	[67426,1]
	[67334,1]
	[276,168]
	[67350,1]
	[67382,1]
	[67381,1]
	[67397,1]
	[67429,1]
	[67445,3]
	[67447,1]
	[67567,1]
	[67462,2]
	[67494,1]
	[67525,1]
	[67510,1]
	[67542,1]
	[67558,2]
	[67589,1]
	[67724,1]
	[67606,1]
	[277,113]
	[278,106]
	[67653,1]
	[67652,1]
	[67668,1]
	[67701,1]
	[67749,1]
	[68018,2]
	[67884,2]
	[67932,1]
	[279,58]
	[67948,5]
	[67964,1]
	[67963,1]
	[67979,1]
	[67981,3]
	[68011,5]
	[280,171]
	[68090,1]
	[68107,1]
	[68204,1]
	[68278,1]
	[68263,1]
	[282,153]
	[68312,1]
	[68358,1]
	[68359,9]
	[281,70]
	[68376,1]
	[283,176]
	[68416,1]
	[68417,1]
	[68385,1]
	[68415,1]
	[68432,1]
	[68463,1]
	[68479,1]
	[68557,1]
	[68537,2]
	[68568,1]
	[68584,5]
	[68585,1]
	[68617,1]
	[68649,1]
	[68632,1]
	[68633,1]
	[68634,1]
	[284,80]
	[285,181]
	[68689,1]
	[68720,3]
	[68721,1]
	[68821,2]
	[68823,2]
	[68839,2]
	[68856,1]
	[68888,1]
	[68904,1]
	[68913,1]
	[68879,1]
	[287,110]
	[68925,2]
	[68891,1]
	[68926,1]
	[286,101]
	[68990,2]
	[68989,1]
	[69022,1]
	[68979,1]
	[69010,1]
	[69027,2]
	[69028,1]
	[288,140]
	[69059,1]
	[69190,1]
	[69176,1]
	[69191,1]
	[289,104]
	[69254,1]
	[69240,1]
	[69269,1]
	[69268,2]
	[69209,1]
	[290,180]
	[69241,1]
	[69242,1]
	[69273,1]
	[69274,1]
	[69337,1]
	[69356,1]
	[69355,1]
	[69403,1]
	[69435,1]
	[69465,1]
	[69483,1]
	[69532,1]
	[69452,1]
	[292,93]
	[291,95]
	[69469,1]
	[69516,3]
	[69531,1]
	[69533,1]
	[69564,2]
	[69563,1]
	[69551,1]
	[293,190]
	[69566,1]
	[69582,1]
	[69613,1]
	[69614,1]
	[69615,1]
	[69631,1]
	[69661,2]
	[69662,1]
	[69663,2]
	[69765,1]
	[69644,1]
	[69677,1]
	[294,91]
	[69722,1]
	[69723,1]
	[69709,2]
	[69755,3]
	[69756,3]
	[69903,1]
	[69904,1]
	[69785,1]
	[295,128]
	[69848,1]
	[69849,1]
	[69865,1]
	[69897,3]
	[70041,1]
	[69923,2]
	[69924,1]
	[69939,1]
	[296,43]
	[70018,2]
	[70020,1]
	[70034,1]
	[297,122]
	[70065,1]
	[298,97]
	[70113,1]
	[70209,1]
	[70257,1]
	[300,119]
	[299,141]
	[70274,1]
	[70304,1]
	[70306,1]
	[70336,1]
	[70337,1]
	[70353,7]
	[70349,1]
	[70363,1]
	[70364,1]
	[70396,1]
	[70412,1]
	[70445,1]
	[70523,1]
	[70503,1]
	[70519,1]
	[301,108]
	[70551,2]
	[70550,1]
	[70568,2]
	[70599,1]
	[70600,1]
	[70593,1]
	[70624,1]
	[70625,1]
	[302,147]
	[70672,1]
	[70673,1]
	[70743,1]
	[70714,2]
	[70713,1]
	[303,74]
	[70730,1]
	[70761,1]
	[70778,1]
	[70809,1]
	[70826,1]
	[70821,1]
	[70788,1]
	[304,151]
	[70835,1]
	[70851,1]
	[70883,1]
	[70899,1]
	[70874,1]
	[70921,2]
	[70922,1]
	[305,91]
	[70938,1]
	[70954,1]
	[70986,1]
	[71061,1]
	[71010,1]
	[306,118]
	[71073,1]
	[71059,2]
	[71074,1]
	[71091,2]
	[71122,1]
	[71171,1]
	[307,151]
	[71128,1]
	[71158,1]
	[71192,1]
	[71297,1]
	[71228,1]
	[71276,2]
	[71291,1]
	[71292,2]
	[71308,1]
	[309,94]
	[308,85]
	[71377,1]
	[71376,1]
	[71296,1]
	[71313,2]
	[71344,1]
	[71360,2]
	[71359,1]
	[71393,1]
	[71518,1]
	[71427,2]
	[310,114]
	[71444,1]
	[71443,2]
	[71459,1]
	[71507,1]
	[71522,1]
	[71539,1]
	[71509,1]
	[71526,1]
	[71543,1]
	[311,136]
	[71574,1]
	[71575,1]
	[71607,1]
	[71759,1]
	[71655,1]
	[312,153]
	[71672,1]
	[71704,1]
	[71720,1]
	[71737,1]
	[71884,3]
	[71765,2]
	[71766,1]
	[71780,1]
	[71781,1]
	[71798,2]
	[313,16]
	[71829,1]
	[71845,2]
	[71832,4]
	[71831,1]
	[314,71]
	[71865,1]
	[315,119]
	[71960,1]
	[72052,1]
	[72053,1]
	[316,128]
	[72069,1]
	[72085,1]
	[72102,1]
	[72133,1]
	[72134,1]
	[72147,1]
	[72144,1]
	[72161,1]
	[72162,2]
	[317,95]
	[72178,1]
	[72192,1]
	[72209,1]
	[72199,1]
	[72194,1]
	[318,131]
	[72227,1]
	[72226,2]
	[72241,1]
	[72258,1]
	[72290,1]
	[72279,1]
	[72285,1]
	[72286,2]
	[72316,1]
	[72318,2]
	[319,108]
	[72334,1]
	[72333,1]
	[72404,1]
	[72390,1]
	[72406,2]
	[72423,1]
	[320,98]
	[72438,1]
	[72454,1]
	[72470,1]
	[72483,1]
	[72464,4]
	[321,135]
	[72495,2]
	[72496,1]
	[72510,1]
	[72528,1]
	[72561,1]
	[72534,1]
	[72550,2]
	[72583,1]
	[322,87]
	[72598,1]
	[72614,1]
	[72707,1]
	[72689,1]
	[323,93]
	[72720,1]
	[72721,1]
	[72736,1]
	[72753,1]
	[72803,1]
	[72760,3]
	[324,163]
	[72774,1]
	[72791,1]
	[72823,1]
	[72824,1]
	[72840,1]
	[72839,1]
	[72916,1]
	[72864,1]
	[72878,1]
	[325,87]
	[72942,1]
	[72979,1]
	[72931,1]
	[326,106]
	[72946,1]
	[72963,1]
	[72962,2]
	[72961,1]
	[72977,1]
	[73105,2]
	[327,116]
	[73046,1]
	[73060,1]
	[73091,1]
	[73108,1]
	[73125,1]
	[73184,2]
	[73079,1]
	[73094,1]
	[73111,1]
	[328,60]
	[73142,1]
	[73143,1]
	[73158,1]
	[73295,2]
	[73191,2]
	[73207,1]
	[329,166]
	[73223,1]
	[73239,1]
	[73257,1]
	[73288,2]
	[73287,2]
	[73333,1]
	[73348,1]
	[73365,1]
	[330,37]
	[73382,1]
	[73397,1]
	[73383,3]
	[331,69]
	[73416,1]
	[73415,2]
	[332,107]
	[73447,1]
	[73465,1]
	[73464,1]
	[73511,1]
	[73556,3]
	[333,66]
	[73589,2]
	[73590,1]
	[334,84]
	[73632,1]
	[73615,2]
	[73630,1]
	[73647,2]
	[73678,2]
	[73725,2]
	[335,165]
	[73752,1]
	[73770,1]
	[73769,1]
	[73801,1]
	[73794,1]
	[336,74]
	[73825,1]
	[337,106]
	[73859,1]
	[73880,2]
	[73851,1]
	[73882,3]
	[73898,1]
	[73899,1]
	[73924,1]
	[73890,1]
	[339,70]
	[73936,1]
	[73937,3]
	[338,110]
	[73985,1]
	[73942,2]
	[73973,1]
	[73990,1]
	[340,117]
	[74091,1]
	[74041,1]
	[74073,2]
	[74104,2]
	[74090,2]
	[74120,5]
	[74148,1]
	[341,77]
	[342,142]
	[74135,1]
	[74138,1]
	[74169,1]
	[74227,1]
	[74159,1]
	[74158,1]
	[74190,2]
	[74189,1]
	[74206,4]
	[74222,1]
	[74273,1]
	[343,69]
	[74223,1]
	[74238,1]
	[74239,1]
	[74254,1]
	[74271,1]
	[345,87]
	[74301,1]
	[74317,1]
	[344,94]
	[74365,2]
	[74455,1]
	[74334,1]
	[74364,1]
	[74397,2]
	[74530,2]
	[74411,1]
	[346,104]
	[74443,1]
	[74460,1]
	[74474,2]
	[74491,1]
	[75422,1]
	[74640,3]
	[347,67]
	[74656,1]
	[74655,1]
	[74671,1]
	[74688,1]
	[74705,1]
	[74704,1]
	[74687,1]
	[74701,1]
	[74702,1]
	[349,105]
	[348,39]
	[74766,1]
	[74783,3]
	[74826,1]
	[74841,1]
	[350,78]
	[74873,2]
	[74874,1]
	[351,73]
	[74899,1]
	[74882,1]
	[74897,1]
	[74912,1]
	[74913,2]
	[74974,1]
	[74970,1]
	[352,117]
	[75001,1]
	[75018,2]
	[75002,1]
	[74993,1]
	[353,28]
	[75008,1]
	[75023,1]
	[75024,2]
	[75025,1]
	[354,111]
	[75108,1]
	[75079,1]
	[75110,1]
	[75111,2]
	[75142,1]
	[75143,1]
	[355,71]
	[75151,3]
	[356,80]
	[75148,1]
	[75114,1]
	[75163,1]
	[75137,1]
	[75136,1]
	[75152,1]
	[75182,2]
	[75183,2]
	[75184,1]
	[357,94]
	[75285,1]
	[75252,1]
	[358,54]
	[75284,3]
	[75312,4]
	[359,124]
	[75269,1]
	[75300,1]
	[75301,1]
	[75333,1]
	[75349,1]
	[75381,2]
	[75397,1]
	[75446,2]
	[75364,1]
	[75365,1]
	[361,92]
	[360,35]
	[75382,1]
	[75412,2]
	[75413,6]
	[75474,5]
	[75399,1]
	[75429,1]
	[75532,1]
	[75426,1]
	[75427,2]
	[75606,6]
	[75487,1]
	[363,46]
	[75502,1]
	[75503,1]
	[75504,1]
	[364,87]
	[75535,1]
	[75534,1]
	[75549,1]
	[75694,1]
	[75575,3]
	[75574,1]
	[75622,1]
	[75623,1]
	[75605,2]
	[366,97]
	[75654,1]
	[365,17]
	[75715,1]
	[368,78]
	[75748,1]
	[75747,1]
	[367,30]
	[75763,2]
	[75759,1]
	[75726,1]
	[75727,1]
	[75774,1]
	[75836,1]
	[371,83]
	[370,53]
	[75863,1]
	[369,94]
	[75865,1]
	[75841,1]
	[75857,4]
	[75872,1]
	[75927,5]
	[75897,1]
	[372,33]
	[75929,3]
	[75961,1]
	[75956,1]
	[373,84]
	[75953,2]
	[75969,1]
	[76701,2]
	[374,38]
	[75943,1]
	[75975,1]
	[76065,3]
	[76014,5]
	[76031,2]
	[375,69]
	[76094,1]
	[76035,1]
	[376,50]
	[76051,1]
	[76067,2]
	[76171,1]
	[76103,2]
	[76117,1]
	[76135,1]
	[377,79]
	[76186,2]
	[76105,2]
	[76122,1]
	[378,61]
	[76138,1]
	[76264,1]
	[379,56]
	[76204,1]
	[76219,1]
	[76295,2]
	[76205,1]
	[76222,1]
	[380,63]
	[76358,1]
	[76254,1]
	[76270,1]
	[381,111]
	[76286,1]
	[76433,1]
	[76330,1]
	[76345,1]
	[76316,1]
	[76315,1]
	[383,47]
	[384,50]
	[76424,3]
	[76425,1]
	[385,52]
	[76441,1]
	[76452,1]
	[76420,3]
	[76419,1]
	[386,26]
	[76439,1]
	[76451,5]
	[76470,1]
	[76445,1]
	[76446,1]
	[76514,1]
	[76485,2]
	[388,20]
	[76502,4]
	[389,50]
	[76528,1]
	[76492,1]
	[76493,2]
	[76494,2]
	[391,26]
	[390,72]
	[76509,1]
	[76525,1]
	[76526,1]
	[76484,1]
	[76483,1]
	[76623,1]
	[76572,2]
	[76589,2]
	[392,44]
	[76638,1]
	[76637,1]
	[76578,1]
	[393,58]
	[76595,1]
	[76594,1]
	[79397,1]
	[76633,1]
	[76603,1]
	[394,34]
	[76619,1]
	[76620,1]
	[395,51]
	[76761,1]
	[76685,3]
	[76700,1]
	[76759,1]
	[76655,1]
	[76654,1]
	[76668,1]
	[76805,1]
	[76702,2]
	[398,63]
	[76733,2]
	[76895,1]
	[76896,1]
	[76777,1]
	[399,42]
	[76792,1]
	[76749,1]
	[76763,1]
	[400,18]
	[76808,2]
	[401,33]
	[76824,2]
	[76823,1]
	[402,56]
	[76818,2]
	[76801,4]
	[76862,1]
	[76858,3]
	[404,62]
	[76849,1]
	[405,39]
	[76850,2]
	[76831,1]
	[407,57]
	[76829,1]
	[76802,1]
	[76887,1]
	[76852,1]
	[408,42]
	[76863,2]
	[76819,1]
	[76820,1]
	[409,1]
	[410,55]
	[76893,1]
	[76894,1]
	[76840,1]
	[76856,1]
	[76791,1]
	[411,24]
	[76899,1]
	[412,3]
	[413,41]
	[76804,1]
	[76936,1]
	[76833,1]
	[414,1]
	[415,37]
	[77114,1]
	[77115,1]
	[79125,1]
	[76996,1]
	[416,45]
	[76963,2]
	[76989,2]
	[418,34]
	[76966,1]
	[76965,3]
	[77007,1]
	[419,13]
	[76953,1]
	[76954,1]
	[421,34]
	[77012,1]
	[76973,1]
	[422,15]
	[76919,1]
	[76920,1]
	[424,15]
	[76923,1]
	[425,15]
	[76964,1]
	[427,13]
	[76926,1]
	[76907,1]
	[429,5]
	[76883,2]
	[78159,1]
	[10166,1]

1800,
	[2,56]
	[19,2]
	[4,73]
	[73,6]
	[11,36]
	[119,6]
	[48,6]
	[41,3]
	[22,3]
	[5,39]
	[16,36]
	[52,5]
	[6,53]
	[8,69]
	[56,7]
	[10,49]
	[187,10]
	[67,4]
	[21,3]
	[50,3]
	[18,3]
	[12,37]
	[15,47]
	[17,2]
	[87,9]
	[44,4]
	[23,8]
	[25,5]
	[9,34]
	[27,6]
	[26,1]
	[28,2]
	[29,1]
	[30,1]
	[31,1]
	[82,6]
	[33,1]
	[32,1]
	[35,4]
	[34,3]
	[37,2]
	[36,2]
	[39,2]
	[38,6]
	[84,1]
	[57,5]
	[40,6]
	[42,4]
	[43,1]
	[45,1]
	[47,2]
	[60,5]
	[53,1]
	[51,1]
	[54,4]
	[55,7]
	[59,5]
	[96,2]
	[95,6]
	[61,4]
	[13,31]
	[83,2]
	[62,1]
	[63,4]
	[64,4]
	[58,2]
	[65,3]
	[3,45]
	[69,4]
	[166,8]
	[68,3]
	[70,6]
	[98,5]
	[103,4]
	[71,2]
	[74,1]
	[75,3]
	[72,1]
	[77,4]
	[76,2]
	[78,1]
	[79,1]
	[81,4]
	[80,5]
	[106,6]
	[85,7]
	[86,2]
	[88,5]
	[112,8]
	[89,3]
	[100,3]
	[90,3]
	[113,9]
	[92,3]
	[91,4]
	[93,6]
	[14,30]
	[97,2]
	[99,4]
	[94,1]
	[101,7]
	[7,37]
	[102,2]
	[104,2]
	[120,5]
	[105,4]
	[107,3]
	[108,3]
	[123,5]
	[110,2]
	[121,4]
	[109,2]
	[115,2]
	[116,3]
	[118,6]
	[114,1]
	[117,5]
	[122,4]
	[124,5]
	[125,5]
	[127,10]
	[126,1]
	[130,4]
	[131,4]
	[129,2]
	[132,6]
	[135,8]
	[133,5]
	[134,3]
	[136,6]
	[137,6]
	[139,6]
	[140,7]
	[138,7]
	[143,15]
	[142,9]
	[141,3]
	[144,8]
	[128,1]
	[145,13]
	[146,7]
	[148,7]
	[147,7]
	[149,9]
	[150,7]
	[152,5]
	[151,12]
	[153,8]
	[154,12]
	[155,9]
	[156,7]
	[157,8]
	[159,12]
	[160,8]
	[158,3]
	[161,4]
	[163,14]
	[162,13]
	[164,10]
	[165,12]
	[167,4]
	[168,7]
	[169,5]
	[170,3]
	[171,7]
	[172,9]
	[173,5]
	[174,10]
	[175,4]
	[176,7]
	[177,15]
	[178,5]
	[46,1]
	[179,10]
	[180,18]
	[181,9]
	[182,8]
	[183,5]
	[185,7]
	[184,7]
	[186,5]
	[188,13]
	[190,11]
	[189,11]
	[191,10]
	[193,9]
	[192,1]
	[194,12]
	[196,9]
	[195,6]
	[198,11]
	[197,12]
	[199,16]
	[200,11]
	[201,5]
	[202,8]
	[203,6]
	[204,5]
	[205,13]
	[206,7]
	[207,19]
	[208,7]
	[209,8]
	[210,5]
	[211,10]
	[212,10]
	[213,8]
	[214,9]
	[215,8]
	[216,7]
	[217,7]
	[219,15]
	[218,3]
	[221,9]
	[220,6]
	[222,11]
	[223,3]
	[224,12]
	[226,12]
	[225,8]
	[227,5]
	[228,15]
	[230,2]
	[229,12]
	[231,8]
	[232,9]
	[233,8]
	[235,11]
	[234,9]
	[236,9]
	[237,8]
	[238,8]
	[240,6]
	[239,7]
	[241,12]
	[242,7]
	[243,8]
	[244,3]
	[246,7]
	[245,7]
	[247,6]
	[248,12]
	[249,13]
	[250,7]
	[251,7]
	[252,17]
	[253,7]
	[254,10]
	[255,11]
	[257,10]
	[256,7]
	[259,8]
	[258,3]
	[260,10]
	[261,8]
	[262,4]
	[263,7]
	[264,6]
	[265,4]
	[266,12]
	[268,4]
	[267,4]
	[270,8]
	[269,8]
	[271,4]
	[272,10]
	[273,14]
	[274,7]
	[276,13]
	[275,8]
	[277,6]
	[278,8]
	[279,5]
	[280,11]
	[281,5]
	[282,3]
	[283,10]
	[284,6]
	[285,5]
	[286,12]
	[34132,1]
	[287,4]
	[288,10]
	[290,12]
	[289,8]
	[292,4]
	[291,11]
	[293,11]
	[294,5]
	[295,11]
	[296,5]
	[297,11]
	[299,12]
	[298,3]
	[300,11]
	[301,5]
	[302,13]
	[303,5]
	[304,15]
	[305,12]
	[307,10]
	[306,6]
	[308,3]
	[309,11]
	[310,9]
	[311,5]
	[312,6]
	[313,4]
	[314,6]
	[315,4]
	[316,9]
	[317,8]
	[318,6]
	[319,7]
	[320,6]
	[321,6]
	[322,7]
	[323,5]
	[324,10]
	[325,2]
	[327,7]
	[326,13]
	[328,6]
	[329,7]
	[330,4]
	[331,4]
	[332,7]
	[333,9]
	[334,2]
	[335,13]
	[336,3]
	[337,6]
	[338,6]
	[340,5]
	[339,3]
	[342,6]
	[341,5]
	[343,6]
	[344,8]
	[345,4]
	[346,5]
	[347,6]
	[348,7]
	[349,4]
	[350,5]
	[53210,1]
	[352,10]
	[351,1]
	[355,6]
	[354,8]
	[353,2]
	[356,9]
	[357,5]
	[358,7]
	[359,7]
	[360,3]
	[361,10]
	[363,5]
	[364,4]
	[362,3]
	[366,8]
	[365,2]
	[368,3]
	[367,2]
	[369,8]
	[370,3]
	[371,5]
	[372,6]
	[373,3]
	[375,6]
	[376,5]
	[378,5]
	[377,2]
	[379,4]
	[380,2]
	[381,2]
	[383,2]
	[385,4]
	[386,3]
	[384,5]
	[387,7]
	[382,1]
	[388,1]
	[390,5]
	[389,4]
	[392,3]
	[393,4]
	[394,3]
	[395,4]
	[396,5]
	[398,2]
	[399,2]
	[400,1]
	[402,4]
	[404,5]
	[403,1]
	[407,5]
	[410,5]
	[411,1]
	[412,1]
	[413,2]
	[415,3]
	[416,2]
	[408,1]
	[418,6]
	[419,1]
	[421,2]
	[422,2]
	[424,1]
	[20743572,1]
	[20634679,1]
	[20335633,1]
	[18814736,1]
	[17291361,1]
	[15884116,1]
	[13611790,1]
	[10729587,1]
	[10434147,1]
	[9836702,1]
	[9306923,1]
	[8694299,1]
	[7526235,1]
	[6495916,1]
	[5207659,1]
	[4801461,1]
	[3902270,1]
	[1589671,1]
	[92870,1]

1932,
	[255,3]
	[1193,1]
	[2166,1]
	[3572,1]
	[3736,1]
	[4072,1]
	[6699,1]
	[8576,1]
	[9823,1]
	[19,2]
	[11670,1]
	[29,1]
	[14696,1]
	[15887,1]
	[17018,1]
	[17611,1]
	[18256,1]
	[20024,1]
	[21230,1]
	[26834,1]
	[27332,1]
	[27944,1]
	[28418,1]
	[29012,1]
	[31825,1]
	[33463,1]
	[73,1]
	[35890,1]
	[81,4]
	[87,1]
	[41053,1]
	[42544,1]
	[43103,1]
	[142,1]
	[46181,1]
	[151,2]
	[123,2]
	[47198,1]
	[146,2]
	[49498,1]
	[65,1]
	[91,1]
	[119,3]
	[54,1]
	[51250,1]
	[63,1]
	[111,1]
	[90,1]
	[41,1]
	[64,1]
	[112,1]
	[53892,1]
	[114,1]
	[54857,1]
	[55561,1]
	[55769,1]
	[153,2]
	[56,2]
	[62,2]
	[58013,1]
	[136,1]
	[58440,1]
	[162,2]
	[58665,1]
	[26,1]
	[154,1]
	[59281,1]
	[150,1]
	[165,2]
	[196,3]
	[67,2]
	[95,4]
	[61863,1]
	[186,3]
	[181,3]
	[137,2]
	[63014,1]
	[207,2]
	[63975,1]
	[3,2]
	[65120,1]
	[164,3]
	[204,3]
	[92,1]
	[61,1]
	[219,2]
	[211,3]
	[188,3]
	[1,1]
	[185,2]
	[169,2]
	[193,1]
	[47,2]
	[183,1]
	[210,2]
	[132,1]
	[69327,1]
	[262,1]
	[70449,1]
	[75,1]
	[182,1]
	[25,1]
	[48,1]
	[71017,1]
	[133,1]
	[149,1]
	[159,3]
	[273,1]
	[72181,1]
	[15,2]
	[17,2]
	[98,2]
	[117,1]
	[199,3]
	[115,1]
	[253,1]
	[163,3]
	[73425,1]
	[21,1]
	[238,1]
	[161,1]
	[28,1]
	[74824,1]
	[74821,1]
	[284,2]
	[75095,1]
	[297,1]
	[71,2]
	[135,1]
	[275,1]
	[300,1]
	[66,1]
	[75544,1]
	[75563,1]
	[222,2]
	[75943,1]
	[144,2]
	[268,2]
	[49,1]
	[233,2]
	[309,2]
	[200,1]
	[76523,1]
	[102,1]
	[76720,1]
	[31,2]
	[308,1]
	[212,1]
	[152,1]
	[310,1]
	[77798,1]
	[172,2]
	[179,1]
	[271,1]
	[147,1]
	[236,1]
	[78822,1]
	[258,1]
	[73842,1]
	[250,1]
	[79091,1]
	[145,2]
	[286,1]
	[34,1]
	[180,1]
	[80332,1]
	[80486,1]
	[80536,1]
	[80672,1]
	[33,1]
	[80763,1]
	[88,1]
	[194,2]
	[259,1]
	[80977,1]
	[60,1]
	[245,1]
	[263,1]
	[81249,1]
	[216,2]
	[50,2]
	[101,1]
	[354,2]
	[372,2]
	[81673,1]
	[177,1]
	[174,1]
	[356,1]
	[81793,1]
	[81920,1]
	[81985,1]
	[316,2]
	[237,1]
	[82251,1]
	[325,1]
	[82335,1]
	[291,1]
	[205,3]
	[18,1]
	[333,1]
	[377,2]
	[378,1]
	[282,1]
	[305,1]
	[304,1]
	[82765,2]
	[366,1]
	[317,1]
	[82831,1]
	[206,1]
	[23,1]
	[76841,1]
	[35,1]
	[359,2]
	[82971,1]
	[82993,1]
	[319,1]
	[293,1]
	[83072,1]
	[370,1]
	[83235,1]
	[315,1]
	[360,1]
	[299,1]
	[213,1]
	[228,1]
	[384,1]
	[83309,1]
	[280,1]
	[367,1]
	[324,1]
	[83302,1]
	[176,1]
	[83296,1]
	[349,1]
	[419,1]
	[83223,1]
	[126,1]

1908,
	[1303,1]
	[2027,1]
	[2050,1]
	[3,17]
	[2166,2]
	[2212,1]
	[2489,1]
	[2780,1]
	[3380,1]
	[3572,2]
	[3591,1]
	[3916,1]
	[7,8]
	[4253,1]
	[4,12]
	[6,14]
	[4405,1]
	[7259,1]
	[7339,2]
	[8556,1]
	[2,11]
	[11041,1]
	[26,14]
	[11672,2]
	[9,5]
	[11668,1]
	[12297,1]
	[12295,1]
	[12803,1]
	[8,20]
	[28,10]
	[37,14]
	[14698,1]
	[14694,1]
	[22,8]
	[25,10]
	[27,18]
	[15310,1]
	[41,10]
	[15888,1]
	[15884,1]
	[17073,1]
	[34,9]
	[17059,1]
	[10,33]
	[29,15]
	[40,24]
	[38,22]
	[18971,1]
	[33,12]
	[49,22]
	[19,6]
	[20593,1]
	[53,37]
	[57,28]
	[401,39]
	[21230,1]
	[119,80]
	[39,25]
	[46,23]
	[21832,1]
	[48,27]
	[64,29]
	[22179,1]
	[30,20]
	[61,37]
	[36,21]
	[56,33]
	[67,31]
	[63,40]
	[24114,1]
	[24113,1]
	[71,45]
	[1,22]
	[25207,1]
	[25205,1]
	[24798,1]
	[50,32]
	[59,22]
	[72,36]
	[25825,1]
	[51,24]
	[32,19]
	[47,17]
	[27329,1]
	[58,35]
	[68,38]
	[81,39]
	[88,57]
	[60,32]
	[87,65]
	[29010,1]
	[28099,1]
	[55,20]
	[83,34]
	[29607,1]
	[31,14]
	[80,41]
	[352,97]
	[30059,1]
	[29608,1]
	[66,28]
	[79,30]
	[91,39]
	[30307,1]
	[78,24]
	[54,22]
	[65,33]
	[90,43]
	[31255,1]
	[31252,1]
	[69,26]
	[85,51]
	[92,56]
	[96,56]
	[31822,1]
	[62,36]
	[84,42]
	[93,53]
	[82,45]
	[31926,1]
	[94,43]
	[95,46]
	[101,46]
	[5,14]
	[32535,1]
	[21,15]
	[89,58]
	[97,42]
	[73,30]
	[99,48]
	[105,53]
	[34536,1]
	[20,13]
	[104,48]
	[15,5]
	[35125,1]
	[35895,1]
	[35447,1]
	[111,61]
	[113,58]
	[36455,1]
	[35533,1]
	[98,48]
	[37025,1]
	[52,27]
	[103,48]
	[348,69]
	[116,59]
	[35,19]
	[36152,1]
	[112,58]
	[269,148]
	[70,27]
	[100,55]
	[114,60]
	[120,65]
	[118,65]
	[122,71]
	[39059,1]
	[39052,1]
	[124,91]
	[39607,1]
	[38707,1]
	[38225,1]
	[110,40]
	[40043,1]
	[40038,2]
	[38625,1]
	[126,81]
	[128,56]
	[40424,1]
	[107,11]
	[86,36]
	[41057,1]
	[123,80]
	[125,89]
	[130,74]
	[41570,1]
	[40179,1]
	[115,53]
	[121,70]
	[133,67]
	[102,52]
	[132,59]
	[23,8]
	[106,32]
	[129,58]
	[136,82]
	[42375,1]
	[42357,1]
	[43492,1]
	[135,77]
	[44001,1]
	[43124,1]
	[108,7]
	[44098,1]
	[17,7]
	[44,1]
	[42449,1]
	[134,74]
	[141,107]
	[44552,1]
	[43156,1]
	[127,55]
	[140,37]
	[142,133]
	[143,157]
	[44834,2]
	[42979,1]
	[45101,1]
	[45099,1]
	[43718,1]
	[145,151]
	[45378,1]
	[43998,1]
	[117,58]
	[44731,1]
	[44962,1]
	[131,59]
	[144,124]
	[146,143]
	[148,134]
	[45760,1]
	[45904,1]
	[44042,1]
	[137,64]
	[46183,1]
	[46180,1]
	[44799,1]
	[147,130]
	[149,144]
	[46048,1]
	[46717,1]
	[46713,1]
	[44845,1]
	[350,84]
	[150,139]
	[45589,1]
	[45073,1]
	[152,145]
	[46791,1]
	[45845,1]
	[77,6]
	[151,135]
	[153,141]
	[154,137]
	[155,128]
	[24,7]
	[45849,1]
	[47528,1]
	[74,8]
	[46604,1]
	[157,28]
	[346,13]
	[852,1]
	[46257,1]
	[48299,1]
	[48711,1]
	[46865,1]
	[48981,1]
	[48980,1]
	[48776,1]
	[47133,1]
	[158,114]
	[49249,1]
	[47015,1]
	[159,131]
	[49499,1]
	[47283,1]
	[156,29]
	[160,142]
	[162,136]
	[49764,1]
	[49325,1]
	[47533,1]
	[161,154]
	[163,143]
	[49071,1]
	[48618,1]
	[48148,1]
	[49367,1]
	[164,157]
	[165,146]
	[166,138]
	[50207,1]
	[48932,1]
	[167,134]
	[169,140]
	[51037,1]
	[513,1]
	[49650,1]
	[49178,1]
	[51250,1]
	[45,9]
	[49049,1]
	[170,121]
	[50121,1]
	[51526,1]
	[50137,1]
	[50644,1]
	[49680,1]
	[171,161]
	[51770,1]
	[50379,1]
	[168,155]
	[51998,1]
	[51996,1]
	[50589,1]
	[49794,1]
	[49795,1]
	[52255,1]
	[52253,1]
	[50845,1]
	[50388,1]
	[50567,1]
	[175,90]
	[51290,1]
	[52207,1]
	[172,148]
	[176,169]
	[52956,1]
	[51557,1]
	[51087,1]
	[50738,1]
	[50482,1]
	[50483,1]
	[177,156]
	[178,163]
	[53401,2]
	[52522,1]
	[51999,1]
	[51548,1]
	[52326,1]
	[50915,1]
	[53637,1]
	[51421,4]
	[51420,1]
	[51167,1]
	[180,161]
	[185,161]
	[51401,1]
	[54063,1]
	[52699,1]
	[179,139]
	[182,155]
	[183,164]
	[14,2]
	[53502,1]
	[52545,1]
	[52189,1]
	[52188,1]
	[173,40]
	[181,148]
	[54622,1]
	[53245,1]
	[52777,1]
	[54854,1]
	[53935,1]
	[53009,1]
	[52384,1]
	[184,149]
	[52868,1]
	[139,8]
	[186,142]
	[55302,1]
	[54374,1]
	[55298,1]
	[647,1]
	[52843,1]
	[52842,1]
	[55145,1]
	[55558,2]
	[187,161]
	[55769,1]
	[55767,1]
	[1075,1]
	[188,145]
	[189,149]
	[56028,2]
	[287,110]
	[138,9]
	[53825,1]
	[56270,1]
	[55339,1]
	[54885,1]
	[54036,1]
	[53782,1]
	[53543,1]
	[53542,1]
	[54822,2]
	[56546,1]
	[54213,1]
	[193,127]
	[18,7]
	[56626,1]
	[55707,1]
	[54688,1]
	[54687,1]
	[54686,2]
	[54176,1]
	[174,17]
	[194,172]
	[57142,1]
	[57034,1]
	[57137,1]
	[56211,1]
	[57139,1]
	[54444,2]
	[195,133]
	[57395,1]
	[56474,1]
	[55523,1]
	[54647,1]
	[196,156]
	[57613,1]
	[57611,1]
	[57607,1]
	[55741,1]
	[55376,1]
	[55106,1]
	[54867,1]
	[190,70]
	[197,144]
	[56400,1]
	[55939,1]
	[57623,1]
	[56478,1]
	[192,61]
	[198,155]
	[55506,1]
	[199,154]
	[57305,1]
	[56365,1]
	[56226,1]
	[58431,1]
	[58286,1]
	[56573,2]
	[56574,1]
	[56214,1]
	[55689,1]
	[201,158]
	[58688,1]
	[58295,1]
	[57244,1]
	[55919,1]
	[200,153]
	[202,148]
	[57439,1]
	[56983,1]
	[109,7]
	[56608,1]
	[56098,2]
	[59005,1]
	[59034,1]
	[58147,1]
	[57192,1]
	[56818,1]
	[56578,1]
	[56323,1]
	[191,18]
	[203,174]
	[204,128]
	[59258,1]
	[207,102]
	[58385,1]
	[57042,1]
	[56788,1]
	[56532,1]
	[205,162]
	[59469,1]
	[58548,1]
	[57250,1]
	[56996,1]
	[56756,2]
	[206,148]
	[59845,1]
	[58469,1]
	[57372,1]
	[58673,1]
	[58220,1]
	[932,1]
	[209,63]
	[60433,1]
	[76,1]
	[58216,1]
	[57704,1]
	[57705,1]
	[210,122]
	[60652,1]
	[233,162]
	[60441,1]
	[59271,1]
	[58435,1]
	[58162,1]
	[57891,1]
	[211,137]
	[60853,1]
	[60851,2]
	[59802,1]
	[58654,2]
	[57885,1]
	[212,158]
	[61068,1]
	[58840,1]
	[58580,1]
	[58294,1]
	[213,121]
	[61000,1]
	[59073,1]
	[58812,3]
	[59450,1]
	[60944,1]
	[58542,1]
	[208,22]
	[214,152]
	[60570,1]
	[59627,1]
	[58740,1]
	[215,155]
	[61667,1]
	[61516,1]
	[60782,1]
	[59790,1]
	[59192,1]
	[59193,1]
	[58651,1]
	[59406,1]
	[59150,1]
	[58881,1]
	[216,138]
	[217,138]
	[264,164]
	[59836,1]
	[59046,1]
	[62269,1]
	[60402,1]
	[59812,1]
	[218,139]
	[43,2]
	[61112,1]
	[60242,1]
	[59734,1]
	[59735,1]
	[59464,1]
	[219,146]
	[62655,1]
	[61274,1]
	[60406,1]
	[59914,1]
	[59644,1]
	[221,154]
	[61917,1]
	[61480,1]
	[943,1]
	[59818,1]
	[220,146]
	[222,133]
	[63008,1]
	[60789,1]
	[60534,1]
	[223,164]
	[62764,1]
	[294,27]
	[61855,1]
	[61371,1]
	[61011,1]
	[61564,1]
	[60229,1]
	[63149,1]
	[60947,1]
	[60690,1]
	[60421,1]
	[60196,1]
	[226,23]
	[62902,1]
	[61956,1]
	[61584,1]
	[63460,1]
	[60803,1]
	[60563,4]
	[227,92]
	[62599,1]
	[61756,1]
	[61502,1]
	[61229,1]
	[60959,1]
	[60720,1]
	[228,162]
	[64178,1]
	[64176,1]
	[62331,1]
	[61195,1]
	[224,136]
	[229,161]
	[64381,1]
	[64379,1]
	[62146,1]
	[61896,1]
	[61351,1]
	[61095,1]
	[231,168]
	[64375,1]
	[1321,1]
	[62098,1]
	[61568,1]
	[61313,1]
	[225,34]
	[230,138]
	[64015,1]
	[63452,1]
	[61483,1]
	[64919,1]
	[62687,1]
	[61651,3]
	[232,144]
	[234,182]
	[65119,1]
	[65120,1]
	[65121,1]
	[65122,1]
	[62904,1]
	[62408,1]
	[62154,1]
	[61883,1]
	[235,141]
	[64388,1]
	[62826,1]
	[62577,1]
	[62336,1]
	[62051,1]
	[236,146]
	[64571,1]
	[65502,1]
	[64118,2]
	[63283,1]
	[63284,1]
	[62534,1]
	[238,163]
	[65696,1]
	[62923,1]
	[62683,1]
	[62413,1]
	[237,140]
	[773,2]
	[63644,1]
	[63119,1]
	[62894,1]
	[64860,1]
	[62625,1]
	[239,143]
	[66057,1]
	[16,1]
	[64210,1]
	[62789,2]
	[240,156]
	[64845,1]
	[64020,1]
	[63764,1]
	[63255,1]
	[64211,1]
	[63686,1]
	[241,153]
	[66607,1]
	[64738,1]
	[63834,1]
	[64562,1]
	[63083,1]
	[66926,1]
	[64723,1]
	[64199,1]
	[63432,1]
	[243,26]
	[244,89]
	[67117,1]
	[67112,1]
	[64896,1]
	[64373,1]
	[63590,2]
	[242,38]
	[245,154]
	[65027,1]
	[64787,1]
	[64520,1]
	[64276,1]
	[64006,1]
	[246,170]
	[67429,1]
	[65199,1]
	[64677,1]
	[64432,2]
	[64146,1]
	[63890,1]
	[63891,1]
	[247,137]
	[67584,2]
	[66181,1]
	[64618,3]
	[248,147]
	[66902,1]
	[66393,1]
	[42,1]
	[65299,1]
	[64518,1]
	[249,168]
	[250,163]
	[67921,1]
	[66305,1]
	[64398,1]
	[67254,1]
	[65159,1]
	[64905,1]
	[64904,1]
	[64634,1]
	[251,129]
	[66916,1]
	[66109,1]
	[66108,1]
	[65823,1]
	[65312,1]
	[65072,1]
	[64786,1]
	[252,143]
	[253,146]
	[68476,1]
	[67085,1]
	[67688,1]
	[66631,2]
	[66637,1]
	[254,140]
	[255,145]
	[67263,1]
	[65880,1]
	[65613,2]
	[65374,1]
	[66334,1]
	[66076,1]
	[65569,1]
	[65315,1]
	[68983,1]
	[68060,1]
	[68984,1]
	[67116,1]
	[66497,1]
	[66496,1]
	[66241,1]
	[65700,1]
	[65446,1]
	[65445,2]
	[256,140]
	[66404,1]
	[258,134]
	[67958,1]
	[66612,2]
	[66085,1]
	[65831,1]
	[69501,1]
	[67626,1]
	[67332,1]
	[66233,1]
	[65738,1]
	[257,155]
	[69607,1]
	[69786,1]
	[67570,1]
	[66806,2]
	[66294,1]
	[66040,1]
	[67021,1]
	[261,79]
	[69979,1]
	[69977,1]
	[67230,1]
	[66689,1]
	[66432,1]
	[66179,1]
	[259,66]
	[68742,3]
	[67912,1]
	[67641,1]
	[67417,1]
	[262,148]
	[69866,1]
	[69370,1]
	[67813,1]
	[69924,1]
	[67305,1]
	[67044,1]
	[66519,1]
	[263,144]
	[265,147]
	[266,163]
	[70456,1]
	[70451,1]
	[69645,1]
	[67948,1]
	[67710,1]
	[67461,1]
	[67199,1]
	[66690,1]
	[70316,1]
	[67318,2]
	[67063,1]
	[66792,1]
	[267,140]
	[70721,1]
	[68218,2]
	[67961,1]
	[67700,1]
	[67452,1]
	[67197,2]
	[68106,1]
	[268,152]
	[69013,2]
	[67881,1]
	[67106,1]
	[67107,1]
	[260,20]
	[71014,1]
	[70403,1]
	[68542,3]
	[69834,1]
	[68273,1]
	[67746,1]
	[67236,1]
	[70757,1]
	[71192,1]
	[68692,1]
	[68178,1]
	[67671,1]
	[272,130]
	[71296,1]
	[71293,1]
	[70916,1]
	[70950,1]
	[69892,1]
	[68806,2]
	[68551,1]
	[68010,1]
	[67516,1]
	[67515,2]
	[67514,1]
	[71022,1]
	[270,136]
	[271,134]
	[69564,1]
	[69190,1]
	[68695,1]
	[68438,1]
	[68169,1]
	[67930,1]
	[67675,1]
	[71602,1]
	[71598,1]
	[69754,1]
	[69110,1]
	[68599,1]
	[68598,2]
	[67804,1]
	[273,136]
	[274,144]
	[71328,2]
	[69493,1]
	[69238,1]
	[68999,1]
	[70909,1]
	[68472,1]
	[275,137]
	[75,4]
	[69565,1]
	[69055,1]
	[68530,1]
	[68258,1]
	[71393,1]
	[71970,3]
	[68912,1]
	[68386,1]
	[68161,1]
	[278,64]
	[72434,1]
	[70215,1]
	[69958,1]
	[69704,1]
	[69464,1]
	[68938,1]
	[279,126]
	[72188,1]
	[71966,2]
	[71206,1]
	[70764,1]
	[70765,1]
	[69841,1]
	[69349,1]
	[68805,1]
	[280,159]
	[72721,1]
	[445,1]
	[71810,1]
	[70264,1]
	[69755,1]
	[69244,1]
	[68735,1]
	[68734,1]
	[281,145]
	[71035,1]
	[70114,1]
	[69859,1]
	[69348,1]
	[68822,1]
	[282,151]
	[283,149]
	[72890,1]
	[73007,1]
	[70281,4]
	[69792,3]
	[70908,1]
	[69261,1]
	[276,88]
	[72111,1]
	[70431,1]
	[70160,1]
	[69911,1]
	[69649,1]
	[69379,1]
	[284,132]
	[71887,1]
	[71050,1]
	[70532,2]
	[70012,1]
	[70014,2]
	[69766,1]
	[69240,1]
	[285,125]
	[286,164]
	[72493,1]
	[71546,1]
	[70695,2]
	[71291,1]
	[69659,1]
	[69404,1]
	[73554,1]
	[73553,2]
	[72189,1]
	[71675,1]
	[71315,1]
	[70932,2]
	[69504,1]
	[72752,1]
	[73667,1]
	[71445,1]
	[71209,1]
	[70955,1]
	[70685,2]
	[70441,1]
	[70175,1]
	[70174,1]
	[69919,1]
	[288,142]
	[289,131]
	[72445,1]
	[71960,2]
	[70814,1]
	[70286,1]
	[70287,1]
	[73923,1]
	[72557,1]
	[970,1]
	[72041,1]
	[70912,4]
	[70146,1]
	[69891,1]
	[290,120]
	[72699,1]
	[71308,2]
	[70795,1]
	[71656,1]
	[70256,1]
	[70002,1]
	[291,132]
	[69633,1]
	[71927,1]
	[71672,1]
	[71163,1]
	[70652,1]
	[70143,2]
	[292,144]
	[74301,1]
	[71588,1]
	[71078,1]
	[70807,1]
	[293,114]
	[74459,1]
	[74455,1]
	[74185,1]
	[72239,1]
	[71713,1]
	[71219,1]
	[70678,2]
	[72002,1]
	[277,15]
	[70169,1]
	[73759,2]
	[71698,2]
	[71189,2]
	[70662,1]
	[295,36]
	[296,100]
	[74819,1]
	[72348,1]
	[72075,1]
	[71805,2]
	[71566,1]
	[71312,1]
	[72687,1]
	[71040,1]
	[70768,1]
	[297,145]
	[73583,1]
	[74638,1]
	[73096,1]
	[72229,1]
	[72230,1]
	[71721,1]
	[71469,1]
	[71210,1]
	[298,126]
	[73719,1]
	[73231,1]
	[72611,1]
	[72259,1]
	[71811,1]
	[71561,1]
	[71316,1]
	[70774,1]
	[70775,1]
	[299,137]
	[300,127]
	[72969,2]
	[72733,2]
	[71949,1]
	[71699,1]
	[71183,1]
	[70929,1]
	[75354,1]
	[73975,1]
	[73121,1]
	[72872,1]
	[72785,1]
	[72340,1]
	[72069,1]
	[71804,1]
	[71557,1]
	[71288,1]
	[75423,1]
	[74043,3]
	[72944,1]
	[72697,1]
	[72156,1]
	[71894,1]
	[71661,1]
	[71391,2]
	[71120,1]
	[301,121]
	[303,130]
	[74164,1]
	[74513,1]
	[73328,1]
	[73081,1]
	[72309,1]
	[75304,1]
	[71541,1]
	[71272,1]
	[302,118]
	[73201,1]
	[72952,1]
	[72712,2]
	[72426,1]
	[72164,1]
	[71916,2]
	[304,133]
	[74865,1]
	[75722,1]
	[75265,1]
	[73318,1]
	[72048,1]
	[72047,2]
	[71792,1]
	[71522,1]
	[306,120]
	[75926,1]
	[73709,1]
	[73435,1]
	[71877,1]
	[71622,1]
	[73809,2]
	[73059,1]
	[72789,2]
	[72024,1]
	[75167,1]
	[305,155]
	[307,129]
	[76172,2]
	[75285,1]
	[1199,1]
	[74325,1]
	[73415,1]
	[73174,1]
	[72904,1]
	[72122,1]
	[71853,1]
	[308,126]
	[74054,1]
	[75210,1]
	[73797,1]
	[73956,1]
	[73528,1]
	[73289,1]
	[73034,1]
	[72778,2]
	[72523,1]
	[72268,1]
	[71998,1]
	[309,140]
	[72905,1]
	[72649,1]
	[310,113]
	[76055,1]
	[75115,1]
	[74292,1]
	[73752,1]
	[72476,1]
	[72206,1]
	[312,15]
	[75798,1]
	[75318,4]
	[74514,1]
	[73990,1]
	[73749,1]
	[73223,1]
	[72442,1]
	[72187,1]
	[72186,1]
	[75192,1]
	[313,94]
	[314,120]
	[76856,3]
	[76854,1]
	[75443,1]
	[74988,1]
	[74383,1]
	[73586,1]
	[72821,1]
	[72550,1]
	[311,26]
	[315,137]
	[75533,1]
	[74686,1]
	[74447,1]
	[74181,1]
	[73666,2]
	[73668,1]
	[73412,2]
	[73159,1]
	[72901,1]
	[72631,2]
	[72376,1]
	[76132,1]
	[74810,1]
	[74555,1]
	[74289,1]
	[74044,3]
	[73253,1]
	[73008,1]
	[72467,1]
	[316,108]
	[317,123]
	[318,121]
	[77117,3]
	[77115,1]
	[76234,1]
	[74644,1]
	[74645,2]
	[74395,1]
	[73878,1]
	[73624,2]
	[73129,1]
	[72859,1]
	[75875,1]
	[75410,1]
	[465,1]
	[74781,1]
	[74270,1]
	[74000,1]
	[73729,1]
	[73219,1]
	[72964,1]
	[72694,1]
	[76895,1]
	[77339,1]
	[1863,1]
	[75122,2]
	[74851,1]
	[74087,1]
	[73306,1]
	[73051,1]
	[320,120]
	[321,124]
	[77073,1]
	[76619,1]
	[75276,1]
	[75006,1]
	[74744,1]
	[74240,1]
	[73971,1]
	[73970,1]
	[73708,1]
	[74443,1]
	[73445,1]
	[73444,1]
	[72933,1]
	[319,115]
	[75395,1]
	[75110,1]
	[74849,1]
	[74599,2]
	[74360,1]
	[73813,1]
	[73812,1]
	[73038,1]
	[322,127]
	[76763,1]
	[76306,1]
	[74463,1]
	[73932,1]
	[73427,1]
	[73426,1]
	[73156,1]
	[323,118]
	[324,112]
	[77800,1]
	[76906,1]
	[75582,1]
	[75312,1]
	[75039,2]
	[74770,1]
	[74276,1]
	[74002,1]
	[73734,2]
	[73495,2]
	[73240,1]
	[77867,1]
	[77428,2]
	[76487,1]
	[76015,1]
	[75152,2]
	[75151,1]
	[74884,1]
	[73864,1]
	[73354,1]
	[325,128]
	[75795,2]
	[77389,1]
	[75267,1]
	[74473,1]
	[76228,1]
	[73421,1]
	[326,109]
	[78061,1]
	[77619,1]
	[78059,3]
	[76679,1]
	[75606,1]
	[75079,1]
	[74825,2]
	[74585,1]
	[74329,1]
	[74059,1]
	[73551,1]
	[327,115]
	[76364,1]
	[75764,1]
	[75509,1]
	[74983,1]
	[74201,1]
	[73691,1]
	[328,40]
	[76099,1]
	[75604,1]
	[75063,1]
	[74809,1]
	[74569,1]
	[73773,1]
	[73519,1]
	[78473,1]
	[77104,1]
	[76612,3]
	[76807,1]
	[75493,1]
	[75237,1]
	[74981,1]
	[74457,1]
	[74215,1]
	[74216,1]
	[78180,1]
	[331,115]
	[77683,3]
	[75600,1]
	[75071,1]
	[74817,1]
	[74564,2]
	[74306,1]
	[74305,1]
	[74035,1]
	[73780,1]
	[330,51]
	[332,116]
	[77298,1]
	[76469,1]
	[76199,1]
	[75974,1]
	[75708,2]
	[75448,1]
	[75193,1]
	[75194,1]
	[74939,1]
	[74671,1]
	[76258,1]
	[73902,1]
	[329,6]
	[333,99]
	[76605,1]
	[76320,1]
	[76321,5]
	[76080,1]
	[75553,1]
	[75283,2]
	[75028,1]
	[74532,1]
	[74247,1]
	[74246,1]
	[76642,1]
	[73991,1]
	[334,88]
	[335,101]
	[78877,1]
	[77011,1]
	[77010,1]
	[76136,2]
	[75887,1]
	[75626,1]
	[75371,1]
	[76352,1]
	[74335,1]
	[78261,5]
	[74081,1]
	[76478,1]
	[76224,1]
	[75696,1]
	[75442,1]
	[77402,1]
	[74660,1]
	[336,115]
	[76532,1]
	[76013,4]
	[75240,1]
	[75239,1]
	[74977,1]
	[74729,1]
	[74474,1]
	[74203,2]
	[337,96]
	[338,106]
	[76629,1]
	[76112,1]
	[77678,1]
	[75338,1]
	[75078,1]
	[74812,1]
	[74573,4]
	[74318,1]
	[73915,1]
	[78748,1]
	[76725,1]
	[76455,1]
	[77360,1]
	[75928,1]
	[75704,1]
	[75419,1]
	[75157,2]
	[74892,1]
	[74893,1]
	[74653,1]
	[339,99]
	[79283,1]
	[79294,1]
	[77880,2]
	[77049,2]
	[76795,1]
	[76539,1]
	[75503,1]
	[74979,1]
	[74722,1]
	[74467,1]
	[340,96]
	[341,111]
	[79353,1]
	[13,1]
	[77944,1]
	[77114,2]
	[76860,1]
	[76604,1]
	[76329,3]
	[75823,1]
	[75295,1]
	[75027,1]
	[75026,1]
	[74772,1]
	[76667,1]
	[75903,1]
	[75902,1]
	[75389,1]
	[79134,1]
	[75121,1]
	[74612,1]
	[342,80]
	[79521,1]
	[78131,1]
	[802,1]
	[77289,1]
	[76521,2]
	[77886,1]
	[75728,1]
	[78905,1]
	[74946,1]
	[74945,1]
	[74691,1]
	[78160,1]
	[77334,1]
	[76314,1]
	[76060,1]
	[75040,1]
	[74784,1]
	[77959,1]
	[343,107]
	[344,104]
	[79816,1]
	[79861,1]
	[78454,1]
	[77986,1]
	[77598,2]
	[77342,1]
	[76832,1]
	[76561,2]
	[76305,3]
	[75524,3]
	[75525,1]
	[75268,1]
	[75014,1]
	[75013,1]
	[345,55]
	[79904,1]
	[78073,1]
	[77674,1]
	[77417,6]
	[77161,2]
	[76923,4]
	[75888,3]
	[75347,1]
	[347,56]
	[79278,1]
	[78181,1]
	[77542,1]
	[77047,3]
	[76777,1]
	[76252,1]
	[76010,1]
	[76011,1]
	[75742,1]
	[78864,1]
	[75485,1]
	[75231,1]
	[74975,1]
	[80136,1]
	[78755,2]
	[78300,2]
	[76610,1]
	[76338,1]
	[76098,1]
	[75847,2]
	[75574,2]
	[75064,1]
	[349,102]
	[80175,1]
	[79264,1]
	[79263,1]
	[78781,1]
	[79039,1]
	[78354,1]
	[77976,7]
	[77717,1]
	[79827,2]
	[77208,2]
	[79317,1]
	[76697,1]
	[76427,1]
	[75406,2]
	[78438,7]
	[78064,1]
	[77804,2]
	[77012,1]
	[76466,1]
	[76225,1]
	[76226,1]
	[75716,2]
	[75446,1]
	[75190,3]
	[78936,1]
	[77874,2]
	[77604,2]
	[79079,1]
	[76079,1]
	[75562,1]
	[75308,1]
	[351,84]
	[80447,1]
	[80239,1]
	[78237,1]
	[77975,2]
	[77705,2]
	[77704,1]
	[76922,1]
	[76653,1]
	[76397,1]
	[76133,2]
	[75872,1]
	[75632,1]
	[75362,1]
	[353,76]
	[80328,1]
	[80036,1]
	[79600,1]
	[78258,1]
	[78011,2]
	[78649,1]
	[77470,3]
	[76974,1]
	[76704,1]
	[76449,1]
	[75923,1]
	[75668,1]
	[75397,4]
	[354,93]
	[80536,1]
	[78327,1]
	[78077,1]
	[77823,1]
	[77553,1]
	[77306,1]
	[77042,1]
	[76787,1]
	[76006,1]
	[75767,1]
	[75512,1]
	[355,100]
	[78394,1]
	[78144,1]
	[77889,2]
	[77357,1]
	[77091,1]
	[77093,1]
	[76853,1]
	[76057,1]
	[75817,1]
	[75546,1]
	[356,107]
	[80665,1]
	[80458,1]
	[78208,1]
	[77953,1]
	[77439,3]
	[77173,1]
	[77172,1]
	[76917,1]
	[76662,1]
	[75881,1]
	[357,99]
	[358,100]
	[79984,1]
	[78032,1]
	[77762,1]
	[77763,2]
	[77504,1]
	[77235,1]
	[76982,4]
	[76742,1]
	[76467,1]
	[76200,2]
	[75946,1]
	[78808,2]
	[75691,1]
	[78050,1]
	[77780,1]
	[77537,1]
	[77268,1]
	[77014,1]
	[76500,1]
	[77338,1]
	[76233,1]
	[75978,1]
	[359,85]
	[80857,1]
	[80855,1]
	[79964,1]
	[79502,2]
	[78636,1]
	[78111,2]
	[77841,1]
	[78441,2]
	[77059,2]
	[76805,1]
	[76563,1]
	[76279,1]
	[76023,1]
	[75753,1]
	[360,79]
	[78665,1]
	[77901,1]
	[77660,1]
	[77390,3]
	[76881,2]
	[77143,1]
	[76640,2]
	[76370,3]
	[75845,1]
	[361,77]
	[80979,1]
	[80975,2]
	[79133,1]
	[1196,1]
	[80491,1]
	[78260,2]
	[77991,1]
	[77751,4]
	[77480,1]
	[77225,3]
	[77224,2]
	[76954,1]
	[76715,1]
	[76458,1]
	[76204,1]
	[76203,3]
	[75933,1]
	[362,71]
	[81080,1]
	[79705,2]
	[78591,1]
	[78456,2]
	[77557,1]
	[77301,1]
	[77032,1]
	[76791,1]
	[80497,1]
	[76522,1]
	[76266,1]
	[75757,1]
	[75756,2]
	[364,21]
	[81218,1]
	[81203,1]
	[79815,1]
	[79330,1]
	[78447,2]
	[77937,1]
	[77668,1]
	[77141,1]
	[76886,1]
	[76632,1]
	[76105,1]
	[75865,1]
	[366,86]
	[81251,1]
	[81249,1]
	[79875,1]
	[1073,1]
	[79403,2]
	[78779,1]
	[78235,1]
	[77996,1]
	[77743,1]
	[76944,1]
	[76707,1]
	[76434,1]
	[76163,1]
	[75924,1]
	[365,62]
	[80854,1]
	[81290,1]
	[79805,1]
	[78838,1]
	[78579,1]
	[78308,1]
	[77818,5]
	[77559,1]
	[79038,1]
	[77035,1]
	[77034,2]
	[76782,1]
	[76523,1]
	[76253,1]
	[76014,1]
	[367,76]
	[80596,1]
	[78110,1]
	[77861,1]
	[77616,1]
	[77330,3]
	[77075,1]
	[76295,1]
	[80332,1]
	[76054,2]
	[368,84]
	[369,87]
	[78691,1]
	[79398,2]
	[78168,1]
	[77672,6]
	[80666,1]
	[80067,1]
	[77148,1]
	[76897,1]
	[76636,1]
	[76127,1]
	[80145,1]
	[80161,1]
	[79291,1]
	[78510,1]
	[78239,1]
	[77728,1]
	[77458,1]
	[77188,1]
	[76938,1]
	[76676,1]
	[76422,2]
	[79677,1]
	[79297,1]
	[79049,1]
	[78802,2]
	[78532,1]
	[77766,2]
	[76978,1]
	[76714,1]
	[76444,1]
	[76188,1]
	[372,79]
	[81571,1]
	[790,1]
	[79106,1]
	[78602,1]
	[78070,1]
	[77820,1]
	[77566,2]
	[77050,4]
	[76785,1]
	[76531,2]
	[76291,1]
	[370,95]
	[371,77]
	[79831,1]
	[79438,1]
	[80918,1]
	[78139,1]
	[77891,1]
	[77651,1]
	[77366,1]
	[77119,1]
	[76855,1]
	[373,67]
	[79847,1]
	[79848,1]
	[79472,1]
	[79212,1]
	[78962,1]
	[78191,1]
	[78193,1]
	[77941,1]
	[77171,1]
	[76905,1]
	[76650,6]
	[374,65]
	[375,80]
	[80400,1]
	[79280,3]
	[78228,1]
	[77721,1]
	[77467,1]
	[77207,1]
	[76940,1]
	[76431,1]
	[917,1]
	[79961,6]
	[79331,1]
	[79062,1]
	[78569,4]
	[80863,1]
	[77533,1]
	[77023,1]
	[76767,1]
	[76497,1]
	[376,65]
	[377,62]
	[81885,1]
	[79414,1]
	[79129,1]
	[78889,2]
	[78619,1]
	[78362,2]
	[78092,1]
	[80072,1]
	[77837,1]
	[77568,1]
	[77341,1]
	[77057,1]
	[378,75]
	[79704,1]
	[79178,1]
	[78939,1]
	[78428,1]
	[77919,1]
	[77648,1]
	[79349,1]
	[76883,1]
	[76613,1]
	[379,51]
	[80577,1]
	[79015,3]
	[78745,1]
	[80569,1]
	[78233,1]
	[77978,1]
	[77708,1]
	[77469,1]
	[77212,2]
	[77213,3]
	[76957,3]
	[380,21]
	[79571,1]
	[79288,1]
	[79046,2]
	[78777,1]
	[78537,1]
	[78268,1]
	[77502,2]
	[77233,2]
	[76976,1]
	[76706,1]
	[363,12]
	[76451,1]
	[381,8]
	[82108,1]
	[82105,1]
	[81578,1]
	[80693,1]
	[79905,2]
	[79650,1]
	[79381,1]
	[78867,1]
	[77834,1]
	[77578,1]
	[77325,1]
	[77082,1]
	[76814,1]
	[80338,1]
	[76558,4]
	[382,43]
	[383,65]
	[82198,1]
	[81748,1]
	[82196,1]
	[80329,1]
	[1598,1]
	[79980,1]
	[79457,2]
	[78928,1]
	[78673,1]
	[78163,1]
	[77638,2]
	[77385,2]
	[79121,1]
	[76601,2]
	[76602,3]
	[80779,1]
	[80312,1]
	[79442,2]
	[79197,1]
	[78927,1]
	[78929,1]
	[80988,1]
	[78421,2]
	[78420,2]
	[78162,1]
	[77893,2]
	[77637,1]
	[77125,1]
	[384,54]
	[80867,1]
	[79255,1]
	[78971,1]
	[78715,1]
	[78465,1]
	[78220,2]
	[77935,1]
	[77934,1]
	[77414,1]
	[77184,2]
	[76899,1]
	[76643,1]
	[385,52]
	[386,57]
	[82246,2]
	[81846,1]
	[79776,1]
	[79526,1]
	[79010,1]
	[78506,1]
	[77990,1]
	[77736,1]
	[76699,1]
	[80030,1]
	[80476,1]
	[80118,1]
	[79336,1]
	[78285,1]
	[78030,1]
	[77495,4]
	[77249,1]
	[82341,1]
	[438,1]
	[80124,1]
	[79591,1]
	[79358,1]
	[79088,1]
	[78817,1]
	[78555,1]
	[78051,1]
	[77518,2]
	[77517,1]
	[76729,3]
	[387,43]
	[388,58]
	[389,56]
	[82383,1]
	[82427,1]
	[1849,1]
	[79927,1]
	[79665,1]
	[79664,2]
	[79839,1]
	[79416,1]
	[78891,1]
	[78629,1]
	[78364,1]
	[77855,1]
	[77592,1]
	[77344,1]
	[77343,1]
	[77089,1]
	[82273,1]
	[82040,1]
	[81828,1]
	[79719,1]
	[79470,1]
	[78946,1]
	[78684,1]
	[78418,2]
	[78194,2]
	[77909,1]
	[77647,1]
	[77398,3]
	[77142,6]
	[76857,1]
	[82475,1]
	[82472,1]
	[80272,1]
	[80002,1]
	[79492,1]
	[79253,1]
	[79252,1]
	[78982,2]
	[78722,1]
	[78216,1]
	[77946,1]
	[77435,1]
	[77181,1]
	[77180,1]
	[76911,1]
	[390,41]
	[391,63]
	[392,60]
	[80675,1]
	[80053,1]
	[79017,1]
	[78744,1]
	[78743,1]
	[78475,1]
	[78236,1]
	[77982,1]
	[77981,1]
	[77707,1]
	[77454,1]
	[77200,1]
	[82543,1]
	[80086,1]
	[80087,2]
	[79066,1]
	[78809,1]
	[78541,1]
	[77520,3]
	[77264,1]
	[76994,1]
	[393,54]
	[394,56]
	[82623,2]
	[82621,1]
	[80754,1]
	[80406,1]
	[79595,1]
	[79338,2]
	[79083,1]
	[78542,1]
	[77790,1]
	[77521,1]
	[77265,1]
	[76996,2]
	[395,46]
	[80751,1]
	[80151,1]
	[79895,1]
	[79625,1]
	[79371,2]
	[78605,1]
	[81490,2]
	[78095,8]
	[77839,1]
	[77584,1]
	[77061,1]
	[396,43]
	[82703,1]
	[82333,1]
	[81322,1]
	[80844,1]
	[80500,3]
	[79990,1]
	[79463,1]
	[78682,2]
	[78171,1]
	[77917,1]
	[77677,1]
	[77676,1]
	[77421,1]
	[77150,1]
	[397,18]
	[81471,1]
	[81705,1]
	[79751,1]
	[79494,1]
	[79240,1]
	[78999,1]
	[78717,2]
	[78474,2]
	[78205,1]
	[77949,1]
	[77680,1]
	[77423,1]
	[76898,1]
	[399,31]
	[82760,1]
	[80899,1]
	[80050,1]
	[79781,2]
	[79013,1]
	[78232,2]
	[77977,1]
	[82403,1]
	[82847,1]
	[81465,1]
	[80986,1]
	[80617,1]
	[80616,2]
	[80107,1]
	[79565,1]
	[79055,1]
	[78544,1]
	[78273,2]
	[77509,2]
	[77506,1]
	[77237,1]
	[76983,3]
	[400,38]
	[82829,1]
	[80354,1]
	[79865,1]
	[79095,1]
	[78828,2]
	[78584,2]
	[78315,1]
	[77792,2]
	[77550,1]
	[77549,2]
	[77294,1]
	[77040,1]
	[402,42]
	[82575,1]
	[81539,1]
	[78853,1]
	[78624,1]
	[78083,2]
	[77573,1]
	[77303,1]
	[77048,1]
	[403,50]
	[404,40]
	[80674,1]
	[80403,1]
	[80164,1]
	[79915,1]
	[80106,1]
	[79653,1]
	[79143,1]
	[78632,1]
	[78107,1]
	[77842,1]
	[77581,2]
	[77326,1]
	[77071,2]
	[82927,1]
	[82008,1]
	[80185,1]
	[79131,1]
	[78868,1]
	[78622,1]
	[78367,1]
	[78098,1]
	[77832,1]
	[77571,1]
	[77570,1]
	[77331,1]
	[77060,1]
	[398,2]
	[405,34]
	[81535,1]
	[80698,1]
	[80173,1]
	[79663,1]
	[79407,1]
	[78874,1]
	[78627,1]
	[78371,1]
	[78100,1]
	[80176,1]
	[77574,1]
	[77319,2]
	[406,37]
	[407,38]
	[82906,1]
	[81504,1]
	[81519,1]
	[81852,1]
	[80700,1]
	[80190,1]
	[79928,1]
	[79424,1]
	[79154,1]
	[78134,1]
	[77608,1]
	[77369,3]
	[80492,1]
	[79471,1]
	[79187,1]
	[79186,3]
	[78924,1]
	[78660,1]
	[77888,1]
	[77624,1]
	[77383,1]
	[77098,1]
	[77097,1]
	[408,31]
	[82971,1]
	[82691,1]
	[82051,1]
	[708,1]
	[80735,1]
	[80479,1]
	[79699,2]
	[79189,1]
	[78663,4]
	[78408,1]
	[78153,1]
	[77894,1]
	[77627,2]
	[77387,2]
	[77118,1]
	[409,27]
	[410,31]
	[82982,1]
	[82984,1]
	[81126,1]
	[80496,1]
	[82782,1]
	[79461,1]
	[79206,1]
	[82712,1]
	[78931,1]
	[79453,1]
	[78409,1]
	[78169,2]
	[78170,3]
	[82955,1]
	[79474,1]
	[79219,2]
	[78961,1]
	[78694,1]
	[78440,1]
	[77925,1]
	[77657,1]
	[77419,2]
	[77418,4]
	[78146,1]
	[77147,1]
	[411,26]
	[412,22]
	[83032,1]
	[82109,1]
	[82421,1]
	[81185,1]
	[1575,1]
	[80796,1]
	[80795,1]
	[80028,1]
	[81567,1]
	[78452,1]
	[78198,4]
	[78197,1]
	[80097,1]
	[77956,1]
	[77431,3]
	[82995,1]
	[80776,1]
	[82077,1]
	[79757,1]
	[80602,1]
	[79247,3]
	[80056,1]
	[78482,2]
	[78226,1]
	[77701,1]
	[77192,1]
	[413,24]
	[83237,1]
	[511,1]
	[702,1]
	[81363,3]
	[81364,1]
	[80719,1]
	[80463,1]
	[80209,1]
	[79938,1]
	[79684,1]
	[79682,1]
	[79412,1]
	[80222,2]
	[78391,1]
	[78390,1]
	[78135,1]
	[78136,1]
	[77641,1]
	[81234,1]
	[414,6]
	[83231,1]
	[81838,1]
	[81001,1]
	[80743,1]
	[80250,1]
	[78674,1]
	[78164,1]
	[77367,1]
	[77113,1]
	[416,14]
	[83197,1]
	[82755,1]
	[80725,1]
	[80229,1]
	[80230,1]
	[79194,1]
	[78925,1]
	[78667,1]
	[78668,3]
	[78414,1]
	[78413,1]
	[78158,1]
	[77663,1]
	[77393,1]
	[77138,4]
	[418,26]
	[83254,2]
	[83252,1]
	[81037,1]
	[80254,1]
	[79728,2]
	[78965,1]
	[78692,1]
	[78182,1]
	[77913,1]
	[77655,1]
	[77384,2]
	[77130,1]
	[417,14]
	[81029,1]
	[82848,1]
	[79750,1]
	[79480,2]
	[78973,1]
	[78713,1]
	[78714,1]
	[78459,1]
	[78204,2]
	[77694,1]
	[419,23]
	[83282,1]
	[83280,1]
	[12,1]
	[81871,1]
	[81052,1]
	[80792,2]
	[80507,1]
	[80251,3]
	[83044,1]
	[79214,1]
	[78703,1]
	[78434,1]
	[78178,1]
	[77912,2]
	[77667,1]
	[420,14]
	[421,12]
	[82365,1]
	[81860,1]
	[83255,1]
	[81415,1]
	[81058,1]
	[81597,1]
	[81055,1]
	[79777,1]
	[79268,1]
	[79002,1]
	[77451,1]
	[83305,1]
	[81095,1]
	[80832,1]
	[80563,1]
	[80293,1]
	[80462,1]
	[79511,1]
	[78991,2]
	[78728,1]
	[78490,1]
	[82245,1]
	[77955,1]
	[77693,1]
	[422,14]
	[83278,1]
	[80804,3]
	[80534,3]
	[80263,1]
	[80014,1]
	[80016,1]
	[79768,1]
	[79498,2]
	[79242,1]
	[78980,1]
	[78190,1]
	[77926,1]
	[81096,1]
	[77665,2]
	[77664,1]
	[77394,4]
	[423,14]
	[424,11]
	[80790,1]
	[80266,1]
	[79754,1]
	[80481,1]
	[79244,1]
	[78718,2]
	[78479,1]
	[78224,2]
	[77963,1]
	[77698,1]
	[77442,1]
	[77444,1]
	[77204,1]
	[83295,1]
	[83296,1]
	[81057,1]
	[80807,1]
	[80552,1]
	[79756,1]
	[80906,1]
	[79516,1]
	[79246,3]
	[78984,2]
	[80667,1]
	[78720,1]
	[78480,1]
	[78210,1]
	[77158,2]
	[425,16]
	[882,1]
	[81025,1]
	[80789,1]
	[80265,2]
	[80020,1]
	[78719,1]
	[78463,1]
	[77965,2]
	[77699,1]
	[77443,4]
	[77189,1]
	[426,8]
	[427,8]
	[83311,1]
	[81074,1]
	[80037,1]
	[79769,1]
	[79515,1]
	[79275,1]
	[79001,1]
	[78733,1]
	[78478,1]
	[77696,1]
	[77697,4]
	[77441,1]
	[81376,1]
	[83096,1]
	[81010,1]
	[80758,1]
	[80518,1]
	[79737,1]
	[79482,1]
	[78969,2]
	[78446,1]
	[78176,2]
	[77410,1]
	[77155,1]
	[428,5]
	[429,3]
	[709,1]
	[82195,1]
	[80244,1]
	[80001,1]
	[79717,1]
	[79462,1]
	[79208,1]
	[78426,1]
	[77930,1]
	[77646,1]
	[77134,1]
	[77136,1]
	[81867,1]
	[81366,1]
	[81002,1]
	[81003,1]
	[79998,1]
	[79727,1]
	[79473,1]
	[78978,1]
	[78708,1]
	[79599,1]
	[78453,1]
	[79399,1]
	[78183,1]
	[77942,1]
	[77162,7]
	[430,1]
	[82730,1]
	[68558,1]
	[50464,1]
	[29058,1]
	[41285,1]
	[23455,1]
	[36310,1]
	[82786,1]
	[60067,1]
	[86606,1]
	[39584,1]
	[77606,1]
	[70342,1]
	[46132,1]
	[78241,1]
	[93109,1]
	[99495,1]
	[54099,1]

1904,
	[3,64]
	[5,61]
	[10,65]
	[58,10]
	[4,41]
	[6,52]
	[25,7]
	[39,7]
	[21,12]
	[60,7]
	[11,40]
	[50,9]
	[53,11]
	[48,3]
	[44,6]
	[8,51]
	[51,6]
	[57,11]
	[86,2]
	[17,6]
	[22,6]
	[40,8]
	[89,6]
	[72,3]
	[83,5]
	[107,5]
	[104,1]
	[102,4]
	[15,31]
	[79,6]
	[41,3]
	[100,6]
	[110,6]
	[117,4]
	[55,12]
	[74,7]
	[94,7]
	[80,3]
	[7,46]
	[18,7]
	[126,6]
	[30,5]
	[120,8]
	[12,31]
	[92,5]
	[84,8]
	[95,9]
	[38,3]
	[65,8]
	[78,4]
	[88,2]
	[14,37]
	[13,41]
	[125,8]
	[16,46]
	[124,2]
	[122,6]
	[112,8]
	[135,5]
	[146,13]
	[128,6]
	[127,8]
	[132,6]
	[61,5]
	[145,10]
	[123,6]
	[148,6]
	[139,6]
	[27,6]
	[87,4]
	[99,4]
	[136,2]
	[157,10]
	[134,5]
	[152,11]
	[9,37]
	[24,10]
	[155,8]
	[33,5]
	[115,6]
	[2,25]
	[37,2]
	[158,6]
	[162,6]
	[111,5]
	[131,4]
	[153,9]
	[151,5]
	[113,6]
	[182,14]
	[119,4]
	[68,11]
	[114,4]
	[172,15]
	[49,9]
	[175,3]
	[90,7]
	[165,13]
	[142,5]
	[144,5]
	[174,9]
	[19,8]
	[118,5]
	[177,13]
	[82,3]
	[147,11]
	[168,11]
	[154,3]
	[73,4]
	[180,11]
	[97,6]
	[103,2]
	[149,6]
	[166,9]
	[189,10]
	[85,3]
	[66,8]
	[171,11]
	[176,4]
	[191,10]
	[169,11]
	[193,10]
	[28,6]
	[163,14]
	[188,8]
	[190,8]
	[161,9]
	[170,7]
	[196,16]
	[198,7]
	[143,12]
	[75,6]
	[184,7]
	[32,4]
	[133,2]
	[194,12]
	[56,4]
	[63,5]
	[187,7]
	[62,8]
	[69,5]
	[23,13]
	[183,8]
	[199,8]
	[203,15]
	[34,8]
	[46,3]
	[81,3]
	[101,3]
	[181,14]
	[186,9]
	[204,9]
	[211,12]
	[36,8]
	[26,3]
	[195,6]
	[201,7]
	[212,13]
	[167,9]
	[218,10]
	[29,8]
	[64,4]
	[208,4]
	[200,6]
	[31,7]
	[98,2]
	[116,3]
	[202,13]
	[173,7]
	[215,9]
	[20,8]
	[224,16]
	[93,3]
	[214,7]
	[229,12]
	[209,15]
	[223,16]
	[230,8]
	[232,11]
	[213,8]
	[220,12]
	[219,8]
	[42,4]
	[178,7]
	[226,11]
	[179,2]
	[216,4]
	[130,5]
	[239,8]
	[244,6]
	[54,6]
	[141,5]
	[221,10]
	[236,7]
	[252,12]
	[129,4]
	[234,11]
	[243,9]
	[254,10]
	[159,8]
	[228,7]
	[247,12]
	[206,6]
	[235,12]
	[185,7]
	[245,11]
	[59,6]
	[164,7]
	[250,8]
	[246,7]
	[43,3]
	[263,4]
	[192,4]
	[222,4]
	[251,9]
	[91,3]
	[264,4]
	[237,5]
	[238,7]
	[269,11]
	[150,6]
	[259,9]
	[160,9]
	[267,8]
	[231,6]
	[255,9]
	[268,9]
	[71,4]
	[257,10]
	[260,7]
	[106,1]
	[273,9]
	[217,7]
	[96,3]
	[227,8]
	[225,6]
	[275,8]
	[77,2]
	[156,2]
	[271,8]
	[138,2]
	[249,6]
	[286,11]
	[274,11]
	[285,5]
	[233,6]
	[262,12]
	[279,10]
	[280,5]
	[205,7]
	[253,8]
	[258,13]
	[256,9]
	[289,7]
	[240,8]
	[290,14]
	[292,5]
	[296,7]
	[121,4]
	[241,3]
	[283,8]
	[298,11]
	[282,5]
	[293,6]
	[301,10]
	[287,8]
	[248,7]
	[265,6]
	[305,2]
	[295,4]
	[299,11]
	[297,11]
	[207,6]
	[276,7]
	[277,4]
	[291,7]
	[308,8]
	[35,3]
	[300,8]
	[304,6]
	[306,5]
	[311,4]
	[281,6]
	[261,5]
	[315,13]
	[309,6]
	[313,7]
	[317,13]
	[314,9]
	[210,5]
	[303,9]
	[312,4]
	[197,10]
	[318,11]
	[330,9]
	[321,3]
	[140,7]
	[70,2]
	[294,4]
	[316,6]
	[325,5]
	[334,9]
	[332,4]
	[288,2]
	[320,9]
	[331,2]
	[67,3]
	[76,2]
	[326,11]
	[333,4]
	[343,7]
	[337,9]
	[284,2]
	[302,7]
	[310,4]
	[307,7]
	[319,7]
	[322,4]
	[327,3]
	[342,6]
	[329,2]
	[272,10]
	[328,2]
	[340,7]
	[335,4]
	[349,7]
	[278,4]
	[351,3]
	[341,8]
	[242,1]
	[347,6]
	[336,4]
	[338,5]
	[345,5]
	[137,1]
	[270,5]
	[323,5]
	[352,5]
	[358,9]
	[344,7]
	[350,8]
	[357,4]
	[359,7]
	[353,3]
	[109,1]
	[365,5]
	[346,4]
	[105,2]
	[324,4]
	[360,3]
	[371,7]
	[364,9]
	[361,6]
	[373,2]
	[354,4]
	[356,4]
	[367,6]
	[45,2]
	[366,5]
	[370,3]
	[379,5]
	[375,6]
	[339,10]
	[266,6]
	[369,7]
	[377,7]
	[108,3]
	[386,4]
	[348,4]
	[374,5]
	[47,1]
	[381,5]
	[376,1]
	[390,4]
	[391,4]
	[388,1]
	[392,7]
	[384,4]
	[378,4]
	[385,1]
	[400,2]
	[387,4]
	[393,5]
	[394,3]
	[395,3]
	[398,1]
	[399,3]
	[372,1]
	[380,2]
	[402,1]
	[397,1]
	[405,1]
	[382,4]
	[408,1]
	[409,2]
	[396,3]
	[404,2]
	[412,2]
	[415,3]
	[401,3]
	[407,3]
	[411,2]
	[383,1]
	[417,2]
	[355,3]
	[363,1]
	[414,1]
	[413,3]
	[368,4]
	[403,1]
	[420,1]
	[425,1]
	[423,2]
	[426,2]
	[416,1]
	[424,1]

1824,
	[4,8]
	[5,8]
	[6,1]
	[7,5]
	[31,2]
	[8,6]
	[9,4]
	[33,6]
	[11,2]
	[13,7]
	[12,5]
	[14,4]
	[15,3]
	[17,4]
	[18,2]
	[24,4]
	[23,3]
	[25,2]
	[26,3]
	[27,3]
	[28,5]
	[29,5]
	[32,5]
	[34,2]
	[35,6]
	[61,6]
	[39,7]
	[41,3]
	[40,1]
	[43,4]
	[68,5]
	[44,4]
	[47,7]
	[48,3]
	[55,1]
	[53,1]
	[57,2]
	[56,4]
	[62,1]
	[64,5]
	[66,2]
	[65,2]
	[3,4]
	[30,3]
	[10,2]
	[38,3]
	[16,4]
	[22,4]
	[59,3]
	[37,2]
	[45,4]
	[46,2]
	[49,1]
	[52,1]
	[51,2]
	[54,1]
	[58,1]
	[63,2]
	[67,1]
	[71,1]
	[70,1]
	[42,1]
	[20,1]
	[69,2]
	[21,1]
	[50,1]
	[81,1]

1892,
	[53,1]
	[124,1]
	[35,1]
	[89,1]
	[141,1]
	[18,2]
	[176,2]
	[210,1]
	[193,1]
	[106,1]
	[70,1]
	[52,1]
	[88,2]
	[175,1]
	[192,1]
	[279,1]
	[54,1]
	[140,2]
	[278,1]
	[262,1]
	[330,1]
	[383,1]
	[177,1]
	[347,1]
	[313,1]
	[416,1]

1952,
	[26,1]
	[2,5]
	[32,2]
	[34,1]
	[7,1]
	[12,2]
	[48,1]
	[39,1]
	[69,1]
	[6,2]
	[18,1]
	[22,1]
	[5,1]
	[37,1]
	[41,1]
	[55,1]
	[62,1]
	[10,1]
	[16,2]
	[45,1]

1856,
	[230,1]

2028,
	[2,8]
	[3165,1]
	[10606,1]

2032,
	[2,5]
	[45,1]
	[68,1]
	[57,2]
	[76,1]
	[77,1]

2168,
	[21,1]

2140,
	[2,9]

2144,
	[73,1]
	[39,1]
	[2,1]
	[123,1]
	[35,1]

2196,
	[60,1]

len(carl_order):
47
Printing carl assignment order:
2140,2,0.5
2028,2,0.4
2032,2,0.22727272727272727
2144,2,0.1
1952,2,0.08928571428571429
2168,21,0.047619047619047616
1952,69,0.0380794701986755
1824,81,0.03073800202986806
2196,60,0.016666666666666666
2032,77,0.016304347826086956
1800,8,0.0159307952550212
1800,10,0.015548894717122518
2144,123,0.015267175572519083
1904,10,0.014720575501232265
1904,11,0.014657383657017223
1800,16,0.014380384360503646
1904,16,0.014206064309172841
1784,269,0.007011866235167206
1892,416,0.005855943782939684
1904,426,0.0051795244273656026
1800,424,0.004702742902139201
1856,230,0.004347826086956522
1908,425,0.0037573047697309404
1804,422,0.00372658172961115
1804,425,0.00355998576005696
1932,3,0.003232758620689655
1908,427,0.0031758634378721714
1932,325,0.003110704483074108
1932,378,0.0030686612965093976
1804,427,0.002334770114942529
1908,428,0.001994415636218588
1932,384,0.0019157088122605363
1908,429,0.001199040767386091
1804,429,0.0009022013713460845
1908,430,0.00040016006402561027
1932,419,0.0003322259136212625
2028,3165,0.00015807777426493836
2028,10606,0.00013439053890606102
1908,445,5.338600752742706e-05
1908,465,2.0032051282051282e-05
1804,79397,1.89565438297704e-05
1932,83309,1.7973559413926632e-05
1908,513,1.6700345697155932e-05
1908,99495,1.4247694796706426e-05
1800,53210,1.8358257727908592e-06
1800,92870,1.3270695649865965e-06
1800,20743572,8.81622158518926e-08
bin_width: 4158538
assigning lease 2 to address 2140
Average Cache Occupancy Per Bin: [0.0,0.0,0.0,0.0,0.00]
Total cost: 0
assigning lease 2 to address 2028
Average Cache Occupancy Per Bin: [0.0,0.0,0.0,0.0,0.00]
Total cost: 0
assigning lease 2 to address 2032
Average Cache Occupancy Per Bin: [0.0,0.0,0.0,0.0,0.00]
Total cost: 0
assigning lease 2 to address 2144
Average Cache Occupancy Per Bin: [0.0,0.0,0.0,0.0,0.00]
Total cost: 0
assigning lease 2 to address 1952
Average Cache Occupancy Per Bin: [0.0,0.00,0.00,0.00,0.00]
Total cost: 0
assigning lease 21 to address 2168
Average Cache Occupancy Per Bin: [0.0,0.00,0.00,0.00,0.00]
Total cost: 0
assigning lease 69 to address 1952
Average Cache Occupancy Per Bin: [0.0,0.00,0.00,0.01,0.02]
Total cost: 0
assigning lease 81 to address 1824
Average Cache Occupancy Per Bin: [0.22,0.13,0.04,0.03,0.03]
Total cost: 922112.0
assigning lease 60 to address 2196
Average Cache Occupancy Per Bin: [0.22,0.13,0.04,0.03,0.04]
Total cost: 922112.0
assigning lease 77 to address 2032
Average Cache Occupancy Per Bin: [0.22,0.13,0.04,0.03,0.06]
Total cost: 922112.0
assigning lease 8 to address 1800
Average Cache Occupancy Per Bin: [0.75,0.50,0.33,0.20,0.13]
Total cost: 3132160.0
assigning lease 10 to address 1800
Average Cache Occupancy Per Bin: [0.86,0.58,0.39,0.25,0.15]
Total cost: 3615744.0
assigning lease 123 to address 2144
Average Cache Occupancy Per Bin: [0.86,0.58,0.39,0.25,0.17]
Total cost: 3615744.0
assigning lease 10 to address 1904
Average Cache Occupancy Per Bin: [1.00,0.84,0.75,0.73,0.79]
Total cost: 4185088.0
assigning lease 11 to address 1904
Average Cache Occupancy Per Bin: [1.01,0.86,0.78,0.78,0.84]
Total cost: 4232448.0
assigning lease 16 to address 1800
Average Cache Occupancy Per Bin: [1.34,1.10,0.97,0.89,0.89]
Total cost: 5597696.0
assigning lease 16 to address 1904
Average Cache Occupancy Per Bin: [1.40,1.21,1.13,1.11,1.16]
Total cost: 5827584.0
assigning lease 269 to address 1784
Average Cache Occupancy Per Bin: [1.58,1.24,1.14,1.11,1.16]
Total cost: 6594816.0
assigning lease 416 to address 1892
Average Cache Occupancy Per Bin: [1.60,1.26,1.19,1.16,1.35]
Total cost: 6671872.0
assigning lease 426 to address 1904
Average Cache Occupancy Per Bin: [2.45,3.99,6.32,9.61,13.9]
Total cost: 10226432.0
assigning lease 424 to address 1800
Average Cache Occupancy Per Bin: [8.10,11.8,14.4,15.7,17.0]
Total cost: 33713408.0
assigning lease 230 to address 1856
Average Cache Occupancy Per Bin: [8.10,11.8,14.4,15.7,17.0]
Total cost: 33713408.0
assigning lease 425 to address 1908
Average Cache Occupancy Per Bin: [25.7,64.3,112.,173.,250.]
Total cost: 107218944.0
assigning lease 422 to address 1804
Average Cache Occupancy Per Bin: [149.,215.,254.,281.,295.]
Total cost: 622593792.0
assigning lease 425 to address 1804
Average Cache Occupancy Per Bin: [149.,215.,254.,282.,295.]
Total cost: 623436288.0
assigning lease 3 to address 1932
Average Cache Occupancy Per Bin: [149.,215.,254.,282.,295.]
Total cost: 623482368.0
assigning lease 427 to address 1908
Average Cache Occupancy Per Bin: [149.,215.,254.,282.,295.]
Total cost: 623589888.0
assigning lease 325 to address 1932
Average Cache Occupancy Per Bin: [150.,216.,254.,282.,296.]
Total cost: 627078912.0
assigning lease 378 to address 1932
Average Cache Occupancy Per Bin: [150.,216.,255.,282.,296.]
Total cost: 627553792.0
assigning lease 427 to address 1804
Average Cache Occupancy Per Bin: [151.,216.,255.,283.,296.]
Total cost: 628115456.0
assigning lease 428 to address 1908
Average Cache Occupancy Per Bin: [151.,216.,255.,283.,296.]
Total cost: 628169216.0
assigning lease 384 to address 1932
Average Cache Occupancy Per Bin: [151.,216.,255.,283.,296.]
Total cost: 628222976.0
assigning lease 429 to address 1908
Average Cache Occupancy Per Bin: [151.,216.,255.,283.,296.]
Total cost: 628276736.0
assigning lease 429 to address 1804
Average Cache Occupancy Per Bin: [151.,216.,255.,283.,296.]
Total cost: 628838400.0
assigning lease 430 to address 1908
Average Cache Occupancy Per Bin: [151.,216.,255.,283.,296.]
Total cost: 628892160.0
assigning lease 419 to address 1932
Average Cache Occupancy Per Bin: [151.,216.,255.,283.,296.]
Total cost: 629205760.0
assigning lease 3165 to address 2028
Average Cache Occupancy Per Bin: [151.,216.,255.,283.,297.]
Total cost: 629205760.0
assigning lease 10606 to address 2028
Average Cache Occupancy Per Bin: [151.,216.,255.,283.,297.]
Total cost: 629205760.0
assigning lease 445 to address 1908
Average Cache Occupancy Per Bin: [151.,216.,255.,283.,298.]
Total cost: 630012160.0
assigning lease 465 to address 1908
Average Cache Occupancy Per Bin: [151.,217.,256.,284.,299.]
Total cost: 631087360.0
addr: 1804 ri: 79397
bin target: 2129171456
	bin: 0.0 current capacity: 151.75702614717  avg impact: 2117.958494066905
	bin: 1.0 current capacity: 217.30837135551005  avg impact: 2499.0407917397893
	bin: 2.0 current capacity: 256.2359598493509  avg impact: 2088.6994727473934
	bin: 3.0 current capacity: 284.6063611778947  avg impact: 1580.972728396374
	bin: 4.0 current capacity: 299.6866764233007  avg impact: 695.7267847498327
num_full_bins: 0
printing bin ranks sorted:
	bin: 1.0 rank: 0.1179218961205234
	selecting this^ bin
	bin: 2.0 rank: 0.12245133562188681
	bin: 3.0 rank: 0.14383147459650183
	bin: 0.0 rank: 0.17008972312818615
	bin: 4.0 rank: 0.30516767246936205
acceptable_ratio: 0.1179218961205234
Assigning 1804 dual lease lease 79397 * 0.1179218961205234. Bin saturation: [401.,512.,502.,471.,381.]
addr: 1932 ri: 83309
bin target: 2129171456
	bin: 1.0 current capacity: 512.0  avg impact: 34.0997994968424
	bin: 2.0 current capacity: 502.539362101661  avg impact: 54.60854559943903
	bin: 3.0 current capacity: 471.0376630252324  avg impact: 63.56615522089734
num_full_bins: 1
printing bin ranks sorted:
	bin: 1.0 rank: 0.0
	bin: 2.0 rank: 0.17324464137415457
	bin: 3.0 rank: 0.6444048225414966
acceptable_ratio: 0
addr: 1908 ri: 513
bin target: 2129171456
	bin: 1.0 current capacity: 512.0  avg impact: 0.9662472724789337
num_full_bins: 1
printing bin ranks sorted:
	bin: 1.0 rank: 0.0
acceptable_ratio: 0
addr: 1908 ri: 99495
bin target: 2129171456
	bin: 0.0 current capacity: 401.51070767210774  avg impact: 491.9632967162979
	bin: 1.0 current capacity: 512.0  avg impact: 1212.2531755150487
	bin: 2.0 current capacity: 502.539362101661  avg impact: 1945.9464109742414
	bin: 3.0 current capacity: 471.0376630252324  avg impact: 3047.3447504868295
	bin: 4.0 current capacity: 381.72809806283624  avg impact: 4081.3840325614433
num_full_bins: 1
printing bin ranks sorted:
	bin: 1.0 rank: 0.0
	bin: 2.0 rank: 0.004861715535939398
	bin: 3.0 rank: 0.013441976648104427
	bin: 4.0 rank: 0.0319185601986604
	bin: 0.0 rank: 0.22458848671308193
acceptable_ratio: 0
assigning lease 53210 to address 1800
Average Cache Occupancy Per Bin: [401.,512.,504.,474.,443.]
Total cost: 1669697535.2613516
assigning lease 92870 to address 1800
Average Cache Occupancy Per Bin: [401.,512.,504.,474.,489.]
Total cost: 1669697535.2613516
addr: 1800 ri: 20743572
bin target: 2129171456
	bin: 1.0 current capacity: 512.0  avg impact: 0.0
	bin: 4.0 current capacity: 489.85680675805554  avg impact: 12568.669285215141
num_full_bins: 1
printing bin ranks sorted:
	bin: 4.0 rank: 0.0017617770616330925
acceptable_ratio: 0
Final saturation:
	0.0,1669697535.2613516
	1.0,2129171456.0
	2.0,2098458281.7955172
	3.0,1972341237.121624
	4.0,2037088145.462031
DUMP LEASES
0, 6f8, 10d, 0, 1 
0, 70c, 1ad, 13625, 0.8820781038794766 
0, 708, 16ac6, 0, 1 
0, 78c, 1a3, 0, 1 
0, 774, 1d1, 0, 1 
0, 770, 1aa, 0, 1 
0, 720, 51, 0, 1 
0, 764, 1a0, 0, 1 
0, 7a0, 45, 0, 1 
0, 740, e6, 0, 1 
0, 7ec, 296e, 0, 1 
0, 7f0, 4d, 0, 1 
0, 878, 15, 0, 1 
0, 85c, 2, 0, 1 
0, 860, 7b, 0, 1 
0, 894, 3c, 0, 1 
Dump dual leases

