sample rate: 0.00390625
1612,
	[1,1]
	[5,5]
	[3,9]
	[17,2]
	[7,1]
	[9,1]
	[40,9]
	[24,1]
	[26,2]
	[51,4]
	[11,2]
	[13,75]
	[14,3]
	[11064,1]
	[10295,1]
	[16,3]
	[11396,1]
	[38,1]
	[20,2]
	[11601,1]
	[35,1]
	[6,1]
	[11875,1]
	[12025,1]
	[19,1]
	[14387,1]
	[28,3]
	[13034,1]
	[31,1]
	[32,3]
	[21,1]
	[23,1]
	[29,1]
	[71,1]
	[15234,1]
	[15530,1]
	[91,1]
	[42,4]
	[45,2]
	[16698,1]
	[95,2]
	[78,3]
	[18886,1]
	[77,2]
	[39,1]
	[104,3]
	[73,1]
	[20892,1]
	[113,2]
	[49,1]
	[48,2]
	[117,1]
	[57,1]
	[54,2]
	[119,4]
	[52,2]
	[121,1]
	[65,2]
	[62,1]
	[85,2]
	[58,1]
	[124,3]
	[127,2]
	[26735,1]
	[68,2]
	[108,2]
	[133,3]
	[64,1]
	[97,2]
	[96,2]
	[76,4]
	[74,1]
	[28655,1]
	[171,1]
	[138,1]
	[29029,1]
	[142,1]
	[135,3]
	[136,1]
	[128,4]
	[93,2]
	[150,3]
	[98,2]
	[83,1]
	[29221,1]
	[151,3]
	[86,2]
	[106,1]
	[152,4]
	[102,1]
	[153,2]
	[161,1]
	[159,2]
	[100,1]
	[162,2]
	[114,4]
	[32995,1]
	[105,1]
	[167,2]
	[110,1]
	[165,3]
	[118,3]
	[157,3]
	[111,1]
	[109,1]
	[163,1]
	[143,1]
	[146,1]
	[145,3]
	[182,3]
	[131,2]
	[149,4]
	[180,3]
	[140,4]
	[189,2]
	[158,1]
	[190,2]
	[199,2]
	[160,2]
	[196,4]
	[193,3]
	[202,5]
	[168,3]
	[203,2]
	[134,1]
	[116,1]
	[156,1]
	[208,4]
	[154,2]
	[211,3]
	[201,2]
	[169,1]
	[214,2]
	[12,56]
	[212,1]
	[213,4]
	[175,2]
	[209,4]
	[172,3]
	[187,2]
	[244,2]
	[178,4]
	[233,1]
	[210,2]
	[215,3]
	[183,3]
	[179,1]
	[225,5]
	[218,4]
	[260,6]
	[174,2]
	[232,5]
	[220,1]
	[264,1]
	[217,3]
	[176,1]
	[242,4]
	[198,2]
	[230,2]
	[200,2]
	[177,1]
	[241,3]
	[206,2]
	[204,1]
	[249,3]
	[247,2]
	[130,1]
	[250,2]
	[248,2]
	[216,1]
	[251,3]
	[219,1]
	[252,2]
	[186,3]
	[255,4]
	[195,1]
	[207,2]
	[144,1]
	[222,1]
	[221,3]
	[58089,1]
	[236,3]
	[58256,1]
	[266,2]
	[229,2]
	[227,2]
	[224,3]
	[273,3]
	[272,6]
	[270,4]
	[258,4]
	[275,3]
	[235,2]
	[274,3]
	[155,1]
	[238,1]
	[269,5]
	[223,2]
	[237,3]
	[240,2]
	[271,3]
	[10,4]
	[281,5]
	[283,2]
	[243,2]
	[246,1]
	[231,2]
	[64261,1]
	[254,3]
	[292,4]
	[288,5]
	[286,1]
	[256,3]
	[293,1]
	[259,2]
	[287,4]
	[297,1]
	[170,1]
	[30,1]
	[257,2]
	[294,6]
	[299,5]
	[282,2]
	[253,1]
	[326,1]
	[261,1]
	[265,2]
	[289,2]
	[298,2]
	[263,2]
	[267,1]
	[308,4]
	[278,4]
	[285,2]
	[284,4]
	[340,6]
	[335,6]
	[312,3]
	[304,7]
	[334,5]
	[313,6]
	[310,3]
	[301,5]
	[277,4]
	[318,6]
	[309,3]
	[316,3]
	[276,2]
	[300,3]
	[296,4]
	[279,2]
	[317,3]
	[306,3]
	[324,6]
	[291,3]
	[327,3]
	[314,2]
	[331,3]
	[290,5]
	[184,1]
	[345,2]
	[319,4]
	[344,4]
	[364,6]
	[325,4]
	[323,4]
	[303,4]
	[337,4]
	[343,5]
	[322,2]
	[311,2]
	[295,1]
	[347,4]
	[352,3]
	[353,2]
	[79359,1]
	[315,1]
	[349,3]
	[350,3]
	[348,3]
	[321,2]
	[356,4]
	[357,2]
	[358,4]
	[80680,1]
	[360,4]
	[354,1]
	[341,1]
	[362,2]
	[336,1]
	[332,5]
	[329,1]
	[192,2]
	[339,4]
	[194,1]
	[359,4]
	[302,2]
	[351,4]
	[394,9]
	[330,1]
	[372,5]
	[417,8]
	[338,2]
	[363,2]
	[333,1]
	[328,1]
	[380,3]
	[398,6]
	[373,3]
	[431,3]
	[403,7]
	[379,5]
	[374,5]
	[383,8]
	[368,4]
	[369,4]
	[342,1]
	[365,3]
	[376,7]
	[89215,1]
	[395,5]
	[375,4]
	[346,4]
	[90319,1]
	[409,8]
	[378,4]
	[384,4]
	[361,3]
	[412,5]
	[419,9]
	[2,1]
	[381,3]
	[392,7]
	[366,4]
	[377,5]
	[427,5]
	[391,3]
	[389,6]
	[428,6]
	[93107,1]
	[399,6]
	[410,5]
	[401,6]
	[444,8]
	[402,6]
	[434,4]
	[405,6]
	[393,7]
	[385,4]
	[367,2]
	[408,5]
	[387,7]
	[413,6]
	[396,6]
	[371,2]
	[370,3]
	[407,4]
	[415,8]
	[416,7]
	[382,5]
	[397,3]
	[443,5]
	[420,8]
	[15,5]
	[94408,1]
	[404,7]
	[406,7]
	[421,3]
	[423,4]
	[464,10]
	[429,5]
	[386,2]
	[411,6]
	[442,4]
	[448,6]
	[390,3]
	[439,4]
	[388,3]
	[436,6]
	[440,6]
	[400,3]
	[432,6]
	[475,9]
	[446,4]
	[447,5]
	[452,5]
	[445,7]
	[422,5]
	[437,4]
	[101602,1]
	[414,6]
	[458,6]
	[418,1]
	[424,1]
	[460,5]
	[433,5]
	[465,7]
	[456,7]
	[450,5]
	[463,3]
	[457,5]
	[453,9]
	[490,9]
	[106556,1]
	[468,8]
	[493,2]
	[469,8]
	[459,7]
	[492,6]
	[494,5]
	[455,3]
	[425,4]
	[449,3]
	[461,7]
	[504,6]
	[487,6]
	[438,4]
	[435,3]
	[495,8]
	[506,3]
	[498,4]
	[485,3]
	[320,2]
	[502,4]
	[466,7]
	[480,4]
	[479,6]
	[482,8]
	[467,3]
	[519,7]
	[497,5]
	[473,6]
	[500,3]
	[489,5]
	[474,3]
	[454,5]
	[478,1]
	[476,4]
	[451,1]
	[534,8]
	[477,4]
	[307,1]
	[472,3]
	[499,4]
	[462,4]
	[535,6]
	[507,3]
	[488,6]
	[501,4]
	[471,5]
	[503,3]
	[511,5]
	[484,3]
	[509,4]
	[470,1]
	[481,2]
	[115716,1]
	[496,1]
	[518,6]
	[505,3]
	[116201,1]
	[515,4]
	[522,5]
	[521,4]
	[526,1]
	[524,7]
	[523,2]
	[483,1]
	[486,5]
	[527,10]
	[529,2]
	[570,8]
	[536,4]
	[491,2]
	[533,4]
	[520,2]
	[512,1]
	[530,7]
	[119762,1]
	[538,8]
	[539,7]
	[540,10]
	[514,2]
	[541,6]
	[528,7]
	[525,2]
	[568,7]
	[542,5]
	[547,6]
	[546,9]
	[537,5]
	[508,2]
	[549,8]
	[543,8]
	[578,6]
	[579,8]
	[516,5]
	[584,5]
	[129150,1]
	[609,2]
	[559,8]
	[545,5]
	[558,5]
	[564,4]
	[532,5]
	[581,6]
	[587,4]
	[586,2]
	[550,6]
	[605,2]
	[50,1]
	[517,2]
	[552,6]
	[632,1]
	[548,5]
	[593,2]
	[561,4]
	[563,9]
	[562,4]
	[554,11]
	[555,3]
	[585,6]
	[577,3]
	[608,4]
	[613,3]
	[553,5]
	[551,3]
	[572,6]
	[531,4]
	[557,3]
	[128971,1]
	[129166,1]
	[565,9]
	[575,5]
	[597,6]
	[569,3]
	[571,4]
	[566,1]
	[556,6]
	[544,3]
	[598,2]
	[560,5]
	[582,3]
	[618,1]
	[592,2]
	[596,7]
	[595,6]
	[590,1]
	[583,4]
	[594,3]
	[601,4]
	[576,5]
	[591,1]
	[589,1]
	[602,1]
	[573,7]
	[134926,1]
	[580,3]
	[603,1]
	[135816,1]
	[610,1]
	[567,5]
	[607,4]
	[614,2]
	[137373,1]
	[612,4]
	[599,2]
	[574,3]
	[615,2]
	[651,1]
	[622,2]
	[138957,2]
	[619,1]
	[625,1]
	[600,1]
	[611,3]
	[640,1]
	[645,1]
	[637,1]
	[41,1]
	[638,1]

1608,
	[162,23]
	[5,5]
	[405,187]
	[6,34]
	[1167,1]
	[12,353]
	[2001,1]
	[2069,1]
	[13,18]
	[2,3]
	[14,37]
	[2317,1]
	[4,24]
	[7,33]
	[15,8]
	[2724,1]
	[26,7]
	[18,15]
	[20,9]
	[3206,1]
	[21,7]
	[23,3]
	[24,7]
	[8,46]
	[9,292]
	[10,1134]
	[27,8]
	[3689,1]
	[5056,1]
	[30,9]
	[32,4]
	[54,13]
	[33,6]
	[35,6]
	[6044,1]
	[4985,1]
	[34,4]
	[84,18]
	[6446,1]
	[38,7]
	[36,3]
	[39,10]
	[7193,1]
	[42,7]
	[5576,1]
	[115,18]
	[7314,1]
	[7765,1]
	[40,3]
	[105,12]
	[6065,1]
	[43,5]
	[45,8]
	[6522,1]
	[114,23]
	[46,9]
	[70,11]
	[8474,1]
	[47,8]
	[11,123]
	[49,3]
	[8882,1]
	[50,6]
	[48,4]
	[129,14]
	[9384,1]
	[139,18]
	[52,9]
	[62,13]
	[76,14]
	[16,9]
	[83,12]
	[51,6]
	[10371,1]
	[53,12]
	[11099,1]
	[56,11]
	[9772,1]
	[11169,1]
	[164,29]
	[29,5]
	[55,8]
	[59,9]
	[11549,1]
	[177,27]
	[19,5]
	[75,16]
	[60,10]
	[12215,1]
	[57,6]
	[61,15]
	[74,17]
	[37,8]
	[64,12]
	[185,20]
	[91,16]
	[63,17]
	[12845,1]
	[92,16]
	[12991,1]
	[212,158]
	[65,6]
	[13186,1]
	[17,14]
	[13286,1]
	[209,298]
	[13346,1]
	[207,341]
	[13442,1]
	[13115,1]
	[68,10]
	[67,14]
	[71,18]
	[13220,1]
	[44,9]
	[13261,1]
	[225,57]
	[69,14]
	[13463,1]
	[13669,1]
	[41,5]
	[13756,1]
	[14000,1]
	[14383,1]
	[104,20]
	[77,21]
	[73,11]
	[25,3]
	[14991,1]
	[258,52]
	[79,11]
	[15216,1]
	[78,18]
	[15325,1]
	[107,13]
	[80,12]
	[15401,1]
	[110,22]
	[82,17]
	[267,48]
	[15871,1]
	[81,6]
	[85,16]
	[16864,1]
	[86,9]
	[16884,1]
	[87,15]
	[124,8]
	[16927,1]
	[88,15]
	[89,20]
	[126,21]
	[90,10]
	[94,14]
	[18076,1]
	[18041,1]
	[18079,1]
	[18238,1]
	[133,12]
	[18344,1]
	[66,9]
	[93,8]
	[18451,1]
	[95,10]
	[18564,1]
	[97,18]
	[28,1]
	[336,69]
	[96,16]
	[19213,1]
	[19180,1]
	[19209,1]
	[140,25]
	[134,20]
	[101,17]
	[351,64]
	[100,14]
	[72,6]
	[103,22]
	[99,16]
	[98,8]
	[102,18]
	[357,56]
	[20494,1]
	[146,23]
	[20712,1]
	[145,24]
	[21172,1]
	[106,15]
	[363,54]
	[21480,1]
	[21421,1]
	[108,9]
	[109,12]
	[21719,1]
	[21823,1]
	[21914,1]
	[21965,1]
	[22062,1]
	[113,31]
	[22329,1]
	[22493,1]
	[112,16]
	[22745,1]
	[111,13]
	[117,14]
	[23008,1]
	[116,21]
	[23134,1]
	[23108,1]
	[23163,1]
	[420,80]
	[23159,1]
	[119,28]
	[23591,1]
	[23727,1]
	[23835,1]
	[23965,1]
	[23946,1]
	[120,20]
	[421,110]
	[122,14]
	[24250,1]
	[121,12]
	[24245,1]
	[24307,1]
	[58,5]
	[24375,1]
	[429,102]
	[125,28]
	[175,35]
	[24937,1]
	[25078,1]
	[25064,1]
	[458,46]
	[176,22]
	[123,6]
	[178,33]
	[25466,1]
	[25572,1]
	[128,18]
	[25673,1]
	[25659,1]
	[127,20]
	[25747,1]
	[25803,1]
	[585,69]
	[154,19]
	[131,10]
	[130,23]
	[26777,1]
	[26854,1]
	[163,37]
	[148,23]
	[476,28]
	[132,18]
	[28243,1]
	[491,48]
	[28626,1]
	[240,40]
	[160,29]
	[137,23]
	[29517,1]
	[135,11]
	[28988,1]
	[500,68]
	[197,29]
	[29350,1]
	[555,49]
	[29676,1]
	[169,45]
	[167,20]
	[596,40]
	[156,26]
	[190,14]
	[136,12]
	[31230,1]
	[142,23]
	[29824,1]
	[198,15]
	[29822,1]
	[168,19]
	[265,44]
	[172,32]
	[30758,1]
	[170,26]
	[138,17]
	[30225,1]
	[118,11]
	[30215,1]
	[31836,1]
	[30340,1]
	[32033,1]
	[223,38]
	[155,19]
	[30650,1]
	[675,1]
	[263,39]
	[174,36]
	[31229,1]
	[166,25]
	[527,90]
	[203,97]
	[143,22]
	[30736,1]
	[200,22]
	[141,15]
	[30779,1]
	[210,213]
	[31008,1]
	[144,37]
	[690,1]
	[30740,1]
	[30799,1]
	[31009,1]
	[149,34]
	[563,23]
	[30228,1]
	[147,9]
	[151,24]
	[30654,1]
	[150,25]
	[152,35]
	[30877,1]
	[216,38]
	[31071,1]
	[153,21]
	[31533,1]
	[219,45]
	[31549,1]
	[31683,1]
	[31711,1]
	[217,41]
	[31801,1]
	[31879,1]
	[158,24]
	[32000,1]
	[227,48]
	[32087,1]
	[32169,1]
	[157,30]
	[32493,1]
	[32537,1]
	[232,30]
	[159,22]
	[32649,1]
	[236,54]
	[33102,1]
	[33188,1]
	[233,36]
	[161,20]
	[33585,1]
	[33546,1]
	[246,47]
	[33676,1]
	[33829,1]
	[33911,1]
	[243,56]
	[33989,1]
	[244,48]
	[165,22]
	[34527,1]
	[34617,1]
	[34727,1]
	[34772,1]
	[34831,1]
	[34950,1]
	[35010,1]
	[34951,1]
	[264,45]
	[171,32]
	[35065,1]
	[717,1]
	[35396,1]
	[35514,1]
	[35528,1]
	[35724,1]
	[259,39]
	[173,19]
	[36208,1]
	[36198,1]
	[36203,1]
	[36283,1]
	[36239,1]
	[262,45]
	[36373,1]
	[36420,1]
	[36551,1]
	[36644,1]
	[36663,1]
	[36863,1]
	[36996,1]
	[272,60]
	[37219,1]
	[278,31]
	[276,45]
	[37657,1]
	[37672,1]
	[180,31]
	[179,23]
	[181,16]
	[282,56]
	[285,34]
	[182,16]
	[38463,1]
	[38582,1]
	[188,24]
	[186,27]
	[187,31]
	[189,29]
	[39618,1]
	[39597,1]
	[39914,1]
	[40011,1]
	[40075,1]
	[40243,1]
	[192,12]
	[40320,1]
	[193,58]
	[191,32]
	[40630,1]
	[196,21]
	[40852,1]
	[40910,1]
	[40886,1]
	[41059,1]
	[41143,1]
	[302,52]
	[41152,1]
	[304,41]
	[41492,1]
	[41456,1]
	[41435,1]
	[199,38]
	[313,64]
	[41885,1]
	[41966,1]
	[42060,1]
	[42153,1]
	[201,26]
	[195,12]
	[42712,1]
	[311,58]
	[42746,1]
	[183,15]
	[43041,1]
	[43219,1]
	[43277,1]
	[202,21]
	[43398,1]
	[43474,1]
	[43765,1]
	[43741,1]
	[208,255]
	[43663,1]
	[206,228]
	[326,42]
	[204,146]
	[43841,1]
	[328,60]
	[43897,1]
	[44041,1]
	[44033,1]
	[44015,1]
	[205,179]
	[44253,1]
	[329,59]
	[44306,1]
	[44353,1]
	[194,11]
	[44558,1]
	[44527,1]
	[334,67]
	[44692,1]
	[44816,1]
	[44931,1]
	[45199,1]
	[347,59]
	[215,68]
	[45344,1]
	[213,130]
	[337,98]
	[45268,1]
	[45412,1]
	[45378,1]
	[45381,1]
	[45568,1]
	[339,80]
	[184,19]
	[45959,1]
	[345,63]
	[45913,1]
	[45998,1]
	[45926,1]
	[346,62]
	[31,1]
	[46222,1]
	[46355,1]
	[46461,1]
	[214,73]
	[46660,1]
	[218,45]
	[46731,1]
	[46787,1]
	[358,49]
	[46890,1]
	[354,72]
	[221,58]
	[47188,1]
	[47380,1]
	[47490,1]
	[220,33]
	[47594,1]
	[47541,1]
	[361,50]
	[222,18]
	[47730,1]
	[47619,1]
	[47764,1]
	[364,79]
	[224,25]
	[359,47]
	[47938,1]
	[365,50]
	[48013,1]
	[248,48]
	[415,118]
	[250,44]
	[49061,1]
	[226,32]
	[211,185]
	[49302,1]
	[373,45]
	[369,50]
	[255,32]
	[50629,1]
	[254,40]
	[237,69]
	[50731,1]
	[229,37]
	[256,58]
	[385,80]
	[51276,1]
	[228,30]
	[230,40]
	[51455,1]
	[51490,1]
	[433,85]
	[231,43]
	[238,53]
	[52311,1]
	[257,43]
	[51691,1]
	[383,68]
	[51718,1]
	[51990,1]
	[51979,1]
	[381,62]
	[52004,1]
	[52003,1]
	[51952,1]
	[241,73]
	[261,49]
	[52903,1]
	[252,43]
	[52880,1]
	[260,40]
	[53113,1]
	[234,40]
	[52637,1]
	[52669,1]
	[388,76]
	[53302,1]
	[53626,1]
	[235,34]
	[53156,1]
	[386,47]
	[53181,1]
	[268,52]
	[456,48]
	[266,57]
	[269,44]
	[54250,1]
	[54169,1]
	[54280,1]
	[54070,1]
	[53942,1]
	[239,58]
	[53791,1]
	[400,45]
	[53929,1]
	[54003,1]
	[53968,1]
	[54071,1]
	[54027,1]
	[54161,1]
	[270,33]
	[271,38]
	[54044,1]
	[53878,1]
	[53778,1]
	[242,44]
	[53565,1]
	[53461,1]
	[53617,1]
	[53588,1]
	[53256,1]
	[53011,1]
	[52762,1]
	[245,41]
	[52892,1]
	[52848,1]
	[53030,1]
	[53014,1]
	[53362,1]
	[417,91]
	[410,182]
	[53540,1]
	[53499,1]
	[53618,1]
	[249,36]
	[53477,1]
	[247,49]
	[53651,1]
	[53615,1]
	[53619,1]
	[53750,1]
	[53667,1]
	[53940,1]
	[53987,1]
	[54126,1]
	[53988,1]
	[54122,1]
	[54364,1]
	[251,42]
	[432,77]
	[54448,1]
	[54565,1]
	[54518,1]
	[423,95]
	[54748,1]
	[54701,1]
	[54869,1]
	[54946,1]
	[54990,1]
	[253,53]
	[55080,1]
	[55311,1]
	[55261,1]
	[55419,1]
	[55378,1]
	[55530,1]
	[438,56]
	[55592,1]
	[434,68]
	[55660,1]
	[55684,1]
	[55665,1]
	[56133,1]
	[56131,1]
	[56320,1]
	[56243,1]
	[454,61]
	[56516,1]
	[56575,1]
	[56663,1]
	[56633,1]
	[56855,1]
	[56940,1]
	[57042,1]
	[56910,1]
	[58144,1]
	[57063,1]
	[57207,1]
	[57214,1]
	[57145,1]
	[57212,1]
	[57324,1]
	[57459,1]
	[462,39]
	[57652,1]
	[57765,1]
	[57950,1]
	[58048,1]
	[58003,1]
	[58087,1]
	[58138,1]
	[467,37]
	[58272,1]
	[457,46]
	[58166,1]
	[465,23]
	[58382,1]
	[58322,1]
	[58434,1]
	[58437,1]
	[58561,1]
	[58555,1]
	[58600,1]
	[58623,1]
	[471,32]
	[58655,1]
	[58730,1]
	[58800,1]
	[58844,1]
	[469,32]
	[58860,1]
	[59053,1]
	[58931,1]
	[59059,1]
	[59113,1]
	[59022,1]
	[482,51]
	[59288,1]
	[59280,1]
	[59283,1]
	[483,31]
	[273,41]
	[59384,1]
	[470,18]
	[59388,1]
	[59350,1]
	[59391,1]
	[59632,1]
	[59728,1]
	[59636,1]
	[59820,1]
	[59796,1]
	[59679,1]
	[59904,1]
	[59993,1]
	[274,47]
	[277,40]
	[60160,1]
	[60142,1]
	[60134,1]
	[60202,1]
	[275,31]
	[489,46]
	[60331,1]
	[60301,1]
	[60470,1]
	[60530,1]
	[60727,1]
	[60563,1]
	[60893,1]
	[60951,1]
	[279,42]
	[60971,1]
	[61090,1]
	[61202,1]
	[494,75]
	[61271,1]
	[61204,1]
	[490,40]
	[61342,1]
	[61409,1]
	[61394,1]
	[61352,1]
	[61452,1]
	[61578,1]
	[281,23]
	[61565,1]
	[505,49]
	[283,32]
	[61644,1]
	[61659,1]
	[61858,1]
	[61919,1]
	[61875,1]
	[62113,1]
	[280,38]
	[62312,1]
	[284,66]
	[62428,1]
	[62405,1]
	[62473,1]
	[62633,1]
	[62556,1]
	[62533,1]
	[62881,1]
	[62810,1]
	[288,60]
	[287,23]
	[63021,1]
	[286,40]
	[63014,1]
	[289,31]
	[63213,1]
	[63400,1]
	[63686,1]
	[517,54]
	[63815,1]
	[63832,1]
	[291,53]
	[290,66]
	[63786,1]
	[63884,1]
	[63953,1]
	[63908,1]
	[296,69]
	[63942,1]
	[63983,1]
	[64219,1]
	[64107,1]
	[64123,1]
	[294,37]
	[64387,1]
	[64361,1]
	[64340,1]
	[533,103]
	[295,60]
	[64689,1]
	[64622,1]
	[64771,1]
	[64951,1]
	[65006,1]
	[292,37]
	[65056,1]
	[65231,1]
	[297,55]
	[65293,1]
	[65272,1]
	[65344,1]
	[298,40]
	[65534,1]
	[65470,1]
	[293,40]
	[65465,1]
	[65620,1]
	[65683,1]
	[536,46]
	[65724,1]
	[65657,1]
	[65931,1]
	[530,42]
	[65970,1]
	[66007,1]
	[317,35]
	[301,50]
	[300,31]
	[299,28]
	[66107,1]
	[66247,1]
	[66261,1]
	[66359,1]
	[66403,1]
	[66464,1]
	[66378,1]
	[66486,1]
	[66543,1]
	[66545,1]
	[66697,1]
	[66672,1]
	[312,46]
	[330,40]
	[542,49]
	[67038,1]
	[303,42]
	[67072,1]
	[67021,1]
	[67133,1]
	[321,65]
	[67217,1]
	[67130,1]
	[67189,1]
	[67431,1]
	[550,53]
	[305,40]
	[67498,1]
	[67632,1]
	[322,46]
	[331,56]
	[68470,1]
	[68884,1]
	[68810,1]
	[69000,1]
	[68913,1]
	[306,44]
	[307,56]
	[69052,1]
	[69013,1]
	[68908,1]
	[323,91]
	[69171,1]
	[69213,1]
	[308,50]
	[318,86]
	[349,61]
	[333,77]
	[70148,1]
	[70296,1]
	[338,35]
	[616,59]
	[335,54]
	[309,54]
	[71035,1]
	[71005,1]
	[70867,1]
	[71100,1]
	[71290,1]
	[71281,1]
	[71743,1]
	[341,76]
	[340,60]
	[72105,1]
	[72196,1]
	[587,93]
	[319,58]
	[72055,1]
	[316,43]
	[72020,1]
	[342,75]
	[72909,1]
	[72905,1]
	[343,85]
	[72974,1]
	[72976,1]
	[72602,1]
	[314,35]
	[72676,1]
	[567,47]
	[72635,1]
	[72572,1]
	[332,39]
	[632,9]
	[640,8]
	[73716,1]
	[73609,1]
	[315,46]
	[73170,1]
	[73306,1]
	[73427,1]
	[73316,1]
	[73792,1]
	[310,31]
	[73807,1]
	[348,53]
	[73981,2]
	[73949,1]
	[74095,1]
	[74068,1]
	[320,42]
	[73577,1]
	[73603,1]
	[73500,1]
	[73503,1]
	[73786,1]
	[73805,1]
	[73743,1]
	[73405,1]
	[73314,1]
	[353,48]
	[73552,1]
	[73381,1]
	[73168,1]
	[73166,1]
	[72835,1]
	[73034,1]
	[73054,1]
	[72931,1]
	[72938,1]
	[324,35]
	[73228,1]
	[73230,1]
	[73136,1]
	[73312,1]
	[73139,1]
	[325,57]
	[73122,1]
	[72844,1]
	[352,54]
	[72642,1]
	[72378,1]
	[72381,1]
	[72407,1]
	[72706,1]
	[327,74]
	[72792,1]
	[72896,1]
	[72884,1]
	[73022,1]
	[72695,1]
	[72808,1]
	[72901,1]
	[73045,1]
	[73309,1]
	[73383,1]
	[73380,1]
	[73417,1]
	[73431,1]
	[73332,1]
	[73547,1]
	[73479,1]
	[73745,1]
	[73931,1]
	[74053,1]
	[74218,1]
	[74321,1]
	[74352,1]
	[74163,1]
	[74419,1]
	[74442,1]
	[355,32]
	[74327,1]
	[74493,1]
	[74490,1]
	[74613,1]
	[74587,1]
	[74649,1]
	[74738,1]
	[74639,1]
	[74751,1]
	[74762,1]
	[74659,1]
	[74913,1]
	[74828,1]
	[75001,1]
	[75041,1]
	[75301,1]
	[75199,1]
	[75318,1]
	[75488,1]
	[75388,1]
	[368,44]
	[75639,1]
	[75516,1]
	[75511,1]
	[75581,1]
	[75562,1]
	[75745,1]
	[75642,1]
	[75741,1]
	[75813,1]
	[75769,1]
	[75902,1]
	[75853,1]
	[636,1]
	[75931,1]
	[75886,1]
	[75946,1]
	[76066,1]
	[75877,1]
	[344,48]
	[360,54]
	[76271,1]
	[76442,1]
	[76570,1]
	[76363,1]
	[76600,1]
	[76911,1]
	[350,44]
	[77236,1]
	[77128,1]
	[77127,1]
	[77331,1]
	[77442,1]
	[77522,1]
	[376,59]
	[77546,1]
	[77476,1]
	[77782,1]
	[77811,1]
	[77662,1]
	[77815,1]
	[77717,1]
	[77790,1]
	[77695,1]
	[77677,1]
	[77675,2]
	[77886,1]
	[77894,1]
	[77944,1]
	[77971,1]
	[78053,1]
	[78097,1]
	[77984,1]
	[78226,1]
	[78292,1]
	[78324,1]
	[78371,1]
	[78393,1]
	[78347,1]
	[78500,1]
	[370,78]
	[78418,1]
	[78644,1]
	[380,65]
	[78683,1]
	[366,54]
	[78760,1]
	[78732,1]
	[79019,1]
	[356,59]
	[79139,2]
	[79038,1]
	[79140,1]
	[79180,1]
	[79133,1]
	[79130,1]
	[79250,1]
	[362,46]
	[79320,1]
	[389,69]
	[79443,1]
	[79279,1]
	[396,62]
	[79294,1]
	[79589,1]
	[79592,1]
	[79550,1]
	[79645,1]
	[79719,1]
	[79753,1]
	[79643,1]
	[79640,1]
	[79856,1]
	[79875,1]
	[79817,1]
	[80013,1]
	[374,60]
	[79863,1]
	[80219,1]
	[80270,1]
	[80322,1]
	[80460,1]
	[80354,1]
	[390,52]
	[80454,1]
	[80564,1]
	[80602,1]
	[80568,1]
	[80666,1]
	[80559,1]
	[80711,1]
	[80638,1]
	[80974,1]
	[81193,1]
	[81061,1]
	[81199,1]
	[81170,1]
	[81148,1]
	[367,49]
	[393,63]
	[81277,1]
	[81451,1]
	[81483,1]
	[407,155]
	[387,38]
	[81391,1]
	[81390,1]
	[81602,1]
	[406,141]
	[81488,1]
	[81358,1]
	[372,76]
	[81773,1]
	[81695,1]
	[81644,1]
	[81645,1]
	[81989,1]
	[81980,1]
	[81913,1]
	[371,56]
	[81889,1]
	[82192,1]
	[82149,1]
	[82247,1]
	[82160,1]
	[82284,1]
	[82358,1]
	[82373,1]
	[82266,1]
	[82440,1]
	[82443,1]
	[82499,1]
	[82515,1]
	[82520,1]
	[82606,1]
	[82501,1]
	[82363,1]
	[82721,1]
	[82662,1]
	[82727,1]
	[82781,1]
	[82989,1]
	[83016,2]
	[82906,1]
	[83114,1]
	[83186,1]
	[83198,1]
	[83188,1]
	[83148,1]
	[83140,1]
	[83162,1]
	[83314,1]
	[83540,1]
	[83662,1]
	[83783,1]
	[409,190]
	[83682,1]
	[375,46]
	[378,76]
	[83937,1]
	[83972,1]
	[84209,1]
	[84166,1]
	[84096,1]
	[84098,1]
	[377,60]
	[84198,1]
	[84167,1]
	[84148,1]
	[84142,1]
	[379,38]
	[84257,1]
	[84413,1]
	[84423,1]
	[84472,1]
	[84487,1]
	[84551,1]
	[84448,1]
	[84676,1]
	[84548,1]
	[84478,1]
	[402,164]
	[84605,1]
	[84681,1]
	[84823,1]
	[84845,1]
	[404,156]
	[384,77]
	[84985,2]
	[84873,1]
	[85001,1]
	[382,49]
	[85116,1]
	[85300,1]
	[85404,1]
	[85335,1]
	[85327,1]
	[85407,1]
	[391,62]
	[408,131]
	[411,171]
	[86185,1]
	[86333,1]
	[403,150]
	[401,116]
	[86318,1]
	[86264,1]
	[86494,1]
	[86497,1]
	[86495,1]
	[86397,1]
	[86582,1]
	[86610,1]
	[86565,1]
	[414,125]
	[418,86]
	[416,88]
	[87529,1]
	[87400,1]
	[87421,1]
	[413,149]
	[88059,1]
	[88004,1]
	[88258,1]
	[88212,1]
	[399,74]
	[88797,1]
	[89165,1]
	[89364,1]
	[89457,1]
	[419,96]
	[89437,1]
	[90154,1]
	[90276,1]
	[392,53]
	[424,68]
	[90490,1]
	[90918,1]
	[422,88]
	[91187,1]
	[91310,1]
	[91399,1]
	[464,39]
	[443,49]
	[394,49]
	[91301,1]
	[452,72]
	[395,60]
	[91436,1]
	[91508,1]
	[91454,1]
	[398,48]
	[91788,2]
	[91857,1]
	[91865,1]
	[425,73]
	[92255,1]
	[428,64]
	[427,104]
	[92657,2]
	[92805,1]
	[92812,1]
	[435,90]
	[92364,2]
	[459,31]
	[92858,1]
	[93296,1]
	[93177,1]
	[93354,1]
	[93318,1]
	[426,54]
	[430,68]
	[93380,1]
	[397,58]
	[92937,1]
	[92902,1]
	[92935,1]
	[92893,1]
	[92962,1]
	[92777,1]
	[93005,1]
	[93062,1]
	[92924,1]
	[93012,1]
	[92939,1]
	[93127,1]
	[93146,1]
	[474,28]
	[431,78]
	[93216,1]
	[93232,1]
	[93105,1]
	[92681,1]
	[92742,1]
	[92808,1]
	[92930,1]
	[92952,1]
	[92848,1]
	[436,55]
	[92455,1]
	[92507,1]
	[92645,1]
	[412,169]
	[92389,1]
	[92047,1]
	[442,65]
	[91967,1]
	[92210,1]
	[92258,1]
	[92296,1]
	[92363,1]
	[92421,1]
	[448,60]
	[439,73]
	[92621,1]
	[91976,1]
	[437,87]
	[449,35]
	[92049,1]
	[91529,1]
	[91542,1]
	[91620,1]
	[444,37]
	[91793,1]
	[91896,1]
	[92032,1]
	[91997,1]
	[91977,1]
	[92042,1]
	[91851,1]
	[91543,1]
	[91517,1]
	[91659,2]
	[91574,1]
	[91728,1]
	[91650,1]
	[91875,1]
	[91877,1]
	[91753,1]
	[91880,1]
	[91958,1]
	[92078,1]
	[440,48]
	[92163,2]
	[92068,1]
	[92020,1]
	[92238,1]
	[92130,1]
	[92329,1]
	[92303,1]
	[92393,1]
	[92475,1]
	[92671,1]
	[92625,1]
	[92651,1]
	[92569,1]
	[92732,1]
	[92911,1]
	[92945,1]
	[92975,2]
	[92973,2]
	[92886,1]
	[93058,1]
	[93076,1]
	[93207,1]
	[93256,1]
	[93345,1]
	[93366,1]
	[93403,1]
	[93547,1]
	[93558,1]
	[93538,1]
	[93488,1]
	[93685,1]
	[93634,1]
	[93703,1]
	[93751,1]
	[93700,1]
	[93640,1]
	[93862,1]
	[93891,1]
	[93937,1]
	[94043,1]
	[94047,1]
	[93920,1]
	[94046,1]
	[446,41]
	[94070,1]
	[94021,1]
	[94112,1]
	[94230,1]
	[94253,1]
	[94258,1]
	[94320,1]
	[94319,1]
	[94228,1]
	[94347,1]
	[94269,1]
	[94304,1]
	[94444,1]
	[94553,1]
	[94567,1]
	[94804,1]
	[94750,1]
	[94633,1]
	[94879,1]
	[94764,1]
	[94773,1]
	[94771,1]
	[94666,1]
	[94903,1]
	[95005,1]
	[94928,1]
	[95081,1]
	[95213,1]
	[95137,1]
	[95290,1]
	[441,56]
	[95188,1]
	[95167,1]
	[95250,1]
	[95314,1]
	[95506,1]
	[95393,1]
	[95494,1]
	[95611,1]
	[95686,1]
	[95651,1]
	[95700,1]
	[95599,1]
	[95644,1]
	[95714,1]
	[95594,1]
	[95805,1]
	[95643,1]
	[95752,1]
	[95798,1]
	[95927,1]
	[95970,1]
	[95882,1]
	[95968,1]
	[95881,1]
	[95972,1]
	[96131,1]
	[96071,1]
	[96231,1]
	[96232,1]
	[96274,1]
	[96501,1]
	[96504,1]
	[96430,1]
	[96395,1]
	[96472,1]
	[96600,1]
	[96529,1]
	[96602,1]
	[96756,1]
	[96617,1]
	[96840,1]
	[96878,1]
	[96760,1]
	[96999,1]
	[97220,1]
	[97068,1]
	[97180,1]
	[97179,1]
	[97168,1]
	[97135,1]
	[97192,1]
	[97225,1]
	[97353,1]
	[97356,1]
	[97243,1]
	[97431,1]
	[97299,1]
	[97487,1]
	[97439,1]
	[97492,1]
	[97458,1]
	[97460,1]
	[97532,1]
	[97414,1]
	[97682,1]
	[97611,1]
	[97674,1]
	[97763,1]
	[97980,2]
	[97967,1]
	[98114,1]
	[98139,1]
	[98106,1]
	[98289,1]
	[98392,1]
	[98431,1]
	[98391,1]
	[98581,1]
	[98559,1]
	[98535,1]
	[98700,1]
	[98779,1]
	[98793,1]
	[445,56]
	[98764,1]
	[98813,1]
	[98898,1]
	[479,24]
	[98901,1]
	[99048,1]
	[98948,1]
	[447,53]
	[99056,1]
	[99093,1]
	[99282,1]
	[99372,1]
	[99462,1]
	[99476,1]
	[99474,1]
	[99385,1]
	[99637,1]
	[99525,1]
	[99599,1]
	[99723,1]
	[99673,1]
	[99818,1]
	[450,42]
	[99945,1]
	[99948,1]
	[99946,2]
	[99854,1]
	[99967,1]
	[100032,1]
	[100019,1]
	[451,57]
	[100241,1]
	[100150,1]
	[100275,1]
	[100187,1]
	[100365,1]
	[100403,1]
	[100348,1]
	[100574,1]
	[100528,1]
	[100411,1]
	[100396,1]
	[100636,1]
	[100693,1]
	[100701,1]
	[100820,1]
	[100706,1]
	[100873,1]
	[100806,1]
	[455,50]
	[101024,2]
	[101025,1]
	[100985,1]
	[101038,1]
	[101188,2]
	[101272,1]
	[101166,1]
	[480,62]
	[101247,1]
	[101388,1]
	[101297,1]
	[477,12]
	[101514,1]
	[101390,1]
	[101570,1]
	[453,27]
	[463,63]
	[101660,1]
	[101867,1]
	[101778,1]
	[101915,1]
	[101833,1]
	[461,34]
	[102041,1]
	[484,53]
	[460,73]
	[102053,1]
	[102266,1]
	[102299,1]
	[102370,1]
	[102257,1]
	[102261,1]
	[102463,1]
	[102464,1]
	[102466,1]
	[102572,1]
	[102490,1]
	[102661,1]
	[102553,1]
	[102486,1]
	[102604,1]
	[102651,1]
	[102617,1]
	[102677,2]
	[102785,1]
	[102823,1]
	[103027,1]
	[481,5]
	[103144,2]
	[103245,1]
	[103256,2]
	[103130,1]
	[103128,1]
	[487,35]
	[103490,1]
	[103492,1]
	[103388,1]
	[103365,1]
	[103364,1]
	[103366,1]
	[103559,1]
	[103551,1]
	[103574,1]
	[103651,1]
	[466,44]
	[103794,2]
	[103795,1]
	[103673,1]
	[103648,1]
	[103653,1]
	[103936,1]
	[104210,1]
	[493,36]
	[496,56]
	[104780,1]
	[488,84]
	[105108,1]
	[503,99]
	[105198,1]
	[468,39]
	[105289,1]
	[105262,1]
	[105216,1]
	[105420,1]
	[105449,1]
	[105407,1]
	[105526,1]
	[105477,1]
	[105476,1]
	[105776,1]
	[520,54]
	[495,82]
	[498,55]
	[497,61]
	[478,43]
	[106431,1]
	[106435,1]
	[501,67]
	[106593,1]
	[106925,1]
	[525,50]
	[515,34]
	[106984,1]
	[472,34]
	[107057,1]
	[107184,1]
	[107096,1]
	[473,24]
	[107322,1]
	[107260,1]
	[508,53]
	[107201,1]
	[107430,1]
	[107323,1]
	[107334,1]
	[108303,1]
	[108201,1]
	[108413,1]
	[108433,1]
	[522,77]
	[108533,1]
	[108422,1]
	[108395,1]
	[108349,1]
	[499,107]
	[108594,1]
	[108871,1]
	[109048,1]
	[109029,1]
	[109042,1]
	[109007,1]
	[475,22]
	[109242,1]
	[109283,1]
	[524,36]
	[502,38]
	[507,108]
	[110083,1]
	[110225,1]
	[110203,2]
	[110332,2]
	[110320,1]
	[110222,1]
	[110321,1]
	[110521,1]
	[485,18]
	[111002,1]
	[110993,1]
	[504,67]
	[111401,1]
	[111631,1]
	[528,33]
	[111540,1]
	[111530,1]
	[509,72]
	[111766,1]
	[506,54]
	[111643,1]
	[111900,1]
	[111811,1]
	[111815,1]
	[511,70]
	[112003,1]
	[111570,1]
	[111385,1]
	[112284,1]
	[112182,1]
	[112246,1]
	[512,70]
	[112368,1]
	[112237,1]
	[112359,1]
	[112193,1]
	[112369,1]
	[112303,1]
	[112467,1]
	[112333,1]
	[112310,1]
	[111934,1]
	[111809,1]
	[111674,1]
	[111799,1]
	[111426,1]
	[516,65]
	[111681,1]
	[518,63]
	[513,72]
	[111656,1]
	[111578,1]
	[514,66]
	[546,24]
	[529,89]
	[111917,1]
	[492,45]
	[111697,1]
	[111485,1]
	[111403,2]
	[111433,1]
	[111457,1]
	[111330,1]
	[111328,1]
	[111508,1]
	[111559,1]
	[111437,1]
	[111558,1]
	[111221,1]
	[111209,1]
	[111231,1]
	[111308,1]
	[111281,1]
	[111302,1]
	[532,58]
	[110872,1]
	[110564,1]
	[110563,1]
	[110651,1]
	[110747,1]
	[110928,1]
	[110825,1]
	[486,58]
	[110899,1]
	[110378,1]
	[109935,1]
	[110074,1]
	[110077,1]
	[110061,1]
	[110335,1]
	[110408,2]
	[110562,1]
	[110449,1]
	[110743,1]
	[110617,1]
	[110274,1]
	[110275,1]
	[110076,1]
	[109757,1]
	[109581,1]
	[109505,1]
	[109814,1]
	[109772,1]
	[109657,1]
	[109796,1]
	[109737,1]
	[109858,1]
	[109806,1]
	[109804,1]
	[109870,1]
	[109966,1]
	[109990,1]
	[109950,1]
	[110029,1]
	[110089,1]
	[110129,1]
	[110156,1]
	[110039,1]
	[110172,1]
	[110099,1]
	[110048,1]
	[110295,1]
	[110180,1]
	[110463,1]
	[110472,1]
	[110473,1]
	[110475,1]
	[110720,1]
	[110628,1]
	[110609,1]
	[110779,1]
	[110942,2]
	[111029,1]
	[110905,1]
	[111072,1]
	[111077,1]
	[111134,1]
	[111004,1]
	[110937,1]
	[111199,1]
	[111141,1]
	[111081,1]
	[111015,1]
	[111271,1]
	[111331,1]
	[111479,1]
	[111396,1]
	[531,63]
	[111593,1]
	[111475,1]
	[111653,1]
	[111685,1]
	[111682,1]
	[111819,1]
	[111925,1]
	[111885,1]
	[112009,1]
	[112049,1]
	[538,46]
	[112130,1]
	[112232,1]
	[112192,1]
	[112343,1]
	[112379,1]
	[112256,1]
	[112492,1]
	[112506,1]
	[112538,1]
	[112470,1]
	[112537,1]
	[112560,1]
	[112557,1]
	[112489,1]
	[112474,1]
	[112724,2]
	[112641,1]
	[112792,1]
	[112798,1]
	[537,79]
	[112716,1]
	[112900,1]
	[112800,1]
	[112788,1]
	[112789,1]
	[112787,1]
	[112772,1]
	[112953,1]
	[112973,1]
	[113072,1]
	[113076,1]
	[113075,1]
	[113077,1]
	[112978,1]
	[113061,1]
	[113159,1]
	[510,57]
	[113036,1]
	[113195,1]
	[113430,1]
	[519,49]
	[113581,1]
	[113668,1]
	[113666,1]
	[113671,1]
	[113655,1]
	[113622,1]
	[113789,1]
	[113727,1]
	[113933,2]
	[114004,1]
	[113889,1]
	[113881,1]
	[113971,1]
	[114133,1]
	[114139,1]
	[114144,1]
	[114147,2]
	[114141,1]
	[114025,1]
	[114015,1]
	[523,42]
	[114403,1]
	[114324,1]
	[114263,1]
	[114226,1]
	[114476,1]
	[547,29]
	[114368,1]
	[114364,1]
	[114365,1]
	[114521,1]
	[114478,1]
	[114608,1]
	[114626,1]
	[114819,1]
	[114824,1]
	[114716,1]
	[114881,2]
	[114758,1]
	[114897,1]
	[114871,1]
	[114762,1]
	[114889,1]
	[114922,1]
	[114929,1]
	[114934,1]
	[114843,1]
	[114991,1]
	[115103,1]
	[115142,1]
	[115017,1]
	[115145,1]
	[115041,1]
	[115106,1]
	[115008,1]
	[115271,1]
	[115152,1]
	[115204,1]
	[115340,1]
	[115344,1]
	[115217,1]
	[115293,1]
	[521,64]
	[115470,1]
	[115420,1]
	[115418,1]
	[115509,1]
	[115524,1]
	[115419,1]
	[115706,1]
	[115714,2]
	[115665,1]
	[115740,1]
	[115770,1]
	[115553,1]
	[115748,1]
	[115689,1]
	[115768,1]
	[115913,1]
	[115907,1]
	[115909,1]
	[115947,1]
	[116092,1]
	[115977,1]
	[116052,1]
	[116147,1]
	[116049,1]
	[116319,1]
	[116170,1]
	[116165,1]
	[534,31]
	[116408,1]
	[116443,1]
	[116490,1]
	[116487,1]
	[116483,1]
	[526,44]
	[116502,1]
	[116698,1]
	[116740,1]
	[116675,1]
	[116639,1]
	[116778,1]
	[116726,1]
	[116743,1]
	[116962,1]
	[116903,2]
	[117029,1]
	[116992,1]
	[116871,1]
	[117156,1]
	[117034,1]
	[117084,1]
	[117215,1]
	[117032,1]
	[117312,1]
	[117314,1]
	[117291,1]
	[117196,1]
	[117449,1]
	[117330,1]
	[117680,1]
	[117685,1]
	[117712,1]
	[117735,1]
	[117691,1]
	[117884,1]
	[117887,1]
	[117775,1]
	[117907,1]
	[117911,1]
	[117906,1]
	[118008,1]
	[118005,1]
	[117892,1]
	[118108,1]
	[544,41]
	[118003,1]
	[118131,1]
	[118087,1]
	[118039,1]
	[118239,1]
	[118286,1]
	[118284,1]
	[118196,1]
	[118225,1]
	[118150,1]
	[118381,1]
	[118199,1]
	[118180,1]
	[118500,1]
	[118535,1]
	[118406,1]
	[118507,1]
	[535,57]
	[570,68]
	[118722,1]
	[118724,1]
	[118638,1]
	[118789,1]
	[118704,1]
	[118943,1]
	[118836,1]
	[118824,1]
	[118948,1]
	[118937,1]
	[119093,1]
	[119158,1]
	[119201,1]
	[119290,1]
	[119441,1]
	[119462,1]
	[119351,1]
	[119333,1]
	[119342,1]
	[119248,1]
	[119404,1]
	[539,50]
	[119526,1]
	[119567,1]
	[119454,1]
	[571,27]
	[119599,1]
	[119546,1]
	[119693,1]
	[119568,1]
	[119563,1]
	[119723,1]
	[119659,1]
	[119713,1]
	[119792,1]
	[548,45]
	[119591,1]
	[119648,1]
	[119873,1]
	[119794,1]
	[572,78]
	[119945,1]
	[119821,1]
	[119725,1]
	[119848,1]
	[119990,1]
	[119937,1]
	[119820,1]
	[119816,1]
	[540,54]
	[120100,1]
	[541,74]
	[543,36]
	[120356,1]
	[120375,1]
	[120416,1]
	[120359,1]
	[120492,1]
	[120398,1]
	[120304,1]
	[120617,1]
	[120620,1]
	[120494,1]
	[120645,1]
	[120564,1]
	[120699,1]
	[120571,1]
	[120767,1]
	[120818,1]
	[120721,1]
	[120710,1]
	[120708,1]
	[120734,1]
	[120722,1]
	[120894,1]
	[120783,2]
	[120985,1]
	[120869,1]
	[120912,1]
	[564,44]
	[553,25]
	[120924,1]
	[120903,1]
	[573,46]
	[121000,1]
	[121106,1]
	[121102,1]
	[569,82]
	[121742,1]
	[121743,1]
	[121785,1]
	[121698,1]
	[121684,1]
	[121677,1]
	[121581,1]
	[121927,1]
	[121940,1]
	[121964,1]
	[545,46]
	[122081,1]
	[121997,1]
	[121984,1]
	[122159,1]
	[122235,1]
	[122119,1]
	[122363,2]
	[122365,1]
	[122527,1]
	[122454,1]
	[549,31]
	[122671,1]
	[122672,1]
	[122669,1]
	[575,86]
	[122681,1]
	[578,56]
	[123331,1]
	[123233,1]
	[123363,1]
	[577,62]
	[123894,1]
	[123920,1]
	[123854,1]
	[552,32]
	[124088,1]
	[124087,1]
	[124086,1]
	[124170,1]
	[124206,1]
	[124083,1]
	[124207,1]
	[124203,1]
	[556,48]
	[124187,1]
	[124180,1]
	[124182,1]
	[124356,1]
	[124354,1]
	[579,83]
	[124799,1]
	[574,73]
	[125232,1]
	[125233,1]
	[125254,1]
	[125199,1]
	[576,127]
	[125170,1]
	[125777,1]
	[125728,1]
	[551,18]
	[125741,1]
	[125637,1]
	[125974,1]
	[125866,1]
	[125906,1]
	[125939,1]
	[126011,2]
	[561,27]
	[554,23]
	[581,77]
	[586,51]
	[126985,1]
	[598,53]
	[580,95]
	[584,139]
	[127011,1]
	[582,46]
	[127143,1]
	[127267,1]
	[127294,1]
	[600,58]
	[127592,2]
	[597,67]
	[127791,2]
	[127793,2]
	[127712,1]
	[127678,1]
	[127862,1]
	[127884,1]
	[583,80]
	[128727,1]
	[128785,1]
	[128799,1]
	[128913,1]
	[128910,1]
	[128804,1]
	[128952,1]
	[128897,1]
	[128832,1]
	[129026,1]
	[129047,1]
	[128962,1]
	[589,90]
	[129202,1]
	[129424,1]
	[129401,1]
	[129378,1]
	[560,62]
	[129625,1]
	[129654,2]
	[129632,1]
	[129805,1]
	[591,111]
	[130439,1]
	[130319,1]
	[130418,1]
	[130566,2]
	[130557,1]
	[568,54]
	[588,62]
	[130631,1]
	[130500,1]
	[130716,1]
	[130760,1]
	[595,39]
	[130931,1]
	[130786,1]
	[130733,1]
	[558,24]
	[557,27]
	[592,51]
	[130120,1]
	[130094,1]
	[130592,1]
	[590,40]
	[130474,1]
	[130532,2]
	[559,17]
	[130416,1]
	[130606,1]
	[130506,1]
	[130505,1]
	[594,58]
	[130769,1]
	[130732,1]
	[130833,1]
	[593,66]
	[130725,1]
	[130976,1]
	[130896,1]
	[130659,1]
	[130654,1]
	[130451,1]
	[130354,1]
	[130278,2]
	[130350,1]
	[130384,1]
	[130055,2]
	[129826,1]
	[612,45]
	[130003,1]
	[129944,1]
	[129890,1]
	[130084,1]
	[130063,1]
	[130122,1]
	[130035,1]
	[130154,1]
	[130314,1]
	[130183,1]
	[130164,1]
	[565,68]
	[562,22]
	[129732,1]
	[129621,1]
	[566,31]
	[129455,1]
	[129450,1]
	[129548,1]
	[599,48]
	[603,43]
	[129720,1]
	[129569,1]
	[129142,1]
	[129006,1]
	[129127,1]
	[129024,1]
	[129174,2]
	[129084,2]
	[129326,1]
	[601,63]
	[129191,1]
	[129249,1]
	[128982,1]
	[129019,1]
	[129168,1]
	[129060,1]
	[607,32]
	[128525,1]
	[128404,1]
	[128401,1]
	[128586,1]
	[128607,1]
	[128585,1]
	[128788,1]
	[128851,1]
	[128730,1]
	[128963,1]
	[128967,1]
	[128884,1]
	[128920,1]
	[128798,1]
	[128655,1]
	[128152,1]
	[127853,1]
	[128028,1]
	[127940,1]
	[127996,1]
	[127879,1]
	[128156,1]
	[128164,1]
	[128099,1]
	[128000,1]
	[128262,1]
	[128132,1]
	[128104,1]
	[128103,1]
	[128332,2]
	[128334,1]
	[128277,1]
	[128321,1]
	[128468,1]
	[128396,1]
	[128382,1]
	[128493,1]
	[128430,1]
	[128373,1]
	[128479,1]
	[128682,1]
	[128703,1]
	[128697,2]
	[128812,1]
	[128835,1]
	[128774,1]
	[609,73]
	[128879,1]
	[128903,1]
	[129067,1]
	[129007,1]
	[128989,1]
	[129079,1]
	[129245,1]
	[129116,1]
	[129133,1]
	[129147,1]
	[129172,1]
	[129332,1]
	[129310,1]
	[129350,1]
	[129501,2]
	[129461,1]
	[606,58]
	[129474,1]
	[129467,1]
	[129423,1]
	[129665,1]
	[129669,1]
	[129667,1]
	[129543,1]
	[129456,1]
	[129593,2]
	[129562,1]
	[129466,1]
	[129746,1]
	[129699,1]
	[130037,2]
	[129913,1]
	[129985,1]
	[129925,1]
	[129879,1]
	[130038,1]
	[130139,1]
	[130148,1]
	[130151,1]
	[130098,1]
	[130242,1]
	[130275,1]
	[130270,1]
	[130431,1]
	[130453,1]
	[130343,1]
	[130365,1]
	[130475,1]
	[604,48]
	[130402,1]
	[130585,2]
	[130491,1]
	[130615,1]
	[130503,1]
	[130525,1]
	[130683,1]
	[130598,1]
	[130616,1]
	[130764,1]
	[130648,1]
	[130698,1]
	[130570,1]
	[130839,1]
	[130840,1]
	[613,59]
	[130639,1]
	[130874,1]
	[130771,1]
	[625,23]
	[130693,1]
	[130960,1]
	[130871,1]
	[130895,1]
	[130922,1]
	[130811,1]
	[131022,1]
	[130998,2]
	[131082,1]
	[131085,1]
	[130972,1]
	[130945,1]
	[131008,1]
	[131045,1]
	[131090,1]
	[131261,1]
	[131187,1]
	[131346,1]
	[131310,1]
	[131486,1]
	[131409,1]
	[131469,1]
	[614,49]
	[131367,1]
	[131349,1]
	[131517,1]
	[131477,1]
	[131634,1]
	[131879,1]
	[131813,1]
	[131730,1]
	[131936,1]
	[131814,1]
	[131815,1]
	[132096,2]
	[131967,1]
	[132029,1]
	[132175,1]
	[132044,1]
	[132250,1]
	[132251,1]
	[132179,1]
	[132126,1]
	[132123,1]
	[132124,1]
	[132176,1]
	[132333,1]
	[132199,1]
	[132247,1]
	[132466,1]
	[132385,1]
	[132350,1]
	[132462,1]
	[132570,1]
	[132589,1]
	[132594,1]
	[132471,1]
	[132469,1]
	[132715,1]
	[132647,1]
	[132664,1]
	[132544,1]
	[132731,1]
	[132729,1]
	[132801,1]
	[132714,1]
	[132693,1]
	[132944,1]
	[132869,1]
	[132933,1]
	[132969,1]
	[133134,1]
	[133256,2]
	[133149,1]
	[133344,1]
	[133224,1]
	[133217,1]
	[133375,1]
	[133273,1]
	[133460,1]
	[133334,1]
	[133404,1]
	[133448,1]
	[133331,1]
	[133502,1]
	[133581,1]
	[133615,1]
	[133540,1]
	[133594,1]
	[133601,1]
	[133704,1]
	[133593,1]
	[615,48]
	[133728,1]
	[133770,1]
	[620,68]
	[133932,1]
	[637,1]
	[133734,1]
	[133735,1]
	[134000,1]
	[133880,1]
	[133856,1]
	[602,43]
	[134099,1]
	[134118,1]
	[638,10]
	[134051,1]
	[134048,1]
	[134053,1]
	[634,1]
	[134129,1]
	[133979,1]
	[134271,1]
	[134228,1]
	[134294,1]
	[134312,1]
	[134311,1]
	[134333,1]
	[134330,1]
	[134336,1]
	[134314,1]
	[134229,1]
	[605,77]
	[134443,1]
	[134369,1]
	[134351,1]
	[134350,1]
	[134349,1]
	[134486,1]
	[134571,1]
	[134453,1]
	[134449,1]
	[134551,1]
	[134771,1]
	[134667,1]
	[134832,1]
	[134755,1]
	[134889,1]
	[134951,1]
	[134929,1]
	[134965,1]
	[134869,1]
	[608,48]
	[135145,1]
	[135116,1]
	[135014,1]
	[135283,1]
	[135246,1]
	[135268,1]
	[618,48]
	[135187,1]
	[135170,1]
	[619,54]
	[135279,1]
	[135331,1]
	[135495,1]
	[135599,1]
	[135501,1]
	[135708,1]
	[135712,1]
	[624,10]
	[135569,1]
	[135765,1]
	[135650,1]
	[135748,1]
	[135844,1]
	[635,2]
	[135731,2]
	[135828,1]
	[633,2]
	[135964,1]
	[135842,1]
	[135897,1]
	[611,51]
	[136052,1]
	[135938,1]
	[135993,1]
	[648,1]
	[630,10]
	[135878,1]
	[136134,1]
	[136144,1]
	[136099,1]
	[135990,1]
	[136222,1]
	[136291,1]
	[136238,1]
	[136228,1]
	[136230,1]
	[610,34]
	[136363,1]
	[136289,1]
	[136509,2]
	[136405,1]
	[136375,1]
	[136513,1]
	[623,26]
	[136643,1]
	[136536,1]
	[136515,1]
	[136626,1]
	[136741,1]
	[136734,1]
	[136874,1]
	[136795,1]
	[136771,2]
	[136936,2]
	[136883,1]
	[137047,1]
	[137062,1]
	[136885,1]
	[137020,1]
	[137074,1]
	[136956,1]
	[137251,1]
	[137179,1]
	[654,8]
	[137318,1]
	[137212,1]
	[137445,1]
	[137442,1]
	[137401,1]
	[137439,1]
	[137534,1]
	[137448,1]
	[137633,1]
	[137677,1]
	[649,2]
	[137743,1]
	[137728,1]
	[137747,1]
	[617,24]
	[137893,1]
	[653,1]
	[137742,1]
	[137739,1]
	[138019,1]
	[137903,1]
	[645,1]
	[137959,1]
	[137944,1]
	[622,31]
	[138095,1]
	[138174,1]
	[138057,1]
	[138061,1]
	[138279,1]
	[138149,1]
	[138231,1]
	[138175,1]
	[651,1]
	[138269,1]
	[138424,1]
	[138313,1]
	[138458,1]
	[138373,1]
	[138561,1]
	[138433,1]
	[138599,2]
	[138601,1]
	[659,1]
	[138489,1]
	[138701,1]
	[138584,1]
	[138774,1]
	[138646,1]
	[621,42]
	[138875,1]
	[138881,1]
	[138868,1]
	[138749,1]
	[138753,1]
	[139017,1]
	[629,8]
	[138941,1]
	[656,26]
	[138837,1]
	[139093,1]
	[139126,1]
	[139131,1]
	[139005,1]
	[138972,2]
	[139188,1]
	[139102,1]
	[627,17]
	[139270,1]
	[139114,1]
	[139117,1]
	[139115,1]
	[628,10]
	[139242,1]
	[139327,1]
	[139368,1]
	[139533,1]
	[139475,1]
	[139468,1]
	[139789,1]
	[139777,1]
	[652,17]
	[140307,1]
	[140314,1]
	[647,4]
	[140690,1]
	[140655,1]
	[140932,1]
	[140850,1]
	[140756,1]
	[626,5]
	[631,10]
	[141188,1]
	[141203,1]
	[141409,1]
	[141321,1]
	[141379,1]
	[141742,1]
	[142293,1]
	[657,5]
	[142206,1]
	[142172,1]
	[673,1]
	[644,1]
	[643,1]
	[142794,1]
	[142824,1]

1636,
	[2,3]
	[4,3]
	[6,3]
	[8,2]
	[23,2]
	[866,1]
	[960,1]
	[29,1]
	[37,3]
	[40,1]
	[49,1]
	[53,2]
	[61,2]
	[63,1]
	[1949,1]
	[2045,1]
	[65,2]
	[76,2]
	[77,1]
	[75,2]
	[79,2]
	[90,1]
	[88,1]
	[92,1]
	[1402,1]
	[97,1]
	[100,1]
	[107,2]
	[104,1]
	[112,3]
	[1796,1]
	[115,2]
	[121,1]
	[126,2]
	[134,2]
	[141,2]
	[147,1]
	[149,1]
	[153,1]
	[156,2]
	[16,1]
	[162,2]
	[21,3]
	[25,2]
	[181,3]
	[189,2]
	[7,3]
	[10,10]
	[12,1]
	[20,1]
	[17,2]
	[64,1]
	[24,3]
	[33,2]
	[34,3]
	[38,2]
	[46,1]
	[50,2]
	[52,2]
	[85,1]
	[62,1]
	[67,3]
	[71,1]
	[73,1]
	[84,2]
	[81,2]
	[87,1]
	[94,3]
	[26,1]
	[129,3]
	[101,2]
	[116,1]
	[130,1]
	[135,2]
	[137,1]
	[150,1]
	[174,1]
	[170,2]
	[182,2]
	[214,1]
	[3,2]
	[27,1]
	[30,2]
	[39,1]
	[45,1]
	[78,1]
	[108,2]
	[93,1]
	[103,1]
	[98,1]
	[119,1]
	[102,1]
	[118,1]
	[105,1]
	[113,1]
	[136,1]
	[15,1]
	[138,1]
	[163,1]
	[157,1]
	[155,1]
	[154,1]
	[159,1]
	[172,1]
	[173,1]
	[183,2]
	[188,1]
	[9,1]
	[13,1]
	[5,1]
	[14,1]

1580,
	[3,138]
	[8,5]
	[4,453]
	[7,8]
	[11,4]
	[5,3]
	[748,1]
	[9,13]
	[12,12]
	[851,1]
	[13,24]
	[16,13]
	[14,9]
	[17,22]
	[21,33]
	[1532,1]
	[23,20]
	[22,19]
	[15,10]
	[24,30]
	[20,8]
	[1257,1]
	[25,24]
	[26,15]
	[30,33]
	[471,1]
	[5941,1]
	[27,25]
	[31,24]
	[34,34]
	[29,16]
	[32,29]
	[1683,1]
	[37,52]
	[36,41]
	[35,47]
	[546,1]
	[38,31]
	[39,45]
	[43,618]
	[40,121]
	[41,550]
	[44,589]
	[45,174]
	[48,64]
	[1684,1]
	[50,65]
	[62,20]
	[112,33]
	[47,48]
	[49,55]
	[2476,1]
	[51,58]
	[57,51]
	[699,1]
	[1813,1]
	[18,15]
	[52,71]
	[54,71]
	[75,27]
	[53,77]
	[55,81]
	[730,1]
	[1758,1]
	[19,25]
	[56,75]
	[90,28]
	[1851,1]
	[59,27]
	[28,30]
	[58,38]
	[60,23]
	[96,19]
	[11662,1]
	[97,33]
	[11692,1]
	[1995,1]
	[61,37]
	[101,27]
	[2048,1]
	[11830,1]
	[64,28]
	[63,25]
	[65,25]
	[67,42]
	[69,32]
	[68,21]
	[66,29]
	[70,29]
	[73,24]
	[936,1]
	[2329,1]
	[114,28]
	[71,18]
	[77,21]
	[109,26]
	[80,27]
	[72,25]
	[33,46]
	[74,14]
	[78,21]
	[76,21]
	[2410,1]
	[79,23]
	[2493,1]
	[113,39]
	[81,27]
	[6,10]
	[82,25]
	[83,25]
	[85,14]
	[89,34]
	[87,16]
	[84,21]
	[86,24]
	[88,23]
	[91,27]
	[1663,1]
	[117,30]
	[42,840]
	[92,38]
	[93,25]
	[94,24]
	[1807,1]
	[95,27]
	[3079,1]
	[98,23]
	[19803,1]
	[99,33]
	[100,26]
	[104,27]
	[102,16]
	[103,22]
	[1323,1]
	[106,23]
	[1985,1]
	[108,30]
	[107,32]
	[137,36]
	[105,28]
	[1680,1]
	[3345,1]
	[110,29]
	[135,26]
	[111,28]
	[1776,1]
	[115,45]
	[1835,1]
	[120,35]
	[116,33]
	[119,37]
	[118,32]
	[23848,1]
	[121,29]
	[174,43]
	[142,25]
	[144,49]
	[1527,1]
	[122,25]
	[1949,1]
	[1533,1]
	[153,60]
	[146,45]
	[154,52]
	[138,39]
	[123,19]
	[124,35]
	[147,45]
	[149,37]
	[157,49]
	[161,39]
	[156,52]
	[125,34]
	[127,32]
	[126,33]
	[129,32]
	[128,35]
	[130,37]
	[160,45]
	[134,23]
	[140,34]
	[152,27]
	[2549,1]
	[2,2]
	[148,41]
	[132,32]
	[133,32]
	[150,44]
	[162,43]
	[2080,1]
	[136,28]
	[145,42]
	[165,34]
	[164,27]
	[131,35]
	[163,46]
	[166,48]
	[191,335]
	[139,34]
	[1721,1]
	[158,32]
	[141,27]
	[2282,1]
	[171,45]
	[2311,1]
	[143,41]
	[151,35]
	[2353,1]
	[1854,1]
	[46,130]
	[169,47]
	[155,51]
	[2515,1]
	[618,1]
	[168,36]
	[159,42]
	[170,53]
	[167,49]
	[178,35]
	[671,1]
	[1998,1]
	[180,39]
	[181,58]
	[179,49]
	[204,56]
	[172,31]
	[205,53]
	[175,47]
	[176,37]
	[199,81]
	[196,57]
	[177,45]
	[763,1]
	[185,475]
	[183,183]
	[184,331]
	[187,552]
	[182,115]
	[223,34]
	[189,685]
	[188,1084]
	[186,691]
	[190,638]
	[225,23]
	[194,153]
	[193,187]
	[236,20]
	[192,556]
	[198,57]
	[208,52]
	[195,60]
	[211,42]
	[227,33]
	[214,41]
	[197,78]
	[233,18]
	[218,64]
	[10,11]
	[200,72]
	[202,66]
	[201,64]
	[203,59]
	[220,42]
	[206,54]
	[207,52]
	[221,57]
	[173,36]
	[239,13]
	[209,61]
	[212,46]
	[210,40]
	[232,23]
	[231,25]
	[216,59]
	[215,78]
	[243,23]
	[240,24]
	[217,52]
	[226,17]
	[245,17]
	[235,26]
	[244,29]
	[228,24]
	[242,18]
	[238,25]
	[219,56]
	[257,17]
	[248,19]
	[246,22]
	[241,12]
	[266,16]
	[289,13]
	[234,22]
	[224,18]
	[249,21]
	[253,11]
	[251,26]
	[282,13]
	[279,17]
	[222,45]
	[260,18]
	[254,12]
	[250,17]
	[230,21]
	[247,17]
	[237,24]
	[213,40]
	[259,9]
	[258,7]
	[256,21]
	[255,12]
	[229,21]
	[261,10]
	[264,10]
	[278,14]
	[292,12]
	[275,16]
	[287,10]
	[284,14]
	[293,17]
	[296,12]
	[301,6]
	[252,12]
	[294,12]
	[303,8]
	[304,7]
	[307,9]
	[309,10]
	[317,11]
	[318,12]
	[262,11]
	[313,10]
	[265,13]
	[267,8]
	[263,7]
	[326,4]
	[269,8]
	[270,16]
	[268,11]
	[333,6]
	[272,18]
	[271,13]
	[273,12]
	[327,7]
	[274,11]
	[336,2]
	[276,15]
	[338,7]
	[280,7]
	[277,10]
	[281,12]
	[339,7]
	[347,3]
	[286,16]
	[285,11]
	[288,14]
	[283,14]
	[358,2]
	[290,14]
	[291,6]
	[300,12]
	[302,6]
	[361,3]
	[320,6]
	[295,8]
	[308,10]
	[306,5]
	[323,4]
	[316,6]
	[297,12]
	[298,7]
	[331,4]
	[311,11]
	[332,4]
	[299,1]
	[414,1]
	[330,7]
	[325,5]
	[337,8]
	[383,2]
	[324,13]
	[334,5]
	[343,9]
	[393,10]
	[310,9]
	[341,2]
	[428,3]
	[319,8]
	[312,6]
	[314,5]
	[315,10]
	[322,4]
	[401,22]
	[321,6]
	[328,3]
	[335,5]
	[344,5]
	[340,3]
	[342,1]
	[350,7]
	[349,4]
	[346,2]
	[351,2]
	[345,5]
	[348,5]
	[353,4]
	[81474,1]
	[354,3]
	[352,3]
	[82178,1]
	[357,3]
	[355,2]
	[360,1]
	[362,3]
	[359,3]
	[364,2]
	[372,1]
	[92250,1]
	[92692,1]
	[434,8]
	[399,10]
	[430,5]
	[397,5]
	[395,19]
	[403,19]
	[444,2]
	[440,4]
	[396,7]
	[439,6]
	[400,35]
	[402,12]
	[435,7]
	[394,10]
	[398,11]
	[436,2]
	[380,2]
	[433,7]
	[392,5]
	[429,5]
	[405,9]
	[404,16]
	[431,8]
	[406,10]
	[441,7]
	[468,1]
	[438,8]
	[409,5]
	[432,4]
	[427,4]
	[425,5]
	[422,4]
	[415,3]
	[437,5]
	[451,1]
	[423,3]
	[424,5]
	[305,6]
	[410,6]
	[411,4]
	[408,9]
	[412,3]
	[407,8]
	[418,6]
	[442,3]
	[426,2]
	[329,3]
	[356,3]
	[417,2]
	[365,4]
	[421,2]
	[466,1]
	[376,1]
	[375,1]
	[416,2]
	[377,1]
	[374,1]
	[474,1]
	[419,1]
	[370,2]
	[453,1]
	[456,2]
	[366,1]
	[420,2]
	[371,1]
	[538,1]
	[368,1]
	[413,2]
	[594,3]
	[596,1]
	[598,2]
	[599,2]
	[595,3]
	[605,2]
	[600,3]
	[603,3]
	[602,2]
	[593,1]
	[639,1]
	[601,2]
	[604,1]
	[636,1]
	[577,1]
	[629,1]
	[667,1]

1576,
	[1244,1]
	[15,7]
	[26,1]
	[30,8]
	[46,9]
	[4,42]
	[3,19]
	[19,15]
	[31,12]
	[29,2]
	[5,217]
	[62,2]
	[7,25]
	[56,3]
	[67,2]
	[70,2]
	[74,4]
	[11,3]
	[77,2]
	[39,8]
	[59,4]
	[64,1]
	[85,1]
	[88,3]
	[54,4]
	[84,3]
	[99,2]
	[53,3]
	[97,2]
	[102,2]
	[106,3]
	[50,3]
	[23,3]
	[111,3]
	[107,3]
	[63,1]
	[113,4]
	[101,1]
	[72,1]
	[22450,1]
	[57,3]
	[112,1]
	[22868,1]
	[115,2]
	[119,3]
	[118,2]
	[51,6]
	[81,1]
	[108,2]
	[125,4]
	[76,2]
	[123,1]
	[94,4]
	[90,6]
	[130,3]
	[133,1]
	[134,4]
	[145,5]
	[139,1]
	[103,2]
	[138,1]
	[146,2]
	[104,1]
	[141,4]
	[144,3]
	[116,3]
	[147,5]
	[150,4]
	[22,15]
	[151,4]
	[68,2]
	[132,3]
	[155,2]
	[17,8]
	[124,1]
	[33,11]
	[156,1]
	[157,2]
	[75,2]
	[16,19]
	[35,1]
	[96,1]
	[1922,1]
	[10,21]
	[162,4]
	[160,3]
	[93,2]
	[163,3]
	[165,4]
	[152,1]
	[18,4]
	[92,1]
	[166,1]
	[158,2]
	[27,4]
	[149,2]
	[164,3]
	[169,3]
	[128,2]
	[168,2]
	[171,4]
	[105,1]
	[109,2]
	[40,14]
	[174,3]
	[175,1]
	[176,1]
	[161,1]
	[177,1]
	[179,1]
	[181,3]
	[121,2]
	[180,2]
	[48,7]
	[186,3]
	[189,2]
	[187,2]
	[193,3]
	[73,1]
	[91,2]
	[199,4]
	[197,2]
	[202,2]
	[154,1]
	[8,4]
	[69,1]
	[170,2]
	[122,1]
	[204,2]
	[206,1]
	[9,15]
	[207,2]
	[28,16]
	[212,5]
	[42,17]
	[210,3]
	[126,1]
	[79,1]
	[13,17]
	[159,1]
	[217,5]
	[182,1]
	[218,2]
	[66,2]
	[143,2]
	[216,2]
	[221,3]
	[222,3]
	[219,4]
	[223,4]
	[58,1]
	[250,5]
	[225,5]
	[213,1]
	[224,5]
	[226,2]
	[254,9]
	[236,4]
	[183,1]
	[60,2]
	[227,4]
	[261,5]
	[215,1]
	[231,3]
	[45,6]
	[86,1]
	[233,4]
	[266,5]
	[248,3]
	[229,5]
	[239,3]
	[237,5]
	[238,3]
	[243,2]
	[242,1]
	[241,2]
	[230,2]
	[192,1]
	[190,1]
	[245,4]
	[252,6]
	[25,22]
	[235,3]
	[43,5]
	[34,17]
	[251,5]
	[208,1]
	[120,2]
	[117,1]
	[253,2]
	[258,4]
	[129,1]
	[195,2]
	[256,2]
	[259,4]
	[173,1]
	[263,5]
	[184,2]
	[267,2]
	[265,1]
	[100,1]
	[269,6]
	[188,2]
	[228,2]
	[247,3]
	[273,7]
	[272,4]
	[260,2]
	[270,5]
	[274,4]
	[194,1]
	[148,2]
	[279,4]
	[264,1]
	[275,2]
	[283,3]
	[278,3]
	[287,3]
	[280,4]
	[282,1]
	[284,3]
	[290,4]
	[288,3]
	[36,5]
	[286,5]
	[110,2]
	[289,1]
	[214,2]
	[291,4]
	[285,2]
	[294,4]
	[292,1]
	[249,3]
	[201,2]
	[297,2]
	[293,3]
	[296,6]
	[44,3]
	[300,4]
	[299,3]
	[80,1]
	[6,14]
	[334,6]
	[307,2]
	[308,4]
	[302,4]
	[325,6]
	[306,2]
	[71824,1]
	[303,2]
	[341,5]
	[351,9]
	[340,6]
	[305,1]
	[352,4]
	[12,11]
	[335,6]
	[311,5]
	[342,4]
	[323,3]
	[327,6]
	[346,8]
	[318,5]
	[309,3]
	[338,4]
	[321,6]
	[324,3]
	[317,4]
	[220,1]
	[329,6]
	[200,1]
	[331,2]
	[198,1]
	[38,3]
	[326,2]
	[333,3]
	[255,3]
	[74645,1]
	[295,2]
	[337,2]
	[339,4]
	[379,2]
	[343,1]
	[316,2]
	[349,4]
	[240,1]
	[191,1]
	[345,3]
	[196,1]
	[304,1]
	[348,4]
	[350,1]
	[364,3]
	[313,1]
	[367,6]
	[357,4]
	[356,2]
	[80504,1]
	[405,5]
	[361,3]
	[276,2]
	[365,3]
	[358,2]
	[330,1]
	[363,3]
	[370,6]
	[366,3]
	[368,3]
	[371,8]
	[377,2]
	[374,4]
	[376,6]
	[262,2]
	[375,4]
	[320,5]
	[380,7]
	[378,1]
	[384,6]
	[409,7]
	[319,3]
	[385,2]
	[386,2]
	[387,4]
	[388,1]
	[89389,1]
	[421,7]
	[347,3]
	[393,5]
	[383,1]
	[418,2]
	[394,1]
	[21,2]
	[427,7]
	[315,1]
	[362,5]
	[391,3]
	[429,4]
	[328,2]
	[430,3]
	[395,3]
	[396,4]
	[404,4]
	[322,1]
	[399,3]
	[402,6]
	[92432,1]
	[390,4]
	[410,4]
	[407,3]
	[355,3]
	[372,2]
	[406,3]
	[453,5]
	[234,2]
	[408,1]
	[24,4]
	[413,5]
	[411,4]
	[415,5]
	[432,6]
	[416,2]
	[312,2]
	[419,6]
	[422,9]
	[232,1]
	[414,3]
	[423,7]
	[246,1]
	[463,7]
	[94497,1]
	[382,1]
	[426,9]
	[353,2]
	[431,4]
	[268,1]
	[14,2]
	[281,2]
	[381,1]
	[425,4]
	[424,2]
	[400,3]
	[354,2]
	[417,1]
	[466,5]
	[344,2]
	[412,3]
	[434,4]
	[442,5]
	[433,5]
	[437,3]
	[467,3]
	[441,8]
	[257,1]
	[98458,1]
	[435,5]
	[440,5]
	[403,2]
	[486,2]
	[443,5]
	[439,6]
	[451,6]
	[448,7]
	[498,10]
	[479,2]
	[447,3]
	[446,2]
	[497,6]
	[450,3]
	[37,6]
	[484,3]
	[452,5]
	[457,6]
	[277,1]
	[456,2]
	[314,1]
	[473,3]
	[482,6]
	[496,5]
	[459,4]
	[504,5]
	[503,7]
	[373,1]
	[464,4]
	[454,4]
	[468,5]
	[460,4]
	[455,3]
	[458,5]
	[469,3]
	[462,2]
	[336,1]
	[438,1]
	[478,4]
	[476,2]
	[449,3]
	[505,6]
	[499,10]
	[470,5]
	[471,3]
	[508,3]
	[509,8]
	[444,3]
	[461,4]
	[507,4]
	[506,2]
	[501,7]
	[519,8]
	[495,10]
	[474,4]
	[472,2]
	[516,10]
	[556,4]
	[492,2]
	[522,4]
	[513,5]
	[465,2]
	[532,2]
	[525,6]
	[480,3]
	[517,3]
	[514,4]
	[369,2]
	[485,5]
	[488,1]
	[490,4]
	[489,2]
	[493,3]
	[502,2]
	[494,3]
	[540,4]
	[420,5]
	[500,3]
	[360,1]
	[523,5]
	[41,1]
	[512,7]
	[511,4]
	[510,7]
	[115194,1]
	[49,2]
	[558,3]
	[483,2]
	[552,5]
	[521,7]
	[515,2]
	[526,4]
	[524,6]
	[47,1]
	[116852,1]
	[520,3]
	[529,4]
	[477,1]
	[389,2]
	[118327,1]
	[535,4]
	[528,3]
	[530,2]
	[537,4]
	[533,2]
	[534,5]
	[428,2]
	[538,6]
	[531,2]
	[536,2]
	[542,3]
	[585,6]
	[589,10]
	[544,4]
	[541,5]
	[545,2]
	[598,4]
	[539,3]
	[621,3]
	[569,6]
	[573,5]
	[571,4]
	[125114,1]
	[577,6]
	[575,7]
	[547,3]
	[553,4]
	[126123,1]
	[554,1]
	[584,8]
	[550,3]
	[574,3]
	[583,8]
	[581,7]
	[560,2]
	[436,1]
	[549,2]
	[591,7]
	[612,5]
	[592,6]
	[587,7]
	[635,1]
	[618,1]
	[601,2]
	[632,2]
	[565,4]
	[555,4]
	[599,2]
	[564,4]
	[568,4]
	[566,3]
	[593,4]
	[562,2]
	[611,6]
	[570,8]
	[572,6]
	[617,3]
	[397,2]
	[576,6]
	[128762,1]
	[557,1]
	[579,2]
	[582,2]
	[578,3]
	[580,4]
	[527,1]
	[491,1]
	[588,6]
	[131121,1]
	[586,1]
	[594,3]
	[633,1]
	[548,2]
	[590,3]
	[597,1]
	[487,3]
	[563,4]
	[133519,1]
	[643,1]
	[596,6]
	[133858,1]
	[602,2]
	[605,2]
	[600,1]
	[595,1]
	[559,1]
	[609,4]
	[603,4]
	[567,1]
	[645,1]
	[604,1]
	[606,2]
	[607,4]
	[561,1]
	[647,2]
	[608,2]
	[610,3]
	[654,1]
	[624,1]
	[619,5]
	[551,1]
	[137659,1]
	[613,3]
	[614,2]
	[659,1]
	[615,2]
	[620,2]
	[616,2]
	[625,2]
	[627,1]
	[481,1]
	[623,3]
	[665,1]
	[653,1]
	[628,1]
	[630,1]
	[543,1]
	[639,1]
	[629,1]
	[631,1]
	[638,1]
	[640,1]
	[652,1]
	[656,2]
	[644,1]

1572,
	[3127,1]
	[27,1]
	[7947,1]
	[34,1]
	[4,34]
	[2,2]
	[5,213]
	[3,2]
	[43,3]
	[30,1]
	[28,2]
	[55,3]
	[19229,1]
	[67,1]
	[21271,1]
	[21796,1]
	[78,3]
	[88,2]
	[89,2]
	[25599,1]
	[26129,1]
	[99,1]
	[110,1]
	[68,1]
	[112,1]
	[122,1]
	[128,2]
	[150,1]
	[36535,1]
	[168,1]
	[175,2]
	[183,8]
	[187,11]
	[113,1]
	[199,1]
	[159,15]
	[194,2]
	[12,26]
	[209,1]
	[205,2]
	[15,21]
	[47048,1]
	[13,83]
	[215,1]
	[206,1]
	[181,1]
	[232,2]
	[7,3]
	[6,15]
	[35,1]
	[263,2]
	[157,6]
	[234,3]
	[44,1]
	[76,1]
	[24,1]
	[156,1]
	[265,2]
	[46,3]
	[79,2]
	[264,1]
	[238,1]
	[80,1]
	[246,1]
	[239,1]
	[248,1]
	[249,2]
	[251,1]
	[56762,1]
	[57488,1]
	[136,1]
	[253,2]
	[266,3]
	[58897,1]
	[286,1]
	[260,1]
	[268,2]
	[273,1]
	[270,1]
	[66,2]
	[271,1]
	[256,2]
	[267,1]
	[14,14]
	[275,2]
	[282,1]
	[280,2]
	[160,12]
	[276,1]
	[287,1]
	[283,1]
	[293,2]
	[296,2]
	[158,8]
	[299,1]
	[327,1]
	[302,1]
	[289,1]
	[294,1]
	[97,1]
	[301,1]
	[304,5]
	[339,2]
	[71,1]
	[310,2]
	[170,2]
	[53,2]
	[316,1]
	[114,3]
	[309,2]
	[324,1]
	[313,2]
	[54,4]
	[332,1]
	[378,1]
	[75499,1]
	[323,1]
	[135,2]
	[338,1]
	[134,1]
	[330,2]
	[77730,1]
	[345,2]
	[350,2]
	[336,1]
	[349,1]
	[352,2]
	[56,2]
	[144,1]
	[343,1]
	[153,1]
	[51,2]
	[357,2]
	[348,1]
	[361,3]
	[165,1]
	[50,1]
	[367,3]
	[83040,1]
	[356,1]
	[369,1]
	[371,2]
	[370,2]
	[364,1]
	[373,1]
	[184,7]
	[87717,1]
	[45,1]
	[303,2]
	[47,1]
	[59,2]
	[411,2]
	[192,2]
	[75,1]
	[91,2]
	[185,9]
	[92930,1]
	[8,1]
	[425,4]
	[420,3]
	[419,2]
	[393,1]
	[198,1]
	[428,1]
	[426,2]
	[145,1]
	[427,2]
	[142,1]
	[189,3]
	[395,1]
	[398,1]
	[403,2]
	[48,2]
	[400,1]
	[448,1]
	[363,1]
	[186,11]
	[49,1]
	[196,1]
	[409,2]
	[413,2]
	[412,2]
	[42,10]
	[203,1]
	[410,2]
	[58,1]
	[417,1]
	[93301,1]
	[182,2]
	[188,12]
	[40,6]
	[151,1]
	[17,1]
	[430,1]
	[405,1]
	[437,1]
	[449,1]
	[226,1]
	[223,1]
	[99101,1]
	[231,1]
	[99179,1]
	[438,1]
	[74,1]
	[439,1]
	[100201,1]
	[441,2]
	[442,1]
	[440,1]
	[447,3]
	[100617,1]
	[450,2]
	[452,1]
	[454,1]
	[422,1]
	[451,2]
	[488,1]
	[456,1]
	[247,1]
	[103025,1]
	[457,1]
	[459,2]
	[462,2]
	[174,2]
	[468,1]
	[254,2]
	[470,1]
	[471,1]
	[489,2]
	[494,3]
	[499,2]
	[496,1]
	[57,1]
	[504,1]
	[163,1]
	[164,1]
	[474,1]
	[65,2]
	[509,1]
	[476,2]
	[110242,1]
	[479,1]
	[485,1]
	[502,2]
	[161,4]
	[522,2]
	[52,1]
	[111166,1]
	[500,1]
	[288,2]
	[514,1]
	[507,1]
	[506,3]
	[505,1]
	[510,1]
	[115189,1]
	[517,1]
	[305,2]
	[516,1]
	[115819,1]
	[518,1]
	[512,1]
	[41,4]
	[307,1]
	[311,1]
	[118023,1]
	[520,1]
	[523,2]
	[319,1]
	[527,1]
	[162,1]
	[529,2]
	[318,1]
	[119535,1]
	[322,1]
	[127,1]
	[326,1]
	[533,1]
	[537,1]
	[96,1]
	[536,1]
	[546,2]
	[571,2]
	[549,1]
	[570,1]
	[190,2]
	[36,1]
	[556,1]
	[154,1]
	[581,3]
	[72,1]
	[155,1]
	[140,1]
	[128923,1]
	[569,1]
	[565,1]
	[562,1]
	[567,1]
	[355,1]
	[568,1]
	[564,1]
	[576,1]
	[574,2]
	[580,3]
	[368,1]
	[176,1]
	[579,1]
	[584,1]
	[131872,1]
	[591,2]
	[583,1]
	[589,2]
	[592,2]
	[146,1]
	[598,1]
	[201,2]
	[193,1]
	[599,1]
	[601,2]
	[596,1]
	[605,2]
	[563,1]
	[604,1]
	[608,3]
	[197,1]
	[204,1]
	[616,1]
	[607,1]
	[138816,1]
	[623,1]
	[624,1]
	[615,1]
	[139448,1]
	[180,1]
	[191,1]

1628,
	[3,2]

1632,
	[132,1]
	[149,1]
	[193,1]
	[243,1]
	[235,1]
	[354,1]
	[441,1]
	[346,1]
	[392,1]
	[448,2]
	[447,1]
	[497,1]
	[406,1]
	[504,1]
	[550,1]
	[422,1]
	[602,1]
	[590,1]
	[14082775,1]

len(carl_order):
49
Printing carl assignment order:
1628,3,0.3333333333333333
1572,5,0.052280774838575295
1572,15,0.024126702190645354
1576,5,0.023244147157190635
1636,10,0.016538688718251624
1636,189,0.01102799413896815
1576,7,0.009185115402731984
1580,4,0.007902662650923532
1580,444,0.006690436001417146
1576,10,0.0064
1612,13,0.0059102102670960405
1636,214,0.005714285714285714
1608,12,0.005187860356079326
1576,13,0.005052151238591917
1576,16,0.004628864275086791
1576,19,0.004533243787777031
1576,34,0.004065746950689787
1576,42,0.0037537537537537537
1580,456,0.0036496350364963502
1572,624,0.003333120490390141
1576,46,0.003219034289713086
1576,665,0.0029247198188646936
1580,605,0.0026077744275120203
1612,651,0.0025687198404149877
1608,632,0.002420857704548296
1632,602,0.002374703162104737
1580,639,0.0021390374331550803
1608,657,0.0016224986479177934
1580,671,0.0012048192771084338
1580,763,0.00089126559714795
1636,2045,0.0007757951900698216
1580,2549,0.0005729017473503294
1608,659,0.00022431583669807088
1580,3345,0.00021537798836958864
1576,1244,8.224360555966774e-05
1576,1922,7.374631268436578e-05
1608,675,5.610727711384166e-05
1580,11830,5.0854999682156253e-05
1608,690,2.994908655286014e-05
1580,23848,2.9384540793088755e-05
1612,16698,1.8292449708235427e-05
1612,29221,1.7581953882534965e-05
1608,717,1.6645859342488557e-05
1580,92692,1.579766352556457e-05
1612,138957,1.3515427272604405e-05
1572,139448,1.2679584217222025e-05
1608,142824,1.059296861510591e-05
1576,137659,1.0122115330316588e-05
1632,14082775,7.101176785713398e-08
bin_width: 2965636
assigning lease 3 to address 1628
Average Cache Occupancy Per Bin: [0.00,0.00,0.0,0.0,0.0]
Total cost: 768.0
assigning lease 5 to address 1572
Average Cache Occupancy Per Bin: [0.07,0.08,0.10,0.08,0.07]
Total cost: 221184.0
assigning lease 15 to address 1572
Average Cache Occupancy Per Bin: [0.17,0.18,0.24,0.19,0.19]
Total cost: 512512.0
assigning lease 5 to address 1576
Average Cache Occupancy Per Bin: [0.38,0.39,0.46,0.38,0.39]
Total cost: 1146112.0
assigning lease 10 to address 1636
Average Cache Occupancy Per Bin: [0.45,0.41,0.49,0.40,0.40]
Total cost: 1346048.0
assigning lease 189 to address 1636
Average Cache Occupancy Per Bin: [0.93,0.64,0.56,0.61,0.55]
Total cost: 2763776.0
assigning lease 7 to address 1576
Average Cache Occupancy Per Bin: [1.00,0.70,0.63,0.67,0.62]
Total cost: 2990080.0
assigning lease 4 to address 1580
Average Cache Occupancy Per Bin: [2.27,2.01,1.96,1.96,1.92]
Total cost: 6742784.0
assigning lease 444 to address 1580
Average Cache Occupancy Per Bin: [43.5,48.9,51.3,50.2,49.6]
Total cost: 129073408.0
assigning lease 10 to address 1576
Average Cache Occupancy Per Bin: [43.6,49.0,51.5,50.3,49.7]
Total cost: 129407488.0
assigning lease 13 to address 1612
Average Cache Occupancy Per Bin: [44.0,49.5,51.9,50.7,50.2]
Total cost: 130672640.0
assigning lease 214 to address 1636
Average Cache Occupancy Per Bin: [44.0,49.5,51.9,50.7,50.2]
Total cost: 130711040.0
assigning lease 12 to address 1608
Average Cache Occupancy Per Bin: [50.6,56.3,58.6,57.7,57.1]
Total cost: 150327296.0
assigning lease 13 to address 1576
Average Cache Occupancy Per Bin: [50.8,56.4,58.7,57.8,57.2]
Total cost: 150657024.0
assigning lease 16 to address 1576
Average Cache Occupancy Per Bin: [50.9,56.5,58.8,57.9,57.3]
Total cost: 150983680.0
assigning lease 19 to address 1576
Average Cache Occupancy Per Bin: [51.0,56.6,59.0,58.0,57.4]
Total cost: 151306240.0
assigning lease 34 to address 1576
Average Cache Occupancy Per Bin: [51.5,57.1,59.5,58.5,57.9]
Total cost: 152870400.0
assigning lease 42 to address 1576
Average Cache Occupancy Per Bin: [51.8,57.3,59.7,58.7,58.2]
Total cost: 153675520.0
assigning lease 456 to address 1580
Average Cache Occupancy Per Bin: [51.8,57.3,59.7,58.8,58.2]
Total cost: 153829120.0
assigning lease 624 to address 1572
Average Cache Occupancy Per Bin: [53.6,59.7,63.2,61.6,61.2]
Total cost: 159247360.0
assigning lease 46 to address 1576
Average Cache Occupancy Per Bin: [53.8,59.8,63.3,61.7,61.4]
Total cost: 159642880.0
assigning lease 665 to address 1576
Average Cache Occupancy Per Bin: [58.0,67.1,74.8,74.5,77.2]
Total cost: 172093440.0
assigning lease 605 to address 1580
Average Cache Occupancy Per Bin: [58.6,67.2,74.8,74.5,77.6]
Total cost: 173951232.0
assigning lease 651 to address 1612
Average Cache Occupancy Per Bin: [63.9,76.5,87.9,89.3,97.3]
Total cost: 189684736.0
assigning lease 632 to address 1608
Average Cache Occupancy Per Bin: [154.,244.,299.,354.,391.]
Total cost: 456715264.0
assigning lease 602 to address 1632
Average Cache Occupancy Per Bin: [154.,244.,299.,355.,391.]
Total cost: 456898816.0
assigning lease 639 to address 1580
Average Cache Occupancy Per Bin: [154.,244.,299.,355.,391.]
Total cost: 457311232.0
assigning lease 657 to address 1608
Average Cache Occupancy Per Bin: [155.,245.,300.,356.,392.]
Total cost: 460191232.0
assigning lease 671 to address 1580
Average Cache Occupancy Per Bin: [155.,245.,300.,356.,392.]
Total cost: 460576256.0
assigning lease 763 to address 1580
Average Cache Occupancy Per Bin: [155.,245.,300.,356.,392.]
Total cost: 461630976.0
assigning lease 2045 to address 1636
Average Cache Occupancy Per Bin: [156.,245.,300.,356.,392.]
Total cost: 463610880.0
assigning lease 2549 to address 1580
Average Cache Occupancy Per Bin: [160.,246.,300.,356.,392.]
Total cost: 476974848.0
assigning lease 659 to address 1608
Average Cache Occupancy Per Bin: [160.,246.,300.,356.,392.]
Total cost: 477205248.0
assigning lease 3345 to address 1580
Average Cache Occupancy Per Bin: [161.,246.,300.,356.,392.]
Total cost: 478767360.0
assigning lease 1244 to address 1576
Average Cache Occupancy Per Bin: [161.,246.,300.,356.,392.]
Total cost: 479360256.0
assigning lease 1922 to address 1576
Average Cache Occupancy Per Bin: [161.,246.,301.,356.,393.]
Total cost: 479880960.0
assigning lease 675 to address 1608
Average Cache Occupancy Per Bin: [162.,247.,301.,357.,393.]
Total cost: 481724160.0
assigning lease 11830 to address 1580
Average Cache Occupancy Per Bin: [166.,250.,301.,357.,393.]
Total cost: 493171200.0
assigning lease 690 to address 1608
Average Cache Occupancy Per Bin: [166.,251.,302.,357.,394.]
Total cost: 494895360.0
assigning lease 23848 to address 1580
Average Cache Occupancy Per Bin: [168.,255.,302.,357.,394.]
Total cost: 500013056.0
assigning lease 16698 to address 1612
Average Cache Occupancy Per Bin: [194.,262.,306.,363.,403.]
Total cost: 575903744.0
assigning lease 29221 to address 1612
Average Cache Occupancy Per Bin: [203.,267.,309.,367.,411.]
Total cost: 602354176.0
assigning lease 717 to address 1608
Average Cache Occupancy Per Bin: [204.,268.,310.,368.,412.]
Total cost: 605450752.0
assigning lease 92692 to address 1580
Average Cache Occupancy Per Bin: [204.,290.,310.,368.,412.]
Total cost: 605450752.0
assigning lease 138957 to address 1612
Average Cache Occupancy Per Bin: [212.,315.,329.,400.,476.]
Total cost: 630210304.0
addr: 1572 ri: 139448
bin target: 1518405632
	bin: 4.0 current capacity: 476.38271453408305  avg impact: 46.31725808561806
num_full_bins: 0
printing bin ranks sorted:
	bin: 4.0 rank: 0.7689851890644714
	selecting this^ bin
acceptable_ratio: 0.7689851890644714
Assigning 1572 dual lease lease 139448 * 0.7689851890644714. Bin saturation: [237.,342.,375.,438.,512.]
addr: 1608 ri: 142824
bin target: 1518405632
	bin: 0.0 current capacity: 237.35311899796363  avg impact: 1602.4285003284288
	bin: 1.0 current capacity: 342.54587103585715  avg impact: 2891.5437713866436
	bin: 2.0 current capacity: 375.71797699746605  avg impact: 3713.6339914945734
	bin: 3.0 current capacity: 438.5921908441332  avg impact: 4828.941909256564
	bin: 4.0 current capacity: 512.0  avg impact: 5086.832709071511
num_full_bins: 1
printing bin ranks sorted:
	bin: 4.0 rank: 0.0
	bin: 3.0 rank: 0.01520163434046533
	bin: 2.0 rank: 0.03669775301353446
	bin: 1.0 rank: 0.05860334214580501
	bin: 0.0 rank: 0.17139415639808303
acceptable_ratio: 0
addr: 1576 ri: 137659
bin target: 1518405632
	bin: 4.0 current capacity: 512.0  avg impact: 56.56766508094722
num_full_bins: 1
printing bin ranks sorted:
	bin: 4.0 rank: 0.0
acceptable_ratio: 0
addr: 1632 ri: 14082775
bin target: 1518405632
	bin: 4.0 current capacity: 512.0  avg impact: 1215.6030908715702
num_full_bins: 1
printing bin ranks sorted:
	bin: 4.0 rank: 0.0
acceptable_ratio: 0
Final saturation:
	0.0,703902954.4126449
	1.0,1015866366.7952952
	2.0,1114242758.4308572
	3.0,1300704790.4862318
	4.0,1518405632.0
DUMP LEASES
0, 64c, 21ecd, 0, 1 
0, 648, 2cd, 0, 1 
0, 664, 7fd, 0, 1 
0, 62c, 16a14, 0, 1 
0, 628, 782, 0, 1 
0, 624, 270, 220b8, 0.23101481093552856 
0, 65c, 3, 0, 1 
0, 660, 25a, 0, 1 
Dump dual leases

