sample rate: 0.00390625
1452,
	[76,2]
	[1,39]
	[3,65]
	[4,280]
	[2,305]
	[7,2]
	[13,1]
	[37,3]
	[41,4]
	[216,1]
	[24,1]
	[33,1]
	[7419,1]
	[43,1]
	[52,2]
	[10182,1]
	[10652,1]
	[56,1]
	[58,3]
	[53,1]
	[34,2]
	[64,1]
	[22,3]
	[66,2]
	[68,2]
	[73,2]
	[72,2]
	[78,1]
	[79,1]
	[82,3]
	[87,1]
	[88,1]
	[91,3]
	[90,1]
	[97,1]
	[102,13]
	[101,5]
	[119,2]
	[100,5]
	[105,4]
	[103,10]
	[8,1]
	[5,24]
	[120,2]
	[135,1]
	[114,1]
	[84,4]
	[126,2]
	[124,2]
	[132,1]
	[46,4]
	[145,2]
	[26173,1]
	[151,1]
	[150,2]
	[109,3]
	[48,15]
	[107,2]
	[104,10]
	[49,17]
	[99,5]
	[40,1]
	[98,3]
	[143,1]
	[139,1]
	[111,1]
	[17,4]
	[123,2]
	[51,4]
	[130,1]
	[77,2]
	[50,11]
	[80,1]
	[136,1]
	[60,4]
	[174,1]
	[30,2]
	[19,2]
	[171,2]
	[45,3]
	[146,1]
	[47,8]
	[153,1]
	[149,1]
	[154,1]
	[54,1]
	[157,2]
	[163,1]
	[39476,1]
	[63,1]
	[71,1]
	[65,1]
	[201,1]
	[200,2]
	[9,1]
	[175,1]
	[177,2]
	[181,1]
	[42556,1]
	[81,2]
	[85,2]
	[187,1]
	[59,1]
	[226,2]
	[96,1]
	[232,1]
	[159,1]
	[229,1]
	[194,1]
	[69,1]
	[108,2]
	[47217,1]
	[106,1]
	[110,1]
	[112,1]
	[115,1]
	[113,1]
	[18,1]
	[117,2]
	[121,1]
	[55,1]
	[257,1]
	[92,1]
	[263,1]
	[89,1]
	[127,1]
	[20,1]
	[131,1]
	[12,1]

1456,
	[1,324]
	[173,97]
	[644,1]
	[648,1]
	[528,1]
	[319,109]
	[340,1]
	[3,14]
	[608,2]
	[6,16]
	[621,1]
	[487,1]
	[486,1]
	[471,1]
	[642,1]
	[632,1]
	[753,1]
	[778,1]
	[900,1]
	[876,1]
	[811,1]
	[679,1]
	[776,1]
	[799,1]
	[10,11]
	[872,1]
	[931,1]
	[910,1]
	[933,2]
	[1055,1]
	[1094,1]
	[899,1]
	[16,6]
	[1428,1]
	[51,33]
	[2908,1]
	[2885,1]
	[2187,1]
	[2646,1]
	[18,7]
	[2977,1]
	[3015,1]
	[12,12]
	[3057,1]
	[3008,1]
	[1697,1]
	[4,10]
	[1570,1]
	[1480,1]
	[2,2]
	[1496,1]
	[1571,1]
	[1665,1]
	[19,8]
	[1860,1]
	[28,7]
	[8,7]
	[2030,1]
	[17,6]
	[2232,1]
	[2400,1]
	[2290,1]
	[2553,1]
	[31,18]
	[2859,1]
	[2892,1]
	[2919,1]
	[15,4]
	[3104,1]
	[34,10]
	[3182,1]
	[186,54]
	[14,4]
	[7,5]
	[3802,1]
	[20,15]
	[9,3]
	[3876,1]
	[3949,1]
	[3874,1]
	[4081,1]
	[4140,1]
	[23,12]
	[4186,1]
	[24,11]
	[4208,1]
	[5,5]
	[4019,2]
	[169,81]
	[4183,1]
	[4360,1]
	[4084,1]
	[21,11]
	[176,106]
	[4404,1]
	[187,73]
	[4380,1]
	[25,13]
	[4499,1]
	[40,28]
	[4455,1]
	[4358,1]
	[32,18]
	[29,13]
	[22,11]
	[209,106]
	[4687,1]
	[5045,1]
	[5046,1]
	[27,13]
	[205,116]
	[5049,1]
	[26,13]
	[5084,1]
	[5193,1]
	[45,26]
	[4882,1]
	[5292,1]
	[5516,1]
	[43,23]
	[5361,1]
	[36,17]
	[72,28]
	[74,41]
	[44,18]
	[30,7]
	[7386,1]
	[59,18]
	[61,11]
	[6923,1]
	[76,33]
	[8588,1]
	[8631,1]
	[8419,1]
	[8485,1]
	[33,19]
	[7488,1]
	[7746,1]
	[6772,1]
	[7148,1]
	[73,24]
	[82,23]
	[71,12]
	[62,30]
	[8893,1]
	[8703,1]
	[49,27]
	[50,33]
	[259,136]
	[257,179]
	[7728,1]
	[101,31]
	[63,8]
	[78,31]
	[651,1]
	[601,1]
	[66,32]
	[65,11]
	[9038,1]
	[35,11]
	[6613,1]
	[80,35]
	[8664,1]
	[39,12]
	[48,23]
	[9493,1]
	[274,85]
	[8151,1]
	[8293,1]
	[8125,1]
	[8150,1]
	[7943,1]
	[271,108]
	[64,31]
	[298,73]
	[55,17]
	[38,21]
	[7351,1]
	[37,20]
	[54,15]
	[7313,1]
	[7599,1]
	[7680,2]
	[7436,1]
	[47,23]
	[7889,1]
	[7919,1]
	[7900,1]
	[336,1]
	[320,93]
	[7888,1]
	[7788,1]
	[8470,1]
	[41,24]
	[7862,1]
	[8193,1]
	[352,1]
	[53,16]
	[8214,1]
	[60,45]
	[8435,1]
	[8813,1]
	[42,19]
	[8174,1]
	[8906,1]
	[46,21]
	[8676,1]
	[8462,1]
	[67,11]
	[8473,1]
	[69,14]
	[359,1]
	[9144,1]
	[8733,1]
	[52,23]
	[8418,1]
	[57,12]
	[8818,1]
	[58,29]
	[56,33]
	[337,1]
	[8672,1]
	[8999,1]
	[8705,1]
	[8856,1]
	[9226,1]
	[9609,1]
	[9225,1]
	[398,2]
	[8886,1]
	[377,1]
	[400,1]
	[9187,1]
	[9298,1]
	[81,19]
	[9805,1]
	[13,4]
	[410,1]
	[9551,1]
	[405,1]
	[68,35]
	[9911,1]
	[9909,1]
	[9932,1]
	[9605,1]
	[9681,1]
	[439,1]
	[9784,1]
	[77,13]
	[10103,1]
	[412,1]
	[9754,1]
	[9790,1]
	[433,1]
	[9775,1]
	[9781,1]
	[10129,1]
	[10128,1]
	[9783,1]
	[10159,1]
	[9967,1]
	[10348,1]
	[10001,1]
	[9988,1]
	[10344,1]
	[10439,1]
	[436,1]
	[434,1]
	[70,38]
	[10333,1]
	[10717,1]
	[10738,1]
	[10365,1]
	[10462,1]
	[83,17]
	[11,4]
	[10939,1]
	[10972,1]
	[10604,1]
	[454,1]
	[87,32]
	[10622,1]
	[84,21]
	[10668,1]
	[10706,1]
	[498,1]
	[11332,1]
	[502,1]
	[86,27]
	[85,12]
	[11280,1]
	[11472,1]
	[488,1]
	[89,30]
	[107,38]
	[104,42]
	[12200,1]
	[106,33]
	[12969,1]
	[13080,1]
	[514,2]
	[501,1]
	[13643,1]
	[91,35]
	[12607,1]
	[144,65]
	[108,56]
	[140,44]
	[111,22]
	[13612,1]
	[515,1]
	[75,17]
	[94,49]
	[138,60]
	[889,2]
	[121,41]
	[128,56]
	[109,37]
	[114,18]
	[518,1]
	[16045,1]
	[88,26]
	[13604,1]
	[13559,1]
	[110,40]
	[915,1]
	[15683,1]
	[16036,1]
	[16416,1]
	[79,22]
	[16658,1]
	[548,2]
	[534,1]
	[97,44]
	[14508,1]
	[14942,1]
	[123,41]
	[129,55]
	[15134,1]
	[127,44]
	[98,35]
	[16376,1]
	[99,40]
	[100,34]
	[564,2]
	[92,27]
	[15484,1]
	[14923,1]
	[112,20]
	[14200,1]
	[14993,1]
	[119,26]
	[14734,1]
	[562,2]
	[15861,1]
	[15392,1]
	[90,32]
	[141,45]
	[13834,1]
	[103,29]
	[14400,1]
	[96,30]
	[592,1]
	[606,1]
	[596,1]
	[13731,1]
	[593,1]
	[13812,1]
	[14337,1]
	[610,1]
	[14525,1]
	[14152,1]
	[14171,1]
	[626,1]
	[14306,1]
	[14395,1]
	[619,1]
	[14618,1]
	[15237,1]
	[14707,1]
	[15402,1]
	[663,1]
	[14934,1]
	[15506,1]
	[14960,1]
	[14979,1]
	[95,24]
	[670,1]
	[15256,1]
	[15282,1]
	[15853,1]
	[667,1]
	[15332,1]
	[93,21]
	[15336,1]
	[665,1]
	[105,37]
	[15445,1]
	[15451,1]
	[15464,1]
	[15615,1]
	[16335,1]
	[16152,1]
	[16171,1]
	[16173,1]
	[16177,1]
	[113,22]
	[115,18]
	[17022,1]
	[17143,1]
	[16552,1]
	[17185,1]
	[16665,1]
	[738,1]
	[16744,1]
	[17384,1]
	[17387,1]
	[16809,1]
	[16828,1]
	[102,33]
	[16913,1]
	[751,1]
	[16982,1]
	[754,1]
	[17229,1]
	[116,28]
	[17291,1]
	[765,2]
	[17689,1]
	[18405,2]
	[117,28]
	[795,2]
	[18016,1]
	[18732,1]
	[18109,1]
	[18824,1]
	[18162,1]
	[118,23]
	[19097,1]
	[18508,1]
	[19243,1]
	[18615,1]
	[120,38]
	[18788,1]
	[18851,1]
	[18883,1]
	[801,1]
	[18916,1]
	[18902,1]
	[18949,1]
	[19002,1]
	[19121,1]
	[122,29]
	[816,1]
	[19288,1]
	[19367,1]
	[19356,1]
	[866,1]
	[19424,1]
	[124,39]
	[20296,1]
	[19618,1]
	[20367,1]
	[19658,1]
	[20438,1]
	[19744,1]
	[831,1]
	[856,1]
	[20546,1]
	[157,99]
	[152,81]
	[160,96]
	[151,57]
	[142,69]
	[21110,1]
	[125,46]
	[21532,1]
	[21529,1]
	[859,1]
	[22397,1]
	[22468,1]
	[155,98]
	[166,80]
	[162,77]
	[153,67]
	[154,68]
	[1250,1]
	[156,92]
	[21949,1]
	[22302,1]
	[165,70]
	[23010,1]
	[146,104]
	[1184,1]
	[23673,1]
	[23738,1]
	[855,1]
	[23861,1]
	[158,56]
	[130,57]
	[174,127]
	[163,116]
	[22982,1]
	[171,71]
	[23517,1]
	[23829,1]
	[24177,1]
	[159,88]
	[131,24]
	[24958,1]
	[25717,1]
	[25831,1]
	[25810,1]
	[23752,1]
	[929,1]
	[23518,1]
	[23469,1]
	[172,84]
	[167,111]
	[24576,1]
	[168,111]
	[161,67]
	[126,32]
	[26291,1]
	[26294,1]
	[150,53]
	[175,135]
	[164,85]
	[26594,1]
	[247,59]
	[132,73]
	[27769,1]
	[26656,1]
	[24858,1]
	[24877,1]
	[25169,1]
	[26450,1]
	[25598,1]
	[25625,1]
	[25739,1]
	[134,75]
	[23804,1]
	[23754,1]
	[182,94]
	[177,118]
	[24190,1]
	[133,33]
	[24137,1]
	[135,37]
	[24077,1]
	[968,1]
	[1012,1]
	[23397,1]
	[136,55]
	[23035,1]
	[23092,1]
	[23151,1]
	[23273,1]
	[23357,1]
	[139,56]
	[23492,1]
	[23510,1]
	[24373,1]
	[23586,1]
	[23799,1]
	[23853,1]
	[137,49]
	[24839,1]
	[23908,1]
	[23954,1]
	[23951,1]
	[23907,1]
	[23909,1]
	[23913,1]
	[143,50]
	[24275,1]
	[25241,1]
	[1046,1]
	[24285,1]
	[24500,1]
	[24734,1]
	[24679,1]
	[24719,1]
	[24697,1]
	[25671,1]
	[24760,1]
	[24807,1]
	[24854,1]
	[24928,1]
	[24919,1]
	[24973,1]
	[24988,1]
	[25051,1]
	[25110,1]
	[25166,1]
	[25327,1]
	[25329,1]
	[25314,1]
	[145,44]
	[25517,1]
	[25619,1]
	[25719,1]
	[25702,1]
	[25755,2]
	[25746,1]
	[147,12]
	[25951,2]
	[25923,1]
	[25925,1]
	[26021,1]
	[26114,1]
	[26123,1]
	[26373,1]
	[148,85]
	[26413,1]
	[26467,1]
	[26517,1]
	[26672,1]
	[26682,1]
	[26681,1]
	[149,27]
	[26789,1]
	[26788,1]
	[26816,1]
	[27853,1]
	[26934,1]
	[27052,1]
	[27177,1]
	[27154,1]
	[27214,1]
	[27263,1]
	[27339,2]
	[27324,1]
	[27364,1]
	[27354,1]
	[27987,1]
	[28103,1]
	[28160,1]
	[28233,1]
	[28283,1]
	[28319,1]
	[28359,1]
	[28398,1]
	[28385,1]
	[28419,1]
	[28462,1]
	[28459,1]
	[28550,1]
	[28501,1]
	[28598,1]
	[28548,1]
	[28571,1]
	[28634,1]
	[28602,1]
	[28640,1]
	[28694,1]
	[198,181]
	[202,156]
	[203,174]
	[30204,1]
	[30326,1]
	[30292,1]
	[30266,1]
	[30343,2]
	[30399,1]
	[30363,1]
	[201,76]
	[29793,1]
	[30076,1]
	[199,79]
	[30286,1]
	[200,98]
	[206,127]
	[31399,1]
	[192,59]
	[32400,1]
	[32451,1]
	[32469,1]
	[32439,1]
	[207,147]
	[204,179]
	[31812,1]
	[34483,1]
	[34291,1]
	[33243,1]
	[32944,1]
	[183,110]
	[184,85]
	[32974,1]
	[170,53]
	[33377,1]
	[35278,1]
	[35277,1]
	[179,161]
	[178,131]
	[35626,1]
	[35493,1]
	[35494,1]
	[35544,1]
	[33143,1]
	[208,122]
	[33105,1]
	[210,125]
	[33121,1]
	[33532,1]
	[33956,1]
	[189,24]
	[35066,1]
	[181,97]
	[35615,1]
	[197,151]
	[35666,1]
	[35677,1]
	[35653,1]
	[33328,1]
	[211,93]
	[33515,1]
	[219,53]
	[220,42]
	[34341,1]
	[32967,1]
	[31921,1]
	[31951,1]
	[185,56]
	[31956,1]
	[31934,1]
	[32645,1]
	[32684,1]
	[31337,1]
	[30644,1]
	[30325,1]
	[30932,1]
	[30982,1]
	[30991,1]
	[31029,1]
	[31067,1]
	[31117,1]
	[30352,1]
	[30423,1]
	[30409,1]
	[30432,1]
	[30526,1]
	[30514,1]
	[30547,1]
	[30636,1]
	[30674,1]
	[30699,1]
	[30766,1]
	[30753,1]
	[30746,1]
	[30782,1]
	[30781,1]
	[30834,1]
	[30880,1]
	[30876,1]
	[30906,1]
	[31112,1]
	[31152,1]
	[31185,1]
	[31184,2]
	[31512,1]
	[31518,1]
	[31524,1]
	[31576,1]
	[31556,1]
	[31587,1]
	[31594,1]
	[31559,1]
	[31710,1]
	[31691,1]
	[31821,1]
	[31809,1]
	[31786,1]
	[31825,1]
	[31896,1]
	[31884,1]
	[31960,1]
	[32013,1]
	[32015,1]
	[32086,1]
	[32066,1]
	[32118,1]
	[32119,1]
	[32126,1]
	[32090,1]
	[32108,1]
	[32240,1]
	[32261,1]
	[32265,1]
	[32347,1]
	[32291,1]
	[32317,2]
	[32318,1]
	[32316,2]
	[32267,1]
	[180,97]
	[32340,1]
	[32462,1]
	[32478,1]
	[194,97]
	[32503,1]
	[32483,1]
	[32521,1]
	[32531,1]
	[32505,1]
	[32534,1]
	[32564,1]
	[32599,1]
	[32641,1]
	[32620,1]
	[196,91]
	[32692,1]
	[32681,1]
	[32764,1]
	[32741,1]
	[32903,1]
	[32950,1]
	[32991,2]
	[32990,1]
	[33018,1]
	[33014,1]
	[195,87]
	[33141,1]
	[33162,1]
	[33181,1]
	[33218,1]
	[33183,1]
	[33226,1]
	[33184,1]
	[33262,1]
	[33275,1]
	[33346,1]
	[33437,1]
	[33440,1]
	[33450,1]
	[33421,2]
	[33443,1]
	[33465,1]
	[33488,1]
	[33492,1]
	[33534,1]
	[33530,1]
	[33523,1]
	[33594,1]
	[33615,1]
	[33731,1]
	[33751,1]
	[33724,1]
	[33745,1]
	[33721,1]
	[33778,1]
	[33774,1]
	[33845,1]
	[226,73]
	[231,169]
	[227,118]
	[225,93]
	[35540,1]
	[35598,1]
	[35594,1]
	[35605,1]
	[35032,1]
	[248,74]
	[232,200]
	[228,128]
	[230,172]
	[234,202]
	[229,143]
	[36128,1]
	[188,47]
	[37675,1]
	[37731,3]
	[37705,1]
	[37398,1]
	[233,228]
	[37007,1]
	[36987,1]
	[37004,2]
	[235,189]
	[37807,1]
	[39725,1]
	[254,126]
	[39061,1]
	[39216,1]
	[238,192]
	[236,172]
	[40097,1]
	[40949,1]
	[41672,1]
	[239,150]
	[191,68]
	[190,45]
	[41847,1]
	[41130,1]
	[40510,1]
	[39754,1]
	[39724,2]
	[193,83]
	[39750,1]
	[39793,1]
	[39771,1]
	[39777,1]
	[218,75]
	[237,179]
	[39809,1]
	[39852,1]
	[40507,1]
	[42417,1]
	[41417,1]
	[41085,1]
	[40718,1]
	[40031,1]
	[40014,1]
	[40027,1]
	[240,88]
	[215,82]
	[40095,1]
	[40679,1]
	[255,112]
	[40822,1]
	[40819,1]
	[40877,1]
	[40972,1]
	[40953,1]
	[40263,1]
	[39527,1]
	[38500,1]
	[38531,1]
	[38532,1]
	[224,82]
	[39204,1]
	[39240,1]
	[39247,1]
	[39299,1]
	[38960,1]
	[38599,1]
	[37177,1]
	[36892,1]
	[36896,1]
	[37607,1]
	[37650,1]
	[37652,1]
	[37655,1]
	[37694,1]
	[37732,1]
	[37772,1]
	[37751,1]
	[35935,1]
	[36008,1]
	[35966,1]
	[35973,1]
	[35976,1]
	[36076,1]
	[36077,1]
	[36153,1]
	[36155,1]
	[36160,1]
	[36142,1]
	[36172,1]
	[36236,2]
	[36220,1]
	[36231,1]
	[214,157]
	[36260,1]
	[36248,1]
	[36350,1]
	[36337,1]
	[36347,1]
	[36348,1]
	[36372,1]
	[36371,1]
	[36411,1]
	[36451,1]
	[36496,1]
	[36609,1]
	[36611,1]
	[36677,1]
	[36681,1]
	[36672,1]
	[36730,1]
	[36820,1]
	[36855,1]
	[36933,1]
	[36945,1]
	[36924,1]
	[36956,1]
	[36957,1]
	[36962,1]
	[36961,1]
	[37036,1]
	[36991,1]
	[37114,1]
	[37103,1]
	[37111,1]
	[37108,2]
	[37107,1]
	[37155,1]
	[37129,1]
	[37174,1]
	[37176,1]
	[37224,1]
	[37284,1]
	[37290,1]
	[37276,1]
	[37330,1]
	[37431,1]
	[37510,1]
	[37558,2]
	[37514,1]
	[37625,1]
	[37654,1]
	[37660,1]
	[37716,1]
	[37792,1]
	[37839,1]
	[37812,1]
	[37826,1]
	[37957,1]
	[37989,1]
	[38002,1]
	[38083,1]
	[38212,1]
	[38247,1]
	[38280,1]
	[38353,1]
	[38354,1]
	[38437,1]
	[38436,1]
	[38455,1]
	[38483,1]
	[38467,1]
	[212,89]
	[38489,1]
	[213,114]
	[38537,1]
	[38534,1]
	[38579,1]
	[38536,1]
	[38552,1]
	[38525,1]
	[38557,1]
	[38632,1]
	[38646,1]
	[38702,1]
	[38797,1]
	[38823,1]
	[38869,2]
	[38899,1]
	[216,45]
	[39012,1]
	[38982,1]
	[38983,1]
	[39023,1]
	[39083,1]
	[39132,1]
	[39089,1]
	[39178,1]
	[39179,1]
	[39208,1]
	[39244,1]
	[39202,1]
	[39200,1]
	[39331,1]
	[39316,1]
	[39304,1]
	[39364,1]
	[39393,1]
	[39382,2]
	[39381,1]
	[39425,1]
	[39443,1]
	[262,163]
	[261,189]
	[260,151]
	[264,220]
	[40398,1]
	[263,222]
	[258,165]
	[40792,1]
	[41207,1]
	[41150,2]
	[41152,1]
	[217,74]
	[41198,2]
	[41199,1]
	[41304,1]
	[40799,1]
	[40805,1]
	[40842,1]
	[42067,1]
	[266,158]
	[265,158]
	[42492,1]
	[42495,1]
	[42893,1]
	[43245,1]
	[43231,1]
	[42645,1]
	[42716,1]
	[42667,1]
	[256,155]
	[43025,1]
	[44934,1]
	[241,151]
	[242,135]
	[45316,1]
	[45390,1]
	[45108,1]
	[44792,1]
	[281,3]
	[44738,1]
	[44758,1]
	[44699,1]
	[44669,1]
	[44736,1]
	[44776,1]
	[44955,1]
	[245,37]
	[46152,1]
	[243,98]
	[46731,1]
	[46140,1]
	[46110,1]
	[46133,1]
	[46153,2]
	[267,199]
	[46187,1]
	[46174,1]
	[46189,1]
	[46786,1]
	[47166,1]
	[47500,1]
	[268,190]
	[250,42]
	[48539,1]
	[252,117]
	[222,96]
	[221,70]
	[47902,1]
	[47608,1]
	[47231,1]
	[46849,1]
	[46328,1]
	[46288,1]
	[223,100]
	[46300,1]
	[46244,2]
	[46242,1]
	[46245,1]
	[46258,1]
	[249,32]
	[46618,1]
	[270,137]
	[282,16]
	[47212,1]
	[45460,1]
	[269,174]
	[44845,1]
	[44839,1]
	[44860,1]
	[44859,1]
	[45063,1]
	[45452,1]
	[276,55]
	[45584,1]
	[45525,1]
	[43804,1]
	[43526,1]
	[43224,1]
	[43247,1]
	[43226,1]
	[43460,1]
	[43783,1]
	[280,24]
	[43890,1]
	[43966,1]
	[43938,1]
	[43937,1]
	[43924,1]
	[43969,1]
	[43601,1]
	[41567,1]
	[42219,1]
	[42327,1]
	[42340,2]
	[42284,1]
	[42343,1]
	[41719,1]
	[41323,1]
	[41430,1]
	[41608,1]
	[41663,1]
	[41666,1]
	[41699,1]
	[41748,1]
	[246,45]
	[42027,1]
	[42076,1]
	[42031,1]
	[42030,1]
	[42093,1]
	[42038,1]
	[42237,1]
	[42207,1]
	[42235,2]
	[42242,1]
	[42200,1]
	[42320,1]
	[42319,1]
	[42317,1]
	[42379,1]
	[42393,1]
	[42381,1]
	[42424,1]
	[42413,1]
	[42418,1]
	[42508,1]
	[42570,1]
	[42554,1]
	[42563,1]
	[42636,1]
	[42635,1]
	[42686,1]
	[42700,1]
	[42773,1]
	[42761,1]
	[42746,1]
	[42779,1]
	[42736,2]
	[42733,1]
	[42765,1]
	[42785,1]
	[42885,1]
	[42937,1]
	[42936,1]
	[42986,1]
	[42997,1]
	[43075,1]
	[43108,1]
	[43094,1]
	[43120,1]
	[43201,1]
	[43188,1]
	[43202,1]
	[43156,1]
	[43183,1]
	[43228,1]
	[43263,1]
	[43203,1]
	[43278,1]
	[43388,1]
	[43434,1]
	[43426,1]
	[43414,1]
	[43427,3]
	[43459,1]
	[43457,1]
	[43433,1]
	[43539,1]
	[43541,1]
	[43620,1]
	[43616,1]
	[43650,1]
	[43640,1]
	[43642,1]
	[43716,1]
	[43747,1]
	[43749,1]
	[43701,1]
	[43677,1]
	[43722,1]
	[43769,1]
	[43798,1]
	[43856,1]
	[43851,1]
	[43853,2]
	[43852,1]
	[43928,2]
	[43873,1]
	[43946,2]
	[44003,1]
	[44001,2]
	[43976,1]
	[44192,1]
	[44120,1]
	[44146,1]
	[44165,1]
	[44121,1]
	[44145,1]
	[244,45]
	[44155,1]
	[44261,1]
	[44204,1]
	[44228,1]
	[44306,1]
	[44342,2]
	[44343,1]
	[44357,1]
	[44366,2]
	[44367,1]
	[44355,1]
	[44368,1]
	[44308,1]
	[44354,1]
	[44387,2]
	[44466,1]
	[44481,1]
	[44485,1]
	[44483,1]
	[44516,1]
	[307,1]
	[285,6]
	[291,72]
	[45247,1]
	[292,69]
	[286,5]
	[287,22]
	[288,42]
	[46340,1]
	[46354,1]
	[46351,1]
	[46323,1]
	[46431,1]
	[46155,1]
	[45766,1]
	[45761,2]
	[318,65]
	[294,118]
	[45742,1]
	[293,95]
	[45793,1]
	[295,85]
	[290,55]
	[47032,1]
	[47428,1]
	[47785,1]
	[48568,1]
	[48573,1]
	[48760,2]
	[48775,1]
	[48807,1]
	[48870,1]
	[48562,1]
	[48175,1]
	[48140,1]
	[289,33]
	[48146,1]
	[48189,2]
	[48181,1]
	[48212,1]
	[48898,1]
	[50345,1]
	[50761,1]
	[50720,1]
	[50918,1]
	[50591,1]
	[322,91]
	[296,56]
	[50299,1]
	[50257,1]
	[277,13]
	[50305,1]
	[51768,1]
	[52088,1]
	[52980,1]
	[52300,1]
	[314,16]
	[52253,1]
	[52313,1]
	[297,44]
	[52443,1]
	[52393,1]
	[52338,1]
	[52353,1]
	[52396,1]
	[253,93]
	[251,74]
	[52734,1]
	[53385,1]
	[54223,1]
	[53535,1]
	[52857,1]
	[52981,1]
	[53029,1]
	[53043,1]
	[299,24]
	[53782,1]
	[53093,1]
	[53091,1]
	[51587,1]
	[51309,1]
	[51325,1]
	[51410,1]
	[51437,1]
	[51441,1]
	[51444,1]
	[300,21]
	[321,79]
	[52147,1]
	[52195,1]
	[52152,1]
	[51490,1]
	[49733,1]
	[49790,1]
	[49784,1]
	[301,4]
	[50457,1]
	[50459,1]
	[50561,1]
	[50559,1]
	[50633,1]
	[50243,1]
	[49943,1]
	[49201,1]
	[48499,1]
	[48223,1]
	[48243,1]
	[48261,2]
	[48504,1]
	[303,1]
	[272,117]
	[48996,1]
	[49002,1]
	[49018,2]
	[48980,1]
	[49027,1]
	[48989,1]
	[48991,1]
	[49057,1]
	[48470,1]
	[47657,1]
	[47296,1]
	[47292,1]
	[46875,1]
	[47205,1]
	[47322,1]
	[47304,1]
	[47389,1]
	[47409,1]
	[47405,1]
	[47469,1]
	[47471,1]
	[47472,1]
	[47442,1]
	[47448,1]
	[47449,1]
	[47450,1]
	[47487,2]
	[47616,1]
	[47078,1]
	[279,25]
	[47090,1]
	[47084,1]
	[47148,1]
	[47147,1]
	[47144,3]
	[47176,1]
	[47178,1]
	[47202,1]
	[47169,1]
	[47221,1]
	[47248,1]
	[47245,1]
	[47310,1]
	[47251,1]
	[47279,1]
	[284,14]
	[47294,1]
	[47333,2]
	[47388,1]
	[47418,1]
	[47463,1]
	[47495,1]
	[47524,1]
	[47468,1]
	[47486,1]
	[47618,1]
	[47556,1]
	[47557,1]
	[47626,1]
	[47704,1]
	[47735,1]
	[47816,1]
	[47826,2]
	[47817,1]
	[47742,1]
	[47783,1]
	[47819,1]
	[47825,1]
	[47855,1]
	[47837,1]
	[47914,1]
	[47905,1]
	[47906,1]
	[47971,1]
	[48000,1]
	[47992,1]
	[47994,1]
	[47957,1]
	[48019,1]
	[48021,1]
	[48108,1]
	[48014,1]
	[48005,1]
	[48009,1]
	[48007,2]
	[48039,1]
	[48038,1]
	[48155,1]
	[48179,1]
	[48142,1]
	[48180,1]
	[48200,1]
	[48187,1]
	[48266,1]
	[48267,1]
	[48192,1]
	[48318,1]
	[48366,1]
	[48465,1]
	[48500,1]
	[48651,1]
	[48664,1]
	[48738,2]
	[48729,1]
	[48751,1]
	[48831,1]
	[48840,1]
	[48839,2]
	[48768,1]
	[48793,1]
	[48795,1]
	[48811,1]
	[48819,1]
	[48921,1]
	[48984,1]
	[48994,1]
	[48931,1]
	[48914,1]
	[48913,1]
	[49019,1]
	[49040,1]
	[49082,1]
	[49052,1]
	[49049,1]
	[49100,1]
	[49189,1]
	[49168,1]
	[273,119]
	[49219,1]
	[49222,1]
	[49273,1]
	[49298,1]
	[49286,1]
	[49300,1]
	[49320,1]
	[49394,1]
	[49395,1]
	[49347,1]
	[49364,1]
	[49407,1]
	[49416,1]
	[49500,1]
	[49539,1]
	[49537,1]
	[49538,1]
	[49529,1]
	[49527,1]
	[49562,1]
	[49582,1]
	[49535,1]
	[49531,1]
	[49482,1]
	[49544,1]
	[49552,1]
	[49648,1]
	[49681,1]
	[49682,1]
	[49645,1]
	[49707,1]
	[49669,1]
	[49730,1]
	[49793,1]
	[49770,1]
	[49792,1]
	[49840,1]
	[49775,1]
	[275,52]
	[49851,1]
	[49861,1]
	[49893,1]
	[49871,1]
	[49892,1]
	[49915,1]
	[49880,1]
	[49948,1]
	[49957,1]
	[49936,1]
	[49955,1]
	[50138,1]
	[50167,1]
	[50127,1]
	[50135,1]
	[50122,1]
	[50175,1]
	[50223,1]
	[50209,1]
	[50267,1]
	[50217,1]
	[50270,1]
	[50272,1]
	[50105,1]
	[313,10]
	[51189,1]
	[317,36]
	[51556,2]
	[51951,1]
	[51937,1]
	[52007,1]
	[278,16]
	[51975,1]
	[52015,1]
	[52017,1]
	[51995,1]
	[52073,1]
	[312,1]
	[51759,1]
	[52109,1]
	[52486,1]
	[52796,1]
	[53215,1]
	[315,11]
	[304,8]
	[54055,1]
	[54122,1]
	[54093,1]
	[54091,1]
	[54029,1]
	[54078,1]
	[54079,1]
	[342,1]
	[325,87]
	[53504,1]
	[53523,1]
	[316,18]
	[302,10]
	[53768,1]
	[54831,1]
	[54832,1]
	[326,34]
	[324,83]
	[308,13]
	[306,7]
	[56208,1]
	[56272,1]
	[56220,1]
	[55906,1]
	[55480,1]
	[55473,1]
	[55424,1]
	[55529,1]
	[55647,2]
	[55690,1]
	[55729,1]
	[56102,1]
	[56104,1]
	[56817,1]
	[57927,1]
	[310,15]
	[309,1]
	[58243,1]
	[6123015,1]
	[350,1]
	[57636,1]
	[323,76]
	[57612,1]
	[57613,1]
	[57652,1]
	[57620,1]
	[57588,1]
	[328,23]
	[57610,2]
	[57749,1]
	[58607,1]
	[58930,1]
	[59361,1]
	[59459,1]
	[341,1]
	[59100,1]
	[59097,1]
	[327,13]
	[59177,1]
	[59225,1]
	[59232,1]
	[59575,1]
	[59280,1]
	[58642,1]
	[283,6]
	[57905,1]
	[57590,1]
	[330,1]
	[329,25]
	[57698,1]
	[57753,1]
	[57760,1]
	[57752,2]
	[57646,1]
	[57715,1]
	[57672,1]
	[338,1]
	[58457,1]
	[57407,1]
	[56396,1]
	[56106,1]
	[56099,1]
	[56182,1]
	[56155,1]
	[56202,1]
	[56148,1]
	[56133,1]
	[56154,1]
	[56141,1]
	[56142,1]
	[56428,1]
	[56751,1]

1460,
	[2,421]
	[5,32]
	[82,13]
	[50,36]
	[4,23]
	[14,31]
	[8,21]
	[13,32]
	[3,28]
	[89,10]
	[7,28]
	[6,27]
	[10,21]
	[1,17]
	[21,23]
	[11,20]
	[31,11]
	[37,13]
	[20,21]
	[12,23]
	[15,29]
	[24,16]
	[19,31]
	[28,20]
	[16,28]
	[73,6]
	[81,15]
	[27,28]
	[29,19]
	[75,8]
	[23,28]
	[22,22]
	[17,23]
	[292,2]
	[86,13]
	[52,9]
	[18,15]
	[9,29]
	[34,22]
	[33,26]
	[30,20]
	[38,20]
	[41,16]
	[40,18]
	[32,14]
	[446,1]
	[43,18]
	[25,15]
	[46,18]
	[47,18]
	[48,37]
	[51,21]
	[49,43]
	[53,17]
	[114,3]
	[55,12]
	[35,14]
	[95,8]
	[44,19]
	[104,22]
	[36,15]
	[76,15]
	[99,5]
	[90,10]
	[70,12]
	[63,14]
	[26,18]
	[61,12]
	[42,17]
	[131,3]
	[69,8]
	[59,10]
	[39,14]
	[88,6]
	[74,2]
	[62,10]
	[45,12]
	[67,9]
	[108,3]
	[80,8]
	[65,7]
	[68,6]
	[87,13]
	[66,13]
	[92,7]
	[72,4]
	[57,6]
	[159,3]
	[56,5]
	[93,6]
	[126,5]
	[79,9]
	[71,9]
	[83,7]
	[100,8]
	[78,6]
	[122,3]
	[60,8]
	[58,12]
	[96,9]
	[77,10]
	[64,11]
	[84,9]
	[121,5]
	[85,8]
	[54,10]
	[101,9]
	[134,1]
	[146,3]
	[110,3]
	[179,3]
	[163,2]
	[155,3]
	[149,5]
	[140,3]
	[132,5]
	[177,1]
	[144,3]
	[111,2]
	[91,6]
	[148,3]
	[106,4]
	[117,5]
	[119,2]
	[118,6]
	[94,5]
	[98,4]
	[105,4]
	[97,5]
	[102,11]
	[113,1]
	[120,3]
	[127,5]
	[112,2]
	[138,3]
	[183,1]
	[165,2]
	[130,1]
	[124,4]
	[173,1]
	[188,1]
	[143,1]
	[109,2]
	[103,28]
	[151,2]
	[164,3]
	[141,4]
	[139,2]
	[158,1]
	[150,1]
	[116,2]
	[161,1]
	[167,2]
	[147,1]
	[185,1]
	[198,1]
	[152,1]
	[184,1]
	[229,2]
	[174,1]
	[220,1]
	[192,2]
	[178,1]
	[115,3]
	[189,2]
	[201,1]
	[216,2]
	[123,3]
	[135,1]
	[240,1]
	[125,1]
	[218,2]
	[136,1]
	[207,1]
	[160,1]
	[142,3]
	[187,1]
	[186,2]
	[206,2]
	[212,1]
	[266,1]
	[237,1]
	[274,1]
	[303,1]
	[254,1]

1416,
	[7,1]
	[36,1]
	[76,1]
	[18,1]
	[40,1]
	[26,1]
	[71,1]
	[63,1]
	[43,1]
	[14,1]

len(carl_order):
19
Printing carl assignment order:
1452,4,0.21721311475409835
1460,2,0.09938733832539143
1452,5,0.07947019867549669
1416,76,0.025380710659898477
1460,303,0.019526861825150333
1456,1,0.015027829313543599
1452,232,0.011360277038726297
1452,263,0.007326007326007326
1460,446,0.006993006993006993
1456,329,0.0044369829054766025
1456,330,0.0006839945280437756
1456,342,0.00034258307639602604
1456,352,0.00013747594171020073
1456,670,0.00011427692375311789
1456,933,8.759299912954457e-05
1452,10652,4.346566212691973e-05
1452,47217,3.5456592266917226e-05
1456,59575,2.9056342393141957e-05
1456,6123015,1.6492288206034858e-07
bin_width: 1275014
assigning lease 4 to address 1452
Average Cache Occupancy Per Bin: [0.13,0.12,0.12,0.11,0.13]
Total cost: 174848.0
assigning lease 2 to address 1460
Average Cache Occupancy Per Bin: [0.35,0.28,0.29,0.28,0.29]
Total cost: 457216.0
assigning lease 5 to address 1452
Average Cache Occupancy Per Bin: [0.37,0.29,0.31,0.29,0.30]
Total cost: 472064.0
assigning lease 76 to address 1416
Average Cache Occupancy Per Bin: [0.37,0.32,0.33,0.29,0.32]
Total cost: 473856.0
assigning lease 303 to address 1460
Average Cache Occupancy Per Bin: [3.37,4.12,4.20,4.01,4.18]
Total cost: 4299264.0
assigning lease 1 to address 1456
Average Cache Occupancy Per Bin: [4.20,4.99,5.07,4.88,5.05]
Total cost: 5361920.0
assigning lease 232 to address 1452
Average Cache Occupancy Per Bin: [5.18,5.74,5.89,5.92,6.21]
Total cost: 6608128.0
assigning lease 263 to address 1452
Average Cache Occupancy Per Bin: [5.20,5.74,5.90,5.93,6.23]
Total cost: 6639872.0
assigning lease 446 to address 1460
Average Cache Occupancy Per Bin: [5.23,5.74,5.90,5.93,6.23]
Total cost: 6676480.0
assigning lease 329 to address 1456
Average Cache Occupancy Per Bin: [102.,161.,192.,220.,246.]
Total cost: 131069184.0
assigning lease 330 to address 1456
Average Cache Occupancy Per Bin: [102.,161.,193.,220.,246.]
Total cost: 131182592.0
assigning lease 342 to address 1456
Average Cache Occupancy Per Bin: [103.,162.,193.,220.,246.]
Total cost: 132540160.0
assigning lease 352 to address 1456
Average Cache Occupancy Per Bin: [104.,162.,194.,221.,247.]
Total cost: 133666560.0
assigning lease 670 to address 1456
Average Cache Occupancy Per Bin: [131.,178.,210.,236.,265.]
Total cost: 167607808.0
assigning lease 933 to address 1456
Average Cache Occupancy Per Bin: [151.,191.,223.,249.,279.]
Total cost: 192860672.0
assigning lease 10652 to address 1452
Average Cache Occupancy Per Bin: [158.,191.,225.,251.,281.]
Total cost: 202551040.0
assigning lease 47217 to address 1452
Average Cache Occupancy Per Bin: [161.,191.,231.,257.,288.]
Total cost: 206524416.0
addr: 1456 ri: 59575
bin target: 652807168
	bin: 0.0 current capacity: 161.97815553397845  avg impact: 963.7416749933726
	bin: 1.0 current capacity: 191.81738867181068  avg impact: 1570.5116335977486
	bin: 2.0 current capacity: 231.5471485018988  avg impact: 1997.1372737867976
	bin: 3.0 current capacity: 257.58015519829587  avg impact: 2164.4154746536115
	bin: 4.0 current capacity: 288.9017626473121  avg impact: 2757.204975004196
num_full_bins: 0
printing bin ranks sorted:
	bin: 4.0 rank: 0.08091463615335613
	selecting this^ bin
	bin: 3.0 rank: 0.117546676126228
	bin: 2.0 rank: 0.14042742838920177
	bin: 1.0 rank: 0.20387153108488015
	bin: 0.0 rank: 0.36319052454427536
acceptable_ratio: 0.08091463615335613
Assigning 1456 dual lease lease 59575 * 0.08091463615335613. Bin saturation: [239.,318.,393.,432.,512.]
addr: 1456 ri: 6123015
bin target: 652807168
	bin: 0.0 current capacity: 239.95896251189322  avg impact: 963.7416749933726
	bin: 1.0 current capacity: 318.89476607898547  avg impact: 1570.5116335977486
	bin: 2.0 current capacity: 393.1447843586631  avg impact: 1997.1372737867976
	bin: 3.0 current capacity: 432.71304581458645  avg impact: 2164.4154746536115
	bin: 4.0 current capacity: 512.0  avg impact: 3974.6352463580793
num_full_bins: 1
printing bin ranks sorted:
	bin: 4.0 rank: 0.0
	bin: 3.0 rank: 0.03663203997287186
	bin: 2.0 rank: 0.05951279223584565
	bin: 1.0 rank: 0.122956894931524
	bin: 0.0 rank: 0.2822758883909192
acceptable_ratio: 0
Final saturation:
	0.0,305951036.628139
	1.0,406595291.2774316
	2.0,501265104.0842765
	3.0,551715191.3962392
	4.0,652807168.0
DUMP LEASES
0, 5ac, b871, 0, 1 
0, 5b0, 3a5, e8b7, 0.9190853638466439 
0, 5b4, 1be, 0, 1 
0, 588, 4c, 0, 1 
Dump dual leases

