sample rate: 0.00390625
452,
	[1,3]

456,
	[1,5]

460,
	[1,2]

448,
	[1,4]

1484,
	[3,14577]
	[6703,1]
	[8251,2]
	[6359,5]
	[6947,4]
	[7295,2]
	[7963,5]
	[6403,4]
	[7011,2]
	[6559,1]
	[7343,2]
	[8031,2]
	[8239,1]
	[6611,1]
	[7667,3]
	[8235,3]
	[7155,6]
	[6383,3]
	[7175,1]
	[8259,3]
	[6271,3]
	[6687,4]
	[6767,2]
	[7163,3]
	[6391,2]
	[6399,2]
	[7475,2]
	[8255,4]
	[6623,3]
	[7935,1]
	[7799,1]
	[6291,4]
	[6523,2]
	[8111,2]
	[7419,4]
	[7867,2]
	[8299,4]
	[7655,4]
	[7135,1]
	[7659,4]
	[7287,5]
	[7555,3]
	[7291,4]
	[7507,2]
	[8067,3]
	[6751,1]
	[6447,2]
	[8059,2]
	[7339,3]
	[7859,2]
	[6855,2]
	[7863,1]
	[7991,5]
	[6871,2]
	[7759,1]
	[7603,3]
	[8307,4]
	[6463,1]
	[7003,4]
	[7371,2]
	[7107,3]
	[7663,1]
	[6311,2]
	[7495,3]
	[8035,3]
	[7311,4]
	[8335,2]
	[6467,2]
	[6563,2]
	[6883,3]
	[7835,3]
	[6695,3]
	[6931,2]
	[7891,2]
	[6427,3]
	[7591,3]
	[8019,3]
	[8339,3]
	[6495,2]
	[7227,3]
	[7499,1]
	[8155,4]
	[7531,3]
	[6395,4]
	[8371,3]
	[6983,1]
	[7699,4]
	[6847,3]
	[7579,4]
	[6711,5]
	[6367,3]
	[7183,2]
	[8263,1]
	[6723,2]
	[6971,2]
	[7779,4]
	[7923,6]
	[7931,2]
	[6755,3]
	[7363,1]
	[8027,3]
	[6307,2]
	[6643,1]
	[6647,2]
	[6479,2]
	[6655,3]
	[6739,3]
	[7491,3]
	[8267,2]
	[7059,2]
	[8167,4]
	[8331,3]
	[6895,1]
	[6379,3]
	[7815,3]
	[6975,4]
	[6411,1]
	[6295,4]
	[6867,2]
	[7747,3]
	[6727,2]
	[6443,4]
	[7123,4]
	[6267,3]
	[7731,5]
	[6699,2]
	[7251,2]
	[7551,3]
	[7015,1]
	[7783,2]
	[6731,3]
	[6279,3]
	[7299,6]
	[6859,2]
	[6487,2]
	[6451,3]
	[6899,5]
	[7875,4]
	[6347,1]
	[6459,2]
	[7247,2]
	[7675,2]
	[7199,4]
	[6619,5]
	[7239,2]
	[6275,1]
	[7187,3]
	[7987,2]
	[6607,2]
	[7975,2]
	[6259,3]
	[7871,4]
	[8079,1]
	[6955,2]
	[7487,4]
	[7503,2]
	[6455,3]
	[6435,1]
	[6659,3]
	[7283,1]
	[7131,1]
	[8023,5]
	[8115,2]
	[7263,3]
	[8211,1]
	[7323,2]
	[7599,2]
	[6555,2]
	[6783,2]
	[7079,1]
	[7407,2]
	[8187,2]
	[7767,4]
	[7567,3]
	[8175,1]
	[6519,4]
	[6639,2]
	[7651,2]
	[8131,2]
	[7983,1]
	[6667,1]
	[8159,3]
	[7355,1]
	[6431,6]
	[7583,3]
	[6771,3]
	[6991,3]
	[6315,2]
	[6827,1]
	[7611,1]
	[7915,4]
	[7943,2]
	[6759,1]
	[7091,3]
	[7383,1]
	[7095,4]
	[6475,2]
	[6799,3]
	[7367,2]
	[6287,5]
	[7391,2]
	[8127,2]
	[7387,3]
	[8015,2]
	[7067,1]
	[8055,2]
	[7887,2]
	[7623,2]
	[7243,2]
	[6551,3]
	[6999,2]
	[7431,2]
	[6787,4]
	[7743,2]
	[7847,1]
	[6791,3]
	[8183,1]
	[6419,5]
	[6423,3]
	[7191,2]
	[6471,2]
	[6995,1]
	[6891,1]
	[7723,1]
	[6735,3]
	[7439,4]
	[6503,2]
	[6795,1]
	[6627,3]
	[7167,3]
	[7467,1]
	[6967,2]
	[7023,1]
	[7831,2]
	[7151,2]
	[7471,2]
	[6631,1]
	[7939,1]
	[7647,2]
	[6663,2]
	[7951,3]
	[6831,2]
	[7807,3]
	[8007,1]
	[7395,1]
	[7843,3]
	[7643,2]
	[8135,1]
	[7711,1]
	[6911,3]
	[7055,5]
	[7063,2]
	[7159,3]
	[8279,2]
	[7715,2]
	[7839,1]
	[7399,2]
	[7691,2]
	[7855,3]
	[7463,3]
	[8103,3]
	[8291,3]
	[6879,3]
	[6255,3]
	[8179,4]
	[6863,4]
	[6683,2]
	[6915,2]
	[8283,2]
	[8243,2]
	[7639,2]
	[7007,3]
	[6807,2]
	[7967,3]
	[6331,3]
	[6371,2]
	[6319,3]
	[7119,1]
	[8095,1]
	[8303,2]
	[7211,1]
	[6635,1]
	[8215,1]
	[7515,1]
	[6415,1]
	[6263,1]
	[8139,4]
	[8195,4]
	[7543,1]
	[6539,1]
	[8075,1]
	[7319,2]
	[7559,3]
	[7971,1]
	[7307,1]
	[7115,1]
	[6715,2]
	[7607,4]
	[8107,1]
	[8287,2]
	[6743,1]
	[7047,4]
	[7075,2]
	[8271,2]
	[6515,1]
	[6499,2]
	[8323,1]
	[7259,2]
	[7147,1]
	[7019,2]
	[8091,1]
	[6375,1]
	[6875,2]
	[6979,1]
	[7927,1]
	[7315,1]
	[6323,2]
	[7995,4]
	[7683,3]
	[6571,3]
	[6299,3]
	[6599,1]
	[7727,1]
	[6963,1]
	[6283,2]
	[6603,2]
	[7911,1]
	[7071,1]
	[7527,3]
	[6779,2]
	[7903,1]
	[7083,2]
	[7735,1]
	[6939,3]
	[7139,1]
	[7771,1]
	[8191,1]
	[6527,1]
	[7523,2]
	[6775,2]
	[8071,1]
	[7267,1]
	[8083,1]
	[6843,1]
	[7671,2]
	[7411,2]
	[8063,1]
	[6531,2]
	[6823,1]
	[6987,1]
	[6595,2]
	[7719,3]
	[7751,3]
	[7235,2]
	[7423,3]
	[7899,1]
	[7615,3]
	[7415,1]
	[7375,2]
	[7099,2]
	[7755,3]
	[7879,2]
	[8171,1]
	[7435,2]
	[6343,1]
	[7347,1]
	[8087,1]
	[7271,3]
	[7327,2]
	[8099,1]
	[6675,1]
	[7207,1]
	[6691,3]
	[7827,2]
	[7103,1]
	[6439,1]
	[8275,2]
	[8207,1]
	[8051,2]
	[7687,1]
	[7403,1]
	[7575,1]
	[7631,2]
	[7595,1]
	[7959,2]
	[7455,1]
	[7223,1]
	[7563,2]
	[7127,4]
	[6815,2]
	[7819,2]
	[8147,2]
	[7043,1]
	[7035,1]
	[6903,1]
	[7203,1]
	[8047,1]
	[7215,1]
	[8043,1]
	[6803,1]
	[6543,1]
	[7571,2]
	[8123,2]
	[7195,1]
	[7795,2]
	[6851,1]
	[8219,1]
	[8119,1]
	[7031,1]
	[8311,2]
	[6747,3]
	[8199,1]
	[7791,1]
	[6547,1]
	[6507,2]
	[7587,1]
	[6887,2]
	[7303,1]
	[6567,1]
	[7219,1]
	[7231,1]
	[7919,1]
	[7787,3]
	[6339,1]
	[6959,1]
	[7707,1]
	[7999,1]
	[7851,1]
	[8151,2]
	[6819,1]
	[6535,1]
	[6707,1]
	[6763,1]
	[8039,1]
	[6587,1]
	[7811,1]
	[6355,1]
	[7519,1]
	[7619,1]
	[7739,1]
	[7535,1]
	[7895,1]
	[6951,1]
	[7279,1]
	[7483,1]
	[7823,1]
	[6335,1]
	[7179,1]

1488,
	[3,14519]
	[14655,965]
	[14691,11]

1504,
	[3,15523]
	[4,6]

1548,
	[3,14600]
	[14639,917]
	[14687,6]

1528,
	[4,14587]
	[-4370,882]

1532,
	[1,15494]

1524,
	[4,15540]

1476,
	[3,8]

len(carl_order):
15
Printing carl assignment order:
452,1,1.0
456,1,1.0
460,1,1.0
448,1,1.0
1532,1,1.0
1476,3,0.3333333333333333
1504,4,0.33329040843045094
1548,3,0.3135132813674333
1484,3,0.3127977340028325
1488,3,0.3123373131117565
1524,4,0.25
1528,4,0.23574568491822354
1484,8371,0.00013732195498250544
1548,14687,6.832322228601359e-05
1488,14691,6.824817834703472e-05
bin_width: 5586407
assigning lease 1 to address 452
Average Cache Occupancy Per Bin: [0.00,0.0,0.0,0.0,0.0]
Total cost: 768.0
assigning lease 1 to address 456
Average Cache Occupancy Per Bin: [0.00,0.0,0.0,0.0,0.0]
Total cost: 2048.0
assigning lease 1 to address 460
Average Cache Occupancy Per Bin: [0.00,0.0,0.0,0.0,0.0]
Total cost: 2560.0
assigning lease 1 to address 448
Average Cache Occupancy Per Bin: [0.00,0.0,0.0,0.0,0.0]
Total cost: 3584.0
assigning lease 1 to address 1532
Average Cache Occupancy Per Bin: [0.14,0.14,0.14,0.14,0.14]
Total cost: 794624.0
assigning lease 3 to address 1476
Average Cache Occupancy Per Bin: [0.14,0.14,0.14,0.14,0.14]
Total cost: 794624.0
assigning lease 4 to address 1504
Average Cache Occupancy Per Bin: [0.56,0.56,0.56,0.57,0.56]
Total cost: 3167232.0
assigning lease 3 to address 1548
Average Cache Occupancy Per Bin: [0.99,0.99,0.99,0.99,0.99]
Total cost: 5564160.0
assigning lease 3 to address 1484
Average Cache Occupancy Per Bin: [1.42,1.41,1.42,1.42,1.42]
Total cost: 7953408.0
assigning lease 3 to address 1488
Average Cache Occupancy Per Bin: [1.85,1.84,1.84,1.85,1.84]
Total cost: 10345728.0
assigning lease 4 to address 1524
Average Cache Occupancy Per Bin: [2.42,2.41,2.41,2.41,2.42]
Total cost: 13524224.0
assigning lease 4 to address 1528
Average Cache Occupancy Per Bin: [2.97,2.98,2.98,2.98,2.99]
Total cost: 16622848.0
assigning lease 8371 to address 1484
Average Cache Occupancy Per Bin: [74.6,64.4,62.6,61.7,70.7]
Total cost: 417186048.0
addr: 1548 ri: 14687
bin target: 715060096
	bin: 0.0 current capacity: 74.67877796945335  avg impact: 121.39931515909957
	bin: 1.0 current capacity: 64.41624464526126  avg impact: 130.11844500409654
	bin: 2.0 current capacity: 62.668688479017014  avg impact: 123.41142204640657
	bin: 3.0 current capacity: 61.75951018248402  avg impact: 121.40151478401054
	bin: 4.0 current capacity: 70.76665341426072  avg impact: 122.74071975063758
num_full_bins: 0
printing bin ranks sorted:
	bin: 0.0 rank: 0.43922176958466896
	selecting this^ bin
	bin: 4.0 rank: 0.4662946958598227
	bin: 1.0 rank: 0.48866058422952197
	bin: 2.0 rank: 0.5293781599600753
	bin: 3.0 rank: 0.5456314934403136
acceptable_ratio: 0.43922176958466896
Assigning 1548 dual lease lease 14687 * 0.43922176958466896. Bin saturation: [128.,121.,116.,115.,124.]
addr: 1488 ri: 14691
bin target: 715060096
	bin: 0.0 current capacity: 128.0  avg impact: 141.6794902340628
	bin: 1.0 current capacity: 121.56709831556596  avg impact: 137.6459280535772
	bin: 2.0 current capacity: 116.87367165720013  avg impact: 132.2760937396792
	bin: 3.0 current capacity: 115.0816983361765  avg impact: 134.29040025189715
	bin: 4.0 current capacity: 124.67704954323169  avg impact: 109.44728660120897
num_full_bins: 1
printing bin ranks sorted:
	bin: 0.0 rank: 0.0
	bin: 4.0 rank: 0.030361195420733338
	bin: 1.0 rank: 0.04673513975604208
	bin: 2.0 rank: 0.08411443087136064
	bin: 3.0 rank: 0.09619676193973518
acceptable_ratio: 0
Final saturation:
	0.0,715060096.0
	1.0,679123288.9997659
	2.0,652903897.4614844
	3.0,642893205.1571047
	4.0,696496742.3076563
DUMP LEASES
0, 1c4, 1, 0, 1 
0, 1c8, 1, 0, 1 
0, 1cc, 1, 0, 1 
0, 1c0, 1, 0, 1 
0, 5cc, 20b3, 0, 1 
0, 5d0, 3, 0, 1 
0, 5e0, 4, 0, 1 
0, 60c, 3, 395f, 0.560778230415331 
0, 5f8, 4, 0, 1 
0, 5fc, 1, 0, 1 
0, 5f4, 4, 0, 1 
0, 5c4, 3, 0, 1 
Dump dual leases

