sample rate: 0.00390625
1728,
	[1,7363]
	[2,5]
	[530,7]
	[146,6]
	[50,8]
	[482,10]
	[818,10]
	[98,6]
	[194,12]
	[242,9]
	[914,6]
	[866,6]
	[626,7]
	[1154,4]
	[578,9]
	[338,7]
	[1250,15]
	[386,11]
	[1298,4]
	[1682,8]
	[290,8]
	[674,10]
	[1730,6]
	[1778,5]
	[1346,4]
	[2018,8]
	[1058,6]
	[770,5]
	[1490,7]
	[1586,7]
	[1970,8]
	[1874,3]
	[1106,5]
	[1442,8]
	[2066,7]
	[2738,6]
	[1202,3]
	[2114,7]
	[962,4]
	[2450,4]
	[2786,3]
	[2258,9]
	[722,4]
	[2594,5]
	[2306,10]
	[2354,3]
	[2690,3]
	[3026,4]
	[2210,4]
	[1922,3]
	[1826,4]
	[2402,8]
	[1538,4]
	[3170,5]
	[2978,4]
	[1394,5]
	[2162,4]
	[3218,5]
	[1634,5]
	[2642,5]
	[2498,5]
	[3074,4]
	[3602,3]
	[3890,4]
	[3554,3]
	[3458,3]
	[434,3]
	[3122,4]
	[3698,1]
	[3986,5]
	[3842,3]
	[3266,3]
	[3650,3]
	[4322,2]
	[4034,2]
	[4082,6]
	[3314,2]
	[4418,1]
	[2930,1]
	[2546,6]
	[4610,3]
	[4562,3]
	[4130,3]
	[4802,2]
	[4754,2]
	[4178,2]
	[2882,3]
	[1010,2]
	[4370,3]
	[3746,2]
	[4658,2]
	[4466,5]
	[4850,2]
	[3938,2]
	[5090,2]
	[4898,3]
	[4994,1]
	[4274,1]
	[4514,1]
	[5234,1]
	[3794,5]
	[4226,2]
	[5186,3]
	[3410,1]
	[5522,1]
	[3506,2]
	[5282,1]
	[2834,1]
	[5762,1]

1680,
	[3,4852726]
	[2,7274]
	[1507,1]
	[2622,1]
	[4195,1]
	[4520,1]
	[5030,1]
	[5940,1]
	[6131,1]
	[6325,2]
	[6925,1]
	[8657,1]
	[9837,1]
	[10082,1]
	[10835,1]
	[11352,2]
	[11881,2]
	[12150,1]
	[12975,2]
	[13540,1]
	[13827,1]
	[14117,1]
	[14706,3]
	[15005,2]
	[15307,1]
	[15920,2]
	[16231,2]
	[16545,2]
	[16862,1]
	[17182,3]
	[17505,2]
	[17831,5]
	[18160,3]
	[18492,1]
	[18827,1]
	[19165,1]
	[19506,1]
	[19850,2]
	[20197,1]
	[20547,1]
	[20900,2]
	[21256,3]
	[21977,2]
	[22342,1]
	[22710,1]
	[23081,3]
	[23455,5]
	[23832,1]
	[24212,3]
	[24595,2]
	[24981,5]
	[25370,2]
	[25762,1]
	[26555,2]
	[26956,2]
	[27360,3]
	[27767,2]
	[28177,1]
	[28590,3]
	[29425,2]
	[30272,1]
	[30700,4]
	[31131,1]
	[32002,3]
	[32442,1]
	[32885,2]
	[33331,1]
	[33780,2]
	[34232,3]
	[35145,2]
	[35606,3]
	[36070,4]
	[36537,3]
	[37480,4]
	[37956,3]
	[38435,2]
	[38917,4]
	[39402,2]
	[39890,5]
	[40381,2]
	[40875,2]
	[41372,3]
	[41872,2]
	[42375,4]
	[42881,6]
	[43390,4]
	[43902,5]
	[44417,3]
	[44935,2]
	[45456,9]
	[45980,3]
	[46507,4]
	[47037,6]
	[47570,7]
	[48106,5]
	[48645,2]
	[49187,3]
	[49732,3]
	[50280,2]
	[50831,3]
	[51385,3]
	[51942,3]
	[52502,3]
	[53065,1]
	[53631,3]
	[54200,2]
	[54772,6]
	[55347,5]
	[55925,3]
	[56506,8]
	[57090,4]
	[57677,3]
	[58267,7]
	[58860,8]
	[59456,4]
	[60055,3]
	[60657,1]
	[61262,4]
	[61870,3]
	[62481,7]
	[63095,9]
	[63712,1]
	[64332,3]
	[64955,4]
	[65581,4]
	[66210,6]
	[66842,5]
	[67477,6]
	[68115,3]
	[68756,9]
	[69400,3]
	[70047,3]
	[70697,5]
	[71350,2]
	[72006,10]
	[72665,3]
	[73327,8]
	[73992,4]
	[74660,8]
	[75331,8]
	[76005,5]
	[76682,8]
	[77362,2]
	[78045,6]
	[78731,5]
	[79420,4]
	[80112,4]
	[80807,9]
	[81505,2]
	[82206,8]
	[82910,5]
	[83617,5]
	[84327,7]
	[85040,5]
	[85756,9]
	[86475,2]
	[87197,4]
	[87922,4]
	[88650,2]
	[89381,6]
	[90115,4]
	[90852,3]
	[91592,7]
	[92335,7]
	[93081,12]
	[93830,5]
	[94582,3]
	[95337,6]
	[96095,7]
	[96856,3]
	[97620,11]
	[98387,9]
	[99157,9]
	[99930,6]
	[100706,6]
	[101485,8]
	[102267,6]
	[103052,8]
	[103840,7]
	[104631,8]
	[105425,10]
	[106222,12]
	[107022,12]
	[107825,5]
	[108631,11]
	[109440,12]
	[110252,11]
	[111067,8]
	[111885,4]
	[112706,8]
	[113530,12]
	[114357,11]
	[115187,4]
	[116020,10]
	[116856,9]
	[117695,8]
	[118537,10]
	[119382,12]
	[120230,8]
	[121081,8]
	[121935,9]
	[122792,14]
	[123652,10]
	[124515,8]
	[125381,8]
	[126250,6]
	[127122,8]
	[127997,8]
	[128875,8]
	[129756,11]
	[130640,5]
	[131527,15]
	[132417,11]
	[133310,7]
	[134206,5]
	[135105,8]
	[136007,12]
	[136912,7]
	[137820,15]
	[138731,6]
	[139645,12]
	[140562,7]
	[141482,7]
	[142405,9]
	[143331,13]
	[144260,10]
	[145192,9]
	[146127,12]
	[147065,11]
	[148006,6]
	[148950,10]
	[149897,14]
	[150847,14]
	[151800,16]
	[152756,10]
	[153715,18]
	[154677,10]
	[155642,12]
	[156610,13]
	[157581,6]
	[158555,11]
	[159532,6]
	[160512,18]
	[161495,11]
	[162481,11]
	[163470,10]
	[164462,13]
	[165457,17]
	[166455,7]
	[167456,10]
	[168460,15]
	[169467,12]
	[170477,14]
	[171490,11]
	[172506,17]
	[173525,11]
	[174547,15]
	[175572,13]
	[176600,13]
	[177631,16]
	[178665,10]
	[179702,13]
	[180742,13]
	[181785,12]
	[182831,9]
	[183880,11]
	[184932,18]
	[185987,18]
	[187045,18]
	[188106,16]
	[189170,19]
	[190237,18]
	[191307,10]
	[192380,15]
	[193456,13]
	[194535,12]
	[195617,11]
	[196702,14]
	[197790,20]
	[198881,17]
	[199975,13]
	[201072,19]
	[202172,9]
	[203275,11]
	[204381,19]
	[205490,10]
	[206602,21]
	[207717,22]
	[208835,15]
	[209956,27]
	[211080,16]
	[212207,18]
	[213337,10]
	[214470,16]
	[215606,18]
	[216745,22]
	[217887,13]
	[219032,24]
	[220180,11]
	[221331,10]
	[222485,19]
	[223642,20]
	[224802,15]
	[225965,17]
	[227131,22]
	[228300,26]
	[229472,13]
	[230647,18]
	[231825,19]
	[233006,22]
	[234190,20]
	[235377,18]
	[236567,20]
	[237760,21]
	[238956,16]
	[240155,22]
	[241357,16]
	[242562,14]
	[243770,13]
	[244981,22]
	[246195,16]
	[247412,22]
	[248632,32]
	[249855,22]
	[251081,17]
	[252310,27]
	[253542,17]
	[254777,17]
	[256015,25]
	[257256,20]
	[258500,27]
	[259747,20]
	[260997,24]
	[262250,18]
	[263506,18]
	[264765,24]
	[266027,18]
	[267292,13]
	[268560,20]
	[269831,30]
	[271105,20]
	[272382,30]
	[273662,22]
	[274945,17]
	[276231,19]
	[277520,18]
	[278812,34]
	[280107,17]
	[281405,25]
	[282706,23]
	[284010,25]
	[285317,17]
	[286627,16]
	[287940,27]
	[289256,26]
	[290575,21]
	[291897,19]
	[293222,34]
	[294550,27]
	[295881,29]
	[297215,26]
	[298552,21]
	[299892,28]
	[301235,21]
	[302581,20]
	[303930,23]
	[305282,26]
	[306637,34]
	[307995,32]
	[309356,26]
	[310720,27]
	[312087,27]
	[313457,26]
	[314830,26]
	[316206,23]
	[317585,24]
	[318967,17]
	[320352,23]
	[321740,26]
	[323131,35]
	[324525,25]
	[325922,24]
	[327322,32]
	[328725,28]
	[330131,24]
	[331540,26]
	[332952,18]
	[334367,25]
	[335785,25]
	[337206,30]
	[338630,29]
	[340057,22]
	[341487,39]
	[342920,30]
	[344356,29]
	[345795,27]
	[347237,25]
	[348682,25]
	[350130,32]
	[351581,24]
	[353035,29]
	[354492,26]
	[355952,26]
	[357415,34]
	[358881,22]
	[360350,24]
	[361822,25]
	[363297,29]
	[364775,33]
	[366256,35]
	[367740,26]
	[369227,28]
	[370717,27]
	[372210,29]
	[373706,33]
	[375205,24]
	[376707,31]
	[378212,28]
	[379720,24]
	[381231,26]
	[382745,26]
	[384262,23]
	[385782,39]
	[387305,36]
	[388831,25]
	[390360,34]
	[391892,30]
	[393427,34]
	[394965,24]
	[396506,35]
	[398050,32]
	[399597,24]
	[401147,38]
	[402700,30]
	[404256,24]
	[405815,33]
	[407377,29]
	[408942,34]
	[410510,33]
	[412081,31]
	[413655,26]
	[415232,34]
	[416812,29]
	[418395,36]
	[419981,32]
	[421570,27]
	[423162,39]
	[424757,37]
	[426355,26]
	[427956,39]
	[429560,38]
	[431167,35]
	[432777,36]
	[434390,36]
	[436006,30]
	[437625,25]
	[439247,42]
	[440872,41]
	[442500,26]
	[444131,38]
	[445765,37]
	[447402,46]
	[449042,33]
	[450685,43]
	[452331,39]
	[453980,28]
	[455632,37]
	[457287,31]
	[458945,35]
	[460606,35]
	[462270,34]
	[463937,35]
	[465607,29]
	[467280,40]
	[468956,37]
	[470635,46]
	[472317,42]
	[474002,26]
	[475690,46]
	[477381,39]
	[479075,34]
	[480772,38]
	[482472,43]
	[484175,33]
	[485881,42]
	[487590,40]
	[489302,49]
	[491017,27]
	[492735,35]
	[494456,41]
	[496180,33]
	[497907,45]
	[499637,36]
	[501370,36]
	[503106,33]
	[504845,42]
	[506587,31]
	[508332,42]
	[510080,38]
	[511831,41]
	[513585,45]
	[515342,39]
	[517102,46]
	[518865,44]
	[520631,41]
	[522400,44]
	[524172,40]
	[525947,38]
	[527725,38]
	[529506,40]
	[531290,46]
	[533077,45]
	[534867,48]
	[536660,49]
	[538456,44]
	[540255,45]
	[542057,55]
	[543862,38]
	[545670,32]
	[547481,39]
	[549295,39]
	[551112,41]
	[552932,45]
	[554755,44]
	[556581,34]
	[558410,35]
	[560242,43]
	[562077,38]
	[563915,45]
	[565756,36]
	[-4370,305585]
	[567600,11]
	[569447,53]
	[571297,37]
	[573150,38]
	[575006,50]
	[576865,58]
	[578727,41]
	[580592,56]
	[582460,46]
	[584331,51]
	[586205,51]
	[588082,45]
	[589962,43]
	[591845,42]
	[593731,43]
	[595620,49]
	[597512,42]
	[599407,43]
	[601305,45]
	[603206,38]
	[605110,40]
	[607017,57]
	[608927,38]
	[610840,40]
	[612756,41]
	[614675,40]
	[616597,54]
	[618522,45]
	[620450,44]
	[622381,56]
	[624315,49]
	[626252,41]
	[628192,53]
	[630135,33]
	[632081,53]
	[634030,54]
	[635982,40]
	[637937,48]
	[639895,37]
	[641856,53]
	[643820,51]
	[645787,46]
	[647757,50]
	[649730,41]
	[651706,37]
	[653685,57]
	[655667,55]
	[657652,48]
	[659640,52]
	[661631,46]
	[663625,50]
	[665622,53]
	[667622,51]
	[669625,49]
	[671631,45]
	[673640,26]
	[675652,21]
	[677667,41]
	[679685,17]
	[681706,50]
	[683730,37]
	[685757,52]
	[687787,56]
	[689820,52]
	[691856,27]
	[693895,42]
	[695937,46]
	[697982,13]
	[700030,54]
	[702081,38]
	[704135,39]
	[706192,31]
	[708252,49]
	[710315,42]
	[712381,52]
	[714450,35]
	[716522,35]
	[718597,55]
	[720675,43]
	[726927,30]
	[729017,55]
	[731110,37]
	[733206,10]
	[735305,35]
	[737407,52]
	[739512,27]
	[741620,32]
	[743731,58]
	[745845,7]
	[747962,21]
	[750082,9]
	[752205,34]
	[754331,54]
	[756460,52]
	[758592,38]
	[760727,38]
	[762865,49]
	[765006,36]
	[767150,45]
	[769297,15]
	[773600,10]
	[775756,3]
	[777915,5]
	[780077,43]
	[782242,38]
	[784410,10]
	[790932,54]
	[793112,16]
	[795295,28]
	[797481,40]
	[799670,34]
	[801862,30]
	[804057,30]
	[806255,10]
	[817290,27]
	[819506,21]
	[821725,5]
	[823947,1]
	[826172,20]
	[828400,46]
	[830631,26]
	[832865,43]
	[835102,34]
	[837342,9]
	[844080,28]
	[846332,3]
	[850845,21]
	[853106,6]
	[855370,25]
	[859907,8]
	[869017,57]
	[871302,12]
	[882772,10]
	[892002,10]
	[896635,34]
	[903607,1]
	[927042,5]
	[929402,6]
	[931765,48]
	[934131,7]
	[943625,2]
	[1036212,15]
	[1043706,2]

1744,
	[1,53]
	[2,7024]
	[16641,1]
	[32474,1]
	[48693,1]
	[49347,1]
	[50863,1]
	[55523,1]
	[77426,1]
	[80935,1]
	[93910,1]
	[104048,1]
	[123924,1]
	[130864,1]
	[132449,1]
	[133326,1]
	[151055,1]
	[151151,1]
	[164478,1]
	[176648,1]
	[182009,1]
	[186163,1]
	[205698,1]
	[207877,1]
	[212575,1]
	[220500,1]
	[221555,1]
	[236807,1]
	[237776,1]
	[237968,1]
	[266315,1]
	[273774,1]
	[281837,1]
	[285717,1]
	[294662,1]
	[297647,1]
	[301603,1]
	[302645,1]
	[302917,1]
	[304058,1]
	[320784,1]
	[347477,1]
	[350402,1]
	[389279,1]
	[395461,1]
	[418555,1]
	[432873,1]
	[447850,1]
	[475866,1]
	[479091,1]
	[512231,1]
	[522704,1]
	[528125,1]
	[569751,1]
	[580752,1]
	[584811,1]
	[590154,1]
	[603430,1]
	[605414,1]
	[611192,1]
	[611400,1]
	[620610,1]
	[630183,1]
	[640151,1]
	[645835,1]
	[646155,1]
	[652298,1]
	[656259,1]
	[658084,1]
	[-4370,439]
	[680101,1]
	[690172,1]
	[698462,1]
	[721027,1]
	[727471,1]
	[765214,1]
	[782802,1]

1696,
	[2,7716]
	[1,58199]
	[3,5113762]

1664,
	[1,113]
	[3,7534]

1676,
	[2,58111]
	[3,4801271]
	[57,18]
	[51,9]
	[9,8]
	[69,16]
	[105,24]
	[132,23]
	[117,20]
	[111,28]
	[6,10]
	[176,1]
	[93,16]
	[153,29]
	[147,28]
	[165,30]
	[192,28]
	[123,20]
	[209,1]
	[201,37]
	[210,37]
	[213,28]
	[233,1]
	[252,53]
	[189,26]
	[240,43]
	[87,16]
	[150,24]
	[255,46]
	[222,38]
	[162,28]
	[75,15]
	[234,33]
	[138,27]
	[15,5]
	[126,18]
	[228,30]
	[264,47]
	[198,37]
	[195,33]
	[237,38]
	[246,30]
	[156,27]
	[159,38]
	[288,42]
	[135,24]
	[294,49]
	[174,23]
	[285,40]
	[120,25]
	[324,53]
	[321,42]
	[333,41]
	[258,36]
	[186,33]
	[66,13]
	[171,28]
	[180,30]
	[243,51]
	[168,33]
	[315,39]
	[293,1]
	[273,46]
	[354,52]
	[318,42]
	[90,20]
	[342,80]
	[276,46]
	[339,52]
	[204,35]
	[249,39]
	[231,38]
	[312,54]
	[291,46]
	[390,63]
	[393,57]
	[327,50]
	[345,52]
	[381,51]
	[369,54]
	[309,35]
	[411,68]
	[330,50]
	[384,63]
	[360,53]
	[60,23]
	[414,65]
	[372,67]
	[378,50]
	[72,9]
	[387,68]
	[423,68]
	[183,23]
	[279,36]
	[396,54]
	[417,60]
	[459,80]
	[357,55]
	[438,80]
	[375,45]
	[462,57]
	[474,81]
	[408,72]
	[435,55]
	[351,51]
	[429,74]
	[45,8]
	[428,1]
	[129,19]
	[363,56]
	[303,52]
	[447,74]
	[39,6]
	[492,57]
	[426,71]
	[432,78]
	[486,96]
	[477,75]
	[510,83]
	[516,85]
	[480,75]
	[261,42]
	[78,16]
	[405,63]
	[465,71]
	[297,48]
	[537,89]
	[489,96]
	[519,74]
	[534,94]
	[388,1]
	[267,49]
	[564,92]
	[495,70]
	[522,61]
	[18,7]
	[108,16]
	[468,78]
	[507,83]
	[543,94]
	[450,75]
	[21,5]
	[501,83]
	[528,88]
	[549,75]
	[441,62]
	[498,92]
	[513,94]
	[561,93]
	[531,87]
	[540,94]
	[399,55]
	[141,26]
	[579,84]
	[219,40]
	[300,57]
	[420,58]
	[456,66]
	[12,7]
	[609,94]
	[336,51]
	[594,95]
	[600,95]
	[444,85]
	[612,103]
	[555,95]
	[366,58]
	[597,97]
	[633,105]
	[636,112]
	[585,87]
	[576,90]
	[588,97]
	[639,93]
	[472,1]
	[645,89]
	[177,23]
	[483,70]
	[446,1]
	[651,90]
	[573,73]
	[552,75]
	[570,88]
	[551,1]
	[225,36]
	[102,18]
	[99,12]
	[567,80]
	[621,95]
	[669,98]
	[657,107]
	[606,79]
	[615,101]
	[525,76]
	[558,78]
	[618,71]
	[627,92]
	[681,108]
	[471,68]
	[603,77]
	[675,85]
	[30,9]
	[546,88]
	[624,81]
	[581,1]
	[453,68]
	[648,91]
	[84,17]
	[642,126]
	[672,101]
	[666,109]
	[630,89]
	[660,99]
	[582,92]
	[705,130]
	[690,105]
	[504,74]
	[654,103]
	[270,47]
	[687,95]
	[711,90]
	[306,43]
	[663,86]
	[723,108]
	[735,117]
	[678,102]
	[702,90]
	[591,91]
	[696,104]
	[717,105]
	[81,13]
	[24,12]
	[747,110]
	[708,101]
	[741,92]
	[580,1]
	[699,103]
	[744,114]
	[750,126]
	[753,127]
	[732,101]
	[756,118]
	[759,114]
	[768,107]
	[720,116]
	[765,104]
	[771,112]
	[783,109]
	[54,15]
	[684,99]
	[777,132]
	[676,1]
	[774,107]
	[348,56]
	[810,99]
	[714,97]
	[816,114]
	[726,105]
	[822,140]
	[738,90]
	[216,36]
	[693,109]
	[801,104]
	[729,107]
	[795,93]
	[828,129]
	[144,23]
	[792,100]
	[834,122]
	[837,108]
	[831,130]
	[849,132]
	[813,102]
	[858,94]
	[789,102]
	[762,104]
	[840,122]
	[598,1]
	[870,127]
	[807,92]
	[825,139]
	[864,114]
	[873,125]
	[48,15]
	[819,126]
	[843,109]
	[804,120]
	[42,5]
	[207,28]
	[879,132]
	[885,116]
	[897,116]
	[855,112]
	[780,95]
	[876,125]
	[861,142]
	[909,123]
	[921,131]
	[894,133]
	[786,117]
	[798,93]
	[846,119]
	[867,126]
	[856,1]
	[936,135]
	[891,127]
	[882,140]
	[918,133]
	[740,1]
	[942,99]
	[63,21]
	[906,134]
	[924,151]
	[930,142]
	[939,127]
	[852,107]
	[951,127]
	[888,106]
	[912,114]
	[282,28]
	[969,149]
	[652,1]
	[963,131]
	[972,114]
	[975,135]
	[948,148]
	[960,130]
	[957,147]
	[402,57]
	[915,138]
	[993,140]
	[990,136]
	[927,136]
	[903,124]
	[1005,130]
	[987,131]
	[981,113]
	[996,140]
	[978,123]
	[1026,132]
	[954,127]
	[1008,127]
	[33,3]
	[900,122]
	[1002,135]
	[999,130]
	[1011,116]
	[1038,122]
	[785,1]
	[933,129]
	[1020,123]
	[1032,134]
	[966,127]
	[984,152]
	[1014,139]
	[1056,133]
	[96,14]
	[1017,148]
	[1050,122]
	[1053,124]
	[1044,140]
	[1062,161]
	[1074,136]
	[1047,173]
	[1065,152]
	[1023,141]
	[1035,134]
	[1068,166]
	[1077,145]
	[1029,123]
	[1041,133]
	[1089,159]
	[1059,146]
	[1083,143]
	[1071,140]
	[945,106]
	[1095,150]
	[1092,124]
	[1101,151]
	[1104,164]
	[1113,109]
	[1080,142]
	[1119,172]
	[1131,157]
	[1107,139]
	[1128,156]
	[1086,123]
	[1116,152]
	[1152,165]
	[1027,1]
	[947,1]
	[1149,143]
	[1078,1]
	[1125,158]
	[889,1]
	[1140,130]
	[1161,147]
	[1173,147]
	[1137,144]
	[1143,156]
	[1170,139]
	[1098,134]
	[1179,171]
	[1110,147]
	[1134,155]
	[1194,170]
	[944,1]
	[1200,167]
	[1155,168]
	[1209,158]
	[1203,134]
	[1206,171]
	[1164,157]
	[1176,140]
	[1182,156]
	[1122,149]
	[1212,154]
	[1215,154]
	[1167,158]
	[1188,124]
	[1197,159]
	[1147,1]
	[1224,167]
	[1227,143]
	[1158,144]
	[1146,150]
	[1185,178]
	[1219,1]
	[1245,142]
	[1218,154]
	[1236,147]
	[1230,157]
	[1233,153]
	[1141,1]
	[1248,150]
	[1242,152]
	[923,1]
	[1254,159]
	[1263,168]
	[1272,161]
	[1281,179]
	[1271,1]
	[1239,138]
	[1251,172]
	[1257,166]
	[1260,160]
	[1284,142]
	[1296,163]
	[1302,172]
	[1305,177]
	[1275,159]
	[114,18]
	[1266,188]
	[1293,173]
	[1308,180]
	[1269,168]
	[1317,176]
	[1311,163]
	[1290,165]
	[1323,184]
	[1278,166]
	[1299,143]
	[1221,149]
	[36,4]
	[1326,145]
	[1335,180]
	[1191,155]
	[1314,163]
	[1338,132]
	[1341,162]
	[1332,161]
	[1329,140]
	[1320,170]
	[1353,153]
	[1344,167]
	[1350,178]
	[1359,184]
	[1362,167]
	[1115,1]
	[1356,172]
	[1347,181]
	[1365,152]
	[1374,182]
	[1371,177]
	[1389,171]
	[1368,174]
	[1287,155]
	[1380,175]
	[1383,168]
	[1392,170]
	[1386,169]
	[1401,163]
	[1395,175]
	[1416,178]
	[1407,189]
	[1413,167]
	[1422,206]
	[1297,1]
	[1410,180]
	[1377,167]
	[1404,171]
	[1398,169]
	[1425,162]
	[1437,181]
	[1443,177]
	[1458,169]
	[1452,170]
	[1455,182]
	[1461,191]
	[1419,195]
	[1428,168]
	[1434,188]
	[1464,166]
	[1467,166]
	[1476,192]
	[1446,187]
	[1482,189]
	[1470,189]
	[1473,192]
	[1491,172]
	[1440,157]
	[1494,184]
	[1500,180]
	[1431,167]
	[1497,178]
	[1503,189]
	[1485,179]
	[1506,191]
	[1102,1]
	[1488,182]
	[1512,189]
	[1449,173]
	[1509,180]
	[1518,195]
	[1479,185]
	[1521,178]
	[1527,182]
	[1533,186]
	[1515,184]
	[1536,175]
	[1539,192]
	[1548,174]
	[1542,175]
	[1545,190]
	[1560,185]
	[1557,162]
	[1530,186]
	[1551,176]
	[1572,170]
	[1569,195]
	[1563,184]
	[1581,190]
	[1584,186]
	[1566,157]
	[1575,171]
	[1590,203]
	[1578,181]
	[1554,202]
	[1599,193]
	[1587,195]
	[1592,1]
	[1608,211]
	[1602,177]
	[1605,189]
	[1593,192]
	[1614,176]
	[1376,1]
	[1524,182]
	[1629,208]
	[1611,206]
	[1632,196]
	[1623,184]
	[1596,219]
	[1240,2]
	[1644,177]
	[1665,167]
	[1638,210]
	[1650,199]
	[1653,189]
	[1668,191]
	[1662,187]
	[1671,201]
	[1620,216]
	[1635,193]
	[1647,208]
	[1656,198]
	[1683,205]
	[1659,201]
	[1677,178]
	[1641,186]
	[1680,196]
	[1617,178]
	[1701,188]
	[1689,200]
	[1698,194]
	[1704,209]
	[1556,1]
	[1695,210]
	[1710,180]
	[1713,208]
	[1725,207]
	[1707,208]
	[1734,178]
	[1626,203]
	[1199,1]
	[1692,202]
	[1740,183]
	[1737,193]
	[1301,1]
	[1719,206]
	[1528,1]
	[1674,205]
	[1728,190]
	[1716,207]
	[1746,211]
	[1686,224]
	[1752,190]
	[1755,172]
	[1731,198]
	[1743,221]
	[1722,206]
	[1761,188]
	[1764,222]
	[1767,217]
	[1779,201]
	[1711,1]
	[1785,199]
	[1773,194]
	[1770,189]
	[1749,202]
	[1800,210]
	[1678,1]
	[1782,209]
	[1806,214]
	[1797,210]
	[1791,203]
	[1809,196]
	[1776,199]
	[1821,202]
	[1815,199]
	[1794,215]
	[1812,178]
	[1827,226]
	[1788,191]
	[1833,195]
	[1836,216]
	[1842,204]
	[1480,1]
	[1758,208]
	[1824,201]
	[1845,211]
	[1803,182]
	[1830,227]
	[1818,205]
	[1863,232]
	[1851,232]
	[1854,223]
	[1866,196]
	[1869,202]
	[1848,185]
	[1763,1]
	[1872,235]
	[1878,191]
	[1857,205]
	[1860,215]
	[1884,225]
	[1839,198]
	[1875,215]
	[1893,190]
	[1896,221]
	[1881,199]
	[1887,232]
	[1899,195]
	[1905,206]
	[1908,194]
	[1898,1]
	[1890,230]
	[1920,221]
	[1902,199]
	[1923,222]
	[1935,222]
	[1685,1]
	[1349,1]
	[1914,223]
	[1938,208]
	[1352,1]
	[1911,209]
	[1932,219]
	[1917,212]
	[1947,219]
	[1953,219]
	[1926,244]
	[1950,222]
	[1959,244]
	[1956,207]
	[1968,219]
	[1929,221]
	[1941,228]
	[1965,200]
	[1971,215]
	[1980,208]
	[1983,226]
	[1962,196]
	[1977,208]
	[1432,1]
	[1974,222]
	[1992,222]
	[2004,176]
	[2001,230]
	[1989,220]
	[1995,215]
	[2010,214]
	[2016,215]
	[2022,219]
	[2025,210]
	[2019,182]
	[2015,1]
	[1944,213]
	[2007,194]
	[1986,224]
	[2013,227]
	[2034,235]
	[2037,210]
	[1454,1]
	[2031,203]
	[2040,212]
	[2043,247]
	[1998,222]
	[2052,218]
	[2055,214]
	[2067,217]
	[2070,219]
	[2046,228]
	[1420,1]
	[2061,239]
	[2073,236]
	[2076,211]
	[2079,221]
	[2058,225]
	[2082,232]
	[2027,1]
	[2064,220]
	[2028,222]
	[2085,216]
	[2097,223]
	[2049,248]
	[2091,200]
	[2088,235]
	[2094,230]
	[1424,1]
	[1987,1]
	[2106,199]
	[2112,230]
	[2118,215]
	[2103,225]
	[2109,249]
	[2121,226]
	[2133,242]
	[2130,233]
	[2011,1]
	[2100,222]
	[2139,248]
	[2127,232]
	[2142,221]
	[1885,1]
	[2154,225]
	[2124,213]
	[2148,220]
	[2160,225]
	[2115,218]
	[2145,234]
	[2163,222]
	[2151,215]
	[2175,204]
	[2136,207]
	[2166,246]
	[2187,194]
	[2172,246]
	[2178,215]
	[2020,1]
	[2193,232]
	[2157,212]
	[2190,234]
	[2184,203]
	[2205,243]
	[2211,228]
	[2214,257]
	[2181,252]
	[2208,202]
	[2217,212]
	[2220,234]
	[1906,1]
	[2169,226]
	[2229,225]
	[2226,231]
	[2075,2]
	[2235,234]
	[1598,1]
	[2223,244]
	[2238,225]
	[1924,1]
	[2196,224]
	[2202,210]
	[2241,198]
	[2244,225]
	[2199,225]
	[2247,246]
	[2253,236]
	[2259,234]
	[2232,210]
	[2262,226]
	[2256,198]
	[2265,219]
	[2268,231]
	[1954,1]
	[2274,241]
	[2250,218]
	[2280,192]
	[2283,233]
	[1729,1]
	[2286,255]
	[2289,232]
	[2277,223]
	[2292,220]
	[2295,230]
	[2307,255]
	[2310,258]
	[2298,231]
	[2313,245]
	[2301,225]
	[1874,1]
	[1730,1]
	[2316,239]
	[2325,226]
	[2304,240]
	[2331,217]
	[2319,245]
	[2334,238]
	[2322,231]
	[2343,248]
	[1786,1]
	[2346,242]
	[2349,208]
	[2340,227]
	[2328,213]
	[2355,202]
	[2361,264]
	[2337,241]
	[2364,251]
	[2271,205]
	[2358,226]
	[2367,235]
	[2373,241]
	[2379,253]
	[1649,1]
	[2352,252]
	[2385,226]
	[2382,231]
	[2370,215]
	[2391,247]
	[2388,238]
	[2403,227]
	[2397,254]
	[2409,218]
	[2418,223]
	[2400,219]
	[2406,245]
	[2312,2]
	[2376,237]
	[2394,217]
	[2363,1]
	[2412,249]
	[2415,226]
	[2424,235]
	[1774,1]
	[2427,234]
	[2421,247]
	[2430,219]
	[2433,233]
	[2436,260]
	[2439,221]
	[2442,228]
	[2445,241]
	[2006,1]
	[1990,1]
	[2448,240]
	[2454,224]
	[2463,239]
	[2451,235]
	[2460,219]
	[2466,212]
	[2469,232]
	[2457,242]
	[1979,1]
	[27,3]
	[2475,232]
	[1921,1]
	[2472,218]
	[1978,1]
	[2484,236]
	[2490,234]
	[2496,263]
	[2508,234]
	[2502,224]
	[2511,229]
	[2478,256]
	[2487,211]
	[2499,249]
	[2505,253]
	[2523,240]
	[2493,228]
	[2520,241]
	[2532,239]
	[2526,244]
	[2517,235]
	[2529,227]
	[2538,236]
	[2481,221]
	[2535,245]
	[2550,220]
	[2547,241]
	[2559,226]
	[2514,232]
	[2541,237]
	[2553,226]
	[2562,246]
	[2556,241]
	[2568,245]
	[2565,235]
	[2571,254]
	[2544,237]
	[2580,248]
	[2574,211]
	[2577,238]
	[2583,223]
	[2595,260]
	[2586,223]
	[2598,228]
	[2592,241]
	[2589,233]
	[2619,238]
	[2601,210]
	[2604,215]
	[2610,216]
	[2613,230]
	[2616,258]
	[2622,233]
	[2628,219]
	[2607,252]
	[2640,229]
	[2634,236]
	[2625,268]
	[2649,255]
	[2643,247]
	[2639,1]
	[2631,224]
	[2655,246]
	[2637,234]
	[2646,230]
	[1861,1]
	[2658,251]
	[2664,240]
	[2667,270]
	[2670,245]
	[2673,232]
	[2652,240]
	[2661,260]
	[2676,230]
	[2685,227]
	[2688,270]
	[2051,1]
	[2035,1]
	[2092,1]
	[2682,246]
	[2694,240]
	[2700,263]
	[2709,230]
	[2395,1]
	[2679,243]
	[2712,227]
	[2691,241]
	[2715,254]
	[2721,231]
	[2706,244]
	[2724,241]
	[2703,237]
	[2727,214]
	[2697,229]
	[2733,239]
	[2739,230]
	[2730,240]
	[2736,219]
	[2751,220]
	[2754,231]
	[2742,231]
	[2745,265]
	[2748,271]
	[2718,229]
	[2757,247]
	[2766,242]
	[2763,245]
	[2769,229]
	[2647,2]
	[2772,246]
	[2775,246]
	[2781,239]
	[2760,244]
	[2778,258]
	[2784,251]
	[2787,214]
	[2799,220]
	[2802,246]
	[2790,228]
	[2796,230]
	[2805,251]
	[2225,1]
	[2793,238]
	[2808,241]
	[2814,233]
	[2820,242]
	[2823,238]
	[2817,259]
	[2826,259]
	[2829,249]
	[2841,215]
	[2811,223]
	[2832,240]
	[2838,254]
	[2847,243]
	[2835,232]
	[2844,236]
	[2859,233]
	[2865,226]
	[2856,233]
	[2850,214]
	[2853,268]
	[2871,228]
	[2874,261]
	[2877,230]
	[2880,257]
	[2883,243]
	[2862,255]
	[2393,1]
	[2886,217]
	[2892,231]
	[2889,219]
	[2901,247]
	[2907,251]
	[2898,235]
	[2904,236]
	[2868,235]
	[2895,241]
	[2910,234]
	[2919,239]
	[2916,247]
	[2913,256]
	[2925,276]
	[2864,2]
	[2922,227]
	[2928,212]
	[2444,1]
	[2937,243]
	[2940,231]
	[2934,238]
	[2931,219]
	[2357,1]
	[2949,252]
	[2946,254]
	[2958,232]
	[2116,1]
	[2955,219]
	[2122,1]
	[2961,266]
	[2509,1]
	[2973,228]
	[2943,242]
	[2967,238]
	[2976,224]
	[2979,253]
	[2582,1]
	[2982,233]
	[2964,242]
	[2970,222]
	[2952,232]
	[2985,231]
	[2988,232]
	[2991,244]
	[2994,226]
	[3009,234]
	[2997,259]
	[3000,256]
	[3012,227]
	[3015,224]
	[3021,233]
	[3024,223]
	[2947,1]
	[3018,239]
	[3003,245]
	[3033,262]
	[3027,245]
	[3030,248]
	[3036,248]
	[3039,233]
	[3051,253]
	[3045,235]
	[3054,238]
	[3006,236]
	[3048,248]
	[3057,236]
	[3066,296]
	[3063,228]
	[3060,223]
	[3069,244]
	[3072,234]
	[2108,1]
	[3075,254]
	[3081,230]
	[3090,237]
	[3042,225]
	[3078,240]
	[3093,239]
	[3087,241]
	[3096,258]
	[3102,253]
	[3099,243]
	[3111,242]
	[3114,259]
	[3084,257]
	[3105,246]
	[3117,227]
	[3123,222]
	[3108,260]
	[3126,233]
	[3129,247]
	[3138,256]
	[3147,226]
	[2750,1]
	[3120,261]
	[3150,247]
	[3141,237]
	[3153,246]
	[3135,233]
	[3144,222]
	[3132,255]
	[3156,247]
	[3159,244]
	[2861,1]
	[2960,2]
	[3162,239]
	[3168,218]
	[3171,224]
	[3174,253]
	[3177,247]
	[3180,242]
	[3186,251]
	[3165,220]
	[3189,283]
	[3192,253]
	[2347,1]
	[3195,234]
	[3076,2]
	[2308,1]
	[3201,250]
	[3183,246]
	[3198,258]
	[3207,226]
	[3210,259]
	[3216,232]
	[3213,245]
	[3222,259]
	[3204,207]
	[3219,214]
	[3228,239]
	[3225,266]
	[3234,239]
	[3237,253]
	[3240,283]
	[3243,287]
	[3231,236]
	[2836,1]
	[3249,243]
	[3261,239]
	[3246,231]
	[3255,227]
	[3258,240]
	[3252,197]
	[3264,223]
	[3267,217]
	[3270,251]
	[3273,226]
	[3276,254]
	[2287,1]
	[3128,1]
	[2219,1]
	[3282,241]
	[3285,224]
	[3291,257]
	[3279,237]
	[3294,232]
	[3303,255]
	[3306,231]
	[3309,247]
	[3315,218]
	[3318,284]
	[3288,227]
	[3324,245]
	[3327,245]
	[3321,243]
	[3297,210]
	[3300,244]
	[2494,1]
	[2366,1]
	[3342,233]
	[3313,2]
	[3330,235]
	[3333,261]
	[3345,227]
	[3348,263]
	[3339,249]
	[3312,223]
	[3336,238]
	[3357,247]
	[3360,236]
	[3354,213]
	[2441,1]
	[2524,1]
	[3343,1]
	[3366,237]
	[3372,243]
	[3363,242]
	[3351,201]
	[3369,211]
	[3375,257]
	[3378,255]
	[3387,242]
	[3393,243]
	[3390,239]
	[3402,216]
	[2512,1]
	[3381,211]
	[3396,211]
	[3384,214]
	[3408,249]
	[3414,244]
	[3420,234]
	[3405,214]
	[3417,239]
	[3426,243]
	[3399,227]
	[3411,216]
	[3423,222]
	[3112,1]
	[3429,201]
	[3432,246]
	[3435,215]
	[3438,226]
	[3444,237]
	[3441,209]
	[3447,254]
	[3450,234]
	[3456,240]
	[3459,247]
	[3465,241]
	[3468,199]
	[3471,229]
	[2834,1]
	[3477,246]
	[3462,249]
	[3453,229]
	[3480,239]
	[3483,237]
	[3486,245]
	[3489,248]
	[2948,1]
	[3492,236]
	[3495,246]
	[3474,237]
	[3498,242]
	[3504,228]
	[2675,1]
	[3501,254]
	[3510,245]
	[2876,1]
	[3513,236]
	[3507,239]
	[3525,215]
	[2600,1]
	[3522,240]
	[3531,247]
	[3540,229]
	[3537,237]
	[3519,254]
	[3546,243]
	[3534,237]
	[3516,239]
	[3528,228]
	[3187,1]
	[3549,229]
	[3552,217]
	[3555,232]
	[2668,1]
	[3564,247]
	[3543,220]
	[3567,224]
	[3570,208]
	[3561,231]
	[2654,2]
	[3573,227]
	[3576,225]
	[3579,246]
	[3585,226]
	[3558,237]
	[3582,193]
	[3594,215]
	[3591,237]
	[3588,237]
	[3600,238]
	[3299,2]
	[3597,229]
	[3603,240]
	[3606,251]
	[2741,1]
	[3618,211]
	[3609,242]
	[3612,223]
	[3624,212]
	[3627,254]
	[3621,237]
	[3630,217]
	[3633,218]
	[2621,1]
	[3636,229]
	[3642,222]
	[3615,228]
	[3639,239]
	[3645,251]
	[3648,213]
	[3651,229]
	[3657,212]
	[3654,234]
	[3666,205]
	[3663,234]
	[3660,229]
	[3675,201]
	[3217,1]
	[3672,231]
	[3684,242]
	[3669,228]
	[3678,208]
	[3681,241]
	[3687,250]
	[3690,249]
	[3693,203]
	[3696,243]
	[2518,1]
	[3699,216]
	[3702,231]
	[3705,202]
	[3708,247]
	[3711,194]
	[3714,217]
	[3717,211]
	[3723,218]
	[3729,241]
	[3726,238]
	[3735,230]
	[3741,229]
	[3720,229]
	[3732,230]
	[3750,227]
	[3747,237]
	[3738,232]
	[3759,221]
	[2552,1]
	[3762,210]
	[3753,235]
	[3756,212]
	[3744,226]
	[3774,229]
	[3765,242]
	[3771,222]
	[3768,217]
	[3777,205]
	[3786,190]
	[2989,1]
	[2669,1]
	[3783,223]
	[3789,237]
	[3780,238]
	[3795,195]
	[3801,242]
	[3804,229]
	[3807,254]
	[3029,1]
	[3798,193]
	[2968,1]
	[3813,192]
	[3810,245]
	[3816,212]
	[3822,212]
	[3364,1]
	[3792,202]
	[3819,227]
	[3831,230]
	[3825,219]
	[3840,223]
	[3828,221]
	[3846,255]
	[3849,232]
	[3834,206]
	[3843,203]
	[3852,228]
	[3839,1]
	[3631,1]
	[2693,1]
	[3837,225]
	[3858,207]
	[3861,222]
	[3864,201]
	[3867,208]
	[3873,210]
	[2980,1]
	[3876,239]
	[3882,215]
	[3005,1]
	[3855,213]
	[3885,218]
	[3870,202]
	[3879,228]
	[3888,218]
	[3900,218]
	[3891,204]
	[3912,224]
	[3915,232]
	[3906,225]
	[3649,1]
	[3894,232]
	[3903,222]
	[3909,219]
	[3921,221]
	[3914,1]
	[3924,227]
	[3930,224]
	[3918,233]
	[3933,187]
	[3936,222]
	[3939,199]
	[3110,1]
	[3942,201]
	[3927,208]
	[3948,206]
	[3845,2]
	[3945,213]
	[3957,218]
	[3897,213]
	[3951,216]
	[3954,193]
	[3960,217]
	[3966,222]
	[3969,214]
	[3972,214]
	[3031,2]
	[3963,213]
	[3978,233]
	[3975,207]
	[3984,223]
	[3987,184]
	[3788,1]
	[3990,218]
	[3993,219]
	[2879,1]
	[3996,240]
	[3981,196]
	[3999,228]
	[4002,218]
	[4008,236]
	[3739,1]
	[4011,238]
	[4014,233]
	[4005,219]
	[4017,200]
	[4026,229]
	[3677,1]
	[3245,1]
	[4020,201]
	[4032,227]
	[4023,204]
	[4035,201]
	[4038,209]
	[4029,205]
	[4041,224]
	[4053,209]
	[4044,199]
	[2843,1]
	[4050,211]
	[4056,196]
	[4059,188]
	[3262,1]
	[4047,226]
	[3572,1]
	[4068,218]
	[4062,181]
	[4065,200]
	[4071,210]
	[4074,223]
	[4077,197]
	[2969,1]
	[4083,182]
	[4086,210]
	[4080,222]
	[4089,220]
	[4101,226]
	[4092,203]
	[4098,212]
	[4107,205]
	[2762,1]
	[4095,194]
	[4122,207]
	[4125,215]
	[4128,217]
	[4110,197]
	[4113,223]
	[4116,217]
	[4131,211]
	[4119,207]
	[3577,1]
	[4134,198]
	[3551,1]
	[4140,208]
	[4137,213]
	[4143,216]
	[4146,214]
	[4149,195]
	[3512,1]
	[4104,233]
	[4152,197]
	[4155,193]
	[3892,2]
	[3028,1]
	[4161,188]
	[4164,214]
	[3671,1]
	[4158,180]
	[4173,205]
	[4167,188]
	[4170,212]
	[4182,217]
	[3449,1]
	[4188,211]
	[4185,210]
	[4191,200]
	[3685,1]
	[4179,195]
	[4194,215]
	[4197,206]
	[4176,212]
	[4200,219]
	[3556,1]
	[4206,185]
	[4203,197]
	[4209,249]
	[4212,215]
	[4215,190]
	[4218,202]
	[3568,1]
	[4224,179]
	[4217,1]
	[3385,1]
	[4221,210]
	[4230,187]
	[4239,211]
	[4233,204]
	[4251,195]
	[4242,200]
	[4254,227]
	[2900,1]
	[4236,180]
	[4260,220]
	[4257,202]
	[4248,169]
	[4263,187]
	[4266,165]
	[4227,198]
	[4245,215]
	[4275,206]
	[4278,190]
	[3001,1]
	[4272,196]
	[4269,202]
	[4281,171]
	[4284,220]
	[4287,189]
	[4290,211]
	[2926,1]
	[4293,221]
	[4299,204]
	[4302,205]
	[4296,190]
	[4305,196]
	[4311,185]
	[4314,163]
	[4317,206]
	[4320,180]
	[4308,203]
	[4323,200]
	[3241,1]
	[3193,1]
	[4268,2]
	[3212,1]
	[4326,194]
	[4335,186]
	[4338,196]
	[4332,207]
	[4344,190]
	[4329,205]
	[3502,1]
	[4350,183]
	[4353,210]
	[4356,184]
	[4347,206]
	[4359,186]
	[4362,191]
	[4371,189]
	[4365,197]
	[4368,181]
	[4341,189]
	[4374,192]
	[4377,200]
	[4159,1]
	[4383,191]
	[4386,184]
	[4380,189]
	[4392,184]
	[4395,184]
	[3038,1]
	[4389,175]
	[4401,183]
	[4398,167]
	[4407,183]
	[4410,181]
	[4413,196]
	[4416,197]
	[3587,1]
	[4404,194]
	[4419,197]
	[4422,184]
	[4425,198]
	[4028,1]
	[4428,182]
	[3170,1]
	[3365,1]
	[4440,180]
	[4437,182]
	[4446,170]
	[4434,187]
	[4443,166]
	[4449,162]
	[3863,1]
	[4431,181]
	[4452,194]
	[4455,161]
	[4467,185]
	[3638,1]
	[4461,199]
	[4464,192]
	[4470,170]
	[4111,3]
	[4458,186]
	[4473,193]
	[3058,1]
	[4479,192]
	[4482,189]
	[4264,1]
	[4485,169]
	[4491,176]
	[4497,192]
	[4476,170]
	[4500,192]
	[4282,2]
	[4488,179]
	[4503,155]
	[4506,172]
	[4509,189]
	[4515,171]
	[4070,2]
	[4518,177]
	[4512,187]
	[4521,179]
	[4156,2]
	[3628,1]
	[4524,172]
	[4494,155]
	[4527,184]
	[4530,154]
	[4533,191]
	[4536,185]
	[4542,204]
	[4548,170]
	[4487,2]
	[4551,197]
	[3293,1]
	[4554,156]
	[3584,1]
	[4557,132]
	[4560,166]
	[4563,163]
	[4539,144]
	[4545,164]
	[3145,1]
	[4252,1]
	[4566,158]
	[4569,178]
	[4572,179]
	[4575,141]
	[3832,2]
	[4578,166]
	[4590,153]
	[4584,148]
	[4593,154]
	[4581,164]
	[4587,157]
	[4599,144]
	[4605,183]
	[4608,165]
	[4003,1]
	[4596,170]
	[4611,176]
	[4602,162]
	[4367,1]
	[4614,170]
	[4623,165]
	[4617,174]
	[4626,190]
	[4629,166]
	[4632,122]
	[4635,172]
	[4620,169]
	[4641,173]
	[4644,167]
	[4647,155]
	[4650,164]
	[4653,136]
	[4387,1]
	[4662,154]
	[4638,150]
	[4656,171]
	[4668,160]
	[4659,143]
	[4671,158]
	[4069,2]
	[4680,152]
	[4665,168]
	[4677,159]
	[4686,157]
	[4683,168]
	[4199,1]
	[4689,167]
	[4692,153]
	[4250,1]
	[4381,1]
	[4237,1]
	[4674,161]
	[4701,167]
	[4698,129]
	[4704,162]
	[3862,1]
	[4695,162]
	[4636,1]
	[3743,1]
	[4713,172]
	[4716,156]
	[4719,167]
	[4710,158]
	[3320,1]
	[4722,153]
	[4728,160]
	[4707,152]
	[4731,159]
	[4725,157]
	[4734,140]
	[4737,155]
	[4743,146]
	[4714,1]
	[4746,164]
	[4749,183]
	[4740,143]
	[4752,161]
	[4755,154]
	[4758,137]
	[4761,158]
	[4767,139]
	[4770,154]
	[4764,162]
	[4773,160]
	[3979,1]
	[4779,151]
	[3278,1]
	[4721,1]
	[4337,1]
	[4782,142]
	[4788,148]
	[4785,137]
	[4794,161]
	[4797,143]
	[4791,151]
	[4803,157]
	[4800,159]
	[4776,168]
	[4809,150]
	[4806,132]
	[4812,133]
	[4818,154]
	[4171,1]
	[4815,141]
	[4821,150]
	[4824,165]
	[4830,132]
	[4827,149]
	[3335,1]
	[4833,135]
	[4836,136]
	[4839,137]
	[4842,135]
	[4851,140]
	[4845,134]
	[4854,133]
	[4860,155]
	[4857,143]
	[4594,1]
	[4866,154]
	[4661,1]
	[4869,138]
	[4747,1]
	[4863,166]
	[4848,123]
	[4872,142]
	[4875,126]
	[4679,1]
	[4881,149]
	[4887,125]
	[4878,142]
	[4890,142]
	[3478,1]
	[4893,137]
	[4902,132]
	[4905,136]
	[4908,154]
	[3311,1]
	[4884,133]
	[4911,131]
	[4896,144]
	[4549,1]
	[4917,141]
	[4899,154]
	[4920,154]
	[4914,133]
	[4926,126]
	[4932,134]
	[4929,138]
	[4935,130]
	[3370,1]
	[4923,136]
	[4944,137]
	[4246,1]
	[4941,134]
	[4938,120]
	[4956,120]
	[3871,1]
	[4953,128]
	[4959,124]
	[4840,1]
	[3400,1]
	[4968,129]
	[4947,125]
	[4950,130]
	[4962,136]
	[4965,125]
	[4971,146]
	[4974,144]
	[4241,1]
	[4977,142]
	[4986,127]
	[3757,1]
	[4980,132]
	[4983,125]
	[4989,126]
	[4992,139]
	[4547,1]
	[4995,115]
	[4998,131]
	[4399,1]
	[3730,1]
	[5007,128]
	[4469,1]
	[3467,1]
	[5001,138]
	[5004,116]
	[5010,143]
	[5013,106]
	[5016,123]
	[5019,122]
	[5022,129]
	[5031,140]
	[4874,1]
	[5025,124]
	[4141,1]
	[3485,1]
	[5028,120]
	[5034,101]
	[4691,1]
	[5040,137]
	[5043,140]
	[5046,140]
	[5037,125]
	[5049,127]
	[5055,115]
	[5058,119]
	[5061,107]
	[4712,1]
	[5052,117]
	[5064,126]
	[5073,105]
	[5067,105]
	[5076,126]
	[5070,113]
	[5085,156]
	[4339,1]
	[5088,128]
	[5091,122]
	[5079,134]
	[5097,118]
	[5100,118]
	[5082,120]
	[5103,109]
	[5094,128]
	[4453,1]
	[5109,131]
	[5106,119]
	[5115,112]
	[5118,126]
	[5112,119]
	[5121,126]
	[5124,109]
	[5130,122]
	[4829,1]
	[3830,1]
	[5127,114]
	[5133,109]
	[5136,89]
	[5139,130]
	[5142,105]
	[4060,1]
	[5148,112]
	[5151,100]
	[3698,1]
	[5154,119]
	[5145,115]
	[5157,124]
	[5160,118]
	[5163,110]
	[5166,120]
	[5175,113]
	[5172,133]
	[5169,77]
	[5178,96]
	[5181,103]
	[5187,99]
	[5065,1]
	[5190,97]
	[5193,109]
	[4303,1]
	[5199,117]
	[4981,1]
	[3797,1]
	[5144,1]
	[5184,108]
	[4622,1]
	[5202,107]
	[5205,121]
	[5208,105]
	[5211,115]
	[5217,97]
	[5220,107]
	[4634,1]
	[5214,90]
	[5196,110]
	[5226,115]
	[5229,84]
	[4432,1]
	[5223,101]
	[5232,112]
	[5235,114]
	[5238,90]
	[5241,118]
	[4658,1]
	[5244,118]
	[5250,98]
	[5256,101]
	[4651,1]
	[5262,106]
	[5247,100]
	[3652,1]
	[5259,83]
	[5265,91]
	[5268,108]
	[5271,92]
	[5253,106]
	[5274,94]
	[5280,78]
	[5283,96]
	[5277,84]
	[5286,88]
	[3890,1]
	[5289,89]
	[5292,94]
	[5298,100]
	[5304,87]
	[5307,94]
	[4625,1]
	[5295,91]
	[5301,101]
	[5313,114]
	[5310,93]
	[5316,104]
	[5322,89]
	[3779,1]
	[5325,92]
	[5328,90]
	[5331,79]
	[5334,87]
	[5319,93]
	[5020,1]
	[5337,82]
	[5340,72]
	[5343,110]
	[5349,93]
	[5346,99]
	[5355,90]
	[5352,106]
	[5358,79]
	[3937,1]
	[5361,83]
	[4285,1]
	[5367,77]
	[5373,94]
	[5376,90]
	[5364,86]
	[5370,91]
	[5379,96]
	[5382,84]
	[3881,1]
	[5385,73]
	[5388,93]
	[5391,83]
	[5224,1]
	[5400,77]
	[5403,77]
	[5406,73]
	[5394,61]
	[4583,1]
	[5409,70]
	[5397,84]
	[5415,81]
	[5421,76]
	[5412,65]
	[4915,1]
	[5418,77]
	[5424,61]
	[5427,76]
	[5430,78]
	[5436,91]
	[5263,1]
	[5433,75]
	[5439,69]
	[5442,79]
	[5445,96]
	[4568,1]
	[5448,65]
	[5451,66]
	[5457,71]
	[5454,72]
	[5463,82]
	[4538,1]
	[5466,66]
	[5053,1]
	[4477,1]
	[5460,71]
	[3712,1]
	[5469,72]
	[5472,76]
	[5478,79]
	[5475,77]
	[5484,63]
	[5183,1]
	[5481,72]
	[5490,72]
	[5493,66]
	[4120,1]
	[5487,77]
	[3931,1]
	[5499,65]
	[4193,1]
	[5502,77]
	[5505,61]
	[5508,64]
	[5511,62]
	[5520,60]
	[5514,62]
	[5517,51]
	[5523,65]
	[5529,78]
	[5526,74]
	[5532,68]
	[4415,2]
	[5496,62]
	[5538,57]
	[5541,79]
	[5535,68]
	[5544,56]
	[5547,58]
	[4465,1]
	[5550,64]
	[5553,72]
	[5556,58]
	[3847,1]
	[4394,1]
	[5562,63]
	[5565,62]
	[5559,62]
	[5568,57]
	[5571,58]
	[5135,1]
	[3842,1]
	[5574,64]
	[5580,55]
	[5586,58]
	[3928,1]
	[5577,57]
	[3995,1]
	[5589,56]
	[5592,57]
	[5598,57]
	[5595,50]
	[5601,53]
	[4532,1]
	[5604,65]
	[5583,55]
	[5610,54]
	[5613,47]
	[5619,50]
	[5616,41]
	[5622,42]
	[4729,1]
	[5607,46]
	[5628,61]
	[5631,48]
	[5637,49]
	[5634,38]
	[5640,46]
	[5646,41]
	[5625,54]
	[5643,47]
	[5492,1]
	[5649,41]
	[5658,41]
	[5652,31]
	[5661,34]
	[5670,41]
	[5655,50]
	[5664,49]
	[5667,41]
	[5676,55]
	[5673,41]
	[4789,1]
	[5685,37]
	[5679,40]
	[5682,42]
	[5688,43]
	[5694,37]
	[5697,40]
	[5700,36]
	[5703,41]
	[5005,1]
	[5706,38]
	[5718,45]
	[5691,32]
	[5709,34]
	[5712,44]
	[4220,1]
	[5727,32]
	[5724,37]
	[5730,28]
	[5715,33]
	[5733,34]
	[5721,34]
	[5736,35]
	[5742,27]
	[5748,38]
	[5739,30]
	[5751,26]
	[5754,28]
	[4496,1]
	[5745,27]
	[5757,30]
	[4934,1]
	[5760,33]
	[5763,37]
	[5766,43]
	[3868,1]
	[5769,24]
	[4370,1]
	[4066,1]
	[5775,30]
	[5781,30]
	[5778,22]
	[5784,30]
	[5086,1]
	[5772,30]
	[5787,29]
	[5790,32]
	[5793,27]
	[5799,20]
	[5802,20]
	[4889,1]
	[5805,19]
	[5814,25]
	[5817,23]
	[5796,23]
	[5808,23]
	[5811,20]
	[5820,23]
	[5823,27]
	[5826,21]
	[5835,20]
	[4750,1]
	[5832,18]
	[5838,16]
	[5588,1]
	[5844,13]
	[5841,11]
	[5847,15]
	[5829,17]
	[5850,15]
	[5853,13]
	[5296,1]
	[5856,14]
	[5539,1]
	[5862,11]
	[5871,15]
	[5874,14]
	[5125,1]
	[5859,9]
	[5865,12]
	[5877,10]
	[5883,10]
	[4369,1]
	[4289,1]
	[4279,1]
	[5880,7]
	[5886,8]
	[5889,7]
	[5892,9]
	[5868,12]
	[5898,9]
	[5901,13]
	[4163,1]
	[5904,4]
	[5907,5]
	[5895,7]
	[5910,8]
	[5913,11]
	[5138,1]
	[5916,3]
	[5919,6]
	[5925,7]
	[5928,2]
	[5195,1]
	[4238,1]
	[5931,4]
	[5940,4]
	[5937,4]
	[5943,3]
	[5922,2]
	[5946,1]

1756,
	[1,76]
	[2,7864]

1736,
	[2,8]

1708,
	[1336,1]
	[3436,1]
	[4199,1]
	[4238,1]
	[5422,1]
	[6174,1]
	[7385,1]
	[9127,1]
	[9865,1]
	[10878,1]
	[12151,1]
	[12184,1]
	[12441,1]
	[12435,1]
	[13293,1]
	[15024,1]
	[15332,1]
	[16549,1]
	[16582,1]
	[16555,1]
	[16585,1]
	[16887,1]
	[18179,1]
	[19863,1]
	[20201,1]
	[20925,1]
	[22747,1]
	[23875,1]
	[23845,1]
	[28199,1]
	[28635,1]
	[32042,1]
	[32047,1]
	[32003,1]
	[32476,1]
	[33353,1]
	[34257,1]
	[34242,1]
	[34718,2]
	[35146,1]
	[36107,1]
	[36095,1]
	[36553,1]
	[36562,1]
	[36538,1]
	[37017,1]
	[37496,1]
	[37981,1]
	[38442,1]
	[39418,1]
	[40909,1]
	[41400,1]
	[41373,1]
	[42379,1]
	[42418,1]
	[42906,1]
	[43915,1]
	[44457,1]
	[44424,1]
	[44436,1]
	[44978,1]
	[45499,1]
	[45484,2]
	[45993,1]
	[46511,1]
	[47068,1]
	[47580,1]
	[48107,1]
	[48134,1]
	[48119,1]
	[48146,1]
	[48149,1]
	[48670,1]
	[49224,1]
	[49751,1]
	[50847,1]
	[53090,1]
	[54243,1]
	[54779,1]
	[55348,1]
	[55959,1]
	[55968,1]
	[55944,1]
	[57708,1]
	[57699,1]
	[58304,1]
	[58277,1]
	[58312,1]
	[59472,1]
	[60658,1]
	[61892,2]
	[63096,1]
	[63722,1]
	[64977,1]
	[67505,1]
	[67520,1]
	[68140,1]
	[72025,1]
	[72678,1]
	[72666,1]
	[74026,1]
	[76018,1]
	[77402,1]
	[78061,1]
	[79451,1]
	[80140,1]
	[80143,1]
	[80841,1]
	[80829,1]
	[82210,1]
	[85772,1]
	[85787,1]
	[86503,1]
	[87932,1]
	[88663,1]
	[89388,1]
	[89397,1]
	[90877,1]
	[90874,1]
	[91629,1]
	[92369,1]
	[94604,1]
	[94625,1]
	[96117,1]
	[96857,1]
	[96896,1]
	[98415,1]
	[98427,1]
	[99173,1]
	[99952,1]
	[101507,1]
	[101525,1]
	[102283,1]
	[103080,1]
	[103053,1]
	[104647,1]
	[104650,1]
	[104668,1]
	[104662,1]
	[105432,1]
	[107870,1]
	[108635,1]
	[109456,1]
	[109453,1]
	[109465,1]
	[110256,1]
	[111092,1]
	[112734,1]
	[113573,1]
	[113561,1]
	[113531,1]
	[113564,1]
	[114361,1]
	[115212,1]
	[116901,1]
	[116887,1]
	[117726,1]
	[117723,1]
	[117699,1]
	[119401,1]
	[120264,1]
	[121957,1]
	[124558,1]
	[125412,2]
	[125424,1]
	[125421,1]
	[126269,1]
	[127138,1]
	[128019,1]
	[128004,1]
	[129793,1]
	[131572,1]
	[131570,1]
	[132418,1]
	[133311,2]
	[134243,1]
	[134228,1]
	[134234,1]
	[136038,1]
	[136014,1]
	[136922,1]
	[138750,1]
	[138771,1]
	[140584,2]
	[141507,1]
	[141498,1]
	[142442,1]
	[143353,1]
	[145214,1]
	[148031,1]
	[149901,1]
	[150887,1]
	[150863,1]
	[151801,1]
	[153760,1]
	[154696,1]
	[154714,1]
	[155687,1]
	[155676,1]
	[156650,1]
	[157626,1]
	[158571,1]
	[158580,1]
	[160543,1]
	[160516,1]
	[161496,1]
	[161529,1]
	[161523,1]
	[162491,1]
	[164505,1]
	[166456,2]
	[166477,1]
	[166495,1]
	[166498,1]
	[167499,1]
	[169512,1]
	[169507,1]
	[170520,2]
	[170514,2]
	[170484,1]
	[171497,1]
	[171533,1]
	[171527,1]
	[171500,1]
	[172516,1]
	[172510,1]
	[173570,1]
	[173550,1]
	[174569,1]
	[175594,1]
	[176619,1]
	[176634,1]
	[177665,1]
	[178702,1]
	[178678,1]
	[178705,1]
	[179733,1]
	[179721,1]
	[179712,1]
	[181813,1]
	[183881,1]
	[183911,1]
	[184975,2]
	[184957,1]
	[186018,1]
	[186006,1]
	[186024,1]
	[187052,1]
	[191347,1]
	[193484,1]
	[193481,1]
	[194554,1]
	[194536,1]
	[194578,1]
	[197827,1]
	[200018,1]
	[201103,1]
	[201091,1]
	[202206,1]
	[203288,2]
	[203285,1]
	[203297,1]
	[204418,1]
	[204426,1]
	[205509,1]
	[206636,1]
	[206627,1]
	[206630,1]
	[207727,1]
	[208860,1]
	[208854,1]
	[208866,1]
	[209999,1]
	[211099,1]
	[211108,1]
	[211096,1]
	[211111,1]
	[212250,1]
	[212217,1]
	[213380,1]
	[213338,1]
	[214474,1]
	[215616,1]
	[215628,1]
	[215643,1]
	[215646,1]
	[216790,1]
	[217888,1]
	[217900,1]
	[217930,1]
	[219039,2]
	[219036,1]
	[221362,1]
	[221359,1]
	[223687,1]
	[224827,1]
	[225993,1]
	[227135,1]
	[227153,1]
	[228310,1]
	[229482,1]
	[229488,1]
	[231835,1]
	[231859,1]
	[233013,1]
	[233046,1]
	[233019,1]
	[234194,2]
	[235396,1]
	[235399,1]
	[237770,1]
	[237785,1]
	[238999,1]
	[238993,1]
	[240195,1]
	[241361,1]
	[241379,1]
	[242605,1]
	[242602,1]
	[245000,1]
	[245026,1]
	[247440,2]
	[247437,1]
	[248675,1]
	[249868,1]
	[249856,1]
	[249886,1]
	[252314,1]
	[252355,1]
	[253576,1]
	[253579,1]
	[254793,1]
	[254781,1]
	[257278,1]
	[257293,1]
	[257272,1]
	[257296,1]
	[258516,1]
	[258545,1]
	[262260,2]
	[263549,1]
	[266067,1]
	[266058,1]
	[266028,1]
	[267314,1]
	[268567,1]
	[268603,1]
	[268597,1]
	[268564,1]
	[269850,1]
	[271112,1]
	[272404,1]
	[273663,1]
	[274946,1]
	[276265,1]
	[278846,1]
	[280152,2]
	[280111,1]
	[284026,2]
	[284044,1]
	[285354,2]
	[287965,1]
	[287947,1]
	[287974,1]
	[289284,1]
	[289301,1]
	[290600,1]
	[290620,1]
	[291916,1]
	[293256,1]
	[294581,1]
	[295894,2]
	[297228,1]
	[297258,1]
	[297249,1]
	[298574,1]
	[298559,1]
	[299908,1]
	[299899,1]
	[301251,2]
	[301263,1]
	[302621,1]
	[302624,1]
	[303937,1]
	[303955,1]
	[305310,1]
	[306674,1]
	[306668,1]
	[308017,1]
	[310745,1]
	[310757,1]
	[310721,1]
	[312106,1]
	[312124,1]
	[313470,1]
	[314873,1]
	[316246,1]
	[317598,1]
	[318995,1]
	[320386,1]
	[320383,1]
	[324547,1]
	[325941,1]
	[327362,1]
	[327335,1]
	[327350,1]
	[328735,1]
	[328747,1]
	[330138,1]
	[330144,1]
	[330168,1]
	[331580,1]
	[334404,1]
	[337210,1]
	[337251,1]
	[338631,1]
	[338664,1]
	[338655,1]
	[340102,2]
	[340097,1]
	[340100,1]
	[342957,1]
	[342936,1]
	[344375,1]
	[344399,1]
	[345840,1]
	[345838,1]
	[345820,1]
	[347241,1]
	[347244,1]
	[347280,1]
	[347268,1]
	[347259,1]
	[348701,1]
	[350155,1]
	[350140,1]
	[350175,1]
	[351621,1]
	[351612,1]
	[351600,1]
	[351588,1]
	[351626,1]
	[353045,1]
	[353063,1]
	[354529,1]
	[354511,1]
	[354493,1]
	[354517,1]
	[355971,1]
	[357452,1]
	[358909,1]
	[360366,1]
	[361823,1]
	[361832,1]
	[363340,1]
	[363310,1]
	[364803,1]
	[366266,1]
	[369231,2]
	[369272,1]
	[369228,1]
	[370739,1]
	[372241,1]
	[372235,1]
	[373707,1]
	[375245,1]
	[375250,1]
	[378213,1]
	[379739,1]
	[379751,1]
	[382746,1]
	[384284,1]
	[384293,1]
	[385810,1]
	[387330,1]
	[387348,1]
	[388876,1]
	[388874,1]
	[390373,1]
	[391935,1]
	[391937,2]
	[393431,1]
	[393472,1]
	[393452,1]
	[393443,1]
	[395005,1]
	[396546,1]
	[398093,1]
	[398084,1]
	[399607,1]
	[399637,1]
	[399610,2]
	[399619,1]
	[401166,1]
	[401187,1]
	[402737,1]
	[402704,1]
	[402713,1]
	[402725,1]
	[404293,1]
	[405852,1]
	[405831,1]
	[405837,1]
	[407399,1]
	[407393,1]
	[407381,1]
	[407405,1]
	[408979,1]
	[410541,1]
	[410555,1]
	[412100,1]
	[412082,1]
	[412091,1]
	[412103,1]
	[413689,1]
	[413677,2]
	[413668,1]
	[415269,1]
	[415239,1]
	[415251,1]
	[415236,1]
	[416855,1]
	[416813,1]
	[416822,1]
	[416837,1]
	[416819,1]
	[418405,1]
	[418432,1]
	[418423,1]
	[418411,1]
	[421574,1]
	[423166,1]
	[423199,1]
	[424802,1]
	[424758,1]
	[424764,1]
	[426380,1]
	[426395,1]
	[426371,1]
	[427987,2]
	[427978,1]
	[427957,1]
	[429585,2]
	[429570,1]
	[432808,1]
	[436013,1]
	[436040,1]
	[439278,1]
	[439281,1]
	[439272,1]
	[440891,1]
	[442540,1]
	[442513,1]
	[442507,1]
	[444156,1]
	[444176,1]
	[444150,1]
	[444138,1]
	[444159,1]
	[444132,1]
	[445787,1]
	[445802,1]
	[445772,1]
	[447447,1]
	[447445,1]
	[447442,1]
	[449055,1]
	[449076,1]
	[449079,1]
	[449067,1]
	[450719,1]
	[450716,1]
	[450730,1]
	[452374,1]
	[452353,1]
	[452344,1]
	[454008,1]
	[453993,1]
	[455660,1]
	[455645,1]
	[455633,1]
	[457300,1]
	[457294,1]
	[458952,1]
	[458985,1]
	[458964,1]
	[460643,1]
	[460628,1]
	[462315,1]
	[462292,1]
	[467317,1]
	[468960,1]
	[469001,1]
	[470648,1]
	[470660,1]
	[472318,1]
	[472324,1]
	[472330,1]
	[472342,1]
	[474003,1]
	[475721,1]
	[477385,1]
	[479088,1]
	[479085,1]
	[479118,1]
	[479109,1]
	[482497,2]
	[485903,1]
	[485912,1]
	[491039,1]
	[492766,1]
	[492763,1]
	[494466,1]
	[496193,1]
	[496205,1]
	[496211,1]
	[497938,1]
	[497917,1]
	[499671,1]
	[501374,1]
	[503110,1]
	[503140,1]
	[504882,1]
	[506627,1]
	[506591,1]
	[506603,1]
	[508333,1]
	[508336,1]
	[508354,1]
	[510117,1]
	[511876,1]
	[511859,1]
	[513610,1]
	[513628,1]
	[513586,1]
	[515370,2]
	[515387,1]
	[517147,1]
	[517121,1]
	[517139,1]
	[518881,1]
	[518866,1]
	[518893,1]
	[518887,1]
	[520638,1]
	[520641,1]
	[522431,1]
	[522422,1]
	[522413,2]
	[522440,1]
	[524206,1]
	[525984,1]
	[525981,1]
	[527750,1]
	[527759,1]
	[531312,2]
	[531327,1]
	[533117,1]
	[533111,1]
	[536700,1]
	[536697,2]
	[538475,1]
	[538466,1]
	[540265,1]
	[540274,1]
	[540268,1]
	[540259,1]
	[542058,1]
	[542079,1]
	[542064,1]
	[543863,1]
	[543878,1]
	[543884,1]
	[543869,1]
	[545701,1]
	[545671,1]
	[545689,1]
	[545713,1]
	[547491,1]
	[547497,1]
	[549332,1]
	[551152,2]
	[551134,1]
	[551113,1]
	[552936,1]
	[552975,1]
	[552966,1]
	[552972,1]
	[554800,1]
	[556597,1]
	[556588,1]
	[556585,1]
	[556600,1]
	[558429,1]
	[558444,1]
	[560246,1]
	[560276,2]
	[562084,1]
	[562081,1]
	[563952,1]
	[563922,1]
	[563925,1]
	[563928,1]
	[563958,1]
	[565801,1]
	[565793,1]
	[-4370,6947]
	[569490,1]
	[569448,1]
	[569466,1]
	[569460,1]
	[569484,1]
	[569492,1]
	[571316,1]
	[571313,1]
	[573166,1]
	[573181,1]
	[575046,1]
	[575007,1]
	[576890,1]
	[576869,1]
	[576875,1]
	[578761,1]
	[578737,1]
	[582488,1]
	[582505,1]
	[582494,1]
	[584368,1]
	[584335,1]
	[586221,1]
	[586227,1]
	[586230,1]
	[588119,1]
	[588083,1]
	[588092,1]
	[589981,1]
	[590005,1]
	[591879,1]
	[591858,1]
	[595639,1]
	[595630,2]
	[595636,1]
	[595624,1]
	[595648,1]
	[597513,1]
	[597531,2]
	[599417,1]
	[599420,1]
	[599435,1]
	[601330,1]
	[601348,1]
	[601312,1]
	[601306,1]
	[603210,1]
	[603231,1]
	[605132,1]
	[607024,1]
	[608972,1]
	[610868,1]
	[610885,1]
	[610877,1]
	[612781,1]
	[612787,1]
	[612772,1]
	[614720,1]
	[614715,1]
	[616604,1]
	[616607,1]
	[616628,1]
	[618562,1]
	[618544,1]
	[618532,1]
	[618526,1]
	[618541,1]
	[620472,1]
	[620454,1]
	[622382,1]
	[624328,1]
	[624346,1]
	[624352,1]
	[626297,1]
	[626259,1]
	[628196,1]
	[630145,1]
	[634040,1]
	[634046,1]
	[635986,1]
	[636004,1]
	[636025,1]
	[636016,1]
	[637950,1]
	[637938,1]
	[637941,1]
	[639914,1]
	[639896,1]
	[641896,1]
	[641875,1]
	[641901,1]
	[641884,2]
	[641866,1]
	[643827,1]
	[643854,1]
	[645806,1]
	[645818,1]
	[647794,1]
	[647782,1]
	[649764,1]
	[651743,1]
	[653692,1]
	[653710,1]
	[655701,1]
	[655671,1]
	[655712,1]
	[655689,1]
	[657695,1]
	[657683,1]
	[657686,1]
	[657668,1]
	[659685,1]
	[661644,1]
	[661638,1]
	[663638,1]
	[663659,1]
	[663656,1]
	[665659,1]
	[665635,1]
	[665629,1]
	[667638,2]
	[667635,1]
	[669635,1]
	[669665,1]
	[675671,1]
	[675680,1]
	[677683,1]
	[681734,1]
	[681719,1]
	[683758,1]
	[683773,1]
	[683740,1]
	[685802,1]
	[685779,1]
	[687812,1]
	[689863,1]
	[689845,1]
	[691878,1]
	[691890,1]
	[693911,1]
	[695971,1]
	[695980,1]
	[695968,1]
	[700073,1]
	[700037,1]
	[700058,2]
	[702124,1]
	[704157,1]
	[708271,1]
	[708292,1]
	[710349,1]
	[710319,1]
	[710337,1]
	[710343,1]
	[712426,1]
	[712421,1]
	[714495,1]
	[714490,3]
	[714469,1]
	[718619,1]
	[720720,1]
	[722760,1]
	[726955,1]
	[729033,1]
	[729018,1]
	[729062,1]
	[729045,1]
	[731117,1]
	[731150,1]
	[731144,1]
	[731141,1]
	[733228,1]
	[735312,1]
	[735327,1]
	[735315,1]
	[737426,1]
	[741633,1]
	[741642,1]
	[741648,1]
	[743732,1]
	[752239,1]
	[752206,1]
	[752250,1]
	[754374,1]
	[756503,1]
	[756461,1]
	[756467,1]
	[758605,1]
	[760761,1]
	[762905,1]
	[762875,1]
	[762866,1]
	[762910,1]
	[765031,1]
	[765028,1]
	[765025,1]
	[767184,1]
	[767154,1]
	[767193,1]
	[769298,1]
	[769301,1]
	[773640,1]
	[773637,1]
	[775784,1]
	[777958,1]
	[777922,1]
	[780093,1]
	[782267,1]
	[784417,1]
	[793122,2]
	[795314,1]
	[795302,1]
	[797488,1]
	[797491,1]
	[797485,1]
	[797521,1]
	[799677,1]
	[801902,1]
	[804070,1]
	[806295,1]
	[806289,1]
	[817312,1]
	[821729,1]
	[826191,1]
	[826173,1]
	[826200,1]
	[830653,1]
	[830659,1]
	[832866,1]
	[832890,1]
	[844125,1]
	[844108,1]
	[869039,1]
	[869057,1]
	[869033,1]
	[869054,1]
	[871330,1]
	[871333,1]
	[903652,1]
	[931769,1]
	[931781,1]
	[934165,1]

1784,
	[6630,1]
	[-4370,5]

1632,
	[54245,1]
	[220225,1]
	[639940,1]
	[-4370,10]

1628,
	[2,7]

1656,
	[1,8]

len(carl_order):
45
Printing carl assignment order:
1656,1,1.0
1728,1,0.9371261295659921
1756,2,0.5024044545684637
1736,2,0.5
1628,2,0.5
1744,2,0.46783896344285053
1664,3,0.336649790887079
1696,3,0.33601718387455476
1676,3,0.31391151776076914
1680,3,0.31290584000120014
1728,2,0.010121457489878543
1728,5762,0.0005021441246056783
1676,5946,0.00033737064189356237
1784,6630,2.5138260432378078e-05
1632,54245,1.4180675992824579e-06
1632,220225,5.020685223119252e-07
1744,304058,2.512224251820282e-07
1632,639940,2.165971931169744e-07
1708,49751,1.9573942285422794e-07
1708,58312,1.932858962165951e-07
1744,658084,1.7617924101752115e-07
1708,458985,1.7187529772137194e-07
1708,618562,1.6975482831536242e-07
1744,698462,1.6683408467063363e-07
1708,667638,1.635235227038239e-07
1744,727471,1.5570814781031914e-07
1708,669665,1.3953922890761645e-07
1708,714495,1.201533095520844e-07
1708,735327,1.0930939920233925e-07
1708,769301,1.0923520604812144e-07
1708,777958,8.265429523624944e-08
1744,782802,8.202307284432189e-08
1708,806295,8.091566472296957e-08
1680,720675,5.5132060864643735e-08
1680,767150,5.040896828217853e-08
1708,832890,4.857968571458691e-08
1680,804057,3.1485860202895324e-08
1708,871333,2.9910874716162626e-08
1680,835102,2.4521570385497553e-08
1680,871302,1.5265022161168445e-08
1708,934165,9.159397675169468e-09
1680,896635,6.972468400874889e-09
1680,934131,5.845793938675216e-09
1680,943625,6.893213564243966e-10
1680,1043706,5.558309034317857e-10
bin_width: 800800186
assigning lease 1 to address 1656
Average Cache Occupancy Per Bin: [1.27,6.39,0.0,3.19,3.19]
Total cost: 1024.0
assigning lease 1 to address 1728
Average Cache Occupancy Per Bin: [0.00,0.00,0.00,0.00,0.00]
Total cost: 686336.0
assigning lease 2 to address 1756
Average Cache Occupancy Per Bin: [0.00,0.00,0.00,0.00,0.00]
Total cost: 2030336.0
assigning lease 2 to address 1736
Average Cache Occupancy Per Bin: [0.00,0.00,0.00,0.00,0.00]
Total cost: 2032896.0
assigning lease 2 to address 1628
Average Cache Occupancy Per Bin: [0.00,0.00,0.00,0.00,0.00]
Total cost: 2034432.0
assigning lease 2 to address 1744
Average Cache Occupancy Per Bin: [0.00,0.00,0.00,0.00,0.00]
Total cost: 3382784.0
assigning lease 3 to address 1664
Average Cache Occupancy Per Bin: [0.00,0.00,0.00,0.00,0.00]
Total cost: 5359360.0
assigning lease 3 to address 1696
Average Cache Occupancy Per Bin: [0.98,0.98,0.99,0.99,0.99]
Total cost: 788630784.0
assigning lease 3 to address 1676
Average Cache Occupancy Per Bin: [1.97,1.97,1.98,1.98,1.98]
Total cost: 1577589504.0
assigning lease 3 to address 1680
Average Cache Occupancy Per Bin: [2.96,2.97,2.97,2.97,2.97]
Total cost: 2371238912.0
assigning lease 2 to address 1728
Average Cache Occupancy Per Bin: [2.96,2.97,2.97,2.97,2.97]
Total cost: 2371283200.0
assigning lease 5762 to address 1728
Average Cache Occupancy Per Bin: [3.02,3.02,3.03,3.05,3.02]
Total cost: 2423654656.0
assigning lease 5946 to address 1676
Average Cache Occupancy Per Bin: [37.8,56.9,67.1,74.7,81.6]
Total cost: 30349452288.0
assigning lease 6630 to address 1784
Average Cache Occupancy Per Bin: [37.9,56.9,67.1,74.7,81.6]
Total cost: 30352846848.0
assigning lease 54245 to address 1632
Average Cache Occupancy Per Bin: [38.0,57.0,67.1,74.8,81.6]
Total cost: 30436167168.0
assigning lease 220225 to address 1632
Average Cache Occupancy Per Bin: [38.2,57.1,67.2,74.8,81.7]
Total cost: 30648621568.0
assigning lease 304058 to address 1744
Average Cache Occupancy Per Bin: [56.1,68.0,75.6,81.0,86.8]
Total cost: 44930041856.0
assigning lease 639940 to address 1632
Average Cache Occupancy Per Bin: [56.6,68.2,75.8,81.2,87.0]
Total cost: 45359830016.0
assigning lease 49751 to address 1708
Average Cache Occupancy Per Bin: [98.5,95.2,97.0,99.6,104.]
Total cost: 78945074688.0
assigning lease 58312 to address 1708
Average Cache Occupancy Per Bin: [105.,99.8,100.,102.,107.]
Total cost: 84613276160.0
assigning lease 658084 to address 1744
Average Cache Occupancy Per Bin: [122.,112.,110.,110.,113.]
Total cost: 98294153472.0
addr: 1708 ri: 458985
bin target: 102502423808
	bin: 0.0 current capacity: 122.74491838342306  avg impact: 297.7364695067641
	bin: 1.0 current capacity: 112.51789178780236  avg impact: 216.8517023596196
	bin: 2.0 current capacity: 110.48159767535319  avg impact: 170.8683821309702
	bin: 3.0 current capacity: 110.0239824369871  avg impact: 148.19694012408732
	bin: 4.0 current capacity: 113.22942041374601  avg impact: 139.10274587273884
num_full_bins: 0
printing bin ranks sorted:
	bin: 0.0 rank: 0.017650110600433384
	selecting this^ bin
	bin: 1.0 rank: 0.0713949120238984
	bin: 2.0 rank: 0.10252571076150883
	bin: 4.0 rank: 0.10618467301693078
	bin: 3.0 rank: 0.12129816950310403
acceptable_ratio: 0.017650110600433384
Assigning 1708 dual lease lease 458985 * 0.017650110600433384. Bin saturation: [128.,116.,113.,112.,115.]
addr: 1708 ri: 618562
bin target: 102502423808
	bin: 0.0 current capacity: 128.0  avg impact: 397.99955718791506
	bin: 1.0 current capacity: 116.3453483183419  avg impact: 303.2177517501226
	bin: 2.0 current capacity: 113.49744351808194  avg impact: 238.92054390706647
	bin: 3.0 current capacity: 112.63967482082305  avg impact: 207.2196921292923
	bin: 4.0 current capacity: 115.68459926322383  avg impact: 194.50353124668231
num_full_bins: 1
printing bin ranks sorted:
	bin: 0.0 rank: 0.0
	bin: 1.0 rank: 0.03843657442346094
	bin: 2.0 rank: 0.06070033260747625
	bin: 4.0 rank: 0.06331710616172291
	bin: 3.0 rank: 0.07412579866971841
acceptable_ratio: 0
addr: 1744 ri: 698462
bin target: 102502423808
	bin: 0.0 current capacity: 128.0  avg impact: 1.695342663169661
num_full_bins: 1
printing bin ranks sorted:
	bin: 0.0 rank: 0.0
acceptable_ratio: 0
addr: 1708 ri: 667638
bin target: 102502423808
	bin: 0.0 current capacity: 128.0  avg impact: 426.752616323693
	bin: 1.0 current capacity: 116.3453483183419  avg impact: 329.77859848798784
	bin: 2.0 current capacity: 113.49744351808194  avg impact: 259.84917329177546
	bin: 3.0 current capacity: 112.63967482082305  avg impact: 225.37143440673478
	bin: 4.0 current capacity: 115.68459926322383  avg impact: 211.54138095567325
num_full_bins: 1
printing bin ranks sorted:
	bin: 0.0 rank: 0.0
	bin: 1.0 rank: 0.03534083695877739
	bin: 2.0 rank: 0.05581143976022453
	bin: 4.0 rank: 0.0582174545762125
	bin: 3.0 rank: 0.06815559930925275
acceptable_ratio: 0
addr: 1744 ri: 727471
bin target: 102502423808
	bin: 0.0 current capacity: 128.0  avg impact: 2.8895775905826278
num_full_bins: 1
printing bin ranks sorted:
	bin: 0.0 rank: 0.0
acceptable_ratio: 0
addr: 1708 ri: 669665
bin target: 102502423808
	bin: 0.0 current capacity: 128.0  avg impact: 427.9196400686151
	bin: 1.0 current capacity: 116.3453483183419  avg impact: 330.875648702709
	bin: 2.0 current capacity: 113.49744351808194  avg impact: 260.7135944296596
	bin: 3.0 current capacity: 112.63967482082305  avg impact: 226.12116098584423
	bin: 4.0 current capacity: 115.68459926322383  avg impact: 212.24510011290133
num_full_bins: 1
printing bin ranks sorted:
	bin: 0.0 rank: 0.0
	bin: 1.0 rank: 0.03522366099576511
	bin: 2.0 rank: 0.055626391533759666
	bin: 4.0 rank: 0.058024428974921625
	bin: 3.0 rank: 0.0679296228279075
acceptable_ratio: 0
addr: 1708 ri: 714495
bin target: 102502423808
	bin: 0.0 current capacity: 128.0  avg impact: 453.49678209989827
	bin: 1.0 current capacity: 116.3453483183419  avg impact: 355.13848102927386
	bin: 2.0 current capacity: 113.49744351808194  avg impact: 279.831502476699
	bin: 3.0 current capacity: 112.63967482082305  avg impact: 242.70243505662722
	bin: 4.0 current capacity: 115.68459926322383  avg impact: 227.80885434010128
num_full_bins: 1
printing bin ranks sorted:
	bin: 0.0 rank: 0.0
	bin: 1.0 rank: 0.032817203159399115
	bin: 2.0 rank: 0.051826032285716896
	bin: 4.0 rank: 0.054060237353154926
	bin: 3.0 rank: 0.0632887147407198
acceptable_ratio: 0
addr: 1708 ri: 735327
bin target: 102502423808
	bin: 0.0 current capacity: 128.0  avg impact: 465.1935197627439
	bin: 1.0 current capacity: 116.3453483183419  avg impact: 366.4131480608822
	bin: 2.0 current capacity: 113.49744351808194  avg impact: 288.715380692981
	bin: 3.0 current capacity: 112.63967482082305  avg impact: 250.40756781242806
	bin: 4.0 current capacity: 115.68459926322383  avg impact: 235.04115699593507
num_full_bins: 1
printing bin ranks sorted:
	bin: 0.0 rank: 0.0
	bin: 1.0 rank: 0.03180740577497396
	bin: 2.0 rank: 0.05023132625324191
	bin: 4.0 rank: 0.05239678401084948
	bin: 3.0 rank: 0.061341297762545495
acceptable_ratio: 0
addr: 1708 ri: 769301
bin target: 102502423808
	bin: 0.0 current capacity: 128.0  avg impact: 484.04682879032197
	bin: 1.0 current capacity: 116.3453483183419  avg impact: 384.80051066321806
	bin: 2.0 current capacity: 113.49744351808194  avg impact: 303.2037101150224
	bin: 3.0 current capacity: 112.63967482082305  avg impact: 262.97353268596765
	bin: 4.0 current capacity: 115.68459926322383  avg impact: 246.83600388674236
num_full_bins: 1
printing bin ranks sorted:
	bin: 0.0 rank: 0.0
	bin: 1.0 rank: 0.030287516151085308
	bin: 2.0 rank: 0.04783106537982806
	bin: 4.0 rank: 0.0498930485944301
	bin: 3.0 rank: 0.05841015642254625
acceptable_ratio: 0
addr: 1708 ri: 777958
bin target: 102502423808
	bin: 0.0 current capacity: 128.0  avg impact: 488.80064474910097
	bin: 1.0 current capacity: 116.3453483183419  avg impact: 389.4858405639781
	bin: 2.0 current capacity: 113.49744351808194  avg impact: 306.89551760918295
	bin: 3.0 current capacity: 112.63967482082305  avg impact: 266.17549765654024
	bin: 4.0 current capacity: 115.68459926322383  avg impact: 249.8414783535028
num_full_bins: 1
printing bin ranks sorted:
	bin: 0.0 rank: 0.0
	bin: 1.0 rank: 0.029923171699341052
	bin: 2.0 rank: 0.0472556803530327
	bin: 4.0 rank: 0.04929285888771043
	bin: 3.0 rank: 0.05770750994893286
acceptable_ratio: 0
addr: 1744 ri: 782802
bin target: 102502423808
	bin: 0.0 current capacity: 128.0  avg impact: 5.130359967224083
num_full_bins: 1
printing bin ranks sorted:
	bin: 0.0 rank: 0.0
acceptable_ratio: 0
addr: 1708 ri: 806295
bin target: 102502423808
	bin: 0.0 current capacity: 128.0  avg impact: 504.27340934708525
	bin: 1.0 current capacity: 116.3453483183419  avg impact: 404.8223536051976
	bin: 2.0 current capacity: 113.49744351808194  avg impact: 318.9799289482183
	bin: 3.0 current capacity: 112.63967482082305  avg impact: 276.6565050922703
	bin: 4.0 current capacity: 115.68459926322383  avg impact: 259.67931247208776
num_full_bins: 1
printing bin ranks sorted:
	bin: 0.0 rank: 0.0
	bin: 1.0 rank: 0.0287895457794415
	bin: 2.0 rank: 0.04546542012764805
	bin: 4.0 rank: 0.04742542106853399
	bin: 3.0 rank: 0.055521286853724934
acceptable_ratio: 0
addr: 1680 ri: 720675
bin target: 102502423808
	bin: 0.0 current capacity: 128.0  avg impact: 13341.953464211609
	bin: 1.0 current capacity: 116.3453483183419  avg impact: 14795.99028356869
	bin: 2.0 current capacity: 113.49744351808194  avg impact: 14680.106828846316
	bin: 3.0 current capacity: 112.63967482082305  avg impact: 14834.464512074926
	bin: 4.0 current capacity: 115.68459926322383  avg impact: 14822.254128177738
num_full_bins: 1
printing bin ranks sorted:
	bin: 0.0 rank: 0.0
	bin: 1.0 rank: 0.0007876898712620044
	bin: 4.0 rank: 0.000830872324160471
	bin: 2.0 rank: 0.0009879053777333989
	bin: 3.0 rank: 0.0010354485776466005
acceptable_ratio: 0
addr: 1680 ri: 767150
bin target: 102502423808
	bin: 0.0 current capacity: 128.0  avg impact: 14088.277915999384
	bin: 1.0 current capacity: 116.3453483183419  avg impact: 15750.16034766006
	bin: 2.0 current capacity: 113.49744351808194  avg impact: 15626.803751816311
	bin: 3.0 current capacity: 112.63967482082305  avg impact: 15791.115718447149
	bin: 4.0 current capacity: 115.68459926322383  avg impact: 15778.117906161426
num_full_bins: 1
printing bin ranks sorted:
	bin: 0.0 rank: 0.0
	bin: 1.0 rank: 0.0007399703510567483
	bin: 4.0 rank: 0.0007805367414555163
	bin: 2.0 rank: 0.0009280564798948365
	bin: 3.0 rank: 0.0009727194362354682
acceptable_ratio: 0
addr: 1708 ri: 832890
bin target: 102502423808
	bin: 0.0 current capacity: 128.0  avg impact: 518.6932175462806
	bin: 1.0 current capacity: 116.3453483183419  avg impact: 419.21606374851666
	bin: 2.0 current capacity: 113.49744351808194  avg impact: 330.32145838187904
	bin: 3.0 current capacity: 112.63967482082305  avg impact: 286.4931989114198
	bin: 4.0 current capacity: 115.68459926322383  avg impact: 268.9123716662074
num_full_bins: 1
printing bin ranks sorted:
	bin: 0.0 rank: 0.0
	bin: 1.0 rank: 0.027801061766205587
	bin: 2.0 rank: 0.04390437288864204
	bin: 4.0 rank: 0.045797077540422344
	bin: 3.0 rank: 0.053614973191479405
acceptable_ratio: 0
addr: 1680 ri: 804057
bin target: 102502423808
	bin: 0.0 current capacity: 128.0  avg impact: 14674.489319981252
	bin: 1.0 current capacity: 116.3453483183419  avg impact: 16507.891483871357
	bin: 2.0 current capacity: 113.49744351808194  avg impact: 16378.600273302134
	bin: 3.0 current capacity: 112.63967482082305  avg impact: 16550.81719394106
	bin: 4.0 current capacity: 115.68459926322383  avg impact: 16537.194064397983
num_full_bins: 1
printing bin ranks sorted:
	bin: 0.0 rank: 0.0
	bin: 1.0 rank: 0.0007060048639794482
	bin: 4.0 rank: 0.0007447092105721443
	bin: 2.0 rank: 0.0008854576239678978
	bin: 3.0 rank: 0.0009280704994312954
acceptable_ratio: 0
addr: 1708 ri: 871333
bin target: 102502423808
	bin: 0.0 current capacity: 128.0  avg impact: 539.4298015809901
	bin: 1.0 current capacity: 116.3453483183419  avg impact: 440.02213252233184
	bin: 2.0 current capacity: 113.49744351808194  avg impact: 346.71560826036074
	bin: 3.0 current capacity: 112.63967482082305  avg impact: 300.7121130114223
	bin: 4.0 current capacity: 115.68459926322383  avg impact: 282.2587335612832
num_full_bins: 1
printing bin ranks sorted:
	bin: 0.0 rank: 0.0
	bin: 1.0 rank: 0.026486512428023374
	bin: 2.0 rank: 0.041828392308856197
	bin: 4.0 rank: 0.043631602046079083
	bin: 3.0 rank: 0.05107983521300155
acceptable_ratio: 0
addr: 1680 ri: 835102
bin target: 102502423808
	bin: 0.0 current capacity: 128.0  avg impact: 15164.72482201946
	bin: 1.0 current capacity: 116.3453483183419  avg impact: 17145.27092743707
	bin: 2.0 current capacity: 113.49744351808194  avg impact: 17010.98770683852
	bin: 3.0 current capacity: 112.63967482082305  avg impact: 17189.854024534405
	bin: 4.0 current capacity: 115.68459926322383  avg impact: 17175.704897910702
num_full_bins: 1
printing bin ranks sorted:
	bin: 0.0 rank: 0.0
	bin: 1.0 rank: 0.0006797589685799304
	bin: 4.0 rank: 0.0007170244720654378
	bin: 2.0 rank: 0.0008525405303824865
	bin: 3.0 rank: 0.0008935692622667861
acceptable_ratio: 0
addr: 1680 ri: 871302
bin target: 102502423808
	bin: 0.0 current capacity: 128.0  avg impact: 15733.630202288688
	bin: 1.0 current capacity: 116.3453483183419  avg impact: 17888.48677079603
	bin: 2.0 current capacity: 113.49744351808194  avg impact: 17748.38262048056
	bin: 3.0 current capacity: 112.63967482082305  avg impact: 17935.00246284908
	bin: 4.0 current capacity: 115.68459926322383  avg impact: 17920.239997706492
num_full_bins: 1
printing bin ranks sorted:
	bin: 0.0 rank: 0.0
	bin: 1.0 rank: 0.0006515169131401864
	bin: 4.0 rank: 0.0006872341407454559
	bin: 2.0 rank: 0.0008171198915434129
	bin: 3.0 rank: 0.0008564439960905851
acceptable_ratio: 0
addr: 1708 ri: 934165
bin target: 102502423808
	bin: 0.0 current capacity: 128.0  avg impact: 573.1833358789954
	bin: 1.0 current capacity: 116.3453483183419  avg impact: 474.02798308540855
	bin: 2.0 current capacity: 113.49744351808194  avg impact: 373.51053126753396
	bin: 3.0 current capacity: 112.63967482082305  avg impact: 323.9517876135958
	bin: 4.0 current capacity: 115.68459926322383  avg impact: 304.0722915716206
num_full_bins: 1
printing bin ranks sorted:
	bin: 0.0 rank: 0.0
	bin: 1.0 rank: 0.024586421261038088
	bin: 2.0 rank: 0.03882770435602615
	bin: 4.0 rank: 0.04050155531476773
	bin: 3.0 rank: 0.04741546664190194
acceptable_ratio: 0
addr: 1680 ri: 896635
bin target: 102502423808
	bin: 0.0 current capacity: 128.0  avg impact: 16130.841012726738
	bin: 1.0 current capacity: 116.3453483183419  avg impact: 18408.594145376486
	bin: 2.0 current capacity: 113.49744351808194  avg impact: 18264.416469853317
	bin: 3.0 current capacity: 112.63967482082305  avg impact: 18456.46228019233
	bin: 4.0 current capacity: 115.68459926322383  avg impact: 18441.270596687897
num_full_bins: 1
printing bin ranks sorted:
	bin: 0.0 rank: 0.0
	bin: 1.0 rank: 0.00063310927437581
	bin: 4.0 rank: 0.0006678173649807
	bin: 2.0 rank: 0.0007940333875903203
	bin: 3.0 rank: 0.0008322464482081063
acceptable_ratio: 0
addr: 1680 ri: 934131
bin target: 102502423808
	bin: 0.0 current capacity: 128.0  avg impact: 16718.136328065237
	bin: 1.0 current capacity: 116.3453483183419  avg impact: 19178.41793716067
	bin: 2.0 current capacity: 113.49744351808194  avg impact: 19028.210936204752
	bin: 3.0 current capacity: 112.63967482082305  avg impact: 19228.287855967108
	bin: 4.0 current capacity: 115.68459926322383  avg impact: 19212.4608757471
num_full_bins: 1
printing bin ranks sorted:
	bin: 0.0 rank: 0.0
	bin: 1.0 rank: 0.0006076961989172054
	bin: 4.0 rank: 0.000641011102972371
	bin: 2.0 rank: 0.000762160800641758
	bin: 3.0 rank: 0.0007988399848304845
acceptable_ratio: 0
addr: 1680 ri: 943625
bin target: 102502423808
	bin: 0.0 current capacity: 128.0  avg impact: 16866.653183399736
	bin: 1.0 current capacity: 116.3453483183419  avg impact: 19373.337584034976
	bin: 2.0 current capacity: 113.49744351808194  avg impact: 19221.603955821258
	bin: 3.0 current capacity: 112.63967482082305  avg impact: 19423.714355231183
	bin: 4.0 current capacity: 115.68459926322383  avg impact: 19407.72651766592
num_full_bins: 1
printing bin ranks sorted:
	bin: 0.0 rank: 0.0
	bin: 1.0 rank: 0.0006015820263857045
	bin: 4.0 rank: 0.0006345617414572519
	bin: 2.0 rank: 0.0007544925238939788
	bin: 3.0 rank: 0.0007908026702956594
acceptable_ratio: 0
addr: 1680 ri: 1043706
bin target: 102502423808
	bin: 0.0 current capacity: 128.0  avg impact: 18432.143675171425
	bin: 1.0 current capacity: 116.3453483183419  avg impact: 21428.083021029666
	bin: 2.0 current capacity: 113.49744351808194  avg impact: 21260.256451738638
	bin: 3.0 current capacity: 112.63967482082305  avg impact: 21483.802776639215
	bin: 4.0 current capacity: 115.68459926322383  avg impact: 21466.119261385888
num_full_bins: 1
printing bin ranks sorted:
	bin: 0.0 rank: 0.0
	bin: 1.0 rank: 0.0005438961418163321
	bin: 4.0 rank: 0.0005737134219192385
	bin: 2.0 rank: 0.0006821440049342429
	bin: 3.0 rank: 0.0007149723602880617
acceptable_ratio: 0
Final saturation:
	0.0,102502423808.0
	1.0,93169376573.56299
	2.0,90888773879.8045
	3.0,90201872547.49461
	4.0,92640248607.3251
DUMP LEASES
0, 6c0, 1682, 0, 1 
0, 690, 3, 0, 1 
0, 6d0, a0aa4, 0, 1 
0, 6a0, 3, 0, 1 
0, 680, 3, 0, 1 
0, 68c, 173a, 0, 1 
0, 6dc, 2, 0, 1 
0, 6c8, 2, 0, 1 
0, 6ac, e3c8, 700e9, 0.9823498893995666 
0, 6f8, 19e6, 0, 1 
0, 660, 9c3c4, 0, 1 
0, 65c, 2, 0, 1 
0, 678, 1, 0, 1 
Dump dual leases

