sample rate: 0.00390625
684,
	[1,1]
	[3,7256]
	[158,1]
	[146,1]
	[334,1]
	[477,1]
	[394,1]
	[530,1]
	[409,1]
	[438,1]
	[591,1]
	[468,1]
	[640,1]
	[823,1]
	[830,1]
	[839,1]
	[703,1]
	[925,1]
	[692,1]
	[777,1]
	[922,1]
	[926,1]
	[1034,1]
	[883,1]
	[979,1]
	[1084,1]
	[910,1]
	[1118,1]
	[969,1]
	[1201,1]
	[1216,1]
	[1081,1]
	[1447,1]
	[1417,1]
	[1115,1]
	[1211,1]
	[1174,1]
	[1382,2]
	[1352,1]
	[1177,1]
	[1733,1]
	[1587,1]
	[1348,1]
	[1772,1]
	[1363,1]
	[1770,1]
	[1539,1]
	[1453,1]
	[1629,1]
	[1658,1]
	[1938,1]
	[1749,1]
	[1498,1]
	[1485,1]
	[1952,1]
	[1609,1]
	[1579,1]
	[1401,1]
	[1546,1]
	[2027,1]
	[1982,1]
	[1810,1]
	[1790,1]
	[1693,1]
	[2128,1]
	[1480,1]
	[1728,1]
	[1954,2]
	[1506,1]
	[1730,1]
	[1678,1]
	[2297,1]
	[1900,1]
	[2368,1]
	[1777,1]
	[2249,1]
	[1662,1]
	[2296,1]
	[1806,1]
	[2298,1]
	[2387,1]
	[2291,1]
	[2151,1]
	[1822,1]
	[2285,1]
	[1858,1]
	[2269,1]
	[2060,1]
	[2272,1]
	[1877,1]
	[2140,1]
	[1886,1]
	[2392,1]
	[2362,1]
	[2003,1]
	[2057,1]
	[2612,2]
	[2667,1]
	[2490,1]
	[2417,1]
	[1999,1]
	[1920,1]
	[2579,1]
	[2470,1]
	[2018,1]
	[2785,1]
	[2359,1]
	[2092,1]
	[2066,1]
	[2315,1]
	[2793,1]
	[2584,2]
	[2755,1]
	[2558,1]
	[2590,1]
	[2561,1]
	[2324,1]
	[1955,1]
	[2102,1]
	[2357,1]
	[2118,1]
	[2726,1]
	[2258,1]
	[2894,1]
	[2728,1]
	[2122,1]
	[2916,1]
	[2830,1]
	[2548,2]
	[2119,1]
	[2780,1]
	[2520,1]
	[2896,1]
	[2990,1]
	[2242,1]
	[2497,1]
	[2486,1]
	[2809,1]
	[2289,1]
	[2089,1]
	[2711,1]
	[2861,1]
	[2158,1]
	[2947,2]
	[2453,1]
	[2657,1]
	[2449,1]
	[2779,1]
	[3034,1]
	[3196,1]
	[2320,2]
	[2626,1]
	[2492,1]
	[2801,1]
	[2986,1]
	[3031,1]
	[2839,1]
	[2797,1]
	[3108,1]
	[2936,1]
	[2838,1]
	[2683,1]
	[3053,1]
	[2231,1]
	[2489,1]
	[2893,1]
	[2385,1]
	[3309,1]
	[2445,1]
	[3171,1]
	[2770,1]
	[3019,1]
	[2237,1]
	[3283,1]
	[3243,1]
	[2526,1]
	[2685,1]
	[2493,1]
	[3129,2]
	[3055,1]
	[2479,1]
	[2620,1]
	[2917,1]
	[3022,1]
	[3226,1]
	[3271,1]
	[2672,1]
	[2591,1]
	[3540,2]
	[3329,1]
	[2593,1]
	[2423,1]
	[3025,1]
	[3167,1]
	[3074,1]
	[3038,1]
	[3217,1]
	[3048,1]
	[2435,1]
	[3526,2]
	[3575,2]
	[3525,2]
	[3415,1]
	[3054,1]
	[3343,1]
	[3397,1]
	[3010,1]
	[2531,1]
	[3616,1]
	[2632,1]
	[3753,1]
	[3429,2]
	[2831,1]
	[3780,1]
	[3247,1]
	[2677,1]
	[3192,1]
	[3486,1]
	[3272,1]
	[2773,1]
	[3864,1]
	[3447,1]
	[2852,1]
	[3420,1]
	[3827,1]
	[2980,1]
	[3627,1]
	[2899,1]
	[2783,1]
	[3149,1]
	[3102,1]
	[3605,2]
	[3978,1]
	[2919,1]
	[3580,1]
	[3126,1]
	[3440,1]
	[3892,1]
	[3390,1]
	[3340,2]
	[3758,1]
	[3985,2]
	[3178,1]
	[3345,1]
	[2881,1]
	[3522,1]
	[3971,1]
	[3107,1]
	[4147,1]
	[3822,1]
	[3973,1]
	[3880,1]
	[3976,1]
	[3180,1]
	[3703,1]
	[3757,1]
	[3435,1]
	[3424,1]
	[3532,1]
	[2889,1]
	[3767,1]
	[3649,1]
	[3164,1]
	[3444,1]
	[3860,1]
	[3807,1]
	[3664,1]
	[3169,1]
	[4129,1]
	[3804,1]
	[3008,1]
	[3500,1]
	[4226,1]
	[4072,1]
	[3462,1]
	[3452,1]
	[3794,2]
	[3244,1]
	[4075,1]
	[4160,1]
	[3547,2]
	[4544,1]
	[4530,1]
	[3604,1]
	[3969,1]
	[3277,1]
	[4339,1]
	[3797,2]
	[4535,1]
	[4615,1]
	[4273,1]
	[3469,1]
	[3088,1]
	[3323,1]
	[3841,1]
	[3889,1]
	[4355,1]
	[3433,1]
	[4497,1]
	[3712,1]
	[4532,1]
	[3668,1]
	[3369,1]
	[3907,1]
	[3966,1]
	[4520,1]
	[3848,1]
	[3937,1]
	[3313,1]
	[4496,1]
	[4084,1]
	[4796,1]
	[3791,1]
	[4579,1]
	[4319,1]
	[4280,1]
	[4099,1]
	[3484,1]
	[4555,1]
	[3716,1]
	[4744,1]
	[3335,1]
	[4402,1]
	[3479,1]
	[4180,1]
	[4474,1]
	[4311,1]
	[4139,1]
	[4196,1]
	[3940,2]
	[4237,1]
	[4307,1]
	[4246,1]
	[4418,2]
	[4034,1]
	[4732,1]
	[3431,1]
	[3903,1]
	[3878,1]
	[3781,1]
	[4425,1]
	[5011,1]
	[4672,1]
	[4210,2]
	[4485,1]
	[4627,1]
	[3995,1]
	[5048,1]
	[4967,1]
	[4327,1]
	[4912,1]
	[3461,1]
	[3498,1]
	[4588,1]
	[4885,1]
	[4333,1]
	[3673,1]
	[4529,1]
	[3617,1]
	[3722,1]
	[3553,1]
	[4132,1]
	[4886,2]
	[4486,1]
	[3829,1]
	[3518,1]
	[5249,1]
	[3682,1]
	[3592,1]
	[5296,1]
	[4262,1]
	[4754,1]
	[4390,1]
	[4407,1]
	[4540,1]
	[4958,1]
	[4030,1]
	[4290,1]
	[4728,1]
	[4652,1]
	[3972,1]
	[3981,1]
	[4775,1]
	[3688,1]
	[4216,1]
	[4507,1]
	[5272,1]
	[4300,1]
	[4334,1]
	[3812,1]
	[3709,1]
	[4825,1]
	[3924,1]
	[5029,1]
	[3964,1]
	[3899,1]
	[3783,1]
	[4060,1]
	[4594,1]
	[4078,1]
	[4945,1]
	[3652,1]
	[5321,1]
	[4079,1]
	[4517,1]
	[3695,1]
	[5164,1]
	[3961,1]
	[3787,1]
	[4871,1]
	[3835,1]
	[5007,1]
	[5171,1]
	[4960,1]
	[4489,1]
	[4930,1]
	[3942,1]
	[5492,1]
	[4538,1]
	[4626,1]
	[4423,1]
	[4585,1]
	[4220,1]
	[3825,1]
	[4763,1]
	[4523,1]
	[5182,1]
	[4439,1]
	[4081,1]
	[5488,1]
	[4522,1]
	[5212,1]
	[4870,1]
	[4786,1]
	[5509,1]
	[4904,1]
	[5458,1]
	[4992,1]
	[4741,1]
	[4990,1]
	[4381,1]
	[5479,1]
	[4420,1]
	[4454,1]
	[5581,1]
	[4378,1]
	[3865,1]
	[4798,1]
	[4202,1]
	[5422,1]
	[5327,1]
	[4206,2]
	[5548,1]
	[4199,1]
	[5445,1]
	[4584,1]
	[5129,1]
	[4066,1]
	[4326,1]
	[4872,1]
	[4843,1]
	[4724,1]
	[4306,1]
	[4227,1]
	[5015,1]
	[5337,1]
	[5092,1]
	[5640,1]
	[4217,1]
	[4175,1]
	[5660,1]
	[5567,1]
	[3928,1]
	[5655,1]
	[5407,1]
	[5066,1]
	[4665,1]
	[4247,1]
	[4168,1]
	[4603,1]
	[5823,1]
	[5041,1]
	[5671,1]
	[4957,1]
	[5745,1]
	[5539,1]
	[5783,1]
	[4908,1]

660,
	[1,67]
	[3,7205]
	[85,12]
	[163,1]
	[249,9]
	[46,2]
	[7,2]
	[486,11]
	[334,3]
	[43,3]
	[167,6]
	[379,1]
	[568,7]
	[52,1]
	[331,4]
	[404,5]
	[922,2]
	[514,1]
	[832,1]
	[1198,2]
	[406,1]
	[1124,5]
	[1261,2]
	[11,4]
	[1222,2]
	[889,1]
	[805,7]
	[625,1]
	[1297,1]
	[731,7]
	[205,1]
	[969,4]
	[1018,1]
	[436,1]
	[1099,1]
	[650,7]
	[292,1]
	[1525,7]
	[1882,1]
	[601,2]
	[1288,5]
	[757,1]
	[274,1]
	[1516,1]
	[1114,2]
	[439,2]
	[1573,2]
	[895,1]
	[1607,2]
	[1451,3]
	[844,1]
	[2086,1]
	[631,1]
	[1370,5]
	[1813,1]
	[1689,5]
	[2353,2]
	[2491,5]
	[442,1]
	[1108,1]
	[238,1]
	[610,1]
	[2710,1]
	[1531,1]
	[887,10]
	[1051,5]
	[787,1]
	[1933,1]
	[487,1]
	[2488,1]
	[2171,3]
	[2887,1]
	[1771,4]
	[2409,6]
	[1206,4]
	[649,1]
	[2473,1]
	[2275,1]
	[2245,6]
	[1483,1]
	[2422,1]
	[2779,1]
	[1844,6]
	[2380,1]
	[1363,1]
	[3085,1]
	[2878,3]
	[2090,5]
	[2812,1]
	[61,1]
	[2197,1]
	[1111,1]
	[1585,2]
	[583,1]
	[175,1]
	[70,1]
	[2564,6]
	[496,1]
	[1926,6]
	[2107,1]
	[2008,6]
	[2623,1]
	[3346,2]
	[271,1]
	[367,1]
	[2668,1]
	[1321,1]
	[3427,1]
	[25,1]
	[22,1]
	[1060,1]
	[2327,4]
	[2143,1]
	[2203,1]
	[2299,1]
	[3047,5]
	[37,1]
	[91,1]
	[2965,4]
	[3619,2]
	[2646,3]
	[1303,1]
	[2260,1]
	[1948,1]
	[3913,1]
	[1696,1]
	[1693,1]
	[226,1]
	[3129,3]
	[3556,1]
	[2071,1]
	[3796,1]
	[2728,3]
	[3751,1]
	[2977,1]
	[3922,1]
	[3343,1]
	[3301,1]
	[418,1]
	[3280,1]
	[3530,5]
	[3832,1]
	[2891,2]
	[4204,2]
	[3448,8]
	[3611,9]
	[2329,1]
	[979,1]
	[3757,1]
	[2185,1]
	[1414,1]
	[1120,1]
	[3994,1]
	[1207,1]
	[3991,2]
	[3316,2]
	[3982,1]
	[1084,1]
	[784,1]
	[2317,1]
	[1834,1]
	[4078,1]
	[3754,1]
	[2098,1]
	[1708,1]
	[3049,1]
	[1408,1]
	[3124,1]
	[3865,1]
	[3366,3]
	[286,1]
	[3685,8]
	[3439,1]
	[4489,1]
	[3217,1]
	[997,2]
	[3058,1]
	[4591,1]
	[1864,1]
	[4822,1]
	[2500,1]
	[3259,1]
	[3145,1]
	[1600,1]
	[3849,3]
	[2551,1]
	[2810,1]
	[4735,1]
	[3577,1]
	[3472,1]
	[3211,4]
	[2401,1]
	[2479,1]
	[3430,1]
	[3799,1]
	[3973,1]
	[3463,1]
	[4603,1]
	[2680,2]
	[3733,1]
	[1033,1]
	[3709,1]
	[3607,1]
	[3013,1]
	[3571,1]
	[256,1]
	[2461,1]
	[4447,1]
	[364,1]
	[3040,1]
	[5224,1]
	[4004,1]
	[4540,1]
	[4825,1]
	[4331,3]
	[2224,1]
	[199,1]
	[1810,1]
	[3604,1]
	[142,1]
	[3931,2]
	[3970,1]
	[3964,1]
	[3760,1]
	[5452,1]
	[1876,1]
	[5236,1]
	[4250,3]
	[2044,1]
	[886,1]
	[3955,1]
	[2896,1]
	[1735,1]
	[673,2]
	[1789,1]
	[1690,1]
	[1684,1]
	[4569,2]
	[778,1]
	[3076,1]
	[1135,1]
	[5446,1]
	[4567,1]
	[2818,1]
	[1462,1]
	[2899,1]
	[3856,1]
	[2281,2]
	[4393,1]
	[4762,1]
	[4561,1]
	[5791,1]
	[220,1]
	[400,1]
	[4135,1]
	[5089,1]
	[2770,1]
	[3631,1]
	[3767,1]
	[4666,1]
	[2311,1]
	[5374,1]
	[4312,1]
	[4765,1]
	[535,1]

9944,
	[9,806]
	[926,1]
	[1098,1]
	[1210,1]
	[2318,1]
	[2510,1]
	[3252,1]
	[3036,1]
	[3938,1]
	[3642,1]
	[4014,1]
	[4574,2]
	[4370,1]
	[4170,1]
	[4238,1]
	[4614,1]
	[5186,1]
	[5290,1]
	[5934,1]
	[5450,1]
	[5650,1]
	[5520,1]
	[6282,1]
	[5946,1]
	[6618,1]
	[6134,1]
	[6646,1]
	[6442,1]
	[6638,1]
	[7110,1]
	[6142,1]
	[6578,1]
	[6600,1]
	[5902,1]
	[6462,1]
	[6086,1]
	[7248,1]
	[6406,1]
	[6818,1]
	[7202,1]
	[7454,1]
	[6754,1]
	[7542,1]
	[7608,1]
	[7968,1]
	[7474,1]
	[8004,2]
	[8222,1]
	[8234,1]
	[8990,1]
	[7602,1]
	[8338,1]
	[9058,1]
	[9246,1]
	[9300,1]
	[8198,1]
	[8378,1]
	[9426,1]
	[8580,1]
	[8302,1]
	[7914,1]
	[8806,1]
	[8966,1]

9952,
	[1,800]
	[423,1]
	[709,1]
	[749,1]
	[997,1]
	[1025,1]
	[1245,1]
	[1313,1]
	[1429,1]
	[1479,1]
	[1499,1]
	[1575,1]
	[1715,1]
	[1723,1]
	[1885,1]
	[1951,1]
	[1983,1]
	[2141,1]
	[2165,1]
	[2181,1]
	[2199,1]
	[2201,1]
	[2303,1]
	[2419,1]
	[2445,1]
	[2475,1]
	[2505,1]
	[2523,1]
	[2531,2]
	[2569,1]
	[2597,1]
	[2639,1]
	[2649,1]
	[2681,1]
	[2831,1]
	[2885,1]
	[2891,1]
	[2955,1]
	[2999,1]
	[3039,1]
	[3109,2]
	[3117,1]
	[3275,1]
	[3389,1]
	[3505,1]
	[3515,1]
	[3517,1]
	[3609,1]
	[3621,1]
	[3665,1]
	[3689,1]
	[3747,2]
	[3765,1]
	[3783,1]
	[3819,1]
	[3877,1]

664,
	[2,59]
	[3,7138]
	[157,1]
	[349,1]
	[257,1]
	[245,1]
	[560,1]
	[458,3]
	[485,2]
	[524,1]
	[440,1]
	[254,1]
	[578,1]
	[818,2]
	[110,1]
	[497,1]
	[676,1]
	[787,1]
	[806,1]
	[179,1]
	[677,2]
	[825,1]
	[437,1]
	[880,1]
	[1079,1]
	[1074,1]
	[1217,1]
	[455,1]
	[1133,1]
	[1046,1]
	[1394,1]
	[1024,1]
	[1002,1]
	[1154,1]
	[1130,1]
	[1095,1]
	[1238,1]
	[1202,2]
	[1409,1]
	[1346,1]
	[1319,2]
	[1153,1]
	[1312,1]
	[1411,1]
	[338,1]
	[1360,1]
	[401,1]
	[1509,1]
	[1332,1]
	[1385,2]
	[398,1]
	[1511,1]
	[1483,1]
	[983,1]
	[221,1]
	[1518,1]
	[1402,1]
	[1472,1]
	[845,1]
	[1495,1]
	[596,1]
	[989,1]
	[731,1]
	[1566,1]
	[1535,1]
	[1607,1]
	[1955,1]
	[1443,1]
	[1528,1]
	[1352,1]
	[107,1]
	[1589,1]
	[1214,1]
	[1757,1]
	[2105,1]
	[1748,1]
	[1788,1]
	[1765,1]
	[1753,1]
	[1559,1]
	[1859,1]
	[2023,1]
	[377,1]
	[98,1]
	[1764,1]
	[1889,1]
	[1932,1]
	[1817,1]
	[1818,1]
	[1565,1]
	[902,1]
	[1834,1]
	[2441,1]
	[1809,1]
	[242,1]
	[1756,1]
	[737,1]
	[1322,1]
	[1037,1]
	[1795,1]
	[2030,1]
	[1553,1]
	[695,2]
	[605,2]
	[2212,1]
	[2068,1]
	[131,1]
	[1879,1]
	[2165,1]
	[2180,1]
	[2179,1]
	[2245,1]
	[707,2]
	[1973,1]
	[1985,1]
	[2260,1]
	[2096,1]
	[1631,1]
	[2501,1]
	[2045,1]
	[2162,2]
	[533,2]
	[1886,1]
	[2265,1]
	[650,2]
	[1820,1]
	[2229,1]
	[2196,1]
	[2155,1]
	[2026,1]
	[2074,1]
	[1826,1]
	[1073,2]
	[2533,1]
	[2231,1]
	[2373,1]
	[2321,1]
	[2469,1]
	[2407,1]
	[2116,1]
	[2281,1]
	[1007,1]
	[2292,1]
	[2651,1]
	[2496,1]
	[2182,1]
	[2214,1]
	[2491,1]
	[470,1]
	[878,1]
	[2640,1]
	[308,1]
	[2185,1]
	[1403,1]
	[2685,1]
	[551,1]
	[2271,1]
	[2605,1]
	[2280,1]
	[2607,1]
	[2455,1]
	[140,1]
	[2270,1]
	[2287,1]
	[746,1]
	[2818,1]
	[1904,1]
	[566,1]
	[2795,1]
	[2764,1]
	[3284,1]
	[2706,1]
	[614,1]
	[2704,1]
	[2433,1]
	[1643,2]
	[2126,1]
	[320,1]
	[2912,1]
	[2805,1]
	[3407,1]
	[2933,2]
	[2716,1]
	[2835,1]
	[2689,1]
	[3344,1]
	[2896,1]
	[2439,1]
	[395,1]
	[2988,1]
	[908,1]
	[2442,1]
	[3029,1]
	[836,1]
	[2760,1]
	[2863,2]
	[2705,1]
	[2485,1]
	[1082,1]
	[1085,1]
	[2559,1]
	[2531,1]
	[2850,1]
	[1382,1]
	[2348,1]
	[3004,1]
	[3092,1]
	[2087,1]
	[2471,1]
	[2588,1]
	[3773,1]
	[3011,1]
	[2780,1]
	[2893,1]
	[917,1]
	[2168,1]
	[3089,2]
	[3524,1]
	[3127,1]
	[2842,1]
	[3224,1]
	[2699,1]
	[2977,1]
	[3262,1]
	[1532,1]
	[2879,1]
	[3461,1]
	[872,2]
	[2696,1]
	[2315,1]
	[3013,1]
	[3333,1]
	[710,1]
	[3148,1]
	[3035,1]
	[3202,1]
	[833,1]
	[3236,1]
	[3044,1]
	[3294,1]
	[2639,1]
	[53,1]
	[161,1]
	[3067,1]
	[3201,1]
	[2920,1]
	[1751,1]
	[1181,1]
	[2958,1]
	[1292,1]
	[3475,1]
	[3470,2]
	[3145,1]
	[3803,1]
	[3394,1]
	[3091,1]
	[260,1]
	[3016,1]
	[3423,2]
	[665,1]
	[3303,2]
	[2986,1]
	[3560,1]
	[3198,1]
	[3024,1]
	[3411,1]
	[4274,2]
	[3418,1]
	[3112,1]
	[1895,1]
	[3567,1]
	[3474,2]
	[3630,1]
	[3453,1]
	[3014,1]
	[3308,1]
	[3400,1]
	[3163,1]
	[3480,1]
	[4124,1]
	[3602,1]
	[3741,1]
	[3676,1]
	[3744,1]
	[4433,1]
	[3351,1]
	[3241,1]
	[2750,1]
	[2276,1]
	[3725,2]
	[4319,1]
	[3622,1]
	[3499,1]
	[3406,1]
	[3164,1]
	[3924,1]
	[3506,1]
	[3427,1]
	[3464,1]
	[4478,1]
	[3637,1]
	[935,1]
	[3815,1]
	[3178,2]
	[3839,1]
	[3808,1]
	[3653,1]
	[1061,1]
	[3566,1]
	[1745,1]
	[500,1]
	[1460,1]
	[3736,1]
	[3976,2]
	[3781,1]
	[3446,1]
	[1958,1]
	[3884,1]
	[3709,1]
	[3614,1]
	[3973,1]
	[3457,1]
	[3864,1]
	[3447,1]
	[392,1]
	[3812,1]
	[3334,1]
	[1223,1]
	[3375,1]
	[2099,1]
	[3579,1]
	[3504,1]
	[3609,3]
	[2234,1]
	[3692,1]
	[2552,1]
	[3546,1]
	[347,1]
	[3826,1]
	[4673,2]
	[3640,1]
	[3626,1]
	[956,1]
	[3405,1]
	[4134,2]
	[29,1]
	[4216,1]
	[4646,1]
	[3661,1]
	[3500,1]
	[3876,1]
	[3799,2]
	[1349,1]
	[4238,1]
	[4111,2]
	[4097,1]
	[3612,1]
	[4173,1]
	[4114,1]
	[3880,1]
	[4044,1]
	[3603,1]
	[3086,1]
	[3962,1]
	[3700,1]
	[3638,1]
	[2243,1]
	[4550,1]
	[1400,1]
	[4098,1]
	[1421,1]
	[5174,1]
	[4505,1]
	[3179,1]
	[4394,1]
	[4160,1]
	[4259,1]
	[4421,1]
	[4185,1]
	[3917,1]
	[4304,1]
	[4005,2]
	[2891,1]
	[4046,1]
	[5300,1]
	[506,1]
	[4321,1]
	[3643,1]
	[4208,1]
	[422,1]
	[3870,1]
	[3023,1]
	[4526,1]
	[1796,1]
	[1034,1]
	[4135,1]
	[2015,1]
	[2312,1]
	[1355,1]
	[4510,1]
	[4745,1]
	[4246,1]
	[1124,1]
	[464,1]
	[2969,1]
	[4051,1]
	[488,1]
	[3990,1]
	[4117,1]
	[4919,1]
	[1466,1]
	[3392,1]
	[2825,1]
	[3596,1]
	[3698,1]
	[4314,1]
	[4153,1]
	[4481,1]
	[2654,1]
	[4411,1]
	[3928,1]
	[2954,1]
	[3875,1]
	[4558,1]
	[3929,1]
	[4613,1]
	[4306,1]
	[3386,1]
	[4587,1]
	[4729,1]
	[4434,1]
	[4789,1]
	[1433,1]
	[3737,1]
	[4059,1]
	[4895,1]
	[4551,1]
	[4188,1]
	[4785,1]
	[5519,1]
	[4884,1]
	[4426,1]
	[4429,1]
	[3975,1]
	[4351,1]
	[4063,1]
	[3941,1]
	[4487,1]
	[4473,1]
	[752,1]
	[4722,1]
	[4174,1]
	[2789,1]
	[3479,1]
	[5891,1]

596,
	[2,7152]
	[3,7]
	[15,1]
	[255,1]
	[433,1]
	[85,1]
	[410,1]
	[260,1]
	[230,1]
	[445,1]
	[571,1]
	[589,1]
	[550,2]
	[480,1]
	[693,1]
	[779,1]
	[325,1]
	[857,1]
	[783,1]
	[861,1]
	[1025,2]
	[880,3]
	[290,1]
	[927,1]
	[955,1]
	[915,1]
	[964,1]
	[1077,1]
	[885,1]
	[1140,2]
	[1039,1]
	[1120,1]
	[1311,1]
	[845,1]
	[1255,1]
	[1263,1]
	[555,2]
	[1285,1]
	[1247,1]
	[1237,1]
	[1497,1]
	[625,1]
	[1275,1]
	[175,2]
	[630,1]
	[1491,1]
	[125,2]
	[1403,1]
	[1585,3]
	[1407,1]
	[470,2]
	[710,1]
	[980,2]
	[1583,1]
	[1463,1]
	[740,1]
	[1755,1]
	[1340,1]
	[1621,1]
	[1637,1]
	[1523,1]
	[1781,1]
	[55,1]
	[1863,1]
	[1737,1]
	[35,1]
	[840,1]
	[1295,1]
	[1240,2]
	[1857,1]
	[1883,1]
	[1751,1]
	[825,1]
	[1649,1]
	[1820,1]
	[1961,1]
	[1870,2]
	[1655,2]
	[1963,1]
	[1975,1]
	[300,1]
	[1865,1]
	[1985,1]
	[1739,1]
	[1979,1]
	[1505,1]
	[2011,1]
	[1390,1]
	[1645,1]
	[1941,1]
	[2077,1]
	[920,2]
	[1250,1]
	[545,1]
	[1815,1]
	[1945,3]
	[430,1]
	[1170,1]
	[150,1]
	[1989,1]
	[2010,1]
	[580,2]
	[830,1]
	[195,1]
	[695,1]
	[390,1]
	[2189,1]
	[1875,1]
	[1205,1]
	[1370,1]
	[2225,1]
	[1410,2]
	[1983,1]
	[2130,1]
	[2321,1]
	[225,1]
	[320,1]
	[2017,1]
	[1135,1]
	[440,1]
	[2083,1]
	[1805,1]
	[2101,1]
	[2311,2]
	[780,1]
	[2217,1]
	[2140,1]
	[1435,2]
	[165,1]
	[340,1]
	[2137,1]
	[2007,1]
	[2269,1]
	[2155,1]
	[2177,1]
	[1670,2]
	[5,1]
	[675,1]
	[2345,2]
	[2339,1]
	[345,1]
	[2167,1]
	[10,1]
	[415,2]
	[2623,1]
	[1780,1]
	[25,1]
	[1385,2]
	[1550,1]
	[2290,1]
	[2359,1]
	[505,1]
	[1000,2]
	[2525,2]
	[2685,1]
	[2227,1]
	[2323,1]
	[2413,1]
	[2590,1]
	[2337,1]
	[2735,1]
	[2020,1]
	[2387,1]
	[535,2]
	[2449,1]
	[2600,2]
	[855,1]
	[2497,1]
	[2125,1]
	[2713,1]
	[2879,1]
	[2200,1]
	[2517,1]
	[2789,2]
	[2507,1]
	[735,1]
	[770,1]
	[2300,1]
	[2785,1]
	[95,1]
	[105,1]
	[2993,1]
	[2531,1]
	[3017,1]
	[2305,2]
	[2893,1]
	[1765,1]
	[3090,1]
	[2583,1]
	[2705,1]
	[2960,1]
	[2875,2]
	[2265,1]
	[755,1]
	[2737,2]
	[2627,1]
	[2725,1]
	[2619,1]
	[2370,1]
	[40,1]
	[2930,1]
	[2841,1]
	[3113,1]
	[2877,2]
	[2657,1]
	[3153,1]
	[3091,1]
	[2825,1]
	[3115,1]
	[2659,1]
	[1085,2]
	[1335,1]
	[3209,1]
	[1400,1]
	[2045,1]
	[140,1]
	[3035,1]
	[3313,1]
	[3253,1]
	[2765,1]
	[1575,1]
	[220,1]
	[3105,1]
	[3351,1]
	[2340,1]
	[1100,2]
	[1775,1]
	[3079,1]
	[2891,1]
	[3197,1]
	[3163,1]
	[2927,1]
	[3009,2]
	[1565,2]
	[2955,1]
	[1425,1]
	[2075,2]
	[3435,1]
	[2320,1]
	[1415,1]
	[2953,1]
	[1890,1]
	[1185,1]
	[2070,1]
	[3345,1]
	[3251,1]
	[2924,1]
	[565,1]
	[3523,1]
	[3001,1]
	[3331,1]
	[1495,1]
	[2170,2]
	[3467,1]
	[270,1]
	[3551,1]
	[3665,1]
	[3180,1]
	[3317,1]
	[3055,1]
	[455,1]
	[3129,1]
	[3415,2]
	[2595,1]
	[3123,1]
	[3005,1]
	[1970,1]
	[3387,1]
	[3270,1]
	[1605,1]
	[2420,1]
	[3397,1]
	[3025,1]
	[3120,1]
	[3520,1]
	[2405,1]
	[3321,1]
	[3593,2]
	[1950,1]
	[205,1]
	[575,2]
	[3545,1]
	[3657,2]
	[3849,1]
	[3903,1]
	[425,2]
	[2025,1]
	[3277,1]
	[3513,1]
	[3831,1]
	[3643,1]
	[3540,1]
	[3720,1]
	[3847,1]
	[4007,1]
	[3913,1]
	[2145,1]
	[3455,1]
	[1835,1]
	[2800,1]
	[3575,2]
	[4037,1]
	[4025,1]
	[1725,1]
	[805,1]
	[4103,1]
	[45,1]
	[3701,2]
	[4149,1]
	[2975,1]
	[3503,1]
	[2540,1]
	[4029,1]
	[900,1]
	[1305,1]
	[4221,1]
	[4035,1]
	[4193,1]
	[3747,1]
	[3541,1]
	[1520,1]
	[3861,1]
	[3929,1]
	[4105,1]
	[4169,1]
	[4281,1]
	[1560,1]
	[3955,1]
	[3897,1]
	[3819,1]
	[3809,1]
	[3991,1]
	[985,1]
	[3673,1]
	[4289,1]
	[3923,1]
	[3559,1]
	[4095,1]
	[3865,1]
	[3915,1]
	[670,1]
	[4319,1]
	[3945,1]
	[3985,1]
	[2870,1]
	[2400,1]
	[655,1]
	[3705,1]
	[4059,1]
	[3568,1]
	[3839,1]
	[4435,1]
	[4427,1]
	[4235,1]
	[400,1]
	[3815,1]
	[1795,1]
	[3795,1]
	[2390,1]
	[3855,1]
	[4271,1]
	[4049,1]
	[3440,1]
	[2520,1]
	[4371,1]
	[3879,2]
	[460,1]
	[4425,1]
	[715,1]
	[2635,2]
	[1545,1]
	[4045,1]
	[1640,1]
	[1905,1]
	[4395,1]
	[3981,1]
	[2090,1]
	[4510,1]
	[3999,1]
	[3495,1]
	[3921,1]
	[4051,1]
	[3781,1]
	[3380,1]
	[4523,1]
	[3805,1]
	[4195,1]
	[3925,1]
	[4257,1]
	[3140,1]
	[275,1]
	[4125,1]
	[4525,1]
	[4061,1]
	[3275,1]
	[4725,1]
	[4445,1]
	[130,1]
	[4050,1]
	[4505,1]
	[4777,1]
	[760,1]
	[4615,1]
	[2700,1]
	[4409,1]
	[3020,1]
	[4530,1]
	[4460,1]
	[4187,1]
	[4790,1]
	[3910,1]
	[4131,1]
	[3060,1]
	[2435,1]
	[3410,1]
	[4255,1]
	[4577,1]
	[1540,1]
	[4441,1]
	[4585,1]
	[4365,1]
	[4545,1]
	[4213,1]
	[2450,1]

9968,
	[1,837]
	[497,1]
	[549,1]
	[665,1]
	[1061,1]
	[1063,1]
	[1065,1]
	[1167,1]
	[1253,1]
	[1303,1]
	[1637,1]
	[1801,1]
	[1847,1]
	[2061,1]
	[2073,1]
	[2215,1]
	[2329,1]
	[2343,1]
	[2429,1]
	[2519,1]
	[2611,1]
	[2655,1]
	[2735,1]
	[2779,1]
	[2837,1]
	[3015,1]
	[3105,1]
	[3139,1]
	[3145,1]
	[3161,1]
	[3197,1]
	[3217,1]
	[3221,1]
	[3319,1]
	[3323,1]
	[3339,1]
	[3357,1]
	[3413,1]
	[3455,1]
	[3573,1]
	[3589,1]
	[3609,1]
	[3679,1]
	[3743,1]
	[3777,1]
	[3823,1]
	[3835,1]
	[3877,1]
	[3961,1]

9924,
	[1,822]
	[1132,1]
	[1556,1]
	[1740,1]
	[1872,1]
	[2572,1]
	[3116,1]
	[3108,1]
	[3032,1]
	[3508,1]
	[3652,1]
	[3996,1]
	[4536,1]
	[5184,1]
	[4952,1]
	[4840,1]
	[5552,1]
	[6196,1]
	[6828,1]
	[6884,1]
	[6636,1]
	[6424,1]
	[6200,1]
	[6516,1]
	[8026,1]
	[7792,1]
	[8248,1]
	[7990,1]
	[8020,1]
	[7452,1]
	[8512,1]
	[8712,1]
	[7234,1]
	[8944,1]
	[7996,1]
	[8008,1]
	[9380,1]
	[9396,1]
	[9008,1]
	[8392,1]
	[9610,1]

9780,
	[1,12]
	[2,26]
	[1063,1]
	[2467,1]

9908,
	[1,821]
	[1364,1]
	[1580,1]
	[1612,1]
	[2304,1]
	[2168,1]
	[1924,1]
	[2380,1]
	[2188,1]
	[2592,1]
	[2716,1]
	[3220,1]
	[3086,1]
	[3124,1]
	[3344,1]
	[3392,1]
	[3056,1]
	[3260,1]
	[3860,1]
	[3352,1]
	[3364,1]
	[4108,1]
	[4216,1]
	[4224,1]
	[4364,1]
	[3956,1]
	[4490,1]
	[4988,1]
	[4908,1]
	[4688,1]
	[5440,1]
	[4780,1]
	[5392,1]
	[6460,1]
	[6336,1]
	[6056,1]
	[6074,1]
	[6264,1]
	[5612,1]
	[5804,1]
	[6880,1]
	[5732,1]
	[7028,1]
	[6208,1]
	[6268,1]
	[6204,1]
	[6852,1]
	[7552,1]
	[7192,1]
	[7520,1]
	[7168,1]
	[7946,1]
	[7396,1]
	[7812,1]
	[6856,1]
	[7888,1]
	[8486,1]
	[6912,1]
	[8672,1]
	[7600,1]
	[7420,1]
	[7700,1]
	[7576,1]
	[8240,1]
	[8624,1]
	[8532,1]
	[7976,1]
	[8220,1]
	[7964,1]

592,
	[2,7463]
	[875,1]
	[1486,1]
	[1612,1]
	[1680,1]
	[1890,1]
	[546,1]
	[1995,1]
	[2044,1]
	[2079,1]
	[2116,1]
	[2135,1]
	[2163,1]
	[2184,1]
	[2296,1]
	[2305,1]
	[2401,1]
	[2431,2]
	[2436,1]
	[2471,1]
	[2625,1]
	[2683,1]
	[2772,1]
	[2849,1]
	[2919,1]
	[3017,1]
	[3066,1]
	[3080,1]
	[3094,1]
	[3164,1]
	[3192,1]
	[3213,1]
	[3269,1]
	[3402,1]
	[3479,1]
	[3640,1]
	[3710,1]
	[1058,1]
	[3731,1]
	[3745,4]
	[3754,1]
	[3808,1]
	[3906,1]
	[3948,1]
	[4011,1]
	[4025,1]
	[4053,1]
	[4242,1]
	[4263,1]
	[4312,1]
	[4375,1]
	[4396,1]
	[4494,1]
	[4683,1]
	[4788,1]
	[4802,1]
	[4830,2]
	[4858,1]
	[4893,1]
	[4951,2]
	[4956,1]
	[4984,1]
	[5040,1]
	[5077,1]
	[5140,2]
	[5152,1]
	[5203,1]
	[5266,1]
	[5320,1]
	[5334,2]
	[5460,1]
	[5565,1]
	[5572,1]
	[5586,1]
	[5600,1]
	[5621,1]
	[5628,1]
	[1602,1]
	[5656,1]
	[5747,1]
	[5824,1]
	[5838,1]
	[5852,1]
	[5866,1]
	[5873,1]
	[5887,1]
	[5901,2]
	[1698,1]
	[5992,1]
	[6034,1]
	[6055,1]
	[6062,1]
	[6069,1]
	[6118,1]
	[6160,1]
	[6174,1]
	[6188,1]
	[6230,1]
	[6274,1]
	[6300,1]
	[6349,1]
	[6377,1]
	[6391,1]
	[6412,1]
	[6463,1]
	[6468,1]
	[6552,1]
	[6594,1]
	[6622,1]
	[6652,1]
	[6706,1]
	[6727,1]
	[6748,1]
	[6762,1]
	[6825,1]
	[6853,5]
	[6888,1]
	[6923,1]
	[6937,1]
	[6979,1]
	[7056,1]
	[7084,1]
	[7119,1]
	[7126,1]
	[7189,1]
	[7273,1]
	[7282,1]
	[7301,1]
	[7364,1]
	[7378,1]
	[7392,1]
	[7408,2]
	[7420,1]
	[7441,1]
	[7504,1]
	[7525,1]
	[7546,1]
	[7567,1]
	[7581,1]
	[7588,1]
	[7660,1]
	[7693,1]
	[7742,1]
	[7749,1]
	[7912,1]
	[7924,2]
	[7938,2]
	[8043,1]
	[8057,1]
	[8078,1]
	[8101,1]
	[8120,1]
	[8134,2]
	[8197,1]
	[8435,1]
	[8449,1]
	[8470,1]
	[8533,1]
	[8582,1]
	[8610,1]
	[8659,1]
	[8673,1]
	[8715,1]
	[8757,1]
	[8764,1]
	[8771,2]
	[8827,1]
	[8862,1]
	[8883,1]
	[8890,1]
	[8911,1]
	[8939,1]
	[8946,2]
	[8953,1]
	[8988,1]
	[9002,1]
	[9009,1]
	[9037,1]
	[9051,1]
	[2594,1]
	[9065,1]
	[9086,1]
	[9093,1]
	[9135,1]
	[9156,1]
	[9172,2]
	[9191,1]
	[9198,1]
	[9205,1]
	[9240,1]
	[9352,2]
	[9387,1]
	[9394,1]
	[9429,1]
	[9443,1]
	[9450,1]
	[9492,1]
	[9499,1]
	[9527,1]
	[9569,2]
	[9597,1]
	[9618,1]
	[9632,1]
	[9667,1]
	[9730,1]
	[9739,1]
	[9751,1]
	[9758,1]
	[9793,1]
	[2786,1]
	[9842,1]
	[9849,1]
	[9870,2]
	[9884,1]
	[9947,1]
	[9961,2]
	[10031,1]
	[10054,2]
	[10080,1]
	[10094,1]
	[10143,1]
	[10157,1]
	[10164,1]
	[10171,1]
	[10180,2]
	[10185,1]
	[10199,1]
	[10220,1]
	[10234,1]
	[10346,1]
	[10409,1]
	[10437,1]
	[10486,1]
	[10500,1]
	[10549,1]
	[10577,1]
	[10598,1]
	[10605,1]
	[10626,1]
	[10633,1]
	[10640,1]
	[10647,1]
	[10654,1]
	[10668,1]
	[10684,1]
	[10703,1]
	[10731,1]
	[10752,1]
	[10759,1]
	[10780,1]
	[10801,1]
	[10810,1]
	[10822,1]
	[10829,1]
	[10843,1]
	[10892,1]
	[10906,1]
	[10920,1]
	[10948,1]
	[10969,1]
	[10999,1]
	[11018,1]
	[11025,1]
	[11067,1]
	[11116,1]
	[11130,1]
	[11158,1]
	[11165,1]
	[11221,1]
	[11235,1]
	[11256,1]
	[11284,1]
	[11314,2]
	[11319,1]
	[11333,1]
	[11347,2]
	[11354,1]
	[11361,1]
	[11368,1]
	[11396,1]
	[11403,1]
	[11424,1]
	[11431,2]
	[11440,1]
	[11445,1]
	[11452,1]
	[11473,1]
	[11480,2]
	[11515,1]
	[11536,1]
	[11543,2]
	[11550,1]
	[11571,1]
	[11592,1]
	[11599,1]
	[11606,1]
	[11620,1]
	[11634,2]
	[11641,1]
	[11648,1]
	[11662,1]
	[11711,1]
	[11718,2]
	[11725,1]
	[11755,3]
	[11760,2]
	[11767,1]
	[11837,1]
	[11872,2]
	[11900,1]
	[11935,1]
	[11970,1]
	[12012,1]
	[12033,1]
	[12054,1]
	[12061,3]
	[12070,1]
	[12075,2]
	[12089,2]
	[12124,2]
	[12133,1]
	[12145,1]
	[12187,1]
	[12196,1]
	[12215,1]
	[12222,2]
	[12236,1]
	[12243,1]
	[12278,1]
	[12299,2]
	[12362,1]
	[12376,2]
	[12404,3]
	[12418,1]
	[12425,1]
	[12432,2]
	[12448,1]
	[12495,1]
	[12551,1]
	[12565,1]
	[12607,1]
	[12614,1]
	[12621,2]
	[12628,1]
	[12637,1]
	[12670,2]
	[12691,1]
	[12705,1]
	[12712,1]
	[12740,1]
	[12782,1]
	[12789,1]
	[12859,1]
	[12873,1]
	[12880,1]
	[12889,1]
	[12908,2]
	[12922,1]
	[12929,1]
	[12952,1]
	[12971,1]
	[12978,1]
	[12999,1]
	[13020,1]
	[13027,1]
	[13048,1]
	[13055,1]
	[13062,1]
	[13078,1]
	[13097,1]
	[13125,1]
	[13141,4]
	[13146,1]
	[13160,1]
	[13174,1]
	[13181,1]
	[13251,1]
	[13300,1]
	[13314,1]
	[13330,1]
	[13335,1]
	[13342,1]
	[13363,1]
	[13377,2]
	[13412,1]
	[13468,1]
	[13475,3]
	[13482,1]
	[13489,1]
	[13510,2]
	[13519,2]
	[13524,2]
	[13552,1]
	[13559,2]
	[13573,1]
	[13594,2]
	[13601,2]
	[13608,1]
	[13636,1]
	[13645,2]
	[13664,1]
	[13678,2]
	[13713,1]
	[13734,2]
	[13776,1]
	[13790,2]
	[13797,2]
	[3938,2]
	[13818,2]
	[13825,1]
	[13834,1]
	[13839,1]
	[13846,1]
	[13874,1]
	[13881,1]
	[13888,1]
	[13897,2]
	[3970,1]
	[13916,1]
	[13944,1]
	[13960,1]

9980,
	[2,8]
	[9,742]
	[591,1]
	[1161,1]
	[1221,1]
	[1223,1]
	[1521,1]
	[1731,1]
	[1905,1]
	[1947,1]
	[1983,1]
	[1993,1]
	[2017,1]
	[2177,1]
	[2187,1]
	[2197,1]
	[2205,1]
	[2271,1]
	[2289,1]
	[2331,1]
	[2701,1]
	[2731,1]
	[2749,1]
	[2781,1]
	[2799,1]
	[2919,1]
	[2931,1]
	[2967,1]
	[3047,1]
	[3051,1]
	[3061,1]
	[3201,1]
	[3239,1]
	[3257,1]
	[3329,1]
	[3385,1]
	[3447,1]
	[3477,1]
	[3521,1]
	[3595,1]
	[3717,1]
	[3727,1]
	[3811,1]
	[3843,1]
	[3927,1]
	[3959,1]

9912,
	[1,781]
	[2097,1]
	[3187,1]
	[3393,1]
	[3425,1]
	[3361,1]
	[3549,1]
	[3593,1]
	[4015,1]
	[3849,1]
	[4329,1]
	[4285,1]
	[4561,1]
	[5145,1]
	[5501,1]
	[4765,1]
	[4929,1]
	[5373,1]
	[5033,1]
	[5369,1]
	[6673,1]
	[6585,1]
	[5765,1]
	[5689,1]
	[5757,1]
	[7061,1]
	[6201,1]
	[5785,1]
	[6793,1]
	[7297,1]
	[7105,1]
	[7417,1]
	[7573,2]
	[7445,1]
	[7461,1]
	[7177,1]
	[7765,1]
	[8229,1]
	[6953,1]
	[7401,1]
	[7837,1]
	[7133,1]
	[8689,1]
	[8713,1]
	[7429,1]
	[8155,1]
	[9177,1]
	[7749,1]
	[8695,1]
	[8757,1]
	[8969,1]
	[7909,1]
	[8325,1]
	[9487,1]

9920,
	[1,785]
	[1459,1]
	[1863,1]
	[2015,1]
	[2407,1]
	[2611,1]
	[2711,1]
	[2943,1]
	[3523,1]
	[3375,1]
	[3755,1]
	[3247,1]
	[3307,1]
	[4211,1]
	[4555,1]
	[4775,1]
	[3987,1]
	[4951,1]
	[4613,1]
	[4721,1]
	[5271,1]
	[5707,1]
	[5743,1]
	[5519,1]
	[5163,1]
	[5199,1]
	[5087,1]
	[6163,1]
	[6063,1]
	[6079,1]
	[6629,1]
	[6583,1]
	[7435,1]
	[7147,1]
	[7551,1]
	[7547,1]
	[8671,1]
	[7871,1]
	[8083,1]
	[7451,1]
	[8645,1]
	[8039,1]
	[9155,1]
	[9067,1]
	[8183,1]
	[9175,1]
	[8177,1]
	[8179,1]
	[8227,1]
	[9711,1]

9964,
	[1,857]
	[196,1]
	[540,1]
	[1146,1]
	[1302,1]
	[1358,1]
	[1464,1]
	[1566,1]
	[1784,1]
	[1856,1]
	[1916,1]
	[2016,1]
	[2026,1]
	[2076,1]
	[2174,1]
	[2210,1]
	[2372,1]
	[2406,1]
	[2408,1]
	[2496,1]
	[2504,1]
	[2678,1]
	[2692,1]
	[2706,1]
	[2786,1]
	[2802,1]
	[2868,1]
	[2880,1]
	[2896,1]
	[2898,1]
	[3012,1]
	[3090,1]
	[3214,1]
	[3228,1]
	[3264,1]
	[3302,1]
	[3318,1]
	[3396,1]
	[3468,1]
	[3624,1]
	[3700,1]
	[3708,1]
	[3718,1]
	[3750,1]
	[3758,2]
	[3762,1]
	[3824,1]
	[3902,1]
	[3914,1]
	[3934,1]
	[3948,1]

9972,
	[1,796]
	[602,1]
	[632,1]
	[1018,1]
	[1022,1]
	[1152,1]
	[1434,1]
	[1454,1]
	[1606,1]
	[1650,1]
	[1702,1]
	[1796,1]
	[1900,1]
	[1938,1]
	[1984,1]
	[2032,1]
	[2036,1]
	[2042,1]
	[2088,1]
	[2194,1]
	[2200,1]
	[2222,1]
	[2230,1]
	[2258,1]
	[2358,1]
	[2444,1]
	[2474,1]
	[2480,1]
	[2528,1]
	[2548,1]
	[2690,1]
	[2748,1]
	[2808,1]
	[2902,1]
	[2908,1]
	[2942,1]
	[2970,1]
	[3040,1]
	[3068,1]
	[3160,1]
	[3304,1]
	[3410,1]
	[3452,1]
	[3456,1]
	[3522,1]
	[3536,1]
	[3698,1]
	[3712,1]
	[3728,1]
	[3818,1]
	[3834,1]
	[3878,1]
	[3904,1]
	[3906,2]
	[3932,1]
	[3934,1]
	[3958,1]
	[3960,2]

9940,
	[2,830]
	[200,1]
	[462,1]
	[494,1]
	[682,1]
	[722,1]
	[1174,1]
	[1208,1]
	[1238,1]
	[1390,1]
	[1424,1]
	[1452,1]
	[1518,1]
	[1604,1]
	[1704,1]
	[1804,1]
	[1820,1]
	[1822,1]
	[1860,1]
	[2022,1]
	[2134,1]
	[2164,1]
	[2226,1]
	[2302,1]
	[2442,1]
	[2474,1]
	[2518,1]
	[2614,1]
	[2632,1]
	[2678,1]
	[2702,1]
	[2742,1]
	[2792,1]
	[2864,1]
	[2968,1]
	[2976,1]
	[2986,1]
	[3094,1]
	[3256,1]
	[3318,2]
	[3370,1]
	[3378,1]
	[3388,1]
	[3440,1]
	[3550,1]
	[3568,1]
	[3608,1]
	[3696,1]
	[3714,1]
	[3758,1]
	[3768,1]
	[3800,1]
	[3856,2]
	[3914,1]
	[3954,1]

9904,
	[1,822]
	[2013,1]
	[2067,1]
	[2175,1]
	[2517,1]
	[2805,1]
	[3787,1]
	[4533,1]
	[4079,1]
	[4175,1]
	[4803,1]
	[5015,1]
	[4451,1]
	[4843,1]
	[6135,1]
	[6343,1]
	[5927,1]
	[5807,1]
	[6405,1]
	[6243,1]
	[6203,1]
	[5919,1]
	[6515,1]
	[6307,1]
	[6327,1]
	[7147,1]
	[7211,1]
	[7547,1]
	[7203,1]
	[8335,1]
	[7795,1]
	[7197,1]
	[7629,1]
	[7939,1]
	[9327,1]
	[8619,1]
	[8675,1]
	[8991,1]
	[9547,1]
	[9171,1]
	[7983,1]
	[9603,1]
	[9759,1]
	[8487,1]

9960,
	[1,784]
	[259,1]
	[467,1]
	[581,1]
	[839,1]
	[1035,1]
	[1043,1]
	[1069,1]
	[1169,1]
	[1187,1]
	[1265,1]
	[1347,1]
	[1507,1]
	[1675,1]
	[1683,1]
	[1715,1]
	[1903,1]
	[1939,1]
	[2101,1]
	[2247,1]
	[2485,1]
	[2507,1]
	[2635,1]
	[2679,1]
	[2697,1]
	[2719,1]
	[2723,1]
	[2733,1]
	[2763,2]
	[2781,1]
	[2795,1]
	[2805,1]
	[2841,1]
	[2885,1]
	[2897,1]
	[3033,1]
	[3123,1]
	[3137,1]
	[3197,1]
	[3221,2]
	[3255,1]
	[3259,1]
	[3281,1]
	[3299,1]
	[3353,1]
	[3429,1]
	[3573,1]
	[3595,2]
	[3623,1]
	[3663,1]
	[3683,1]
	[3707,1]
	[3727,1]
	[3785,1]
	[3813,1]
	[3821,1]
	[3917,1]

9928,
	[1,851]
	[999,1]
	[881,1]
	[1359,1]
	[1649,1]
	[1809,1]
	[2073,1]
	[3357,1]
	[3849,1]
	[3477,1]
	[4095,1]
	[4473,1]
	[4337,1]
	[4557,1]
	[4761,1]
	[4801,1]
	[5355,1]
	[4815,1]
	[5397,1]
	[5289,1]
	[5685,1]
	[4851,1]
	[5729,1]
	[5653,1]
	[5967,1]
	[5441,1]
	[5589,1]
	[6589,1]
	[6641,1]
	[5937,1]
	[6465,1]
	[6509,1]
	[6581,1]
	[6277,1]
	[7089,1]
	[6525,1]
	[6673,1]
	[7701,1]
	[7689,1]
	[7589,1]
	[7025,1]
	[7857,1]
	[8297,1]
	[6869,1]
	[6981,1]
	[8533,2]
	[7977,1]
	[7573,1]
	[8805,1]
	[7733,1]
	[8289,1]
	[8757,1]
	[7677,1]
	[9429,1]
	[9495,1]
	[8489,1]

9948,
	[1,848]
	[1020,1]
	[1086,1]
	[1370,1]
	[1406,1]
	[1468,1]
	[1508,1]
	[1594,1]
	[1694,1]
	[1748,1]
	[1894,1]
	[2036,1]
	[2050,1]
	[2152,1]
	[2278,1]
	[2328,1]
	[2344,1]
	[2442,1]
	[2558,1]
	[2584,1]
	[2586,1]
	[2730,1]
	[2756,1]
	[2806,1]
	[2812,1]
	[2822,1]
	[2864,1]
	[2906,1]
	[2918,1]
	[2920,1]
	[2982,1]
	[2990,1]
	[3032,1]
	[3062,1]
	[3134,1]
	[3230,1]
	[3234,1]
	[3254,1]
	[3270,1]
	[3314,1]
	[3326,1]
	[3342,1]
	[3368,1]
	[3382,1]
	[3476,1]
	[3520,1]
	[3526,1]
	[3556,1]
	[3608,1]
	[3800,1]
	[3804,1]
	[3820,1]
	[3842,2]
	[3882,1]
	[3936,1]
	[3940,1]

9956,
	[1,776]
	[654,1]
	[1274,1]
	[1342,1]
	[1344,1]
	[1440,1]
	[1492,1]
	[1722,1]
	[1774,1]
	[2100,1]
	[2192,1]
	[2210,1]
	[2226,1]
	[2348,1]
	[2376,1]
	[2446,1]
	[2494,1]
	[2596,1]
	[2866,1]
	[2884,1]
	[2938,1]
	[2964,1]
	[3078,1]
	[3086,1]
	[3118,1]
	[3144,1]
	[3244,1]
	[3262,1]
	[3266,1]
	[3298,1]
	[3334,1]
	[3370,1]
	[3376,1]
	[3478,1]
	[3518,1]
	[3534,1]
	[3652,1]
	[3672,1]
	[3718,1]
	[3878,1]
	[3880,1]
	[3882,1]
	[3958,1]

9932,
	[2,852]
	[2662,1]
	[2854,1]
	[2706,1]
	[3610,1]
	[3342,1]
	[3566,1]
	[4414,1]
	[4010,1]
	[4448,1]
	[4330,1]
	[5242,1]
	[5182,1]
	[4754,1]
	[5682,1]
	[5502,1]
	[5262,1]
	[5250,1]
	[6542,1]
	[6634,1]
	[5650,1]
	[6114,1]
	[6320,1]
	[6474,1]
	[6104,1]
	[7450,1]
	[7114,1]
	[6970,1]
	[7018,1]
	[8050,1]
	[7842,1]
	[7850,1]
	[7734,1]
	[8322,1]
	[8386,1]
	[8258,1]
	[8274,2]
	[8718,1]
	[7994,1]
	[8402,1]
	[9138,1]
	[8934,1]

9768,
	[2,19]
	[515,1]
	[1683,1]
	[2573,1]
	[4257,1]
	[4807,1]
	[5849,1]
	[7139,1]
	[8325,1]
	[8667,1]

616,
	[685,1]
	[6175,1]
	[8805,1]
	[8930,1]

720,
	[2,10]

9916,
	[1,766]
	[1167,1]
	[1443,1]
	[1467,1]
	[1503,1]
	[1563,1]
	[2316,1]
	[1983,1]
	[2726,1]
	[2474,1]
	[2982,1]
	[3126,1]
	[3306,1]
	[3654,1]
	[3359,1]
	[3415,1]
	[4326,1]
	[4874,1]
	[5270,1]
	[5278,1]
	[5550,1]
	[5894,1]
	[5350,1]
	[5111,1]
	[5638,1]
	[6214,1]
	[6278,1]
	[6558,2]
	[5639,1]
	[6234,1]
	[7014,1]
	[6866,1]
	[6906,1]
	[7284,1]
	[6834,1]
	[7032,1]
	[7356,1]
	[6786,1]
	[6602,1]
	[6465,1]
	[7970,1]
	[8154,1]
	[7474,1]
	[7158,1]
	[7464,1]
	[7334,1]
	[7644,1]
	[8142,1]
	[7602,1]
	[7203,1]
	[8370,1]
	[8214,1]
	[7423,1]
	[7716,1]
	[8618,1]
	[7758,1]
	[7954,1]
	[8430,1]
	[8050,1]
	[7959,1]

708,
	[930,1]
	[1218,1]
	[2274,1]
	[2306,1]
	[3010,1]
	[3362,1]
	[3650,1]

724,
	[2,5]

len(carl_order):
60
Printing carl assignment order:
9924,1,0.9535962877030162
9904,1,0.9502890173410404
9956,1,0.9486552567237164
9968,1,0.9457627118644067
9964,1,0.9438325991189427
9920,1,0.9412470023980816
9928,1,0.938257993384785
9948,1,0.9380530973451328
9912,1,0.9353293413173652
9952,1,0.9324009324009324
9972,1,0.9309941520467836
9960,1,0.930011862396204
9916,1,0.927360774818402
9908,1,0.9235095613048369
9780,2,0.5588235294117647
720,2,0.5
724,2,0.5
9932,2,0.47651006711409394
592,2,0.46913502640181043
596,2,0.46861486043768835
9940,2,0.4683972911963883
9768,2,0.3392857142857143
660,3,0.3136510675005391
664,3,0.3129674726039311
684,3,0.3114725953903601
9980,9,0.10578279266572638
9944,9,0.10293742017879949
596,3,0.014613778705636743
660,11,0.0015
596,5,0.001059322033898305
660,85,0.0006356576292734157
9780,2467,0.0005672149744753262
660,5791,0.0004965107496681162
596,4790,0.00044466095310384676
708,3650,0.000417910447761194
664,5891,0.00040139831379806703
9940,3954,0.0003991276210568329
9952,3877,0.00039495008648044995
9960,3917,0.00038818343312060005
9968,3961,0.000379993350116373
9980,3959,0.00037374921427722
9972,3960,0.0003733964521008297
9964,3948,0.0003654263665871327
616,685,0.000364963503649635
9956,3958,0.0003608681456532573
9948,3940,0.0003564699292152569
684,5823,0.0003010021601331492
9768,515,0.00021659085986571366
9768,8667,0.0002041858090862685
9908,8672,0.00018458097404465773
9920,9711,0.0001734513274336283
9916,8618,0.00017292162615497236
9928,9495,0.00016828136644469552
9924,9610,0.00016480437720425855
9932,9138,0.00016073601787996848
9944,9426,0.0001597739199033368
9912,9487,0.0001576946214453004
9904,9759,0.0001572120095350912
616,8930,0.00013726835964310226
592,13960,0.00010761167395985975
bin_width: 2798637
assigning lease 1 to address 9924
Average Cache Occupancy Per Bin: [0.01,0.01,0.01,0.01,0.01]
Total cost: 45568.0
assigning lease 1 to address 9904
Average Cache Occupancy Per Bin: [0.03,0.03,0.03,0.02,0.03]
Total cost: 86784.0
assigning lease 1 to address 9956
Average Cache Occupancy Per Bin: [0.04,0.04,0.04,0.04,0.04]
Total cost: 130560.0
assigning lease 1 to address 9968
Average Cache Occupancy Per Bin: [0.06,0.06,0.06,0.06,0.06]
Total cost: 176640.0
assigning lease 1 to address 9964
Average Cache Occupancy Per Bin: [0.07,0.07,0.08,0.07,0.08]
Total cost: 221952.0
assigning lease 1 to address 9920
Average Cache Occupancy Per Bin: [0.09,0.09,0.09,0.09,0.09]
Total cost: 265216.0
assigning lease 1 to address 9928
Average Cache Occupancy Per Bin: [0.11,0.11,0.11,0.11,0.11]
Total cost: 308224.0
assigning lease 1 to address 9948
Average Cache Occupancy Per Bin: [0.12,0.12,0.12,0.12,0.12]
Total cost: 357376.0
assigning lease 1 to address 9912
Average Cache Occupancy Per Bin: [0.14,0.14,0.14,0.14,0.14]
Total cost: 400128.0
assigning lease 1 to address 9952
Average Cache Occupancy Per Bin: [0.15,0.15,0.15,0.15,0.15]
Total cost: 440832.0
assigning lease 1 to address 9972
Average Cache Occupancy Per Bin: [0.17,0.17,0.17,0.17,0.17]
Total cost: 483840.0
assigning lease 1 to address 9960
Average Cache Occupancy Per Bin: [0.18,0.18,0.19,0.19,0.18]
Total cost: 529664.0
assigning lease 1 to address 9916
Average Cache Occupancy Per Bin: [0.20,0.20,0.20,0.20,0.20]
Total cost: 569344.0
assigning lease 1 to address 9908
Average Cache Occupancy Per Bin: [0.22,0.21,0.22,0.22,0.22]
Total cost: 616448.0
assigning lease 2 to address 9780
Average Cache Occupancy Per Bin: [0.22,0.21,0.22,0.22,0.22]
Total cost: 623360.0
assigning lease 2 to address 720
Average Cache Occupancy Per Bin: [0.22,0.21,0.22,0.22,0.22]
Total cost: 625408.0
assigning lease 2 to address 724
Average Cache Occupancy Per Bin: [0.22,0.21,0.22,0.22,0.22]
Total cost: 626432.0
assigning lease 2 to address 9932
Average Cache Occupancy Per Bin: [0.25,0.25,0.26,0.25,0.25]
Total cost: 724224.0
assigning lease 2 to address 592
Average Cache Occupancy Per Bin: [0.54,0.53,0.54,0.55,0.54]
Total cost: 1532160.0
assigning lease 2 to address 596
Average Cache Occupancy Per Bin: [0.82,0.81,0.83,0.83,0.81]
Total cost: 2311936.0
assigning lease 2 to address 9940
Average Cache Occupancy Per Bin: [0.85,0.84,0.86,0.87,0.84]
Total cost: 2401024.0
assigning lease 2 to address 9768
Average Cache Occupancy Per Bin: [0.86,0.84,0.86,0.87,0.85]
Total cost: 2409216.0
assigning lease 3 to address 660
Average Cache Occupancy Per Bin: [1.28,1.26,1.28,1.29,1.28]
Total cost: 3590400.0
assigning lease 3 to address 664
Average Cache Occupancy Per Bin: [1.69,1.70,1.69,1.71,1.70]
Total cost: 4753920.0
assigning lease 3 to address 684
Average Cache Occupancy Per Bin: [2.11,2.13,2.13,2.13,2.13]
Total cost: 5924608.0
assigning lease 9 to address 9980
Average Cache Occupancy Per Bin: [2.26,2.26,2.24,2.27,2.25]
Total cost: 6332672.0
assigning lease 9 to address 9944
Average Cache Occupancy Per Bin: [2.41,2.42,2.38,2.39,2.40]
Total cost: 6752000.0
assigning lease 3 to address 596
Average Cache Occupancy Per Bin: [2.42,2.43,2.38,2.40,2.41]
Total cost: 6776576.0
assigning lease 11 to address 660
Average Cache Occupancy Per Bin: [2.48,2.50,2.45,2.48,2.49]
Total cost: 6946560.0
assigning lease 5 to address 596
Average Cache Occupancy Per Bin: [2.49,2.52,2.47,2.49,2.51]
Total cost: 6994688.0
assigning lease 85 to address 660
Average Cache Occupancy Per Bin: [3.02,3.17,3.10,3.23,3.28]
Total cost: 8470272.0
assigning lease 2467 to address 9780
Average Cache Occupancy Per Bin: [3.12,3.40,3.10,3.23,3.28]
Total cost: 8741888.0
assigning lease 5791 to address 660
Average Cache Occupancy Per Bin: [7.91,15.6,21.2,27.9,30.4]
Total cost: 22155520.0
assigning lease 4790 to address 596
Average Cache Occupancy Per Bin: [17.2,31.8,40.4,51.5,58.8]
Total cost: 48319488.0
assigning lease 3650 to address 708
Average Cache Occupancy Per Bin: [17.4,32.2,40.7,51.8,59.1]
Total cost: 48869376.0
assigning lease 5891 to address 664
Average Cache Occupancy Per Bin: [27.5,51.9,63.3,81.1,88.7]
Total cost: 77114880.0
assigning lease 3954 to address 9940
Average Cache Occupancy Per Bin: [28.9,54.0,66.1,83.5,92.8]
Total cost: 81017344.0
assigning lease 3877 to address 9952
Average Cache Occupancy Per Bin: [30.4,56.4,69.8,85.9,96.2]
Total cost: 85079552.0
assigning lease 3917 to address 9960
Average Cache Occupancy Per Bin: [31.9,57.4,73.9,89.2,100.]
Total cost: 89387008.0
assigning lease 3961 to address 9968
Average Cache Occupancy Per Bin: [32.8,58.9,75.6,93.1,103.]
Total cost: 92011008.0
assigning lease 3959 to address 9980
Average Cache Occupancy Per Bin: [33.5,61.3,78.5,95.5,106.]
Total cost: 93903872.0
assigning lease 3960 to address 9972
Average Cache Occupancy Per Bin: [34.6,64.6,81.1,98.0,111.]
Total cost: 97042944.0
assigning lease 3948 to address 9964
Average Cache Occupancy Per Bin: [35.3,66.7,84.1,100.,115.]
Total cost: 98979584.0
assigning lease 685 to address 616
Average Cache Occupancy Per Bin: [35.4,66.8,84.1,100.,115.]
Total cost: 99154944.0
assigning lease 3958 to address 9956
Average Cache Occupancy Per Bin: [36.2,68.4,85.7,104.,118.]
Total cost: 101525760.0
assigning lease 3940 to address 9948
Average Cache Occupancy Per Bin: [37.4,70.0,89.8,108.,121.]
Total cost: 104824320.0
addr: 684 ri: 5823
bin target: 358225536
	bin: 3.0 current capacity: 108.75547775577897  avg impact: 35.608465120699826
	bin: 4.0 current capacity: 121.57095043051314  avg impact: 49.43910625064987
num_full_bins: 0
printing bin ranks sorted:
	bin: 4.0 rank: 0.130039761173926
	selecting this^ bin
	bin: 3.0 rank: 0.5404479575008092
acceptable_ratio: 0.130039761173926
Assigning 684 dual lease lease 5823 * 0.130039761173926. Bin saturation: [39.0,73.8,93.5,113.,128.]
assigning lease 515 to address 9768
Average Cache Occupancy Per Bin: [39.2,73.9,93.6,113.,128.]
Total cost: 109820070.24864332
assigning lease 8667 to address 9768
Average Cache Occupancy Per Bin: [39.8,74.8,94.2,114.,128.]
Total cost: 111603878.24864332
addr: 9908 ri: 8672
bin target: 358225536
	bin: 4.0 current capacity: 128.0  avg impact: 7.303395188443518
num_full_bins: 1
printing bin ranks sorted:
	bin: 4.0 rank: 0.0
acceptable_ratio: 0
addr: 9920 ri: 9711
bin target: 358225536
	bin: 4.0 current capacity: 128.0  avg impact: 9.337573969042788
num_full_bins: 1
printing bin ranks sorted:
	bin: 4.0 rank: 0.0
acceptable_ratio: 0
addr: 9916 ri: 8618
bin target: 358225536
	bin: 4.0 current capacity: 128.0  avg impact: 8.020727232577858
num_full_bins: 1
printing bin ranks sorted:
	bin: 4.0 rank: 0.0
acceptable_ratio: 0
addr: 9928 ri: 9495
bin target: 358225536
	bin: 4.0 current capacity: 128.0  avg impact: 6.281091831487971
num_full_bins: 1
printing bin ranks sorted:
	bin: 4.0 rank: 0.0
acceptable_ratio: 0
addr: 9924 ri: 9610
bin target: 358225536
	bin: 4.0 current capacity: 128.0  avg impact: 6.469526415894594
num_full_bins: 1
printing bin ranks sorted:
	bin: 4.0 rank: 0.0
acceptable_ratio: 0
addr: 9932 ri: 9138
bin target: 358225536
	bin: 4.0 current capacity: 128.0  avg impact: 8.453212045720827
num_full_bins: 1
printing bin ranks sorted:
	bin: 4.0 rank: 0.0
acceptable_ratio: 0
addr: 9944 ri: 9426
bin target: 358225536
	bin: 4.0 current capacity: 128.0  avg impact: 14.71536894566891
num_full_bins: 1
printing bin ranks sorted:
	bin: 4.0 rank: 0.0
acceptable_ratio: 0
addr: 9912 ri: 9487
bin target: 358225536
	bin: 4.0 current capacity: 128.0  avg impact: 7.742466064730796
num_full_bins: 1
printing bin ranks sorted:
	bin: 4.0 rank: 0.0
acceptable_ratio: 0
addr: 9904 ri: 9759
bin target: 358225536
	bin: 4.0 current capacity: 128.0  avg impact: 8.972596303128988
num_full_bins: 1
printing bin ranks sorted:
	bin: 4.0 rank: 0.0
acceptable_ratio: 0
assigning lease 8930 to address 616
Average Cache Occupancy Per Bin: [39.8,75.3,94.2,116.,128.]
Total cost: 111603878.24864332
addr: 592 ri: 13960
bin target: 358225536
	bin: 1.0 current capacity: 75.32796497327055  avg impact: 53.17999011661748
	bin: 2.0 current capacity: 94.23249933683155  avg impact: 83.02299726616921
	bin: 3.0 current capacity: 116.43689633434686  avg impact: 114.4592828580484
	bin: 4.0 current capacity: 128.0  avg impact: 127.64714251973372
num_full_bins: 1
printing bin ranks sorted:
	bin: 4.0 rank: 0.0
	bin: 3.0 rank: 0.10102372980960948
	bin: 2.0 rank: 0.4067246639495665
	bin: 1.0 rank: 0.9904483793852885
acceptable_ratio: 0
Final saturation:
	0.0,111603878.24864332
	1.0,210815629.90889898
	2.0,263722559.24653223
	3.0,325864606.2464675
	4.0,358225536.0
DUMP LEASES
0, 2ac, 3, 16bf, 0.869960238826074 
0, 294, 169f, 0, 1 
0, 26d8, 9, 0, 1 
0, 26e0, f25, 0, 1 
0, 298, 1703, 0, 1 
0, 254, 12b6, 0, 1 
0, 26f0, f79, 0, 1 
0, 26c4, 1, 0, 1 
0, 2634, 9a3, 0, 1 
0, 26b4, 1, 0, 1 
0, 250, 2, 0, 1 
0, 26fc, f77, 0, 1 
0, 26b8, 1, 0, 1 
0, 26c0, 1, 0, 1 
0, 26ec, f6c, 0, 1 
0, 26f4, f78, 0, 1 
0, 26d4, f72, 0, 1 
0, 26b0, 1, 0, 1 
0, 26e8, f4d, 0, 1 
0, 26c8, 1, 0, 1 
0, 26dc, f64, 0, 1 
0, 26e4, f76, 0, 1 
0, 26cc, 2, 0, 1 
0, 2628, 21db, 0, 1 
0, 268, 22e2, 0, 1 
0, 2d0, 2, 0, 1 
0, 26bc, 1, 0, 1 
0, 2c4, e42, 0, 1 
0, 2d4, 2, 0, 1 
Dump dual leases

