sample rate: 0.00390625
1728,
	[3,4]
	[9,3]
	[15,5]
	[21,2]
	[27,4]
	[33,3]
	[39,7]
	[45,6]
	[54311,1]
	[51,3]
	[57,4]
	[63,4]
	[69,4]
	[79775,1]
	[75,3]
	[81,6]
	[87,5]
	[104279,1]
	[93,6]
	[99,5]
	[105,4]
	[111,6]
	[117,4]
	[123,3]
	[129,5]
	[135,4]
	[141,7]
	[147,6]
	[171629,1]
	[153,1]
	[159,2]
	[165,4]
	[171,3]
	[177,5]
	[212657,1]
	[183,2]
	[189,1]
	[195,8]
	[201,6]
	[207,3]
	[213,6]
	[251567,1]
	[219,2]
	[225,2]
	[231,5]
	[237,2]
	[243,5]
	[288845,1]
	[289037,1]
	[249,4]
	[255,2]
	[261,5]
	[267,3]
	[273,7]
	[319019,1]
	[320075,1]
	[279,3]
	[285,6]
	[297,5]
	[303,9]
	[309,1]
	[315,6]
	[371765,1]
	[321,8]
	[378203,1]
	[378971,1]
	[327,3]
	[333,7]
	[339,5]
	[345,5]
	[351,4]
	[357,5]
	[363,2]
	[369,4]
	[375,2]
	[381,4]
	[387,8]
	[393,3]
	[399,5]
	[405,6]
	[411,3]
	[417,2]
	[423,5]
	[429,6]
	[435,5]
	[518291,1]
	[441,2]
	[521843,1]
	[522323,1]
	[447,3]
	[453,6]
	[534623,1]
	[459,4]
	[465,6]
	[471,4]
	[477,4]
	[567677,1]
	[483,5]
	[489,8]
	[495,6]
	[501,2]
	[507,6]
	[601397,1]
	[601781,1]
	[513,4]
	[609083,1]
	[519,4]
	[525,5]
	[531,3]
	[537,8]
	[638393,1]
	[543,5]
	[-4370,252]
	[549,5]
	[555,7]
	[656837,1]
	[561,3]
	[567,3]
	[573,8]
	[579,7]
	[682205,1]
	[585,3]
	[591,8]
	[597,5]
	[603,5]
	[609,4]
	[722459,1]
	[615,2]
	[621,4]
	[627,5]
	[633,7]
	[639,5]
	[645,4]
	[651,4]
	[657,3]
	[663,5]
	[787607,1]
	[669,5]
	[675,2]
	[808553,1]
	[687,10]
	[693,4]
	[699,7]
	[705,4]
	[833531,1]
	[711,3]
	[717,7]
	[723,5]
	[729,3]
	[735,8]
	[741,7]
	[747,2]
	[753,1]
	[759,6]
	[765,8]
	[771,5]
	[777,5]
	[783,2]
	[789,3]
	[795,2]
	[801,2]
	[807,4]
	[813,10]
	[819,7]
	[825,4]
	[831,2]
	[837,3]
	[843,2]
	[849,2]
	[855,3]
	[861,3]
	[867,6]
	[873,4]
	[879,4]
	[891,1]
	[897,4]
	[903,6]
	[909,7]
	[915,2]
	[921,1]
	[927,3]
	[933,5]
	[939,3]
	[945,5]
	[951,5]
	[957,5]
	[963,7]
	[969,4]
	[975,6]
	[981,2]
	[987,1]
	[993,8]
	[999,5]
	[1005,6]
	[1011,4]
	[1017,5]
	[1023,8]
	[1029,4]
	[1035,1]
	[1041,2]
	[1047,4]
	[1053,5]
	[1059,10]
	[1065,7]
	[1071,6]
	[1077,3]
	[1083,5]
	[1089,4]
	[1095,2]
	[1101,4]
	[1107,4]
	[1113,3]
	[1119,6]
	[1125,1]
	[1131,3]
	[1137,6]
	[1143,4]
	[1149,8]
	[1155,6]
	[1161,1]
	[1167,4]
	[1173,4]
	[1179,3]
	[1185,7]
	[1191,2]
	[1197,6]
	[1203,5]
	[1209,3]
	[1215,4]
	[1221,5]
	[1227,5]
	[1233,10]
	[1239,5]
	[1245,2]
	[1251,5]
	[1257,6]
	[1263,7]
	[1269,4]
	[1275,2]
	[1281,1]
	[1287,2]
	[1293,3]
	[1299,2]
	[1305,5]
	[1311,6]
	[1317,9]
	[1323,5]
	[1329,5]
	[1335,1]
	[1341,3]
	[1347,4]
	[1353,6]
	[1359,4]
	[1365,5]
	[1371,7]
	[1377,5]
	[1383,7]
	[1389,1]
	[1395,7]
	[1401,8]
	[1407,3]
	[1413,1]
	[1419,3]
	[1425,5]
	[1431,6]
	[1437,7]
	[1443,10]
	[1449,3]
	[1455,9]
	[1461,11]
	[1467,7]
	[1473,4]
	[1485,4]
	[1491,2]
	[1497,2]
	[1503,9]
	[1509,2]
	[1515,4]
	[1521,5]
	[1527,5]
	[1533,4]
	[1539,1]
	[1545,5]
	[1551,3]
	[1557,5]
	[1563,3]
	[1569,2]
	[1575,5]
	[1581,7]
	[1587,4]
	[1593,9]
	[1599,7]
	[1605,3]
	[1611,2]
	[1617,2]
	[1623,3]
	[1629,3]
	[1641,3]
	[1647,1]
	[1653,5]
	[1659,6]
	[1665,2]
	[1671,3]
	[1677,5]
	[1683,3]
	[1689,6]
	[1695,3]
	[1701,2]
	[1707,8]
	[1713,3]
	[1719,1]
	[1725,1]
	[1731,5]
	[1737,6]
	[1743,6]
	[1749,3]
	[1755,8]
	[1761,4]
	[1767,6]
	[1773,4]
	[1779,9]
	[1785,6]
	[1791,2]
	[1797,9]
	[1803,6]
	[1809,2]
	[1815,2]
	[1821,2]
	[1827,6]
	[1833,7]
	[1839,5]
	[1845,5]
	[1851,5]
	[1857,8]
	[1863,7]
	[1869,5]
	[1875,3]
	[1881,6]
	[1887,5]
	[1893,4]
	[1899,8]
	[1905,5]
	[1911,2]
	[1917,3]
	[1923,3]
	[1929,7]
	[1935,2]
	[1941,5]
	[1947,4]
	[1953,2]
	[1959,4]
	[1965,1]
	[1971,6]
	[1977,4]
	[1983,2]
	[1989,7]
	[1995,8]
	[2001,4]
	[2007,3]
	[2013,3]
	[2019,8]
	[2025,6]
	[2031,4]
	[2037,1]
	[2043,5]
	[2049,6]
	[2055,4]
	[2061,3]
	[2067,4]
	[2073,2]
	[2079,3]
	[2085,5]
	[2091,6]
	[2103,4]
	[2109,5]
	[2115,8]
	[2121,7]
	[2127,7]
	[2133,5]
	[2139,5]
	[2145,2]
	[2151,4]
	[2157,5]
	[2163,3]
	[2169,6]
	[2175,1]
	[2181,3]
	[2187,3]
	[2193,3]
	[2199,5]
	[2205,7]
	[2211,2]
	[2217,5]
	[2223,3]
	[2229,5]
	[2235,4]
	[2241,5]
	[2247,5]
	[2253,2]
	[2259,2]
	[2265,7]
	[2271,2]
	[2277,6]
	[2283,7]
	[2289,1]
	[2295,6]
	[2301,2]
	[2307,7]
	[2313,1]
	[2319,6]
	[2325,4]
	[2331,6]
	[2337,5]
	[2343,9]
	[2349,1]
	[2355,3]
	[2361,7]
	[2367,6]
	[2373,1]
	[2379,6]
	[2385,3]
	[2391,3]
	[2397,1]
	[2403,6]
	[2409,4]
	[2415,3]
	[2421,5]
	[2427,3]
	[2433,2]
	[2439,4]
	[2445,3]
	[2451,2]
	[2457,5]
	[2463,5]
	[2469,3]
	[2475,4]
	[2481,4]
	[2487,3]
	[2493,1]
	[2499,1]
	[2505,3]
	[2511,4]
	[2517,9]
	[2523,3]
	[2529,3]
	[2535,2]
	[2541,5]
	[2547,7]
	[2553,2]
	[2559,5]
	[2565,3]
	[2577,3]
	[2583,8]
	[2589,1]
	[2595,6]
	[2601,4]
	[2607,3]
	[2613,6]
	[2619,4]
	[2625,7]
	[2631,6]
	[2637,4]
	[2643,2]
	[2649,1]
	[2655,2]
	[2661,2]
	[2667,4]
	[2673,2]
	[2679,8]
	[2685,4]
	[2691,4]
	[2697,4]
	[2703,4]
	[2709,2]
	[2715,5]
	[2721,8]
	[2727,5]
	[2733,3]
	[2739,4]
	[2745,1]
	[2751,4]
	[2757,8]
	[2763,3]
	[2769,6]
	[2775,6]
	[2781,5]
	[2787,4]
	[2793,4]
	[2799,10]
	[2805,3]
	[2811,3]
	[2817,3]
	[2823,5]
	[2829,4]
	[2835,4]
	[2841,4]
	[2847,4]
	[2853,7]
	[2859,6]
	[2865,1]
	[2871,1]
	[2877,5]
	[2883,8]
	[2889,3]
	[2895,3]
	[2901,4]
	[2907,4]
	[2913,5]
	[2919,3]
	[2925,10]
	[2931,6]
	[2937,2]
	[2943,4]
	[2949,4]
	[2955,1]
	[2961,6]
	[2967,4]
	[2973,2]
	[2979,5]
	[2985,4]
	[2991,5]
	[2997,3]
	[3003,3]
	[3009,5]
	[3015,2]
	[3021,3]
	[3027,5]
	[3033,6]
	[3039,4]
	[3045,5]
	[3051,2]
	[3057,4]
	[3063,2]
	[3069,5]
	[3075,5]
	[3081,5]
	[3087,1]
	[3093,6]
	[3099,3]
	[3105,4]
	[3111,3]
	[3117,7]
	[3123,3]
	[3129,6]
	[3135,8]
	[3141,3]
	[3147,7]
	[3153,5]
	[3159,2]
	[3165,2]
	[3171,6]
	[3177,5]
	[3183,4]
	[3189,4]
	[3195,5]
	[3201,5]
	[3207,2]
	[3213,3]
	[3219,2]
	[3225,8]
	[3231,6]
	[3237,1]
	[3243,5]
	[3249,4]
	[3255,3]
	[3261,3]
	[3267,4]
	[3273,6]
	[3279,2]
	[3285,6]
	[3297,5]
	[3303,5]
	[3309,2]
	[3315,4]
	[3321,3]
	[3327,3]
	[3333,8]
	[3339,5]
	[3345,3]
	[3351,8]
	[3357,3]
	[3363,6]
	[3369,7]
	[3375,7]
	[3381,3]
	[3387,6]
	[3393,4]
	[3399,4]
	[3405,6]
	[3411,6]
	[3417,3]
	[3423,1]
	[3429,5]
	[3441,3]
	[3447,6]
	[3453,5]
	[3459,4]
	[3465,4]
	[3471,3]
	[3477,4]
	[3489,7]
	[3495,2]
	[3501,6]
	[3507,2]
	[3513,5]
	[3519,8]
	[3525,6]
	[3531,10]
	[3537,5]
	[3543,6]
	[3549,2]
	[3555,6]
	[3561,5]
	[3567,3]
	[3573,3]
	[3579,4]
	[3585,5]
	[3591,6]
	[3603,5]
	[3609,7]
	[3615,6]
	[3621,3]
	[3627,4]
	[3633,4]
	[3639,4]
	[3645,6]
	[3651,5]
	[3657,4]
	[3663,5]
	[3669,5]
	[3675,4]
	[3681,6]
	[3687,4]
	[3693,4]
	[3699,5]
	[3705,2]
	[3711,2]
	[3717,3]
	[3723,3]
	[3729,2]
	[3735,1]
	[3741,5]
	[3747,2]
	[3753,6]
	[3759,2]
	[3765,7]
	[3771,7]
	[3777,6]
	[3783,2]
	[3789,4]
	[3795,2]
	[3801,2]
	[3807,4]
	[3813,7]
	[3819,5]
	[3825,2]
	[3831,4]
	[3837,6]
	[3843,3]
	[3849,3]
	[3855,4]
	[3861,4]
	[3867,3]
	[3873,11]
	[3879,3]
	[3885,2]
	[3891,1]
	[3897,6]
	[3903,5]
	[3909,10]
	[3915,11]
	[3921,5]
	[3927,9]
	[3933,1]
	[3939,5]
	[3945,4]
	[3951,2]
	[3957,6]
	[3963,4]
	[3969,6]
	[3975,7]
	[3981,1]
	[3987,7]
	[3993,2]
	[3999,7]
	[4005,6]
	[4011,4]
	[4017,5]
	[4023,4]
	[4029,5]
	[4035,6]
	[4041,2]
	[4047,1]
	[4053,2]
	[4059,4]
	[4065,5]
	[4071,3]
	[4077,5]
	[4083,3]
	[4089,9]
	[4095,11]
	[4101,4]
	[4107,6]
	[4113,6]
	[4119,5]
	[4125,3]
	[4131,3]
	[4137,2]
	[4143,7]
	[4149,3]
	[4155,3]
	[4161,8]
	[4167,6]
	[4173,4]
	[4179,6]
	[4185,3]
	[4191,6]
	[4197,3]
	[4203,3]
	[4209,3]
	[4215,3]
	[4221,3]
	[4233,1]
	[4239,3]
	[4245,5]
	[4251,4]
	[4257,5]
	[4263,4]
	[4269,1]
	[4275,4]
	[4281,2]
	[4287,3]
	[4293,4]
	[4299,7]
	[4305,9]
	[4311,9]
	[4317,4]
	[4323,8]
	[4329,4]
	[4335,7]
	[4341,5]
	[4353,3]
	[4359,4]
	[4365,5]
	[4371,6]
	[4377,4]
	[4383,6]
	[4389,2]
	[4395,7]
	[4401,6]
	[4407,6]
	[4413,2]
	[4419,2]
	[4425,2]
	[4431,5]
	[4437,6]
	[4443,6]
	[4449,5]
	[4455,1]
	[4461,1]
	[4467,5]
	[4473,2]
	[4479,4]
	[4485,4]
	[4491,2]
	[4497,1]
	[4503,2]
	[4509,4]
	[4515,3]
	[4521,7]
	[4527,4]
	[4533,5]
	[4539,6]
	[4545,7]
	[4551,3]
	[4557,3]
	[4563,2]
	[4569,5]
	[4575,6]
	[4581,5]
	[4587,5]
	[4593,4]
	[4599,7]
	[4605,6]
	[4611,2]
	[4617,4]
	[4623,2]
	[4629,6]
	[4635,5]
	[4641,2]
	[4647,5]
	[4653,7]
	[4659,5]
	[4665,4]
	[4671,4]
	[4677,4]
	[4683,3]
	[4689,5]
	[4695,8]
	[4701,2]
	[4707,3]
	[4713,7]
	[4719,5]
	[4725,4]
	[4731,2]
	[4737,6]
	[4743,5]
	[4749,2]
	[4755,3]
	[4761,8]
	[4767,5]
	[4773,6]
	[4779,9]
	[4785,4]
	[4791,6]
	[4797,2]
	[4803,7]
	[4809,4]
	[4815,3]
	[4821,5]
	[4827,4]
	[4833,2]
	[4839,5]
	[4845,6]
	[4851,3]
	[4857,5]
	[4863,4]
	[4869,2]
	[4875,5]
	[4881,3]
	[4887,3]
	[4893,6]
	[4899,5]
	[4905,6]
	[4911,4]
	[4917,4]
	[4923,2]
	[4929,3]
	[4935,6]
	[4941,6]
	[4947,6]
	[4953,5]
	[4959,3]
	[4965,11]
	[4971,6]
	[4977,1]
	[4983,3]
	[4989,6]
	[4995,3]
	[5001,5]
	[5007,3]
	[5013,7]
	[5019,3]
	[5025,2]
	[5031,3]
	[5037,2]
	[5043,3]
	[5049,2]
	[5055,6]
	[5061,6]
	[5067,10]
	[5073,4]
	[5079,5]
	[5085,2]
	[5091,2]
	[5097,4]
	[5103,3]
	[5109,5]
	[5115,3]
	[5121,4]
	[5127,3]
	[5133,5]
	[5139,5]
	[5145,3]
	[5151,3]
	[5157,10]
	[5163,4]
	[5169,6]
	[5175,7]
	[5181,3]
	[5187,6]
	[5193,2]
	[5199,2]
	[5205,6]
	[5211,5]
	[5217,5]
	[5223,6]
	[5229,8]
	[5235,2]
	[5241,2]
	[5247,7]
	[5253,4]
	[5259,8]
	[5265,3]
	[5271,6]
	[5277,4]
	[5283,6]
	[5289,2]
	[5295,3]
	[5301,7]
	[5307,6]
	[5313,5]
	[5319,5]
	[5325,5]
	[5331,3]
	[5337,11]
	[5343,7]
	[5349,5]
	[5355,5]
	[5361,3]
	[5367,4]
	[5373,3]
	[5379,1]
	[5391,9]
	[5397,6]
	[5403,3]
	[5409,3]
	[5415,4]
	[5421,4]
	[5427,4]
	[5433,2]
	[5439,4]
	[5445,7]
	[5451,5]
	[5457,2]
	[5463,5]
	[5469,5]
	[5475,5]
	[5481,5]
	[5487,6]
	[5493,10]
	[5499,4]
	[5505,5]
	[5511,8]
	[5517,3]
	[5523,1]
	[5529,7]
	[5535,4]
	[5541,1]
	[5553,8]
	[5559,7]
	[5565,5]
	[5571,3]
	[5577,5]
	[5583,4]
	[5589,8]
	[5595,3]
	[5601,2]
	[5607,7]
	[5613,9]
	[5619,4]
	[5625,2]
	[5631,2]
	[5637,6]
	[5643,6]
	[5649,3]
	[5655,7]
	[5661,6]
	[5667,4]
	[5673,2]
	[5679,3]
	[5685,4]
	[5691,3]
	[5697,5]
	[5703,5]
	[5709,4]
	[5715,6]
	[5721,5]
	[5727,5]
	[5733,5]
	[5739,5]
	[5745,4]
	[5751,2]
	[5757,7]
	[5763,4]
	[5769,7]
	[5775,7]
	[5781,2]
	[5787,1]
	[5793,6]
	[5799,4]
	[5805,8]
	[5811,5]
	[5817,11]
	[5823,4]
	[5829,3]
	[5835,2]
	[5841,4]
	[5847,8]
	[5853,8]
	[5859,4]
	[5865,5]
	[5871,4]
	[5877,6]
	[5883,3]
	[5889,6]
	[5895,6]
	[5901,7]
	[5907,3]
	[5913,3]
	[5919,8]
	[5925,3]
	[5931,7]
	[5937,7]
	[5943,6]
	[5949,7]
	[5955,5]
	[5961,4]
	[5967,3]
	[5973,3]
	[5979,5]
	[5985,2]
	[5991,7]
	[5997,1]

1684,
	[4,4443]
	[5416,1]
	[6760,1]
	[13390,1]
	[52396,1]
	[66424,1]
	[68056,1]
	[72478,1]
	[246772,1]
	[259930,1]
	[273670,1]
	[294520,1]
	[346024,1]
	[383974,1]
	[432400,1]
	[437584,1]
	[441526,1]
	[473998,1]
	[517912,1]
	[534724,1]
	[549712,1]
	[594868,1]
	[596890,1]
	[608128,1]
	[610918,1]
	[624082,1]
	[644740,1]
	[646468,1]
	[655306,1]
	[709018,1]
	[-4370,244]
	[723910,1]
	[807880,1]
	[823450,1]
	[977368,1]

1688,
	[4,58]
	[52,33]
	[100,43]
	[148,42]
	[196,29]
	[244,41]
	[292,42]
	[340,39]
	[388,29]
	[436,43]
	[484,40]
	[532,32]
	[580,32]
	[628,39]
	[676,33]
	[724,35]
	[772,38]
	[820,39]
	[868,27]
	[916,42]
	[964,39]
	[1012,43]
	[-4370,3]
	[1060,35]
	[1108,41]
	[1156,42]
	[1204,39]
	[1252,45]
	[1300,35]
	[1348,34]
	[1396,40]
	[1444,33]
	[1492,36]
	[1540,38]
	[1588,44]
	[1636,49]
	[1684,35]
	[1732,33]
	[1780,46]
	[1828,42]
	[1876,37]
	[1924,42]
	[1972,34]
	[2020,43]
	[2068,39]
	[2116,57]
	[2164,44]
	[2212,35]
	[2260,42]
	[2308,53]
	[2356,41]
	[2404,30]
	[2452,39]
	[2500,44]
	[2548,46]
	[2596,36]
	[2644,35]
	[2692,54]
	[2740,31]
	[2788,45]
	[2836,43]
	[2884,48]
	[2932,27]
	[2980,45]
	[3028,41]
	[3076,37]
	[3124,39]
	[3172,35]
	[3220,38]
	[3268,34]
	[3316,41]
	[3364,40]
	[3412,33]
	[3460,55]
	[3508,54]
	[3556,42]
	[3604,45]
	[3652,36]
	[3700,34]
	[3748,37]
	[3796,38]
	[3844,41]
	[3892,43]
	[3940,30]
	[3988,40]
	[4036,37]
	[4084,41]
	[4132,41]
	[4180,53]
	[4228,31]
	[4276,42]
	[4324,32]
	[4372,37]
	[4420,37]
	[4468,34]
	[4516,39]
	[4564,30]
	[4612,42]
	[4660,35]
	[4708,45]
	[4756,35]
	[4804,36]
	[4852,32]
	[4900,36]
	[4948,29]
	[4996,31]
	[5044,33]
	[5092,34]
	[5140,42]
	[5188,37]
	[5236,41]
	[5284,45]
	[5332,33]
	[5380,31]
	[5428,48]
	[5476,37]
	[5524,47]
	[5572,32]
	[5620,47]
	[5668,36]
	[5716,30]
	[5764,40]
	[5812,41]
	[5860,33]
	[5908,35]
	[5956,19]

1692,
	[1,4640]

1652,
	[9,4]
	[15,8]
	[21,11]
	[27,17]
	[28949,1]
	[33,22]
	[37499,1]
	[39515,1]
	[39,24]
	[41825,1]
	[42113,1]
	[43265,1]
	[43841,1]
	[44705,1]
	[46337,1]
	[45,34]
	[51527,1]
	[51,37]
	[54989,1]
	[55565,1]
	[58253,1]
	[57,32]
	[64019,1]
	[65267,1]
	[63,44]
	[72953,1]
	[69,42]
	[76319,1]
	[78143,1]
	[79199,1]
	[79967,1]
	[81983,1]
	[82751,1]
	[75,46]
	[84677,1]
	[85541,1]
	[86981,1]
	[89189,1]
	[89573,1]
	[81,69]
	[90731,1]
	[91115,1]
	[95627,1]
	[87,50]
	[98129,1]
	[99569,1]
	[93,56]
	[105143,1]
	[106679,1]
	[108503,1]
	[109079,1]
	[111389,1]
	[99,86]
	[111965,1]
	[114077,1]
	[115133,1]
	[116381,1]
	[117629,1]
	[118013,1]
	[118499,1]
	[105,74]
	[119651,1]
	[119747,1]
	[122819,1]
	[123011,1]
	[124931,1]
	[125603,1]
	[111,95]
	[128585,1]
	[117,76]
	[134447,1]
	[135503,1]
	[137231,1]
	[137615,1]
	[138095,1]
	[123,91]
	[140885,1]
	[141461,1]
	[141557,1]
	[129,86]
	[147131,1]
	[150683,1]
	[151163,1]
	[151259,1]
	[153755,1]
	[135,96]
	[155393,1]
	[156161,1]
	[157697,1]
	[157793,2]
	[158753,1]
	[158849,1]
	[161057,1]
	[141,121]
	[162599,1]
	[162983,1]
	[163079,1]
	[163751,1]
	[164711,1]
	[164903,1]
	[166151,1]
	[168071,1]
	[147,105]
	[168845,1]
	[170093,1]
	[170957,1]
	[172781,1]
	[173453,1]
	[173837,1]
	[174029,1]
	[174413,1]
	[175181,1]
	[153,101]
	[176435,1]
	[177683,1]
	[178163,1]
	[159,112]
	[183161,1]
	[185561,1]
	[186521,1]
	[186809,1]
	[188537,1]
	[188921,1]
	[165,112]
	[189983,1]
	[190463,1]
	[190943,1]
	[191039,1]
	[192095,1]
	[192191,1]
	[194495,1]
	[194783,1]
	[195167,1]
	[195455,1]
	[195551,1]
	[195935,1]
	[171,109]
	[196805,1]
	[198725,1]
	[200357,1]
	[201029,1]
	[202469,1]
	[177,111]
	[204107,1]
	[206507,1]
	[206987,1]
	[209099,1]
	[209483,2]
	[210347,1]
	[183,138]
	[213041,1]
	[214193,1]
	[214385,1]
	[215249,1]
	[215345,1]
	[215633,2]
	[215825,1]
	[218039,1]
	[189,148]
	[218327,1]
	[219767,1]
	[224567,1]
	[224663,1]
	[224855,1]
	[195,130]
	[226589,1]
	[228701,1]
	[228797,1]
	[229469,1]
	[229565,1]
	[230045,1]
	[230237,1]
	[230909,1]
	[231293,1]
	[231869,1]
	[201,162]
	[234755,1]
	[234947,1]
	[235331,1]
	[235427,1]
	[235523,1]
	[236003,1]
	[236963,1]
	[237635,1]
	[207,149]
	[239849,1]
	[240425,1]
	[240905,1]
	[241193,1]
	[241673,1]
	[242825,1]
	[244169,1]
	[244553,1]
	[244745,1]
	[246473,1]
	[213,161]
	[246671,1]
	[247151,1]
	[248399,2]
	[249071,1]
	[249839,1]
	[251375,1]
	[253295,1]
	[219,147]
	[253973,1]
	[254261,1]
	[254357,1]
	[255509,1]
	[255701,1]
	[256181,2]
	[257045,2]
	[258101,1]
	[258389,1]
	[259637,1]
	[260501,1]
	[260597,1]
	[225,170]
	[260891,1]
	[261467,1]
	[262235,1]
	[263099,1]
	[264923,1]
	[265787,1]
	[266363,1]
	[266939,1]
	[267323,1]
	[267515,1]
	[231,163]
	[268769,1]
	[269441,1]
	[269921,1]
	[270401,1]
	[270977,1]
	[272513,1]
	[273761,1]
	[274913,1]
	[237,169]
	[275495,1]
	[275975,1]
	[276167,1]
	[276935,1]
	[277223,1]
	[278183,1]
	[278375,1]
	[279143,1]
	[279335,1]
	[281255,1]
	[281543,1]
	[243,171]
	[282317,1]
	[282605,1]
	[283853,1]
	[284525,1]
	[284813,1]
	[285197,1]
	[286733,1]
	[287021,1]
	[287501,1]
	[287693,1]
	[287789,1]
	[288077,1]
	[288749,1]
	[249,169]
	[289427,1]
	[289619,2]
	[289907,1]
	[291059,1]
	[291155,1]
	[291635,1]
	[292115,1]
	[293459,1]
	[294899,1]
	[294995,1]
	[295091,1]
	[295187,1]
	[295475,1]
	[255,190]
	[296345,1]
	[296441,1]
	[296537,1]
	[296729,1]
	[296921,1]
	[297017,1]
	[297401,1]
	[298361,1]
	[298457,1]
	[299033,1]
	[300185,1]
	[300377,1]
	[300953,1]
	[301145,1]
	[302105,1]
	[303065,1]
	[261,203]
	[303455,1]
	[303551,1]
	[304703,1]
	[305471,1]
	[305567,1]
	[305855,1]
	[306047,1]
	[306911,1]
	[308063,1]
	[308735,1]
	[309311,1]
	[309695,2]
	[310271,2]
	[310367,1]
	[267,182]
	[310661,1]
	[310757,1]
	[311237,1]
	[312485,1]
	[313157,1]
	[314309,1]
	[314501,1]
	[314789,1]
	[315173,1]
	[316709,1]
	[316997,1]
	[317477,2]
	[273,180]
	[317675,1]
	[318155,1]
	[318539,1]
	[318923,1]
	[319307,1]
	[320459,1]
	[320555,1]
	[320939,1]
	[321803,2]
	[322763,1]
	[323915,2]
	[324395,1]
	[279,187]
	[325265,1]
	[325553,1]
	[325841,1]
	[327473,1]
	[327569,1]
	[327665,1]
	[328145,1]
	[329297,1]
	[329393,1]
	[329489,1]
	[329585,1]
	[330065,1]
	[330161,1]
	[330353,1]
	[331217,1]
	[331313,1]
	[331799,1]
	[285,235]
	[332663,1]
	[333047,1]
	[333527,1]
	[333623,1]
	[333815,1]
	[334007,1]
	[335639,1]
	[338039,1]
	[338711,2]
	[291,209]
	[339005,1]
	[339101,1]
	[339485,1]
	[339965,1]
	[340157,1]
	[340541,1]
	[341885,1]
	[342173,1]
	[342269,1]
	[342557,1]
	[343997,2]
	[344573,1]
	[345245,1]
	[297,203]
	[346499,1]
	[346883,1]
	[347843,2]
	[348227,1]
	[348515,1]
	[348707,1]
	[349475,1]
	[349763,1]
	[349859,1]
	[351587,1]
	[351683,1]
	[352355,1]
	[352451,1]
	[353123,1]
	[303,225]
	[353225,1]
	[354377,1]
	[355049,1]
	[355721,1]
	[355817,1]
	[356873,1]
	[356969,1]
	[357449,1]
	[358409,1]
	[359081,1]
	[309,221]
	[361391,1]
	[361487,1]
	[361679,1]
	[361967,2]
	[362447,1]
	[362831,1]
	[363023,1]
	[363887,1]
	[364847,1]
	[364943,1]
	[365327,1]
	[365519,1]
	[365615,1]
	[366095,1]
	[367055,1]
	[367343,1]
	[367349,1]
	[315,231]
	[367445,1]
	[368117,1]
	[368213,1]
	[369077,1]
	[369269,1]
	[369941,1]
	[370133,1]
	[370421,1]
	[370709,1]
	[370901,1]
	[371573,2]
	[372149,2]
	[372437,1]
	[373109,1]
	[373589,1]
	[374069,1]
	[374357,1]
	[374459,1]
	[321,228]
	[374939,1]
	[375803,1]
	[376283,1]
	[376475,1]
	[377147,2]
	[377243,1]
	[377339,1]
	[378107,1]
	[379259,1]
	[379931,1]
	[381275,1]
	[327,241]
	[381857,1]
	[382049,1]
	[382145,1]
	[382433,1]
	[382529,1]
	[382721,1]
	[382913,1]
	[383489,1]
	[384161,1]
	[384929,1]
	[385121,1]
	[385217,2]
	[385409,2]
	[385793,2]
	[386369,1]
	[386849,1]
	[387137,1]
	[387233,1]
	[387425,1]
	[387617,2]
	[387809,1]
	[388193,1]
	[388289,1]
	[388673,1]
	[333,235]
	[388775,1]
	[388871,1]
	[389255,1]
	[389543,1]
	[390023,1]
	[390215,1]
	[390503,1]
	[390695,1]
	[391559,1]
	[392423,1]
	[392903,1]
	[393191,1]
	[393767,1]
	[394055,1]
	[394439,3]
	[394727,1]
	[394919,1]
	[395207,1]
	[339,228]
	[396077,1]
	[396845,1]
	[397517,1]
	[397613,1]
	[397901,1]
	[398477,1]
	[398573,1]
	[398861,1]
	[399053,1]
	[399245,1]
	[399437,1]
	[399629,2]
	[400301,1]
	[400589,2]
	[401357,1]
	[401549,1]
	[401741,1]
	[401933,1]
	[402899,1]
	[345,255]
	[402995,1]
	[403475,2]
	[403667,1]
	[404051,1]
	[404531,1]
	[405107,1]
	[405203,1]
	[405971,1]
	[406547,1]
	[406931,1]
	[407795,2]
	[408371,1]
	[408467,1]
	[408659,1]
	[409811,1]
	[410105,1]
	[351,271]
	[410297,1]
	[410393,1]
	[410489,1]
	[411737,1]
	[412121,1]
	[412313,1]
	[412601,1]
	[413753,1]
	[415097,1]
	[415577,1]
	[415769,1]
	[415865,1]
	[416441,1]
	[416537,1]
	[357,246]
	[417599,1]
	[418271,1]
	[419231,1]
	[419423,1]
	[419999,1]
	[420191,1]
	[420863,2]
	[420959,2]
	[421055,1]
	[421151,1]
	[422015,1]
	[422111,1]
	[423167,1]
	[423647,1]
	[423839,1]
	[424223,1]
	[363,243]
	[424517,1]
	[424805,1]
	[424901,1]
	[424997,1]
	[425477,1]
	[425765,1]
	[426629,1]
	[426821,1]
	[426917,1]
	[427109,1]
	[427493,1]
	[427877,1]
	[428261,1]
	[428933,1]
	[430565,1]
	[430949,1]
	[431045,1]
	[431339,1]
	[369,281]
	[431531,1]
	[431627,1]
	[431819,1]
	[432299,1]
	[432779,1]
	[433067,1]
	[434027,1]
	[434123,1]
	[435563,1]
	[435755,1]
	[436331,1]
	[436811,1]
	[437387,1]
	[437771,1]
	[438443,1]
	[375,284]
	[438929,2]
	[439025,1]
	[439409,1]
	[439793,1]
	[439889,1]
	[440753,1]
	[440849,1]
	[441041,1]
	[441425,2]
	[441713,1]
	[442001,1]
	[442289,1]
	[443057,2]
	[443345,1]
	[443537,1]
	[444497,1]
	[444785,1]
	[445265,1]
	[381,236]
	[445655,2]
	[446327,1]
	[447191,1]
	[448055,1]
	[448151,1]
	[448343,1]
	[448631,1]
	[449015,1]
	[449399,1]
	[449591,1]
	[449879,1]
	[450647,1]
	[451991,1]
	[452183,1]
	[452669,1]
	[387,284]
	[453053,1]
	[453437,1]
	[453533,1]
	[453821,1]
	[454205,1]
	[454877,1]
	[455069,1]
	[455261,1]
	[455453,1]
	[455741,1]
	[455837,1]
	[455933,2]
	[456605,1]
	[456701,1]
	[456797,1]
	[457181,1]
	[457277,1]
	[457565,1]
	[457661,1]
	[457949,1]
	[458141,1]
	[458333,2]
	[458909,1]
	[459005,1]
	[459389,1]
	[459581,1]
	[459779,1]
	[393,305]
	[459971,1]
	[460067,1]
	[461315,1]
	[461411,2]
	[461891,1]
	[462083,2]
	[462467,1]
	[463427,1]
	[463811,1]
	[464387,1]
	[464579,1]
	[464675,1]
	[465059,1]
	[466115,1]
	[466307,1]
	[399,290]
	[467177,1]
	[467849,1]
	[467945,1]
	[468425,1]
	[468521,1]
	[468713,1]
	[468905,2]
	[469193,1]
	[469289,1]
	[469481,1]
	[469865,1]
	[469961,1]
	[470057,1]
	[470441,1]
	[472265,1]
	[473417,1]
	[473993,1]
	[405,296]
	[474575,1]
	[474767,1]
	[474863,1]
	[474959,1]
	[475823,1]
	[476303,1]
	[476687,1]
	[477359,1]
	[477551,1]
	[477743,1]
	[477839,1]
	[478031,1]
	[478319,1]
	[478703,1]
	[479471,1]
	[480143,1]
	[480239,1]
	[480335,1]
	[411,277]
	[481205,1]
	[481493,1]
	[481877,1]
	[482069,2]
	[482837,1]
	[483029,2]
	[483605,1]
	[483893,1]
	[483989,1]
	[484085,1]
	[484373,1]
	[484949,1]
	[485525,1]
	[485813,1]
	[486293,1]
	[486389,1]
	[487253,1]
	[417,304]
	[488987,1]
	[489179,1]
	[489275,1]
	[489563,1]
	[490139,1]
	[491387,1]
	[491675,1]
	[491867,2]
	[492251,1]
	[492443,1]
	[492635,1]
	[492827,1]
	[494267,1]
	[494843,1]
	[495035,1]
	[423,301]
	[495713,1]
	[496481,1]
	[497249,2]
	[497441,1]
	[497825,1]
	[498497,1]
	[498593,1]
	[499073,1]
	[499169,1]
	[499937,1]
	[500129,1]
	[500225,1]
	[500609,1]
	[500705,1]
	[501185,1]
	[501473,1]
	[501569,1]
	[501953,1]
	[502439,1]
	[429,305]
	[502535,1]
	[502631,1]
	[503111,1]
	[503207,1]
	[503303,1]
	[503687,1]
	[504167,1]
	[505223,1]
	[505703,1]
	[506183,1]
	[506567,1]
	[506759,1]
	[507623,1]
	[508199,1]
	[508487,1]
	[508967,1]
	[509255,1]
	[509543,1]
	[435,298]
	[510317,1]
	[510509,1]
	[510605,1]
	[510797,1]
	[511661,1]
	[511949,1]
	[512045,1]
	[512141,1]
	[512237,1]
	[513581,1]
	[514157,1]
	[515213,1]
	[515501,1]
	[515885,1]
	[516077,1]
	[516173,1]
	[516557,1]
	[516653,1]
	[441,312]
	[516947,1]
	[517043,1]
	[517139,1]
	[517331,1]
	[517427,1]
	[517811,1]
	[518003,1]
	[518099,1]
	[518195,1]
	[518291,1]
	[518675,1]
	[518963,1]
	[519347,1]
	[519731,1]
	[519923,1]
	[520019,2]
	[520115,1]
	[520595,1]
	[520691,1]
	[520787,1]
	[521843,1]
	[522035,1]
	[522419,1]
	[522707,1]
	[523187,2]
	[523475,1]
	[523769,1]
	[447,328]
	[524345,1]
	[524441,1]
	[524729,1]
	[525017,1]
	[525209,1]
	[525689,1]
	[525977,1]
	[526265,1]
	[526457,2]
	[526937,1]
	[528185,1]
	[528473,2]
	[528857,1]
	[529145,1]
	[529913,1]
	[530009,1]
	[530489,2]
	[453,313]
	[531167,2]
	[531551,1]
	[531647,1]
	[531935,2]
	[532319,2]
	[532703,1]
	[533375,1]
	[533567,1]
	[534143,1]
	[535007,1]
	[535103,2]
	[535199,1]
	[535295,1]
	[535679,1]
	[535775,1]
	[536351,1]
	[536735,1]
	[536831,1]
	[537119,1]
	[537503,1]
	[459,320]
	[538085,1]
	[538277,1]
	[538373,1]
	[538949,1]
	[539141,1]
	[539717,1]
	[540965,1]
	[541061,1]
	[541253,1]
	[541445,1]
	[541829,1]
	[542021,1]
	[542501,1]
	[542597,1]
	[542981,1]
	[543269,1]
	[543557,1]
	[543749,1]
	[544229,1]
	[544421,1]
	[545093,1]
	[545099,1]
	[465,344]
	[545387,1]
	[545579,1]
	[545675,1]
	[546155,1]
	[546251,1]
	[546635,1]
	[547403,2]
	[547979,1]
	[548363,1]
	[548555,1]
	[548651,1]
	[548747,2]
	[549227,1]
	[549515,1]
	[549611,1]
	[549803,2]
	[550091,2]
	[550283,1]
	[550859,1]
	[551051,1]
	[552107,1]
	[471,330]
	[552401,1]
	[552977,1]
	[553745,1]
	[553937,1]
	[554033,1]
	[555185,1]
	[555377,1]
	[555569,1]
	[555953,2]
	[556049,1]
	[556145,1]
	[556913,1]
	[557873,1]
	[558257,2]
	[558353,1]
	[558833,1]
	[477,333]
	[559511,1]
	[560471,2]
	[560663,1]
	[560951,1]
	[561143,1]
	[561623,1]
	[561911,2]
	[562199,1]
	[562295,1]
	[562967,1]
	[563063,1]
	[563255,1]
	[563351,1]
	[563543,2]
	[563831,1]
	[563927,1]
	[564695,1]
	[565079,1]
	[565271,1]
	[565463,1]
	[565655,1]
	[565751,1]
	[565847,1]
	[566135,1]
	[566423,1]
	[566429,1]
	[483,320]
	[566621,1]
	[567581,1]
	[568061,1]
	[568733,1]
	[568829,1]
	[568925,1]
	[569309,1]
	[569405,1]
	[569501,1]
	[569693,1]
	[569981,1]
	[570077,1]
	[570749,1]
	[571037,1]
	[-4370,143686]
	[571613,1]
	[571901,1]
	[572093,1]
	[572573,2]
	[572765,1]
	[573245,1]
	[573437,1]
	[489,341]
	[574211,1]
	[574787,1]
	[574883,1]
	[575267,1]
	[575363,1]
	[575555,2]
	[575747,2]
	[575939,1]
	[576419,1]
	[576803,2]
	[577667,1]
	[577763,1]
	[577955,2]
	[578051,1]
	[578339,1]
	[578435,1]
	[578531,1]
	[579875,1]
	[580163,1]
	[580355,1]
	[580547,1]
	[495,364]
	[581801,1]
	[581993,1]
	[582185,1]
	[582281,1]
	[582665,1]
	[582857,1]
	[583049,1]
	[583241,1]
	[584105,1]
	[584297,1]
	[584393,1]
	[584681,1]
	[585065,1]
	[585161,1]
	[585449,1]
	[585929,1]
	[586025,2]
	[586409,1]
	[586601,1]
	[586697,1]
	[587273,1]
	[587369,1]
	[587657,1]
	[501,353]
	[587855,1]
	[589007,1]
	[589295,1]
	[589775,1]
	[589871,2]
	[589967,1]
	[590351,1]
	[590543,1]
	[590735,1]
	[591311,1]
	[592175,1]
	[592367,2]
	[592463,1]
	[592655,1]
	[592751,1]
	[592943,1]
	[593327,1]
	[593903,1]
	[594191,1]
	[594287,1]
	[594869,1]
	[507,366]
	[594965,1]
	[595253,1]
	[596501,2]
	[597749,1]
	[598037,1]
	[598133,1]
	[598325,1]
	[598613,2]
	[598805,1]
	[599093,1]
	[600053,2]
	[600149,1]
	[600245,1]
	[601301,1]
	[513,412]
	[602363,1]
	[602459,1]
	[602939,1]
	[603131,1]
	[603515,1]
	[603899,1]
	[604283,1]
	[604667,1]
	[604763,1]
	[604955,1]
	[605243,1]
	[606011,1]
	[606587,1]
	[606683,1]
	[606971,1]
	[607355,2]
	[607547,1]
	[607835,1]
	[608603,1]
	[608795,1]
	[609083,1]
	[609089,1]
	[519,374]
	[609185,1]
	[609377,1]
	[609569,1]
	[609665,1]
	[609761,2]
	[610145,1]
	[611105,1]
	[611201,1]
	[612737,1]
	[612929,1]
	[613793,1]
	[614465,1]
	[614561,1]
	[614657,1]
	[614849,1]
	[615233,1]
	[615329,2]
	[615425,1]
	[615521,1]
	[615617,1]
	[615809,1]
	[615905,1]
	[616001,1]
	[616097,2]
	[525,414]
	[616391,1]
	[616679,1]
	[616967,1]
	[617063,1]
	[617351,1]
	[617447,1]
	[617735,1]
	[618311,1]
	[618503,1]
	[618599,1]
	[618887,1]
	[619463,1]
	[619847,2]
	[620327,1]
	[621383,1]
	[622247,2]
	[622631,1]
	[623309,1]
	[531,384]
	[624365,1]
	[624461,1]
	[624749,1]
	[625517,1]
	[625997,1]
	[626189,1]
	[626381,1]
	[627245,1]
	[627341,2]
	[627629,1]
	[628397,1]
	[628781,2]
	[629165,1]
	[629549,1]
	[629741,1]
	[629933,1]
	[630221,1]
	[537,387]
	[630515,2]
	[630995,1]
	[631475,1]
	[632051,1]
	[632339,1]
	[632627,1]
	[633299,2]
	[633395,1]
	[634259,1]
	[634355,1]
	[636467,1]
	[636947,1]
	[637331,1]
	[637529,1]
	[543,411]
	[637817,1]
	[638009,1]
	[638969,2]
	[639353,1]
	[641945,1]
	[642521,1]
	[642905,1]
	[643481,1]
	[643577,1]
	[643961,2]
	[644633,1]
	[644639,1]
	[549,392]
	[644735,1]
	[644831,1]
	[645119,1]
	[645695,1]
	[645791,1]
	[645983,1]
	[646751,1]
	[646943,1]
	[647039,1]
	[647135,1]
	[647423,1]
	[647903,1]
	[648287,1]
	[648863,1]
	[649439,1]
	[649823,1]
	[650015,1]
	[650495,1]
	[650879,1]
	[651263,1]
	[651551,1]
	[651647,1]
	[555,393]
	[652229,1]
	[652709,2]
	[652805,1]
	[652901,2]
	[652997,1]
	[653093,1]
	[653477,2]
	[653573,1]
	[653957,2]
	[654053,1]
	[654725,1]
	[655493,1]
	[655685,1]
	[655973,1]
	[656453,1]
	[656645,1]
	[657317,1]
	[657797,1]
	[658565,1]
	[658859,1]
	[561,405]
	[658955,1]
	[659243,1]
	[659435,2]
	[659531,1]
	[660107,1]
	[660875,1]
	[660971,1]
	[661259,1]
	[661835,1]
	[662219,1]
	[662507,2]
	[662699,1]
	[663659,1]
	[663851,2]
	[663947,1]
	[664523,1]
	[664619,1]
	[664715,1]
	[665003,1]
	[665099,1]
	[665195,1]
	[665771,1]
	[567,415]
	[666065,1]
	[666161,1]
	[667121,1]
	[667217,1]
	[667313,2]
	[667697,1]
	[668465,1]
	[668945,1]
	[669137,1]
	[669329,1]
	[672113,1]
	[672209,1]
	[672305,1]
	[672593,1]
	[672689,1]
	[672977,3]
	[673073,1]
	[573,430]
	[673175,1]
	[673463,1]
	[673559,1]
	[673943,1]
	[674039,1]
	[674231,1]
	[675671,1]
	[675767,1]
	[675863,1]
	[676055,1]
	[676343,1]
	[676535,1]
	[676823,1]
	[677015,1]
	[677111,1]
	[677207,1]
	[677783,1]
	[677879,1]
	[678455,1]
	[678935,1]
	[679991,2]
	[680087,1]
	[579,408]
	[680285,1]
	[680861,1]
	[681149,2]
	[681245,1]
	[681437,2]
	[681629,1]
	[681917,2]
	[682109,1]
	[683165,3]
	[683645,1]
	[683741,1]
	[684125,1]
	[684317,1]
	[685373,1]
	[686429,1]
	[686621,1]
	[686717,1]
	[687101,2]
	[687293,1]
	[585,431]
	[687683,1]
	[687875,1]
	[688547,1]
	[688643,2]
	[689219,1]
	[689507,1]
	[689603,1]
	[689891,1]
	[689987,1]
	[690083,1]
	[690371,1]
	[690563,2]
	[690947,1]
	[691331,1]
	[691427,1]
	[691715,2]
	[691811,1]
	[692099,1]
	[692387,1]
	[692579,2]
	[692771,1]
	[693251,1]
	[693539,1]
	[693635,1]
	[693827,1]
	[591,423]
	[696233,1]
	[696521,1]
	[697289,1]
	[697865,1]
	[698153,2]
	[698249,1]
	[698537,1]
	[698825,1]
	[698921,2]
	[699209,1]
	[699977,1]
	[700265,1]
	[700841,1]
	[700937,1]
	[701225,2]
	[701513,1]
	[701519,2]
	[597,401]
	[701807,1]
	[702479,1]
	[702575,1]
	[702671,1]
	[702767,1]
	[703247,1]
	[703631,1]
	[703919,1]
	[704207,1]
	[704975,1]
	[705167,1]
	[705743,1]
	[706031,1]
	[706319,1]
	[706703,1]
	[707087,1]
	[707183,1]
	[707375,1]
	[707759,1]
	[707855,1]
	[708239,1]
	[708527,2]
	[603,435]
	[708917,1]
	[709109,1]
	[709781,1]
	[609,446]
	[718235,1]
	[718331,1]
	[718811,2]
	[719003,1]
	[719483,1]
	[719675,1]
	[720251,2]
	[720347,1]
	[720635,1]
	[720731,1]
	[720827,1]
	[720923,2]
	[721019,1]
	[721211,2]
	[721403,1]
	[721787,1]
	[721883,1]
	[722843,1]
	[722849,2]
	[615,453]
	[722945,1]
	[723137,1]
	[723329,1]
	[723617,1]
	[723905,1]
	[724097,1]
	[724289,1]
	[724673,1]
	[621,461]
	[732935,2]
	[733319,1]
	[733607,1]
	[627,459]
	[743597,1]
	[743693,1]
	[743981,1]
	[744077,1]
	[633,452]
	[744467,1]
	[744755,1]
	[745235,1]
	[746099,1]
	[746387,1]
	[746771,2]
	[748499,1]
	[749555,1]
	[749939,1]
	[639,445]
	[752249,2]
	[752537,1]
	[752729,1]
	[753497,1]
	[753593,1]
	[645,481]
	[761183,1]
	[761375,1]
	[761567,1]
	[762527,1]
	[762719,3]
	[762815,1]
	[763583,1]
	[763775,1]
	[764159,1]
	[764639,1]
	[765119,1]
	[765215,1]
	[765509,2]
	[651,488]
	[765893,2]
	[766181,1]
	[766277,1]
	[766373,1]
	[766469,1]
	[766853,2]
	[767525,1]
	[768101,1]
	[768197,1]
	[768293,1]
	[768485,1]
	[768677,1]
	[768869,1]
	[768965,1]
	[769349,1]
	[769445,2]
	[770405,2]
	[770501,1]
	[770693,1]
	[770789,1]
	[770885,1]
	[771365,1]
	[771461,1]
	[771749,1]
	[771845,1]
	[772421,1]
	[772619,1]
	[657,481]
	[773099,1]
	[773771,1]
	[773867,1]
	[773963,1]
	[774059,1]
	[774155,1]
	[774347,1]
	[774827,2]
	[775115,1]
	[775307,1]
	[775403,2]
	[775787,1]
	[776171,1]
	[776747,1]
	[776843,1]
	[777035,1]
	[777419,1]
	[777707,2]
	[777899,1]
	[777995,2]
	[778187,1]
	[778571,1]
	[778667,1]
	[778955,1]
	[779531,1]
	[663,479]
	[779921,1]
	[780113,1]
	[780209,1]
	[780401,1]
	[780497,1]
	[784145,1]
	[784433,1]
	[784625,1]
	[784817,1]
	[785105,2]
	[785297,1]
	[786839,1]
	[669,474]
	[787127,2]
	[787223,2]
	[787415,1]
	[787511,1]
	[787703,1]
	[787991,1]
	[788087,1]
	[788183,1]
	[788279,2]
	[788375,1]
	[789047,1]
	[675,495]
	[681,533]
	[807203,2]
	[807395,1]
	[807491,2]
	[807683,1]
	[807875,1]
	[807971,1]
	[687,488]
	[808265,2]
	[808649,1]
	[808841,1]
	[808937,1]
	[693,499]
	[815663,1]
	[815951,1]
	[816047,2]
	[816143,1]
	[816335,1]
	[816623,1]
	[817007,1]
	[817103,1]
	[817391,2]
	[818063,1]
	[818255,1]
	[818447,1]
	[818639,2]
	[818927,1]
	[819311,1]
	[819599,1]
	[819791,1]
	[819887,1]
	[820367,1]
	[820751,1]
	[820847,1]
	[821135,1]
	[821231,2]
	[821327,2]
	[821903,1]
	[821999,2]
	[822389,1]
	[699,506]
	[822677,1]
	[822773,1]
	[823061,1]
	[823925,2]
	[824021,1]
	[824789,1]
	[825269,1]
	[826037,1]
	[826229,1]
	[826421,2]
	[826613,1]
	[826997,2]
	[827669,1]
	[828053,1]
	[828245,1]
	[828437,1]
	[828629,1]
	[829013,1]
	[829397,1]
	[829493,1]
	[705,513]
	[830171,1]
	[830651,1]
	[831227,1]
	[831323,1]
	[831419,1]
	[831899,1]
	[832379,1]
	[832475,1]
	[832667,1]
	[832859,1]
	[833051,1]
	[833435,1]
	[833915,1]
	[834011,1]
	[834395,1]
	[835547,1]
	[836603,1]
	[836609,2]
	[711,524]
	[717,532]
	[844775,1]
	[845063,1]
	[845351,1]
	[845543,1]
	[846887,2]
	[846983,1]
	[847463,1]
	[847751,1]
	[847847,1]
	[848327,2]
	[848423,2]
	[848615,1]
	[848807,1]
	[848903,1]
	[849671,2]
	[849959,1]
	[850535,1]
	[850631,1]
	[850823,1]
	[723,524]
	[851021,1]
	[851117,1]
	[851501,1]
	[851789,2]
	[852077,1]
	[729,527]
	[735,559]
	[741,527]
	[747,538]
	[753,543]
	[759,569]
	[895121,1]
	[765,596]
	[771,590]
	[777,552]
	[783,602]
	[789,551]
	[795,588]
	[801,583]
	[807,545]
	[813,591]
	[819,593]
	[825,601]
	[976691,1]
	[976883,1]
	[977267,1]
	[977363,1]
	[977651,1]
	[831,587]
	[837,645]
	[843,617]
	[849,628]
	[855,689]
	[861,622]
	[867,622]
	[1025885,1]
	[873,648]
	[879,641]
	[885,636]
	[891,649]
	[897,657]
	[903,676]
	[909,670]
	[915,663]
	[921,677]
	[927,705]
	[933,670]
	[939,713]
	[945,692]
	[951,696]
	[957,699]
	[963,694]
	[969,693]
	[975,721]
	[981,725]
	[987,726]
	[993,715]
	[999,760]
	[1005,732]
	[1011,744]
	[1017,745]
	[1023,740]
	[1029,748]
	[1035,748]
	[1041,764]
	[1047,758]
	[1053,769]
	[1059,745]
	[1065,790]
	[1071,783]
	[1077,794]
	[1083,790]
	[1089,855]
	[1095,797]
	[1101,798]
	[1107,787]
	[1113,782]
	[1119,803]
	[1125,807]
	[1131,751]
	[1137,828]
	[1143,817]
	[1149,815]
	[1155,840]
	[1161,830]
	[1167,845]
	[1173,845]
	[1179,883]
	[1185,847]
	[1191,897]
	[1197,872]
	[1203,877]
	[1209,863]
	[1215,877]
	[1221,878]
	[1227,895]
	[1233,880]
	[1239,913]
	[1245,912]
	[1251,940]
	[1257,886]
	[1263,922]
	[1269,937]
	[1275,956]
	[1281,895]
	[1287,930]
	[1293,940]
	[1299,985]
	[1305,960]
	[1311,961]
	[1317,898]
	[1323,973]
	[1329,948]
	[1335,985]
	[1341,966]
	[1347,998]
	[1353,1000]
	[1359,998]
	[1365,991]
	[1371,1022]
	[1377,997]
	[1383,993]
	[1389,1041]
	[1395,1005]
	[1401,1057]
	[1407,1027]
	[1413,1028]
	[1419,1020]
	[1425,1040]
	[1431,1072]
	[1437,1040]
	[1443,1045]
	[1449,1076]
	[1455,1074]
	[1461,1080]
	[1467,1058]
	[1473,1073]
	[1479,1075]
	[1485,1076]
	[1491,1101]
	[1497,1091]
	[1503,1090]
	[1509,1101]
	[1515,1101]
	[1521,1107]
	[1527,1110]
	[1533,1130]
	[1539,1110]
	[1545,1135]
	[1551,1118]
	[1557,1123]
	[1563,1144]
	[1569,1146]
	[1575,1145]
	[1581,1118]
	[1587,1164]
	[1593,1122]
	[1599,1135]
	[1605,1166]
	[1611,1065]
	[1617,1175]
	[1623,1204]
	[1629,1159]
	[1635,1220]
	[1641,1262]
	[1647,1229]
	[1653,1204]
	[1659,1193]
	[1665,1228]
	[1671,1235]
	[1677,1228]
	[1683,1226]
	[1689,1205]
	[1695,1259]
	[1701,1232]
	[1707,1209]
	[1713,1244]
	[1719,1265]
	[1725,1263]
	[1731,1223]
	[1737,1430]
	[1743,1279]
	[1749,1303]
	[1755,1266]
	[1761,1277]
	[1767,1277]
	[1773,1286]
	[1779,1294]
	[1785,1291]
	[1791,1341]
	[1797,1312]
	[1803,1290]
	[1809,1329]
	[1815,1312]
	[1821,1309]
	[1827,1322]
	[1833,1319]
	[1839,1318]
	[1845,1354]
	[1851,1334]
	[1857,1355]
	[1863,1348]
	[1869,1371]
	[1875,1355]
	[1881,1350]
	[1887,1433]
	[1893,1399]
	[1899,1392]
	[1905,1393]
	[1911,1399]
	[1917,1411]
	[1923,1393]
	[1929,1418]
	[1935,1419]
	[1941,1421]
	[1947,1406]
	[1953,1465]
	[1959,1425]
	[1965,1422]
	[1971,1482]
	[1977,1495]
	[1983,1437]
	[1989,1467]
	[1995,1489]
	[2001,1465]
	[2007,1468]
	[2013,1470]
	[2019,1485]
	[2025,1473]
	[2031,1492]
	[2037,1495]
	[2043,1552]
	[2049,1502]
	[2055,1529]
	[2061,1479]
	[2067,1596]
	[2073,1508]
	[2079,1515]
	[2085,1496]
	[2091,1490]
	[2097,1533]
	[2103,1515]
	[2109,1517]
	[2115,1552]
	[2121,1545]
	[2127,1532]
	[2133,1593]
	[2139,1575]
	[2145,1574]
	[2151,1581]
	[2157,1555]
	[2163,1574]
	[2169,1688]
	[2175,1559]
	[2181,1636]
	[2187,1590]
	[2193,1588]
	[2199,1593]
	[2205,1591]
	[2211,1601]
	[2217,1625]
	[2223,1627]
	[2229,1606]
	[2235,1639]
	[2241,1674]
	[2247,1649]
	[2253,1616]
	[2259,1642]
	[2265,1617]
	[2271,1686]
	[2277,1641]
	[2283,1717]
	[2289,1677]
	[2295,1670]
	[2301,1662]
	[2307,1674]
	[2313,1655]
	[2319,1692]
	[2325,1668]
	[2331,1676]
	[2337,1729]
	[2343,1726]
	[2349,1711]
	[2355,1754]
	[2361,1689]
	[2367,1703]
	[2373,1743]
	[2379,1740]
	[2385,1740]
	[2391,1745]
	[2397,1739]
	[2403,1762]
	[2409,1741]
	[2415,1743]
	[2421,1774]
	[2427,1769]
	[2433,1762]
	[2439,1770]
	[2445,1774]
	[2451,1808]
	[2457,1783]
	[2463,1813]
	[2469,1795]
	[2475,1824]
	[2481,1818]
	[2487,1794]
	[2493,1829]
	[2499,1804]
	[2505,1803]
	[2511,1818]
	[2517,1832]
	[2523,1826]
	[2529,1845]
	[2535,1803]
	[2541,1857]
	[2547,1931]
	[2553,1911]
	[2559,1863]
	[2565,1836]
	[2571,1869]
	[2577,1892]
	[2583,1856]
	[2589,1906]
	[2595,1929]
	[2601,1870]
	[2607,1911]
	[2613,1902]
	[2619,1907]
	[2625,1942]
	[2631,1930]
	[2637,1912]
	[2643,1930]
	[2649,1952]
	[2655,1935]
	[2661,1944]
	[2667,1969]
	[2673,1966]
	[2679,1935]
	[2685,1934]
	[2691,1970]
	[2697,1944]
	[2703,2042]
	[2709,2109]
	[2715,1962]
	[2721,1980]
	[2727,1993]
	[2733,2008]
	[2739,2003]
	[2745,1965]
	[2751,2017]
	[2757,1981]
	[2763,2016]
	[2769,2012]
	[2775,2070]
	[2781,2032]
	[2787,2066]
	[2793,1832]
	[2799,2052]
	[2805,2024]
	[2811,2071]
	[2817,2067]
	[2823,2054]
	[2829,2091]
	[2835,2058]
	[2841,2071]
	[2847,2043]
	[2853,2085]
	[2859,2073]
	[2865,2093]
	[2871,2124]
	[2877,2105]
	[2883,2132]
	[2889,2158]
	[2895,2097]
	[2901,2102]
	[2907,2091]
	[2913,2078]
	[2919,2120]
	[2925,2122]
	[2931,2135]
	[2937,2158]
	[2943,2122]
	[2949,2150]
	[2955,2171]
	[2961,2149]
	[2967,2133]
	[2973,2136]
	[2979,2238]
	[2985,2147]
	[2991,2189]
	[2997,2171]
	[3003,2192]
	[3009,2210]
	[3015,2199]
	[3021,2209]
	[3027,2241]
	[3033,2214]
	[3039,2208]
	[3045,2201]
	[3051,2228]
	[3057,2222]
	[3063,2187]
	[3069,2223]
	[3075,2245]
	[3081,2257]
	[3087,2166]
	[3093,2229]
	[3099,2270]
	[3105,2261]
	[3111,2242]
	[3117,2299]
	[3123,2288]
	[3129,2278]
	[3135,2270]
	[3141,2317]
	[3147,2259]
	[3153,2315]
	[3159,2286]
	[3165,2299]
	[3171,2316]
	[3177,2303]
	[3183,2323]
	[3189,2342]
	[3195,2307]
	[3201,2307]
	[3207,2354]
	[3213,2318]
	[3219,2343]
	[3225,2337]
	[3231,2356]
	[3237,2350]
	[3243,2381]
	[3249,2361]
	[3255,2357]
	[3261,2491]
	[3267,2385]
	[3273,2414]
	[3279,2417]
	[3285,2423]
	[3291,2440]
	[3297,2372]
	[3303,2393]
	[3309,2419]
	[3315,2425]
	[3321,2405]
	[3327,2430]
	[3333,2431]
	[3339,2427]
	[3345,2426]
	[3351,2444]
	[3357,2484]
	[3363,2442]
	[3369,2470]
	[3375,2420]
	[3381,2423]
	[3387,2507]
	[3393,2479]
	[3399,2468]
	[3405,2482]
	[3411,2491]
	[3417,2519]
	[3423,2506]
	[3429,2495]
	[3435,2489]
	[3441,2475]
	[3447,2484]
	[3453,2597]
	[3459,2601]
	[3465,2475]
	[3471,2543]
	[3477,2518]
	[3483,2572]
	[3489,2482]
	[3495,2539]
	[3501,2550]
	[3507,2588]
	[3513,2565]
	[3519,2570]
	[3525,2599]
	[3531,2548]
	[3537,2557]
	[3543,2593]
	[3549,2588]
	[3555,2592]
	[3561,2665]
	[3567,2542]
	[3573,2620]
	[3579,2591]
	[3585,2611]
	[3591,2625]
	[3597,2746]
	[3603,2625]
	[3609,2642]
	[3615,2623]
	[3621,2640]
	[3627,2658]
	[3633,2644]
	[3639,2649]
	[3645,2666]
	[3651,2671]
	[3657,2631]
	[3663,2655]
	[3669,2695]
	[3675,2729]
	[3681,2683]
	[3687,2650]
	[3693,2694]
	[3699,2675]
	[3705,2713]
	[3711,2700]
	[3717,2713]
	[3723,2702]
	[3729,2741]
	[3735,2749]
	[3741,2718]
	[3747,2744]
	[3753,2803]
	[3759,2719]
	[3765,2756]
	[3771,2762]
	[3777,2770]
	[3783,2773]
	[3789,2774]
	[3795,2765]
	[3801,2761]
	[3807,2786]
	[3813,2785]
	[3819,2792]
	[3825,2805]
	[3831,2734]
	[3837,2785]
	[3843,2809]
	[3849,2816]
	[3855,2801]
	[3861,2817]
	[3867,2845]
	[3873,2813]
	[3879,2806]
	[3885,2824]
	[3891,2846]
	[3897,2813]
	[3903,2895]
	[3909,2836]
	[3915,2766]
	[3921,2904]
	[3927,2837]
	[3933,2845]
	[3939,2865]
	[3945,2869]
	[3951,2888]
	[3957,2850]
	[3963,2835]
	[3969,2895]
	[3975,2905]
	[3981,2891]
	[3987,2902]
	[3993,2928]
	[3999,2922]
	[4005,2904]
	[4011,2872]
	[4017,2932]
	[4023,2925]
	[4029,2931]
	[4035,2949]
	[4041,2943]
	[4047,2944]
	[4053,2958]
	[4059,2983]
	[4065,3021]
	[4071,2952]
	[4077,3010]
	[4083,2972]
	[4089,2959]
	[4095,3017]
	[4101,2965]
	[4107,3044]
	[4113,3029]
	[4119,2966]
	[4125,3015]
	[4131,3015]
	[4137,3016]
	[4143,3030]
	[4149,3021]
	[4155,3078]
	[4161,3008]
	[4167,3030]
	[4173,3058]
	[4179,3035]
	[4185,3050]
	[4191,3060]
	[4197,3051]
	[4203,2984]
	[4209,3091]
	[4215,3078]
	[4221,3090]
	[4227,3107]
	[4233,3095]
	[4239,3084]
	[4245,3162]
	[4251,3109]
	[4257,3062]
	[4263,3096]
	[4269,3105]
	[4275,3081]
	[4281,3135]
	[4287,3119]
	[4293,3117]
	[4299,3225]
	[4305,3093]
	[4311,3215]
	[4317,3103]
	[4323,3168]
	[4329,3163]
	[4335,3183]
	[4341,3167]
	[4347,3198]
	[4353,3181]
	[4359,3172]
	[4365,3166]
	[4371,3186]
	[4377,3180]
	[4383,3169]
	[4389,3191]
	[4395,3231]
	[4401,3221]
	[4407,3182]
	[4413,3140]
	[4419,3207]
	[4425,3228]
	[4431,3214]
	[4437,3251]
	[4443,3216]
	[4449,3234]
	[4455,3250]
	[4461,3245]
	[4467,3251]
	[4473,3259]
	[4479,3264]
	[4485,3267]
	[4491,3264]
	[4497,3270]
	[4503,3323]
	[4509,3268]
	[4515,3270]
	[4521,3334]
	[4527,3423]
	[4533,3341]
	[4539,3313]
	[4545,3301]
	[4551,3287]
	[4557,3302]
	[4563,3351]
	[4569,3327]
	[4575,3384]
	[4581,3350]
	[4587,3224]
	[4593,3309]
	[4599,3341]
	[4605,3374]
	[4611,3352]
	[4617,3332]
	[4623,3347]
	[4629,3398]
	[4635,3388]
	[4641,3370]
	[4647,3316]
	[4653,3379]
	[4659,3390]
	[4665,3408]
	[4671,3406]
	[4677,3378]
	[4683,3403]
	[4689,3413]
	[4695,3416]
	[4701,3442]
	[4707,3440]
	[4713,3425]
	[4719,3455]
	[4725,3465]
	[4731,3438]
	[4737,3487]
	[4743,3476]
	[4749,3469]
	[4755,3511]
	[4761,3472]
	[4767,3462]
	[4773,3556]
	[4779,3564]
	[4785,3455]
	[4791,3491]
	[4797,3502]
	[4803,3485]
	[4809,3511]
	[4815,3569]
	[4821,3472]
	[4827,3557]
	[4833,3496]
	[4839,3529]
	[4845,3549]
	[4851,3525]
	[4857,3527]
	[4863,3536]
	[4869,3552]
	[4875,3551]
	[4881,3493]
	[4887,3567]
	[4893,3539]
	[4899,3631]
	[4905,3452]
	[4911,3401]
	[4917,3637]
	[4923,3535]
	[4929,3582]
	[4935,3581]
	[4941,3611]
	[4947,3589]
	[4953,3621]
	[4959,3610]
	[4965,3608]
	[4971,3613]
	[4977,3662]
	[4983,3638]
	[4989,3647]
	[4995,3659]
	[5001,3639]
	[5007,3649]
	[5013,3644]
	[5019,3637]
	[5025,3666]
	[5031,3662]
	[5037,3690]
	[5043,3659]
	[5049,3611]
	[5055,3670]
	[5061,3685]
	[5067,3692]
	[5073,3702]
	[5079,3686]
	[5085,3717]
	[5091,3713]
	[5097,3723]
	[5103,3741]
	[5109,3792]
	[5115,3742]
	[5121,3740]
	[5127,3731]
	[5133,3741]
	[5139,3768]
	[5145,3783]
	[5151,3728]
	[5157,3734]
	[5163,3784]
	[5169,3665]
	[5175,3763]
	[5181,3736]
	[5187,3769]
	[5193,3820]
	[5199,3968]
	[5205,3757]
	[5211,3826]
	[5217,3826]
	[5223,3815]
	[5229,3830]
	[5235,3771]
	[5241,3855]
	[5247,3823]
	[5253,3836]
	[5259,3816]
	[5265,3826]
	[5271,3859]
	[5277,3870]
	[5283,3840]
	[5289,3893]
	[5295,3916]
	[5301,3895]
	[5307,3847]
	[5313,3850]
	[5319,3895]
	[5325,3892]
	[5331,3894]
	[5337,3874]
	[5343,3899]
	[5349,3892]
	[5355,3962]
	[5361,3931]
	[5367,3926]
	[5373,3920]
	[5379,3926]
	[5385,3921]
	[5391,3931]
	[5397,3924]
	[5403,3939]
	[5409,3936]
	[5415,3958]
	[5421,3934]
	[5427,3998]
	[5433,3959]
	[5439,3963]
	[5445,3916]
	[5451,4025]
	[5457,3938]
	[5463,3981]
	[5469,3917]
	[5475,3935]
	[5481,3994]
	[5487,4001]
	[5493,4064]
	[5499,3988]
	[5505,4032]
	[5511,3998]
	[5517,4037]
	[5523,4048]
	[5529,3954]
	[5535,4026]
	[5541,4073]
	[5547,4051]
	[5553,4046]
	[5559,4081]
	[5565,4070]
	[5571,4051]
	[5577,4108]
	[5583,4057]
	[5589,4084]
	[5595,4102]
	[5601,4089]
	[5607,4073]
	[5613,4091]
	[5619,4008]
	[5625,4111]
	[5631,4083]
	[5637,4139]
	[5643,4100]
	[5649,4109]
	[5655,4110]
	[5661,4103]
	[5667,4125]
	[5673,4127]
	[5679,4166]
	[5685,4131]
	[5691,4153]
	[5697,4135]
	[5703,4252]
	[5709,4009]
	[5715,4253]
	[5721,4180]
	[5727,4153]
	[5733,4152]
	[5739,4173]
	[5745,4157]
	[5751,4226]
	[5757,4189]
	[5763,4222]
	[5769,4231]
	[5775,4180]
	[5781,4217]
	[5787,4243]
	[5793,4223]
	[5799,4232]
	[5805,4221]
	[5811,4212]
	[5817,4237]
	[5823,4265]
	[5829,4223]
	[5835,4259]
	[5841,4252]
	[5847,4279]
	[5853,4235]
	[5859,4260]
	[5865,4291]
	[5871,4267]
	[5877,4289]
	[5883,4310]
	[5889,4312]
	[5895,4267]
	[5901,4363]
	[5907,4274]
	[5913,4323]
	[5919,4307]
	[5925,4320]
	[5931,4342]
	[5937,4344]
	[5943,4352]
	[5949,4347]
	[5955,4340]
	[5961,4317]
	[5967,4359]
	[5973,4341]
	[5979,4380]
	[5985,4373]
	[5991,4412]
	[5997,4356]

1636,
	[1,2333828]

1632,
	[4,2330633]

1628,
	[6,2330921]

1656,
	[10,4]
	[16,5]
	[16746,1]
	[22,11]
	[24048,1]
	[28,13]
	[31254,1]
	[34,31]
	[38556,1]
	[40,22]
	[40674,1]
	[42498,1]
	[46338,1]
	[46434,1]
	[46,27]
	[50760,1]
	[51240,1]
	[52,40]
	[61518,1]
	[58,51]
	[67572,1]
	[68052,1]
	[64,44]
	[71322,2]
	[72666,1]
	[70,49]
	[77760,1]
	[79008,1]
	[79104,1]
	[81120,1]
	[76,55]
	[84966,1]
	[82,55]
	[90348,1]
	[93324,1]
	[88,79]
	[97362,1]
	[99858,1]
	[100338,1]
	[102450,1]
	[103890,1]
	[94,76]
	[106584,1]
	[108024,1]
	[108792,1]
	[109560,1]
	[100,61]
	[112926,1]
	[113502,1]
	[113598,1]
	[115806,1]
	[117150,1]
	[106,70]
	[118884,1]
	[118980,1]
	[112,67]
	[126858,1]
	[128202,1]
	[131658,1]
	[132714,1]
	[118,107]
	[135312,1]
	[136272,1]
	[124,93]
	[140982,1]
	[142998,1]
	[144918,1]
	[145494,1]
	[130,100]
	[147804,1]
	[148380,1]
	[148764,1]
	[136,96]
	[155490,1]
	[156642,1]
	[156834,1]
	[157218,1]
	[157890,1]
	[160482,1]
	[160770,1]
	[142,99]
	[162792,1]
	[163368,1]
	[163560,1]
	[164616,1]
	[167688,1]
	[148,99]
	[169710,1]
	[172014,2]
	[172878,1]
	[173646,1]
	[174030,1]
	[175380,1]
	[154,123]
	[176532,1]
	[178932,1]
	[179220,1]
	[180564,2]
	[182196,1]
	[182388,1]
	[160,108]
	[182682,1]
	[184122,1]
	[186234,1]
	[186906,1]
	[187098,1]
	[187962,1]
	[188154,1]
	[189600,1]
	[166,118]
	[189888,1]
	[190272,1]
	[191232,1]
	[192864,1]
	[193824,1]
	[194976,1]
	[195552,1]
	[195648,2]
	[195744,1]
	[196128,1]
	[196710,1]
	[172,133]
	[199590,1]
	[201894,1]
	[202182,2]
	[178,128]
	[204300,1]
	[207564,1]
	[208524,1]
	[208620,1]
	[208812,1]
	[209484,1]
	[210540,1]
	[184,139]
	[211218,1]
	[211410,1]
	[211602,1]
	[212274,1]
	[212562,1]
	[213138,1]
	[213522,1]
	[213906,1]
	[214674,1]
	[215154,1]
	[215634,1]
	[190,125]
	[223608,1]
	[224280,1]
	[224856,1]
	[224952,1]
	[196,122]
	[226014,1]
	[226590,1]
	[228894,1]
	[229278,1]
	[231006,1]
	[202,145]
	[232740,1]
	[232836,1]
	[233220,1]
	[233604,1]
	[233700,1]
	[234084,1]
	[234468,1]
	[236292,1]
	[237828,1]
	[238692,1]
	[238884,1]
	[239076,1]
	[239172,2]
	[208,138]
	[240330,1]
	[241002,1]
	[241290,1]
	[245034,1]
	[245802,1]
	[246186,1]
	[246474,1]
	[214,158]
	[247248,1]
	[248112,1]
	[248304,1]
	[248496,1]
	[249168,1]
	[249264,1]
	[249360,1]
	[251568,1]
	[252528,1]
	[253392,1]
	[253584,1]
	[253590,1]
	[220,156]
	[254454,1]
	[255030,1]
	[256278,1]
	[257910,1]
	[258678,1]
	[259350,1]
	[259446,1]
	[260118,1]
	[260598,1]
	[226,168]
	[261180,2]
	[261852,1]
	[262812,1]
	[263580,1]
	[267324,1]
	[232,170]
	[268578,1]
	[269250,1]
	[270306,1]
	[271842,1]
	[272034,1]
	[272610,1]
	[272898,1]
	[238,173]
	[275400,1]
	[275592,1]
	[276744,1]
	[277032,1]
	[277896,1]
	[278280,1]
	[278376,1]
	[279528,1]
	[279816,1]
	[279912,1]
	[244,180]
	[282894,1]
	[282990,1]
	[283278,1]
	[284430,1]
	[284910,1]
	[285774,1]
	[287214,1]
	[287406,1]
	[250,173]
	[289524,1]
	[289620,1]
	[290772,1]
	[290964,1]
	[292692,1]
	[292788,1]
	[292884,1]
	[294132,1]
	[294708,1]
	[295092,1]
	[295764,1]
	[256,199]
	[296730,1]
	[297114,1]
	[297306,1]
	[298938,1]
	[299226,1]
	[299418,1]
	[300090,1]
	[301530,1]
	[302490,1]
	[302778,1]
	[262,183]
	[305664,1]
	[305760,1]
	[306240,1]
	[307008,1]
	[307488,1]
	[309696,1]
	[310368,1]
	[268,184]
	[310950,1]
	[311622,1]
	[311718,1]
	[311814,1]
	[311910,1]
	[312966,1]
	[313254,1]
	[313830,1]
	[314022,1]
	[314118,1]
	[315078,1]
	[316518,1]
	[316902,1]
	[274,196]
	[318348,2]
	[318444,1]
	[318540,1]
	[319116,1]
	[320364,1]
	[320844,1]
	[321420,1]
	[321708,1]
	[321804,1]
	[322284,1]
	[322476,1]
	[322572,1]
	[322668,1]
	[324684,1]
	[280,204]
	[324786,1]
	[324978,1]
	[325458,1]
	[326418,1]
	[326994,1]
	[331410,1]
	[286,223]
	[332184,1]
	[332568,1]
	[333144,1]
	[334200,1]
	[334488,1]
	[334680,1]
	[334776,1]
	[334968,1]
	[335928,1]
	[336216,1]
	[336312,1]
	[337080,1]
	[337560,1]
	[337944,1]
	[338232,1]
	[292,213]
	[339870,1]
	[340638,1]
	[341886,1]
	[342174,1]
	[342654,1]
	[343518,1]
	[343614,1]
	[343710,1]
	[343806,1]
	[345342,1]
	[345726,1]
	[298,203]
	[346212,2]
	[348228,1]
	[349668,1]
	[350916,1]
	[351108,1]
	[351300,1]
	[351684,1]
	[351876,1]
	[351972,1]
	[352068,1]
	[352260,1]
	[352932,1]
	[304,207]
	[353898,1]
	[354570,1]
	[356490,1]
	[357834,1]
	[358506,1]
	[359562,1]
	[360240,1]
	[310,214]
	[360432,1]
	[361296,1]
	[362256,1]
	[362352,1]
	[362736,1]
	[362928,1]
	[363024,1]
	[363504,1]
	[364464,1]
	[364752,1]
	[364944,1]
	[365712,1]
	[365904,2]
	[366288,1]
	[367344,1]
	[316,223]
	[367542,1]
	[367734,1]
	[368118,1]
	[368406,2]
	[368790,1]
	[369846,1]
	[370230,1]
	[370806,1]
	[370998,1]
	[371670,1]
	[372822,1]
	[373206,1]
	[373686,1]
	[373974,1]
	[374358,1]
	[322,247]
	[375132,1]
	[375612,1]
	[376380,1]
	[376668,1]
	[376764,1]
	[376956,1]
	[377436,1]
	[377532,1]
	[377724,1]
	[378012,1]
	[378108,1]
	[378396,1]
	[378588,1]
	[378780,1]
	[379356,1]
	[380988,1]
	[328,239]
	[381762,1]
	[382338,1]
	[382626,1]
	[382722,1]
	[383010,1]
	[384258,1]
	[384354,1]
	[384642,1]
	[384738,1]
	[385026,1]
	[385122,1]
	[385218,1]
	[385602,1]
	[385986,1]
	[386274,1]
	[386466,1]
	[387330,1]
	[387618,1]
	[387714,2]
	[388680,1]
	[334,247]
	[388776,1]
	[390216,1]
	[391272,1]
	[391656,1]
	[392424,1]
	[392616,2]
	[392904,1]
	[393096,1]
	[393960,1]
	[394152,1]
	[394248,1]
	[394536,1]
	[394824,1]
	[395016,1]
	[395304,1]
	[340,219]
	[396174,1]
	[397422,1]
	[397998,1]
	[398670,1]
	[398862,1]
	[398958,1]
	[399246,1]
	[400590,1]
	[400878,1]
	[401070,2]
	[401358,1]
	[401454,1]
	[401838,1]
	[402510,1]
	[402702,1]
	[346,243]
	[402996,1]
	[403092,1]
	[403284,1]
	[403476,1]
	[403572,1]
	[403860,1]
	[404052,1]
	[404244,1]
	[404340,1]
	[404820,1]
	[405492,1]
	[405588,1]
	[405876,1]
	[406068,1]
	[406260,1]
	[406932,1]
	[407124,1]
	[407700,1]
	[407988,1]
	[408564,1]
	[409140,2]
	[409236,1]
	[352,242]
	[410202,1]
	[410682,1]
	[410874,2]
	[411066,1]
	[411258,1]
	[411450,1]
	[411930,1]
	[412218,1]
	[412314,1]
	[413082,1]
	[413754,1]
	[414522,1]
	[414906,1]
	[415194,1]
	[415386,1]
	[415482,1]
	[415674,1]
	[415770,1]
	[416154,1]
	[416250,1]
	[416346,1]
	[416442,1]
	[417018,1]
	[417114,1]
	[358,255]
	[417408,1]
	[418368,1]
	[418560,1]
	[418848,1]
	[418944,1]
	[419232,1]
	[419808,1]
	[420000,1]
	[420288,1]
	[420576,2]
	[421920,1]
	[422304,1]
	[422976,2]
	[423264,2]
	[423936,1]
	[424230,2]
	[364,260]
	[425094,1]
	[425670,1]
	[425766,1]
	[426726,1]
	[426918,1]
	[427206,1]
	[427590,2]
	[427974,1]
	[429222,1]
	[429318,1]
	[429606,1]
	[429798,1]
	[430854,1]
	[370,260]
	[431820,1]
	[432108,1]
	[433260,2]
	[434220,1]
	[434604,1]
	[434700,1]
	[434892,1]
	[434988,1]
	[435180,1]
	[435948,1]
	[436044,1]
	[436428,1]
	[436908,1]
	[437580,1]
	[437676,1]
	[437868,1]
	[376,279]
	[438642,1]
	[438930,1]
	[439122,1]
	[439506,1]
	[439794,1]
	[441234,1]
	[441330,1]
	[441426,1]
	[441522,1]
	[442098,1]
	[442482,1]
	[442674,2]
	[443058,1]
	[443442,1]
	[443538,1]
	[443634,1]
	[445362,1]
	[445554,1]
	[445560,1]
	[382,292]
	[446040,2]
	[446232,1]
	[446520,1]
	[446808,2]
	[447192,1]
	[447288,1]
	[447672,1]
	[449016,1]
	[449496,1]
	[449688,1]
	[449880,1]
	[449976,1]
	[450360,1]
	[450456,1]
	[450552,1]
	[451128,1]
	[451320,1]
	[451704,1]
	[452376,1]
	[452568,1]
	[388,269]
	[453822,1]
	[454014,1]
	[454206,1]
	[454398,1]
	[454974,1]
	[455358,1]
	[455550,1]
	[455934,1]
	[456126,1]
	[456414,1]
	[456990,1]
	[458142,1]
	[394,268]
	[459876,1]
	[460356,1]
	[461508,1]
	[462084,1]
	[462180,2]
	[462564,1]
	[463620,1]
	[464004,1]
	[465156,1]
	[465348,1]
	[465444,1]
	[465924,1]
	[466020,1]
	[466212,1]
	[466692,1]
	[466884,1]
	[400,270]
	[466986,1]
	[467658,1]
	[469002,1]
	[469098,1]
	[469674,1]
	[470442,1]
	[470634,2]
	[471306,1]
	[471402,1]
	[471978,1]
	[472170,1]
	[472938,2]
	[473034,2]
	[473802,2]
	[473994,1]
	[406,300]
	[474192,1]
	[474480,1]
	[475056,1]
	[475344,1]
	[475728,1]
	[477360,1]
	[477648,1]
	[478032,1]
	[478224,1]
	[479088,1]
	[479184,2]
	[479856,1]
	[480048,1]
	[412,291]
	[481206,1]
	[481398,2]
	[481590,1]
	[481686,1]
	[481782,1]
	[481878,1]
	[481974,1]
	[482166,2]
	[482550,1]
	[482934,1]
	[483030,1]
	[483222,1]
	[483510,1]
	[484086,1]
	[484278,1]
	[484662,1]
	[485526,1]
	[485910,1]
	[486582,1]
	[486870,1]
	[486966,1]
	[487446,1]
	[487638,1]
	[418,291]
	[488988,1]
	[489084,1]
	[489372,1]
	[489756,1]
	[490716,1]
	[491196,2]
	[491484,1]
	[491676,1]
	[492156,2]
	[492444,1]
	[493116,1]
	[494076,1]
	[494748,1]
	[494940,1]
	[495132,1]
	[424,300]
	[495906,1]
	[496002,1]
	[496578,1]
	[497058,1]
	[497346,1]
	[498114,1]
	[498210,1]
	[498594,1]
	[498690,1]
	[499938,1]
	[500514,2]
	[500898,1]
	[501474,1]
	[502242,2]
	[430,319]
	[502920,1]
	[503976,1]
	[504840,1]
	[505704,1]
	[505800,1]
	[506280,1]
	[507048,1]
	[508200,1]
	[508584,1]
	[508776,1]
	[508872,1]
	[509160,1]
	[509352,1]
	[509544,1]
	[436,336]
	[509742,2]
	[510222,1]
	[510318,1]
	[510702,1]
	[510894,1]
	[511278,2]
	[513198,1]
	[513390,2]
	[514446,1]
	[514830,1]
	[515406,1]
	[515982,1]
	[516078,1]
	[442,319]
	[516948,1]
	[517236,1]
	[517908,1]
	[518004,1]
	[518580,1]
	[518772,1]
	[519156,1]
	[519924,1]
	[520308,1]
	[520596,1]
	[520692,1]
	[521172,1]
	[521556,1]
	[522516,1]
	[522804,1]
	[523092,1]
	[523380,1]
	[523476,1]
	[448,321]
	[523962,1]
	[524250,1]
	[525018,1]
	[526074,2]
	[526362,1]
	[527130,1]
	[527322,1]
	[527418,1]
	[527994,1]
	[528090,1]
	[528378,1]
	[529242,1]
	[529434,1]
	[529818,1]
	[530202,1]
	[530298,1]
	[530586,1]
	[530778,1]
	[530874,1]
	[530880,1]
	[454,331]
	[531168,1]
	[531840,1]
	[532128,1]
	[532224,1]
	[532512,1]
	[533088,1]
	[533280,1]
	[533568,1]
	[533664,1]
	[533952,2]
	[534240,1]
	[534336,1]
	[535104,1]
	[535296,1]
	[535392,1]
	[535488,2]
	[535584,1]
	[535872,1]
	[537312,1]
	[537696,1]
	[537888,1]
	[460,315]
	[538086,1]
	[538470,1]
	[538566,1]
	[538854,1]
	[539334,1]
	[539430,1]
	[539718,1]
	[539814,1]
	[540006,1]
	[540198,1]
	[540294,1]
	[540390,1]
	[540774,1]
	[541542,1]
	[541638,1]
	[543078,1]
	[543174,1]
	[543462,1]
	[543654,1]
	[543942,1]
	[544038,1]
	[544230,1]
	[544710,1]
	[544806,1]
	[544902,1]
	[466,346]
	[545292,1]
	[545484,2]
	[545964,1]
	[546060,1]
	[546444,1]
	[546540,1]
	[546636,1]
	[546732,1]
	[546828,2]
	[547020,1]
	[547212,1]
	[547308,1]
	[548364,2]
	[548844,1]
	[549228,1]
	[549804,1]
	[550092,1]
	[550188,1]
	[550668,1]
	[551436,1]
	[551724,1]
	[472,342]
	[552690,2]
	[552786,1]
	[553266,1]
	[553362,1]
	[554034,1]
	[554130,1]
	[555090,2]
	[555186,1]
	[555282,1]
	[555762,1]
	[555954,1]
	[556050,1]
	[556626,1]
	[556818,1]
	[557778,2]
	[557874,1]
	[558162,1]
	[558258,1]
	[559320,1]
	[478,354]
	[559416,1]
	[559800,1]
	[559896,1]
	[560184,1]
	[560472,1]
	[561432,1]
	[561816,1]
	[562296,1]
	[562680,1]
	[563736,1]
	[563928,1]
	[564792,1]
	[565080,1]
	[565656,1]
	[565944,1]
	[484,328]
	[566910,1]
	[567390,2]
	[567486,1]
	[567582,1]
	[567966,1]
	[568158,1]
	[569022,1]
	[569118,1]
	[569790,1]
	[570558,1]
	[570942,1]
	[-4370,144311]
	[572190,1]
	[572670,1]
	[572862,1]
	[573054,1]
	[573246,1]
	[573342,1]
	[573438,1]
	[490,356]
	[574116,1]
	[574308,1]
	[574500,1]
	[574596,1]
	[574788,2]
	[575076,1]
	[575652,1]
	[575748,1]
	[575844,1]
	[576036,1]
	[576228,1]
	[576324,1]
	[576420,2]
	[576516,1]
	[576612,1]
	[576708,1]
	[576804,1]
	[577284,1]
	[577956,1]
	[578244,1]
	[578436,2]
	[578628,1]
	[579108,1]
	[579204,1]
	[579684,1]
	[579780,1]
	[580644,2]
	[496,353]
	[581130,1]
	[581322,1]
	[581418,1]
	[582762,2]
	[582954,1]
	[583146,1]
	[583338,1]
	[583530,2]
	[584586,1]
	[584970,1]
	[585258,1]
	[585450,1]
	[586026,1]
	[586122,1]
	[586410,1]
	[586506,1]
	[587178,1]
	[587370,1]
	[587754,1]
	[502,333]
	[588336,1]
	[588432,1]
	[589200,1]
	[589392,1]
	[589776,1]
	[590928,1]
	[591312,1]
	[591888,1]
	[592752,1]
	[592848,2]
	[593520,1]
	[593616,1]
	[593712,1]
	[593904,2]
	[594096,1]
	[508,351]
	[595350,1]
	[595638,1]
	[596502,1]
	[596694,1]
	[597078,1]
	[597366,1]
	[597750,1]
	[597846,1]
	[597942,1]
	[598422,1]
	[598614,1]
	[599382,2]
	[599766,1]
	[599862,1]
	[599958,1]
	[600918,1]
	[601110,1]
	[601206,1]
	[601494,1]
	[601980,2]
	[514,344]
	[602460,1]
	[602652,1]
	[602748,1]
	[603036,1]
	[603132,1]
	[604572,1]
	[605052,1]
	[605916,1]
	[606396,1]
	[606780,1]
	[606876,1]
	[607644,1]
	[607740,2]
	[607836,1]
	[607932,1]
	[608028,1]
	[609084,1]
	[520,379]
	[609474,1]
	[609666,1]
	[610242,1]
	[610530,1]
	[610818,1]
	[611298,2]
	[611394,1]
	[612066,1]
	[612258,1]
	[612642,2]
	[613506,1]
	[614178,1]
	[614274,1]
	[616002,1]
	[616194,1]
	[526,420]
	[617256,1]
	[617352,1]
	[617832,1]
	[617928,1]
	[618120,2]
	[618696,1]
	[618792,1]
	[618984,1]
	[619848,2]
	[619944,1]
	[620232,2]
	[620328,1]
	[620520,1]
	[620616,1]
	[620712,1]
	[621000,1]
	[621480,1]
	[621768,1]
	[621864,1]
	[622344,1]
	[622536,1]
	[622728,1]
	[623304,1]
	[532,396]
	[623406,1]
	[623982,1]
	[624174,1]
	[624366,1]
	[625134,1]
	[626286,1]
	[626958,1]
	[627054,1]
	[627438,1]
	[627918,1]
	[628014,2]
	[628110,1]
	[628782,2]
	[628878,1]
	[629070,1]
	[629262,1]
	[629358,1]
	[629742,1]
	[629838,1]
	[629934,1]
	[630030,1]
	[538,411]
	[630708,1]
	[631092,1]
	[631572,1]
	[631764,1]
	[632148,1]
	[632244,1]
	[632436,1]
	[632916,1]
	[633204,1]
	[633780,1]
	[633876,2]
	[633972,1]
	[634452,1]
	[634740,1]
	[635028,1]
	[635796,1]
	[635892,1]
	[635988,1]
	[636084,1]
	[636276,1]
	[636468,1]
	[636564,1]
	[636660,1]
	[636852,1]
	[637530,1]
	[544,385]
	[637914,1]
	[638586,1]
	[638874,2]
	[638970,1]
	[641946,1]
	[642138,1]
	[642426,1]
	[642714,1]
	[643098,1]
	[643194,1]
	[643962,1]
	[644058,1]
	[644154,1]
	[644250,1]
	[644346,1]
	[644442,1]
	[644640,1]
	[550,398]
	[644736,2]
	[644928,2]
	[645120,1]
	[645216,1]
	[645408,1]
	[645504,1]
	[645984,1]
	[646080,1]
	[646176,1]
	[646272,1]
	[646464,1]
	[646656,1]
	[646848,1]
	[647520,1]
	[647616,2]
	[647712,1]
	[648288,1]
	[648960,1]
	[649440,1]
	[650304,1]
	[650688,1]
	[650880,1]
	[651648,1]
	[651744,1]
	[651750,1]
	[556,412]
	[652038,1]
	[652230,1]
	[652422,1]
	[652710,1]
	[652902,1]
	[653094,1]
	[653190,1]
	[653382,1]
	[653478,1]
	[653766,2]
	[654342,1]
	[654822,1]
	[655014,2]
	[655110,1]
	[655878,1]
	[656070,1]
	[656166,2]
	[656262,1]
	[656838,1]
	[657414,1]
	[657510,1]
	[657606,1]
	[657894,1]
	[658470,1]
	[658758,1]
	[658860,1]
	[562,419]
	[658956,1]
	[659340,1]
	[659820,1]
	[660588,1]
	[660876,1]
	[661548,1]
	[662028,1]
	[662412,1]
	[662508,1]
	[662700,1]
	[662796,1]
	[663564,1]
	[663756,1]
	[663852,1]
	[664524,1]
	[664620,1]
	[665100,1]
	[665772,1]
	[665964,1]
	[568,406]
	[666450,1]
	[666642,1]
	[666834,1]
	[666930,2]
	[667602,1]
	[667986,1]
	[668658,1]
	[668754,1]
	[669042,1]
	[669138,1]
	[669234,1]
	[669330,1]
	[669522,1]
	[669618,1]
	[669810,1]
	[671826,1]
	[672018,1]
	[672210,1]
	[672594,1]
	[672978,1]
	[574,433]
	[673176,1]
	[673560,1]
	[673656,1]
	[673752,1]
	[673848,1]
	[673944,1]
	[674424,1]
	[674616,2]
	[675192,1]
	[675288,1]
	[675384,1]
	[675672,1]
	[676440,1]
	[676536,2]
	[676632,1]
	[676920,1]
	[677016,1]
	[677304,1]
	[677400,1]
	[677592,1]
	[678648,1]
	[679128,2]
	[679416,1]
	[680088,1]
	[580,445]
	[680670,1]
	[680766,1]
	[681150,1]
	[681246,1]
	[681822,1]
	[682206,1]
	[682494,1]
	[682590,1]
	[682686,1]
	[682782,1]
	[682878,1]
	[683166,2]
	[683358,1]
	[683550,1]
	[684222,1]
	[684318,1]
	[684414,1]
	[684510,1]
	[684606,1]
	[684702,1]
	[684990,2]
	[685086,1]
	[685374,1]
	[685566,2]
	[686046,1]
	[686142,1]
	[686334,1]
	[686526,2]
	[687294,1]
	[586,406]
	[688548,1]
	[688644,1]
	[689220,1]
	[689988,1]
	[690468,1]
	[691044,1]
	[691236,1]
	[691620,1]
	[691716,2]
	[692004,1]
	[692388,1]
	[693156,1]
	[693444,1]
	[693636,2]
	[694116,1]
	[592,425]
	[696042,1]
	[696426,2]
	[696522,1]
	[696714,1]
	[697578,2]
	[697674,2]
	[697866,1]
	[698442,1]
	[698730,2]
	[698922,1]
	[699018,1]
	[699114,1]
	[699210,1]
	[699402,2]
	[699690,1]
	[700266,2]
	[700362,2]
	[700554,1]
	[701130,1]
	[701418,1]
	[701520,1]
	[598,432]
	[701712,1]
	[701808,1]
	[702000,1]
	[703056,1]
	[703152,1]
	[703632,1]
	[704592,1]
	[704784,1]
	[704880,1]
	[704976,1]
	[705072,1]
	[705168,1]
	[705264,1]
	[706416,1]
	[706608,1]
	[706896,1]
	[707088,1]
	[707856,2]
	[708336,1]
	[708528,1]
	[604,445]
	[709110,1]
	[709206,1]
	[713142,1]
	[610,439]
	[717948,1]
	[718236,1]
	[718332,1]
	[719484,1]
	[719772,1]
	[719868,1]
	[720060,1]
	[720252,1]
	[720444,2]
	[720732,1]
	[720828,1]
	[721212,1]
	[721404,1]
	[721980,1]
	[722268,2]
	[722652,1]
	[722850,1]
	[616,440]
	[723330,1]
	[723714,1]
	[723906,1]
	[724002,1]
	[724578,1]
	[622,484]
	[732744,1]
	[733320,1]
	[733416,1]
	[628,477]
	[743118,1]
	[743214,2]
	[743310,1]
	[743406,1]
	[743502,1]
	[634,470]
	[744660,1]
	[744756,1]
	[744852,1]
	[745140,1]
	[746100,1]
	[746484,1]
	[747156,1]
	[747636,1]
	[748308,1]
	[748500,1]
	[748596,1]
	[749556,1]
	[749652,1]
	[640,456]
	[752346,2]
	[752826,1]
	[646,447]
	[761088,1]
	[761280,1]
	[762720,1]
	[763200,1]
	[763296,1]
	[763392,1]
	[763584,1]
	[764064,1]
	[764160,1]
	[764352,1]
	[764736,1]
	[765216,2]
	[765312,2]
	[652,469]
	[765606,1]
	[766182,1]
	[766854,1]
	[767046,1]
	[767238,1]
	[767334,1]
	[768006,1]
	[768486,1]
	[768582,1]
	[768678,1]
	[768774,1]
	[768870,1]
	[769062,1]
	[769254,1]
	[769542,1]
	[770310,1]
	[770406,1]
	[770502,1]
	[770982,1]
	[771654,1]
	[772326,1]
	[772620,1]
	[658,484]
	[772908,1]
	[773100,1]
	[773868,1]
	[773964,2]
	[774060,1]
	[774348,1]
	[774636,1]
	[774828,1]
	[775020,1]
	[775404,2]
	[775692,1]
	[776364,1]
	[776556,1]
	[776748,1]
	[777036,1]
	[777132,2]
	[777708,1]
	[778284,1]
	[779148,1]
	[779244,1]
	[779724,1]
	[664,472]
	[779826,1]
	[779922,1]
	[780498,1]
	[784722,2]
	[785394,1]
	[786354,2]
	[786450,1]
	[786546,2]
	[786642,1]
	[670,482]
	[787224,1]
	[787512,1]
	[788088,2]
	[788280,1]
	[788472,1]
	[788952,1]
	[789048,1]
	[676,492]
	[682,481]
	[807204,1]
	[807300,1]
	[807396,1]
	[807588,1]
	[807780,1]
	[688,503]
	[808650,3]
	[694,506]
	[815568,1]
	[815664,1]
	[815856,1]
	[816048,1]
	[816528,3]
	[816720,1]
	[817296,1]
	[817584,1]
	[817872,2]
	[818160,1]
	[818256,1]
	[818544,1]
	[819120,1]
	[819312,1]
	[819408,1]
	[819984,2]
	[820464,1]
	[820560,1]
	[820752,1]
	[821328,1]
	[821520,1]
	[822096,1]
	[700,503]
	[823158,1]
	[823254,1]
	[823350,1]
	[823734,1]
	[823830,1]
	[823926,1]
	[824310,1]
	[824886,1]
	[825750,1]
	[826134,1]
	[826230,2]
	[826326,1]
	[826518,1]
	[826902,1]
	[827190,1]
	[827382,1]
	[827670,1]
	[828246,1]
	[828438,3]
	[828534,1]
	[828630,1]
	[828822,1]
	[706,515]
	[830460,2]
	[831420,1]
	[831516,1]
	[831612,1]
	[832860,2]
	[832956,1]
	[833052,1]
	[833148,1]
	[833916,1]
	[834012,1]
	[834204,2]
	[834684,1]
	[835164,1]
	[835740,1]
	[836604,1]
	[836610,1]
	[712,535]
	[836706,1]
	[718,530]
	[844584,1]
	[844872,1]
	[845256,2]
	[846024,1]
	[846696,1]
	[846792,2]
	[847080,1]
	[847176,1]
	[847272,1]
	[847368,1]
	[847560,1]
	[847656,1]
	[847752,1]
	[848040,1]
	[848136,1]
	[848232,1]
	[848424,1]
	[848808,1]
	[849000,1]
	[849672,1]
	[849768,1]
	[849864,1]
	[850152,1]
	[850536,1]
	[850632,1]
	[724,542]
	[850926,1]
	[851598,1]
	[851694,1]
	[851790,1]
	[852078,1]
	[852366,1]
	[730,519]
	[736,528]
	[742,544]
	[748,542]
	[754,544]
	[760,553]
	[894066,1]
	[766,614]
	[772,542]
	[778,559]
	[784,562]
	[790,566]
	[796,568]
	[802,565]
	[808,628]
	[814,584]
	[820,611]
	[826,614]
	[976692,1]
	[976788,1]
	[977172,1]
	[977268,1]
	[977364,1]
	[832,619]
	[838,602]
	[844,615]
	[850,607]
	[856,663]
	[862,632]
	[868,625]
	[1025790,1]
	[874,648]
	[880,640]
	[886,673]
	[892,624]
	[898,681]
	[904,676]
	[910,672]
	[916,672]
	[922,650]
	[928,684]
	[934,684]
	[940,683]
	[946,670]
	[952,698]
	[958,681]
	[964,736]
	[970,697]
	[976,693]
	[982,716]
	[988,710]
	[994,712]
	[1000,742]
	[1006,730]
	[1012,721]
	[1018,728]
	[1024,765]
	[1030,743]
	[1036,725]
	[1042,769]
	[1048,771]
	[1054,767]
	[1060,743]
	[1066,762]
	[1072,768]
	[1078,780]
	[1084,780]
	[1090,797]
	[1096,802]
	[1102,815]
	[1108,809]
	[1114,798]
	[1120,823]
	[1126,821]
	[1132,870]
	[1138,831]
	[1144,832]
	[1150,847]
	[1156,824]
	[1162,828]
	[1168,857]
	[1174,873]
	[1180,881]
	[1186,864]
	[1192,845]
	[1198,857]
	[1204,863]
	[1210,892]
	[1216,867]
	[1222,911]
	[1228,905]
	[1234,898]
	[1240,889]
	[1246,923]
	[1252,920]
	[1258,908]
	[1264,943]
	[1270,935]
	[1276,944]
	[1282,981]
	[1288,937]
	[1294,932]
	[1300,936]
	[1306,937]
	[1312,966]
	[1318,918]
	[1324,948]
	[1330,956]
	[1336,958]
	[1342,952]
	[1348,988]
	[1354,1000]
	[1360,884]
	[1366,974]
	[1372,1053]
	[1378,1003]
	[1384,992]
	[1390,1009]
	[1396,1032]
	[1402,1029]
	[1408,1028]
	[1414,1040]
	[1420,1057]
	[1426,1006]
	[1432,1049]
	[1438,1071]
	[1444,1044]
	[1450,1046]
	[1456,1052]
	[1462,1094]
	[1468,1079]
	[1474,1090]
	[1480,1105]
	[1486,1055]
	[1492,1087]
	[1498,1093]
	[1504,1113]
	[1510,1104]
	[1516,1101]
	[1522,1120]
	[1528,1133]
	[1534,1114]
	[1540,1064]
	[1546,1134]
	[1552,1138]
	[1558,1147]
	[1564,1141]
	[1570,1147]
	[1576,1158]
	[1582,1144]
	[1588,1168]
	[1594,1178]
	[1600,1129]
	[1606,1181]
	[1612,1160]
	[1618,1187]
	[1624,1188]
	[1630,1182]
	[1636,1200]
	[1642,1067]
	[1648,1213]
	[1654,1197]
	[1660,1193]
	[1666,1211]
	[1672,1254]
	[1678,1220]
	[1684,1231]
	[1690,1191]
	[1696,1229]
	[1702,1222]
	[1708,1244]
	[1714,1233]
	[1720,1242]
	[1726,1277]
	[1732,1260]
	[1738,1389]
	[1744,1282]
	[1750,1262]
	[1756,1300]
	[1762,1272]
	[1768,1273]
	[1774,1288]
	[1780,1296]
	[1786,1318]
	[1792,1328]
	[1798,1291]
	[1804,1305]
	[1810,1250]
	[1816,1320]
	[1822,1331]
	[1828,1342]
	[1834,1313]
	[1840,1325]
	[1846,1345]
	[1852,1356]
	[1858,1366]
	[1864,1348]
	[1870,1389]
	[1876,1355]
	[1882,1381]
	[1888,1328]
	[1894,1377]
	[1900,1434]
	[1906,1365]
	[1912,1374]
	[1918,1415]
	[1924,1410]
	[1930,1391]
	[1936,1397]
	[1942,1418]
	[1948,1423]
	[1954,1432]
	[1960,1420]
	[1966,1422]
	[1972,1501]
	[1978,1454]
	[1984,1460]
	[1990,1454]
	[1996,1504]
	[2002,1485]
	[2008,1465]
	[2014,1465]
	[2020,1547]
	[2026,1474]
	[2032,1454]
	[2038,1497]
	[2044,1614]
	[2050,1502]
	[2056,1457]
	[2062,1509]
	[2068,1400]
	[2074,1501]
	[2080,1508]
	[2086,1535]
	[2092,1453]
	[2098,1558]
	[2104,1548]
	[2110,1519]
	[2116,1542]
	[2122,1551]
	[2128,1518]
	[2134,1530]
	[2140,1558]
	[2146,1575]
	[2152,1565]
	[2158,1551]
	[2164,1564]
	[2170,1536]
	[2176,1568]
	[2182,1553]
	[2188,1571]
	[2194,1597]
	[2200,1615]
	[2206,1606]
	[2212,1606]
	[2218,1595]
	[2224,1681]
	[2230,1669]
	[2236,1620]
	[2242,1591]
	[2248,1645]
	[2254,1667]
	[2260,1620]
	[2266,1649]
	[2272,1645]
	[2278,1624]
	[2284,1603]
	[2290,1675]
	[2296,1665]
	[2302,1683]
	[2308,1664]
	[2314,1693]
	[2320,1729]
	[2326,1702]
	[2332,1686]
	[2338,1722]
	[2344,1695]
	[2350,1699]
	[2356,1714]
	[2362,1707]
	[2368,1735]
	[2374,1743]
	[2380,1740]
	[2386,1720]
	[2392,1756]
	[2398,1750]
	[2404,1748]
	[2410,1617]
	[2416,1726]
	[2422,1746]
	[2428,1785]
	[2434,1792]
	[2440,1770]
	[2446,1773]
	[2452,1786]
	[2458,1792]
	[2464,1803]
	[2470,1793]
	[2476,1764]
	[2482,1802]
	[2488,1815]
	[2494,1807]
	[2500,1810]
	[2506,1853]
	[2512,1854]
	[2518,1842]
	[2524,1839]
	[2530,1841]
	[2536,1841]
	[2542,1816]
	[2548,1923]
	[2554,1788]
	[2560,1892]
	[2566,1833]
	[2572,1881]
	[2578,1889]
	[2584,1900]
	[2590,1855]
	[2596,1842]
	[2602,1877]
	[2608,1920]
	[2614,1899]
	[2620,1916]
	[2626,1919]
	[2632,1911]
	[2638,1939]
	[2644,1908]
	[2650,1902]
	[2656,1925]
	[2662,1943]
	[2668,1960]
	[2674,1950]
	[2680,1953]
	[2686,1936]
	[2692,1977]
	[2698,1973]
	[2704,1882]
	[2710,1975]
	[2716,1948]
	[2722,1987]
	[2728,1985]
	[2734,2012]
	[2740,1994]
	[2746,1992]
	[2752,1958]
	[2758,1990]
	[2764,2018]
	[2770,2001]
	[2776,2074]
	[2782,2060]
	[2788,2048]
	[2794,2137]
	[2800,2031]
	[2806,2059]
	[2812,2046]
	[2818,2057]
	[2824,2081]
	[2830,2013]
	[2836,2082]
	[2842,2058]
	[2848,2065]
	[2854,2084]
	[2860,2073]
	[2866,2096]
	[2872,2083]
	[2878,2088]
	[2884,2166]
	[2890,2133]
	[2896,2100]
	[2902,2109]
	[2908,2142]
	[2914,2072]
	[2920,2140]
	[2926,2128]
	[2932,2115]
	[2938,2127]
	[2944,2166]
	[2950,2150]
	[2956,2188]
	[2962,2137]
	[2968,2151]
	[2974,2236]
	[2980,2090]
	[2986,2066]
	[2992,2178]
	[2998,2183]
	[3004,2185]
	[3010,2178]
	[3016,2203]
	[3022,2205]
	[3028,2180]
	[3034,2258]
	[3040,2210]
	[3046,2218]
	[3052,2200]
	[3058,2214]
	[3064,2193]
	[3070,2242]
	[3076,2270]
	[3082,2248]
	[3088,2222]
	[3094,2281]
	[3100,2219]
	[3106,2270]
	[3112,2216]
	[3118,2314]
	[3124,2242]
	[3130,2267]
	[3136,2304]
	[3142,2271]
	[3148,2312]
	[3154,2295]
	[3160,2305]
	[3166,2327]
	[3172,2322]
	[3178,2309]
	[3184,2344]
	[3190,2309]
	[3196,2320]
	[3202,2374]
	[3208,2323]
	[3214,2361]
	[3220,2350]
	[3226,2345]
	[3232,2354]
	[3238,2360]
	[3244,2385]
	[3250,2375]
	[3256,2375]
	[3262,2452]
	[3268,2409]
	[3274,2377]
	[3280,2388]
	[3286,2372]
	[3292,2376]
	[3298,2415]
	[3304,2390]
	[3310,2412]
	[3316,2397]
	[3322,2456]
	[3328,2423]
	[3334,2422]
	[3340,2449]
	[3346,2441]
	[3352,2459]
	[3358,2468]
	[3364,2473]
	[3370,2453]
	[3376,2428]
	[3382,2462]
	[3388,2460]
	[3394,2474]
	[3400,2467]
	[3406,2486]
	[3412,2500]
	[3418,2466]
	[3424,2537]
	[3430,2478]
	[3436,2486]
	[3442,2519]
	[3448,2504]
	[3454,2478]
	[3460,2491]
	[3466,2538]
	[3472,2521]
	[3478,2532]
	[3484,2524]
	[3490,2539]
	[3496,2550]
	[3502,2521]
	[3508,2573]
	[3514,2548]
	[3520,2528]
	[3526,2501]
	[3532,2598]
	[3538,2603]
	[3544,2582]
	[3550,2581]
	[3556,2615]
	[3562,2662]
	[3568,2653]
	[3574,2615]
	[3580,2633]
	[3586,2610]
	[3592,2604]
	[3598,2525]
	[3604,2605]
	[3610,2659]
	[3616,2632]
	[3622,2605]
	[3628,2626]
	[3634,2632]
	[3640,2636]
	[3646,2679]
	[3652,2648]
	[3658,2683]
	[3664,2682]
	[3670,2699]
	[3676,2681]
	[3682,2668]
	[3688,2707]
	[3694,2705]
	[3700,2720]
	[3706,2656]
	[3712,2694]
	[3718,2709]
	[3724,2693]
	[3730,2741]
	[3736,2724]
	[3742,2716]
	[3748,2732]
	[3754,2766]
	[3760,2746]
	[3766,2743]
	[3772,2745]
	[3778,2742]
	[3784,2782]
	[3790,2779]
	[3796,2770]
	[3802,2796]
	[3808,2790]
	[3814,2773]
	[3820,2793]
	[3826,2784]
	[3832,2817]
	[3838,2806]
	[3844,2809]
	[3850,2829]
	[3856,2809]
	[3862,2791]
	[3868,2832]
	[3874,2823]
	[3880,2870]
	[3886,2834]
	[3892,2842]
	[3898,2794]
	[3904,2858]
	[3910,2870]
	[3916,2735]
	[3922,2655]
	[3928,2931]
	[3934,2838]
	[3940,2886]
	[3946,2880]
	[3952,2845]
	[3958,2878]
	[3964,2888]
	[3970,2891]
	[3976,2900]
	[3982,2907]
	[3988,2929]
	[3994,2904]
	[4000,2908]
	[4006,2906]
	[4012,2891]
	[4018,2922]
	[4024,2936]
	[4030,2952]
	[4036,2947]
	[4042,2925]
	[4048,2941]
	[4054,2995]
	[4060,2954]
	[4066,3058]
	[4072,2953]
	[4078,2995]
	[4084,2989]
	[4090,2919]
	[4096,2999]
	[4102,2918]
	[4108,2948]
	[4114,2997]
	[4120,2980]
	[4126,3030]
	[4132,3035]
	[4138,3004]
	[4144,3041]
	[4150,3004]
	[4156,3042]
	[4162,3052]
	[4168,3035]
	[4174,3043]
	[4180,3047]
	[4186,3054]
	[4192,3069]
	[4198,3052]
	[4204,3001]
	[4210,3058]
	[4216,3091]
	[4222,3075]
	[4228,3072]
	[4234,3094]
	[4240,3077]
	[4246,3084]
	[4252,3077]
	[4258,3093]
	[4264,3107]
	[4270,3087]
	[4276,3139]
	[4282,3124]
	[4288,3147]
	[4294,3077]
	[4300,3205]
	[4306,3044]
	[4312,3171]
	[4318,3152]
	[4324,3168]
	[4330,3164]
	[4336,3160]
	[4342,3166]
	[4348,3088]
	[4354,3180]
	[4360,3185]
	[4366,3165]
	[4372,3189]
	[4378,3185]
	[4384,3209]
	[4390,3181]
	[4396,3227]
	[4402,3182]
	[4408,3181]
	[4414,3156]
	[4420,3209]
	[4426,3230]
	[4432,3223]
	[4438,3183]
	[4444,3235]
	[4450,3215]
	[4456,3260]
	[4462,3268]
	[4468,3249]
	[4474,3276]
	[4480,3270]
	[4486,3264]
	[4492,3280]
	[4498,3253]
	[4504,3265]
	[4510,3280]
	[4516,3312]
	[4522,3260]
	[4528,3067]
	[4534,3259]
	[4540,3329]
	[4546,3313]
	[4552,3295]
	[4558,3275]
	[4564,3346]
	[4570,3325]
	[4576,3414]
	[4582,3349]
	[4588,3259]
	[4594,3360]
	[4600,3356]
	[4606,3361]
	[4612,3355]
	[4618,3335]
	[4624,3345]
	[4630,3380]
	[4636,3388]
	[4642,3379]
	[4648,3391]
	[4654,3384]
	[4660,3407]
	[4666,3408]
	[4672,3409]
	[4678,3438]
	[4684,3413]
	[4690,3422]
	[4696,3403]
	[4702,3428]
	[4708,3426]
	[4714,3435]
	[4720,3403]
	[4726,3442]
	[4732,3438]
	[4738,3476]
	[4744,3458]
	[4750,3439]
	[4756,3451]
	[4762,3499]
	[4768,3426]
	[4774,3573]
	[4780,3523]
	[4786,3482]
	[4792,3437]
	[4798,3482]
	[4804,3491]
	[4810,3513]
	[4816,3538]
	[4822,3494]
	[4828,3512]
	[4834,3515]
	[4840,3518]
	[4846,3568]
	[4852,3540]
	[4858,3543]
	[4864,3567]
	[4870,3529]
	[4876,3526]
	[4882,3513]
	[4888,3599]
	[4894,3547]
	[4900,3626]
	[4906,3469]
	[4912,3509]
	[4918,3569]
	[4924,3600]
	[4930,3575]
	[4936,3607]
	[4942,3595]
	[4948,3611]
	[4954,3608]
	[4960,3621]
	[4966,3640]
	[4972,3631]
	[4978,3663]
	[4984,3629]
	[4990,3640]
	[4996,3624]
	[5002,3639]
	[5008,3655]
	[5014,3642]
	[5020,3644]
	[5026,3667]
	[5032,3653]
	[5038,3680]
	[5044,3706]
	[5050,3602]
	[5056,3716]
	[5062,3708]
	[5068,3684]
	[5074,3708]
	[5080,3684]
	[5086,3728]
	[5092,3683]
	[5098,3720]
	[5104,3689]
	[5110,3827]
	[5116,3708]
	[5122,3735]
	[5128,3726]
	[5134,3720]
	[5140,3723]
	[5146,3731]
	[5152,3761]
	[5158,3754]
	[5164,3779]
	[5170,3813]
	[5176,3756]
	[5182,3800]
	[5188,3776]
	[5194,3804]
	[5200,3970]
	[5206,3814]
	[5212,3849]
	[5218,3764]
	[5224,3792]
	[5230,3791]
	[5236,3832]
	[5242,3817]
	[5248,3822]
	[5254,3846]
	[5260,3830]
	[5266,3844]
	[5272,3818]
	[5278,3930]
	[5284,3891]
	[5290,3881]
	[5296,3841]
	[5302,3883]
	[5308,3860]
	[5314,3908]
	[5320,3860]
	[5326,3858]
	[5332,3879]
	[5338,3884]
	[5344,3901]
	[5350,3863]
	[5356,4019]
	[5362,4028]
	[5368,3903]
	[5374,3917]
	[5380,3935]
	[5386,3915]
	[5392,3944]
	[5398,3947]
	[5404,3928]
	[5410,3961]
	[5416,3935]
	[5422,3939]
	[5428,3889]
	[5434,3969]
	[5440,3984]
	[5446,3973]
	[5452,3991]
	[5458,3952]
	[5464,4009]
	[5470,4009]
	[5476,4022]
	[5482,4016]
	[5488,3995]
	[5494,4018]
	[5500,4034]
	[5506,4007]
	[5512,4028]
	[5518,4001]
	[5524,4082]
	[5530,3879]
	[5536,4044]
	[5542,4057]
	[5548,4074]
	[5554,4088]
	[5560,4045]
	[5566,4068]
	[5572,4069]
	[5578,4044]
	[5584,4088]
	[5590,4075]
	[5596,4091]
	[5602,4072]
	[5608,4068]
	[5614,4088]
	[5620,4047]
	[5626,4113]
	[5632,4099]
	[5638,4116]
	[5644,4112]
	[5650,4128]
	[5656,4130]
	[5662,4122]
	[5668,4123]
	[5674,4132]
	[5680,4121]
	[5686,4186]
	[5692,4168]
	[5698,4167]
	[5704,4030]
	[5710,4209]
	[5716,4044]
	[5722,4177]
	[5728,4176]
	[5734,4176]
	[5740,4185]
	[5746,4197]
	[5752,4201]
	[5758,4161]
	[5764,4254]
	[5770,4226]
	[5776,4196]
	[5782,4211]
	[5788,4212]
	[5794,4205]
	[5800,4217]
	[5806,4216]
	[5812,4193]
	[5818,4241]
	[5824,4204]
	[5830,4252]
	[5836,4243]
	[5842,4280]
	[5848,4228]
	[5854,4249]
	[5860,4264]
	[5866,4279]
	[5872,4272]
	[5878,4297]
	[5884,4293]
	[5890,4300]
	[5896,4284]
	[5902,4425]
	[5908,4318]
	[5914,4312]
	[5920,4285]
	[5926,4322]
	[5932,4344]
	[5938,4320]
	[5944,4364]
	[5950,4325]
	[5956,4323]
	[5962,4338]
	[5968,4378]
	[5974,4374]
	[5980,4347]
	[5986,4382]
	[5992,4351]
	[5998,4375]

1660,
	[2,2187660]
	[12,4]
	[24,3]
	[36,9]
	[48,6]
	[6,4]
	[60,8]
	[18,6]
	[72,7]
	[84,13]
	[42,8]
	[96,16]
	[54,8]
	[108,10]
	[66,9]
	[120,14]
	[78,4]
	[132,6]
	[90,2]
	[144,9]
	[102,13]
	[156,15]
	[114,9]
	[168,10]
	[126,9]
	[180,10]
	[138,7]
	[192,13]
	[150,10]
	[204,3]
	[162,10]
	[216,10]
	[174,9]
	[228,12]
	[186,13]
	[240,9]
	[198,18]
	[252,21]
	[210,13]
	[264,22]
	[222,19]
	[276,26]
	[234,9]
	[288,25]
	[246,16]
	[300,23]
	[258,17]
	[312,19]
	[270,15]
	[324,17]
	[282,12]
	[336,17]
	[294,21]
	[348,17]
	[306,19]
	[360,25]
	[318,24]
	[372,26]
	[330,24]
	[384,28]
	[342,18]
	[396,26]
	[354,20]
	[408,29]
	[366,23]
	[420,10]
	[378,22]
	[432,20]
	[390,33]
	[444,26]
	[402,25]
	[456,28]
	[414,17]
	[468,31]
	[426,19]
	[480,32]
	[438,15]
	[492,16]
	[450,18]
	[504,28]
	[462,25]
	[-4370,125]
	[516,31]
	[474,24]
	[528,36]
	[486,31]
	[540,25]
	[498,33]
	[552,29]
	[510,23]
	[564,40]
	[522,24]
	[576,33]
	[534,34]
	[588,31]
	[546,31]
	[600,36]
	[558,30]
	[612,35]
	[570,31]
	[624,30]
	[582,30]
	[636,35]
	[594,24]
	[648,45]
	[606,25]
	[660,36]
	[618,43]
	[672,42]
	[630,34]
	[684,33]
	[642,41]
	[696,34]
	[654,28]
	[708,39]
	[666,26]
	[720,41]
	[678,32]
	[732,36]
	[690,34]
	[744,37]
	[702,40]
	[756,35]
	[714,44]
	[726,37]
	[780,35]
	[738,33]
	[792,42]
	[750,38]
	[804,30]
	[762,36]
	[768,29]
	[816,38]
	[774,44]
	[828,45]
	[786,39]
	[840,47]
	[798,51]
	[852,52]
	[810,48]
	[864,47]
	[822,39]
	[876,45]
	[834,45]
	[888,55]
	[846,41]
	[900,45]
	[858,54]
	[912,48]
	[870,48]
	[924,43]
	[882,42]
	[936,56]
	[894,48]
	[948,45]
	[906,47]
	[960,46]
	[918,37]
	[972,53]
	[930,53]
	[942,58]
	[996,58]
	[954,46]
	[1008,45]
	[966,50]
	[1020,53]
	[978,45]
	[984,53]
	[1032,46]
	[990,50]
	[1044,74]
	[1002,52]
	[1056,59]
	[1014,56]
	[1068,56]
	[1026,59]
	[1080,49]
	[1038,53]
	[1092,62]
	[1050,49]
	[1104,66]
	[1062,54]
	[1116,58]
	[1074,53]
	[1128,59]
	[1086,49]
	[1140,57]
	[1098,43]
	[1152,52]
	[1110,61]
	[1164,49]
	[1122,54]
	[1176,68]
	[1134,44]
	[1188,68]
	[1146,50]
	[1200,79]
	[1158,66]
	[1212,69]
	[1170,54]
	[1224,65]
	[1182,70]
	[1236,67]
	[1194,68]
	[1248,63]
	[1206,43]
	[1260,67]
	[1218,59]
	[1272,63]
	[1230,63]
	[1284,63]
	[1242,53]
	[1296,73]
	[1254,63]
	[1308,53]
	[1266,66]
	[1320,71]
	[1278,54]
	[1332,70]
	[1290,49]
	[1344,72]
	[1302,62]
	[1356,71]
	[1314,60]
	[1368,76]
	[1326,62]
	[1380,62]
	[1338,60]
	[1392,67]
	[1350,86]
	[1404,82]
	[1362,84]
	[1416,78]
	[1374,73]
	[1428,81]
	[1386,74]
	[1440,77]
	[1398,66]
	[1452,78]
	[1410,81]
	[1464,73]
	[1422,61]
	[1476,66]
	[1434,59]
	[1488,77]
	[1446,65]
	[1500,80]
	[1458,86]
	[1512,86]
	[1470,91]
	[1524,71]
	[1482,88]
	[1536,98]
	[1494,81]
	[1548,84]
	[1506,80]
	[1560,65]
	[1518,71]
	[1572,89]
	[1530,74]
	[1584,91]
	[1542,87]
	[1596,67]
	[1554,73]
	[1608,81]
	[1566,93]
	[1620,71]
	[1578,83]
	[1632,87]
	[1590,72]
	[1644,71]
	[1602,84]
	[1656,80]
	[1614,63]
	[1668,88]
	[1626,79]
	[1680,85]
	[1638,92]
	[1692,90]
	[1650,107]
	[1704,88]
	[1662,83]
	[1716,93]
	[1674,81]
	[1728,81]
	[1686,79]
	[1740,80]
	[1698,91]
	[1752,94]
	[1710,88]
	[1764,77]
	[1722,93]
	[1776,89]
	[1734,82]
	[1788,107]
	[1746,83]
	[1800,96]
	[1758,82]
	[1812,94]
	[1770,99]
	[1824,118]
	[1782,84]
	[1836,95]
	[1794,86]
	[1848,85]
	[1806,102]
	[1860,80]
	[1818,84]
	[1872,85]
	[1830,95]
	[1884,92]
	[1842,99]
	[1896,76]
	[1854,95]
	[1908,107]
	[1866,88]
	[1920,95]
	[1878,94]
	[1932,93]
	[1890,117]
	[1944,95]
	[1902,95]
	[1956,100]
	[1914,90]
	[1968,102]
	[1926,97]
	[1980,98]
	[1938,95]
	[1950,76]
	[2004,95]
	[1962,123]
	[2016,111]
	[1974,109]
	[2028,108]
	[1986,93]
	[1992,99]
	[2040,102]
	[1998,89]
	[2052,115]
	[2010,101]
	[2064,105]
	[2022,113]
	[2076,105]
	[2034,104]
	[2088,113]
	[2046,111]
	[2100,111]
	[2058,105]
	[2112,108]
	[2070,88]
	[2124,115]
	[2082,102]
	[2136,94]
	[2094,95]
	[2148,109]
	[2106,108]
	[2160,104]
	[2118,112]
	[2172,114]
	[2130,93]
	[2184,105]
	[2142,93]
	[2196,108]
	[2154,102]
	[2208,120]
	[2166,95]
	[2220,112]
	[2178,120]
	[2232,96]
	[2190,97]
	[2244,115]
	[2202,95]
	[2256,90]
	[2214,116]
	[2268,123]
	[2226,106]
	[2280,122]
	[2238,112]
	[2292,101]
	[2250,115]
	[2304,111]
	[2262,106]
	[2316,115]
	[2274,117]
	[2328,108]
	[2286,103]
	[2340,90]
	[2298,109]
	[2352,102]
	[2310,118]
	[2364,128]
	[2322,113]
	[2376,120]
	[2334,117]
	[2388,136]
	[2346,101]
	[2400,135]
	[2358,84]
	[2412,123]
	[2370,106]
	[2424,132]
	[2382,117]
	[2436,116]
	[2394,115]
	[2448,118]
	[2406,127]
	[2460,115]
	[2418,130]
	[2472,121]
	[2430,124]
	[2484,126]
	[2442,100]
	[2496,135]
	[2454,126]
	[2508,123]
	[2466,122]
	[2520,133]
	[2478,126]
	[2532,112]
	[2490,128]
	[2544,117]
	[2502,123]
	[2556,139]
	[2514,135]
	[2568,147]
	[2526,122]
	[2580,134]
	[2538,139]
	[2592,135]
	[2550,128]
	[2604,112]
	[2562,121]
	[2616,113]
	[2574,149]
	[2628,125]
	[2586,121]
	[2640,138]
	[2598,136]
	[2652,141]
	[2610,118]
	[2664,126]
	[2622,122]
	[2676,126]
	[2634,131]
	[2688,137]
	[2646,117]
	[2700,140]
	[2658,119]
	[2712,135]
	[2670,126]
	[2724,142]
	[2682,125]
	[2736,132]
	[2694,131]
	[2748,128]
	[2706,120]
	[2760,142]
	[2718,132]
	[2772,146]
	[2730,149]
	[2784,135]
	[2742,149]
	[2796,136]
	[2754,130]
	[2808,132]
	[2766,153]
	[2820,145]
	[2778,143]
	[2832,138]
	[2790,141]
	[2844,153]
	[2802,137]
	[2856,156]
	[2814,132]
	[2868,151]
	[2826,135]
	[2880,144]
	[2838,122]
	[2892,144]
	[2850,137]
	[2904,127]
	[2862,135]
	[2916,139]
	[2874,134]
	[2928,148]
	[2886,149]
	[2940,145]
	[2898,144]
	[2952,136]
	[2910,136]
	[2964,154]
	[2922,156]
	[2976,132]
	[2934,143]
	[2988,157]
	[2946,146]
	[3000,140]
	[2958,138]
	[3012,143]
	[2970,120]
	[3024,141]
	[2982,157]
	[3036,163]
	[2994,158]
	[3048,164]
	[3006,156]
	[3060,159]
	[3018,175]
	[3072,149]
	[3030,146]
	[3084,149]
	[3042,141]
	[3096,139]
	[3054,174]
	[3108,146]
	[3066,137]
	[3120,134]
	[3078,165]
	[3132,146]
	[3090,163]
	[3144,149]
	[3102,155]
	[3156,148]
	[3114,164]
	[3168,153]
	[3126,154]
	[3180,154]
	[3138,157]
	[3192,160]
	[3150,164]
	[3204,158]
	[3162,163]
	[3216,126]
	[3174,163]
	[3228,132]
	[3186,163]
	[3240,171]
	[3198,175]
	[3252,164]
	[3210,147]
	[3264,154]
	[3222,158]
	[3276,150]
	[3234,165]
	[3288,165]
	[3246,166]
	[3300,165]
	[3258,186]
	[3312,173]
	[3270,170]
	[3324,171]
	[3282,172]
	[3336,145]
	[3294,193]
	[3348,154]
	[3306,180]
	[3360,169]
	[3318,165]
	[3372,180]
	[3330,174]
	[3384,160]
	[3342,173]
	[3396,185]
	[3354,174]
	[3408,164]
	[3366,174]
	[3420,176]
	[3378,151]
	[3432,165]
	[3390,183]
	[3444,164]
	[3402,174]
	[3456,174]
	[3414,162]
	[3468,149]
	[3426,152]
	[3480,194]
	[3438,176]
	[3492,160]
	[3450,167]
	[3504,249]
	[3462,182]
	[3516,167]
	[3474,165]
	[3528,189]
	[3486,158]
	[3540,199]
	[3498,167]
	[3510,169]
	[3564,187]
	[3522,168]
	[3576,190]
	[3534,158]
	[3588,178]
	[3546,168]
	[3552,169]
	[3600,170]
	[3558,165]
	[3612,163]
	[3570,187]
	[3624,168]
	[3582,203]
	[3636,166]
	[3594,190]
	[3648,180]
	[3606,184]
	[3660,185]
	[3618,179]
	[3672,167]
	[3630,188]
	[3684,195]
	[3642,181]
	[3696,180]
	[3654,177]
	[3708,196]
	[3666,179]
	[3720,202]
	[3678,164]
	[3732,194]
	[3690,171]
	[3744,199]
	[3702,187]
	[3756,203]
	[3714,168]
	[3768,184]
	[3726,170]
	[3780,171]
	[3738,180]
	[3792,188]
	[3750,180]
	[3804,193]
	[3762,208]
	[3816,195]
	[3774,209]
	[3828,196]
	[3786,156]
	[3840,194]
	[3798,183]
	[3852,197]
	[3810,173]
	[3864,222]
	[3822,171]
	[3876,177]
	[3834,167]
	[3888,189]
	[3846,193]
	[3900,206]
	[3858,199]
	[3912,186]
	[3870,182]
	[3924,212]
	[3882,186]
	[3936,187]
	[3894,173]
	[3948,199]
	[3906,173]
	[3960,203]
	[3918,215]
	[3972,221]
	[3930,174]
	[3984,196]
	[3942,200]
	[3996,188]
	[3954,203]
	[4008,207]
	[3966,201]
	[4020,186]
	[3978,184]
	[4032,227]
	[3990,192]
	[4044,208]
	[4002,194]
	[4056,192]
	[4014,189]
	[4068,169]
	[4026,201]
	[4080,196]
	[4038,185]
	[4092,223]
	[4050,163]
	[4104,203]
	[4062,202]
	[4116,205]
	[4074,188]
	[4128,213]
	[4086,201]
	[4140,204]
	[4098,221]
	[4152,216]
	[4110,175]
	[4164,213]
	[4122,212]
	[4176,206]
	[4134,180]
	[4188,211]
	[4146,217]
	[4200,228]
	[4158,199]
	[4212,202]
	[4170,180]
	[4224,225]
	[4182,216]
	[4236,219]
	[4194,204]
	[4248,220]
	[4206,194]
	[4260,219]
	[4218,209]
	[4272,195]
	[4230,214]
	[4242,206]
	[4296,233]
	[4254,191]
	[4308,210]
	[4266,217]
	[4320,218]
	[4278,207]
	[4284,212]
	[4332,228]
	[4290,212]
	[4344,203]
	[4302,204]
	[4356,217]
	[4314,200]
	[4368,207]
	[4326,239]
	[4380,212]
	[4338,220]
	[4392,210]
	[4350,207]
	[4404,214]
	[4362,200]
	[4416,217]
	[4374,221]
	[4428,225]
	[4386,206]
	[4440,220]
	[4398,212]
	[4452,232]
	[4410,202]
	[4464,220]
	[4422,231]
	[4476,246]
	[4434,228]
	[4488,245]
	[4446,247]
	[4500,215]
	[4458,218]
	[4512,248]
	[4470,200]
	[4524,212]
	[4482,209]
	[4536,235]
	[4494,193]
	[4548,255]
	[4506,219]
	[4560,235]
	[4518,216]
	[4572,235]
	[4530,244]
	[4584,260]
	[4542,246]
	[4596,236]
	[4554,245]
	[4608,218]
	[4566,233]
	[4620,241]
	[4578,224]
	[4632,228]
	[4590,226]
	[4644,233]
	[4602,238]
	[4656,238]
	[4614,224]
	[4668,209]
	[4626,257]
	[4680,237]
	[4638,228]
	[4692,332]
	[4650,236]
	[4704,224]
	[4662,222]
	[4716,237]
	[4674,224]
	[4728,225]
	[4686,228]
	[4740,229]
	[4698,236]
	[4752,230]
	[4710,225]
	[4764,219]
	[4722,253]
	[4776,249]
	[4734,244]
	[4788,230]
	[4746,245]
	[4800,226]
	[4758,248]
	[4812,249]
	[4770,213]
	[4824,221]
	[4782,234]
	[4836,247]
	[4794,257]
	[4848,239]
	[4806,200]
	[4860,238]
	[4818,239]
	[4872,266]
	[4830,251]
	[4884,260]
	[4842,226]
	[4854,234]
	[4908,277]
	[4866,226]
	[4920,230]
	[4878,247]
	[4932,230]
	[4890,252]
	[4896,245]
	[4944,240]
	[4902,233]
	[4956,257]
	[4914,249]
	[4968,261]
	[4926,229]
	[4980,239]
	[4938,233]
	[4992,236]
	[4950,251]
	[5004,236]
	[4962,241]
	[5016,303]
	[4974,230]
	[5028,255]
	[4986,240]
	[5040,246]
	[4998,273]
	[5052,227]
	[5010,247]
	[5022,235]
	[5076,241]
	[5034,240]
	[5088,238]
	[5046,251]
	[5100,243]
	[5058,248]
	[5064,251]
	[5112,279]
	[5070,239]
	[5124,255]
	[5082,252]
	[5136,244]
	[5094,250]
	[5148,275]
	[5106,235]
	[5160,258]
	[5118,223]
	[5172,274]
	[5130,254]
	[5184,261]
	[5142,260]
	[5196,274]
	[5154,251]
	[5208,241]
	[5166,249]
	[5220,253]
	[5178,253]
	[5232,259]
	[5190,266]
	[5244,272]
	[5202,254]
	[5256,276]
	[5214,273]
	[5268,266]
	[5226,245]
	[5280,308]
	[5238,252]
	[5292,250]
	[5250,266]
	[5304,262]
	[5262,266]
	[5316,254]
	[5274,265]
	[5328,282]
	[5286,272]
	[5340,253]
	[5298,258]
	[5352,282]
	[5310,276]
	[5364,309]
	[5322,259]
	[5376,271]
	[5334,260]
	[5388,283]
	[5346,250]
	[5400,251]
	[5358,253]
	[5412,254]
	[5370,272]
	[5424,246]
	[5382,281]
	[5436,268]
	[5394,282]
	[5448,255]
	[5406,286]
	[5460,282]
	[5418,259]
	[5472,262]
	[5430,247]
	[5484,275]
	[5442,265]
	[5496,271]
	[5454,266]
	[5508,260]
	[5466,289]
	[5520,273]
	[5478,261]
	[5532,273]
	[5490,252]
	[5544,255]
	[5502,249]
	[5556,283]
	[5514,274]
	[5568,291]
	[5526,269]
	[5580,287]
	[5538,269]
	[5592,273]
	[5550,267]
	[5604,269]
	[5562,270]
	[5616,277]
	[5574,272]
	[5628,275]
	[5586,280]
	[5640,276]
	[5598,260]
	[5652,287]
	[5610,274]
	[5664,291]
	[5622,276]
	[5676,296]
	[5634,257]
	[5688,260]
	[5646,274]
	[5700,261]
	[5658,276]
	[5712,265]
	[5670,284]
	[5724,293]
	[5682,297]
	[5736,322]
	[5694,261]
	[5748,293]
	[5706,269]
	[5760,289]
	[5718,286]
	[5772,289]
	[5730,296]
	[5784,285]
	[5742,278]
	[5796,300]
	[5754,286]
	[5808,278]
	[5766,254]
	[5820,281]
	[5778,270]
	[5832,303]
	[5790,283]
	[5844,281]
	[5802,284]
	[5856,283]
	[5814,271]
	[5868,265]
	[5826,274]
	[5880,292]
	[5838,287]
	[5892,289]
	[5850,288]
	[5904,290]
	[5862,279]
	[5916,3]
	[5874,297]
	[5928,3]
	[5886,280]
	[5940,3]
	[5898,253]
	[5952,4]

len(carl_order):
29
Printing carl assignment order:
1692,1,1.0
1636,1,1.0
1660,2,0.46894995903552783
1632,4,0.25
1684,4,0.23532838983050847
1628,6,0.16666666666666666
1688,4,0.002991541159480091
1688,5956,0.00033576012275378863
1728,5997,0.0002932751957601929
1660,5952,0.0002549739224136503
1652,5997,0.00022735037705154932
1656,5998,0.0002271564814630627
1684,6760,1.0694798264020346e-06
1684,13390,5.484711367064308e-07
1684,72478,2.47531584101888e-07
1684,655306,1.365620237399422e-07
1728,682205,1.3140611230932194e-07
1684,723910,1.1718175077035283e-07
1728,833531,1.0374121422140585e-07
1684,823450,8.139739796937911e-08
1684,977368,2.651822823231347e-08
1652,788375,1.3675405235591924e-08
1652,852077,1.2884523013252488e-08
1656,709206,1.2838534009729558e-08
1656,852366,1.1750104023815985e-08
1656,977364,3.326057300274113e-10
1652,977651,3.3252013959267286e-10
1652,1025885,1.442876777198649e-10
1656,1025790,1.43093187089074e-10
bin_width: 720239998
assigning lease 1 to address 1692
Average Cache Occupancy Per Bin: [0.00,0.00,0.00,0.00,0.00]
Total cost: 525056.0
assigning lease 1 to address 1636
Average Cache Occupancy Per Bin: [0.16,0.16,0.16,0.16,0.16]
Total cost: 119831040.0
assigning lease 2 to address 1660
Average Cache Occupancy Per Bin: [0.49,0.49,0.49,0.49,0.49]
Total cost: 358009856.0
assigning lease 4 to address 1632
Average Cache Occupancy Per Bin: [1.15,1.16,1.16,1.16,1.16]
Total cost: 834415616.0
assigning lease 4 to address 1684
Average Cache Occupancy Per Bin: [1.16,1.16,1.16,1.16,1.16]
Total cost: 836638720.0
assigning lease 6 to address 1628
Average Cache Occupancy Per Bin: [2.15,2.15,2.15,2.15,2.15]
Total cost: 1551165952.0
assigning lease 4 to address 1688
Average Cache Occupancy Per Bin: [2.15,2.15,2.15,2.15,2.15]
Total cost: 1553399296.0
assigning lease 5956 to address 1688
Average Cache Occupancy Per Bin: [3.18,3.22,3.16,3.11,3.16]
Total cost: 2294906368.0
assigning lease 5997 to address 1728
Average Cache Occupancy Per Bin: [4.37,4.25,4.18,4.13,4.22]
Total cost: 3149383168.0
assigning lease 5952 to address 1660
Average Cache Occupancy Per Bin: [21.6,36.9,46.9,55.4,61.8]
Total cost: 15607126528.0
addr: 1652 ri: 5997
bin target: 92190719744
	bin: 0.0 current capacity: 21.66934156855865  avg impact: 339.8353454288441
	bin: 1.0 current capacity: 36.91799454881149  avg impact: 570.3871663956103
	bin: 2.0 current capacity: 46.973749147433494  avg impact: 720.3572098643708
	bin: 3.0 current capacity: 55.487463799532  avg impact: 842.3311047715514
	bin: 4.0 current capacity: 61.882770981569394  avg impact: 946.7321340517942
num_full_bins: 0
printing bin ranks sorted:
	bin: 4.0 rank: 0.0698373136818164
	selecting this^ bin
	bin: 3.0 rank: 0.08608554971994549
	bin: 2.0 rank: 0.11248065507364349
	bin: 1.0 rank: 0.15968452801410976
	bin: 0.0 rank: 0.3128887558687012
acceptable_ratio: 0.0698373136818164
Assigning 1652 dual lease lease 5997 * 0.0698373136818164. Bin saturation: [45.4,76.7,97.2,114.,128.]
addr: 1656 ri: 5998
bin target: 92190719744
	bin: 0.0 current capacity: 45.40252918744127  avg impact: 339.7941993218766
	bin: 1.0 current capacity: 76.75230200846413  avg impact: 570.1869888542346
	bin: 2.0 current capacity: 97.2815615756896  avg impact: 719.5102999875328
	bin: 3.0 current capacity: 114.31360538741379  avg impact: 843.3058358638949
	bin: 4.0 current capacity: 128.0  avg impact: 946.6570248657587
num_full_bins: 1
printing bin ranks sorted:
	bin: 4.0 rank: 0.0
	bin: 3.0 rank: 0.016229455590765197
	bin: 2.0 rank: 0.04269353534597445
	bin: 1.0 rank: 0.08987875730822242
	bin: 0.0 rank: 0.24308087359171393
acceptable_ratio: 0
addr: 1684 ri: 6760
bin target: 92190719744
	bin: 4.0 current capacity: 128.0  avg impact: 0.06963865397544888
num_full_bins: 1
printing bin ranks sorted:
	bin: 4.0 rank: 0.0
acceptable_ratio: 0
addr: 1684 ri: 13390
bin target: 92190719744
	bin: 4.0 current capacity: 128.0  avg impact: 0.1379785408696505
num_full_bins: 1
printing bin ranks sorted:
	bin: 4.0 rank: 0.0
acceptable_ratio: 0
addr: 1684 ri: 72478
bin target: 92190719744
	bin: 4.0 current capacity: 128.0  avg impact: 0.7470384559231324
num_full_bins: 1
printing bin ranks sorted:
	bin: 4.0 rank: 0.0
acceptable_ratio: 0
addr: 1684 ri: 655306
bin target: 92190719744
	bin: 4.0 current capacity: 128.0  avg impact: 6.7546402053611025
num_full_bins: 1
printing bin ranks sorted:
	bin: 4.0 rank: 0.0
acceptable_ratio: 0
addr: 1728 ri: 682205
bin target: 92190719744
	bin: 4.0 current capacity: 128.0  avg impact: 6.970132464095669
num_full_bins: 1
printing bin ranks sorted:
	bin: 4.0 rank: 0.0
acceptable_ratio: 0
addr: 1684 ri: 723910
bin target: 92190719744
	bin: 4.0 current capacity: 128.0  avg impact: 7.461787958074497
num_full_bins: 1
printing bin ranks sorted:
	bin: 4.0 rank: 0.0
acceptable_ratio: 0
addr: 1728 ri: 833531
bin target: 92190719744
	bin: 4.0 current capacity: 128.0  avg impact: 8.529951728673641
num_full_bins: 1
printing bin ranks sorted:
	bin: 4.0 rank: 0.0
acceptable_ratio: 0
addr: 1684 ri: 823450
bin target: 92190719744
	bin: 4.0 current capacity: 128.0  avg impact: 8.487813952259842
num_full_bins: 1
printing bin ranks sorted:
	bin: 4.0 rank: 0.0
acceptable_ratio: 0
addr: 1684 ri: 977368
bin target: 92190719744
	bin: 3.0 current capacity: 114.31360538741379  avg impact: 15.285221768536104
	bin: 4.0 current capacity: 128.0  avg impact: 10.074350711080614
num_full_bins: 1
printing bin ranks sorted:
	bin: 4.0 rank: 0.0
	bin: 3.0 rank: 0.8954004606435606
acceptable_ratio: 0
addr: 1652 ri: 788375
bin target: 92190719744
	bin: 0.0 current capacity: 45.40252918744127  avg impact: 8205.039541166943
	bin: 1.0 current capacity: 76.75230200846413  avg impact: 8597.343881343286
	bin: 2.0 current capacity: 97.2815615756896  avg impact: 8833.52063126047
	bin: 3.0 current capacity: 114.31360538741379  avg impact: 8964.115196812494
	bin: 4.0 current capacity: 128.0  avg impact: 9079.639672086081
num_full_bins: 1
printing bin ranks sorted:
	bin: 4.0 rank: 0.0
	bin: 3.0 rank: 0.0015267981626845767
	bin: 2.0 rank: 0.003477485331907482
	bin: 1.0 rank: 0.005960875672630268
	bin: 0.0 rank: 0.0100666755349739
acceptable_ratio: 0
addr: 1652 ri: 852077
bin target: 92190719744
	bin: 0.0 current capacity: 45.40252918744127  avg impact: 8822.611899829535
	bin: 1.0 current capacity: 76.75230200846413  avg impact: 9250.906732874893
	bin: 2.0 current capacity: 97.2815615756896  avg impact: 9494.102519132795
	bin: 3.0 current capacity: 114.31360538741379  avg impact: 9625.398988318891
	bin: 4.0 current capacity: 128.0  avg impact: 9741.829145700958
num_full_bins: 1
printing bin ranks sorted:
	bin: 4.0 rank: 0.0
	bin: 3.0 rank: 0.0014219041339684334
	bin: 2.0 rank: 0.003235528409600139
	bin: 1.0 rank: 0.005539748639927071
	bin: 0.0 rank: 0.00936202019882056
acceptable_ratio: 0
addr: 1656 ri: 709206
bin target: 92190719744
	bin: 0.0 current capacity: 45.40252918744127  avg impact: 7522.709347824918
	bin: 1.0 current capacity: 76.75230200846413  avg impact: 7815.377384092462
	bin: 2.0 current capacity: 97.2815615756896  avg impact: 8025.937513345378
	bin: 3.0 current capacity: 114.31360538741379  avg impact: 8175.227561255214
	bin: 4.0 current capacity: 128.0  avg impact: 8230.839026743417
num_full_bins: 1
printing bin ranks sorted:
	bin: 4.0 rank: 0.0
	bin: 3.0 rank: 0.0016741301095335892
	bin: 2.0 rank: 0.0038273956622802466
	bin: 1.0 rank: 0.006557290259053417
	bin: 0.0 rank: 0.010979750378956299
acceptable_ratio: 0
addr: 1656 ri: 852366
bin target: 92190719744
	bin: 0.0 current capacity: 45.40252918744127  avg impact: 8935.38285737916
	bin: 1.0 current capacity: 76.75230200846413  avg impact: 9290.362675759088
	bin: 2.0 current capacity: 97.2815615756896  avg impact: 9513.389476156251
	bin: 3.0 current capacity: 114.31360538741379  avg impact: 9667.869730011857
	bin: 4.0 current capacity: 128.0  avg impact: 9713.762280444747
num_full_bins: 1
printing bin ranks sorted:
	bin: 4.0 rank: 0.0
	bin: 3.0 rank: 0.0014156577399982637
	bin: 2.0 rank: 0.0032289688655448333
	bin: 1.0 rank: 0.005516221463049459
	bin: 0.0 rank: 0.009243864771205274
acceptable_ratio: 0
addr: 1656 ri: 977364
bin target: 92190719744
	bin: 0.0 current capacity: 45.40252918744127  avg impact: 10162.56843786118
	bin: 1.0 current capacity: 76.75230200846413  avg impact: 10578.223890398267
	bin: 2.0 current capacity: 97.2815615756896  avg impact: 10812.135777130223
	bin: 3.0 current capacity: 114.31360538741379  avg impact: 10971.147781215006
	bin: 4.0 current capacity: 128.0  avg impact: 11008.55440719914
num_full_bins: 1
printing bin ranks sorted:
	bin: 4.0 rank: 0.0
	bin: 3.0 rank: 0.0012474897691215404
	bin: 2.0 rank: 0.0028411073498804834
	bin: 1.0 rank: 0.004844641077984068
	bin: 0.0 rank: 0.00812761767043433
acceptable_ratio: 0
addr: 1652 ri: 977651
bin target: 92190719744
	bin: 0.0 current capacity: 45.40252918744127  avg impact: 10036.661777775913
	bin: 1.0 current capacity: 76.75230200846413  avg impact: 10539.257200964283
	bin: 2.0 current capacity: 97.2815615756896  avg impact: 10796.289420449542
	bin: 3.0 current capacity: 114.31360538741379  avg impact: 10928.969532958374
	bin: 4.0 current capacity: 128.0  avg impact: 11047.185036563325
num_full_bins: 1
printing bin ranks sorted:
	bin: 4.0 rank: 0.0
	bin: 3.0 rank: 0.0012523042150783107
	bin: 2.0 rank: 0.0028452774122677544
	bin: 1.0 rank: 0.004862553120617173
	bin: 0.0 rank: 0.008229575992632686
acceptable_ratio: 0
addr: 1652 ri: 1025885
bin target: 92190719744
	bin: 0.0 current capacity: 45.40252918744127  avg impact: 10502.896991333158
	bin: 1.0 current capacity: 76.75230200846413  avg impact: 11034.123148356446
	bin: 2.0 current capacity: 97.2815615756896  avg impact: 11296.470054960762
	bin: 3.0 current capacity: 114.31360538741379  avg impact: 11429.6816361815
	bin: 4.0 current capacity: 128.0  avg impact: 11548.582905866331
num_full_bins: 1
printing bin ranks sorted:
	bin: 4.0 rank: 0.0
	bin: 3.0 rank: 0.0011974432051773793
	bin: 2.0 rank: 0.0027192953440194913
	bin: 1.0 rank: 0.004644473992405035
	bin: 0.0 rank: 0.007864256012480841
acceptable_ratio: 0
addr: 1656 ri: 1025790
bin target: 92190719744
	bin: 0.0 current capacity: 45.40252918744127  avg impact: 10637.905963473026
	bin: 1.0 current capacity: 76.75230200846413  avg impact: 11077.159610810728
	bin: 2.0 current capacity: 97.2815615756896  avg impact: 11315.288534542065
	bin: 3.0 current capacity: 114.31360538741379  avg impact: 11476.056203010265
	bin: 4.0 current capacity: 128.0  avg impact: 11510.175261374474
num_full_bins: 1
printing bin ranks sorted:
	bin: 4.0 rank: 0.0
	bin: 3.0 rank: 0.0011926043555795897
	bin: 2.0 rank: 0.0027147728783527302
	bin: 1.0 rank: 0.004626429499266293
	bin: 0.0 rank: 0.007764448294257398
acceptable_ratio: 0
Final saturation:
	0.0,32700717531.15764
	1.0,55280077845.071594
	2.0,70066071714.71155
	3.0,82333230915.6037
	4.0,92190719744.0
DUMP LEASES
0, 6c0, 176d, 0, 1 
0, 694, 4, 0, 1 
0, 698, 1744, 0, 1 
0, 69c, 1, 0, 1 
0, 674, 1, 176d, 0.9301626863181836 
0, 664, 1, 0, 1 
0, 660, 4, 0, 1 
0, 65c, 6, 0, 1 
0, 678, 1, 0, 1 
0, 67c, 1740, 0, 1 
Dump dual leases

