sample rate: 0.00390625
1512,
	[3,2326346]
	[1,4762]

1492,
	[2999,4693]
	[2996,4655]
	[2993,4655]
	[2990,4674]
	[2987,4651]
	[2984,4636]
	[2981,4632]
	[2978,4615]
	[2975,4635]
	[-4370,123]
	[2972,4629]
	[2969,4636]
	[2966,4608]
	[2963,4620]
	[2960,4629]
	[2957,4544]
	[2954,4613]
	[2951,4629]
	[2948,4573]
	[2945,4568]
	[2942,4580]
	[2939,4556]
	[2936,4566]
	[2933,4543]
	[2930,4537]
	[2927,4536]
	[2924,4545]
	[2921,4545]
	[2918,4530]
	[2915,4547]
	[2912,4541]
	[2909,4567]
	[2906,4490]
	[2903,4504]
	[2900,4499]
	[2897,4510]
	[2894,4488]
	[2891,4497]
	[2888,4498]
	[2885,4462]
	[2882,4497]
	[2879,4486]
	[2876,4478]
	[2873,4484]
	[2870,4452]
	[2867,4474]
	[2864,4462]
	[2861,4498]
	[2858,4296]
	[2855,4391]
	[2852,4288]
	[2849,4469]
	[2846,4395]
	[2843,4443]
	[2840,4429]
	[2837,4392]
	[2834,4396]
	[2831,4408]
	[2828,4417]
	[2825,4406]
	[2822,4370]
	[2819,4376]
	[2816,4382]
	[2813,4372]
	[2810,4380]
	[2807,4374]
	[2804,4354]
	[2801,4365]
	[2798,4358]
	[2795,4357]
	[2792,4360]
	[2789,4352]
	[2786,4350]
	[2783,4306]
	[2780,4315]
	[2777,4341]
	[2774,4313]
	[2771,4316]
	[2768,4320]
	[2765,4197]
	[2762,4298]
	[2759,4286]
	[2756,4267]
	[2753,4254]
	[2750,4257]
	[2747,4282]
	[2744,4277]
	[2741,4278]
	[2738,4256]
	[2735,4239]
	[2732,4237]
	[2729,4248]
	[2726,4265]
	[2723,4223]
	[2720,4240]
	[2717,4216]
	[2714,4165]
	[2711,4214]
	[2708,4207]
	[2705,4204]
	[2702,4196]
	[2699,4200]
	[2696,4175]
	[2693,4187]
	[2690,4242]
	[2687,4175]
	[2684,4084]
	[2681,4299]
	[2678,4235]
	[2675,4140]
	[2672,4166]
	[2669,4110]
	[2666,4135]
	[2663,4130]
	[2660,4135]
	[2657,4191]
	[2654,4123]
	[2651,4129]
	[2648,4162]
	[2645,4096]
	[2642,4139]
	[2639,4136]
	[2636,4110]
	[2633,4070]
	[2630,4137]
	[2627,4087]
	[2624,4089]
	[2621,4122]
	[2618,4073]
	[2615,4085]
	[2612,4059]
	[2609,4059]
	[2606,4039]
	[2603,4028]
	[2600,3935]
	[2597,4038]
	[2594,4034]
	[2591,4029]
	[2588,4041]
	[2585,4069]
	[2582,4019]
	[2579,4008]
	[2576,3997]
	[2573,4006]
	[2570,4054]
	[2567,3991]
	[2564,3975]
	[2561,3973]
	[2558,3967]
	[2555,3927]
	[2552,3978]
	[2549,3984]
	[2546,3974]
	[2543,3949]
	[2540,3943]
	[2537,3959]
	[2534,3882]
	[2531,3959]
	[2528,3946]
	[2525,4048]
	[2522,3842]
	[2519,3910]
	[2516,3959]
	[2513,3906]
	[2510,3883]
	[2507,3912]
	[2504,3899]
	[2501,3875]
	[2498,3905]
	[2495,3848]
	[2492,3902]
	[2489,3952]
	[2486,3867]
	[2483,3859]
	[2480,3868]
	[2477,3839]
	[2474,3851]
	[2471,3832]
	[2468,3830]
	[2465,3853]
	[2462,3833]
	[2459,3821]
	[2456,3826]
	[2453,3781]
	[2450,3822]
	[2447,3818]
	[2444,3800]
	[2441,3817]
	[2438,3787]
	[2435,3783]
	[2432,3777]
	[2429,3784]
	[2426,3767]
	[2423,3790]
	[2420,3835]
	[2417,3750]
	[2414,3757]
	[2411,3732]
	[2408,3759]
	[2405,3729]
	[2402,3742]
	[2399,3732]
	[2396,3717]
	[2393,3749]
	[2390,3677]
	[2387,3759]
	[2384,3697]
	[2381,3722]
	[2378,3679]
	[2375,3694]
	[2372,3678]
	[2369,3638]
	[2366,3697]
	[2363,3672]
	[2360,3677]
	[2357,3662]
	[2354,3650]
	[2351,3640]
	[2348,3651]
	[2345,3641]
	[2342,3631]
	[2339,3636]
	[2336,3613]
	[2333,3593]
	[2330,3623]
	[2327,3622]
	[2324,3634]
	[2321,3616]
	[2318,3585]
	[2315,3607]
	[2312,3618]
	[2309,3601]
	[2306,3569]
	[2303,3603]
	[2300,3585]
	[2297,3577]
	[2294,3605]
	[2291,3551]
	[2288,3529]
	[2285,3564]
	[2282,3529]
	[2279,3548]
	[2276,3513]
	[2273,3490]
	[2270,3534]
	[2267,3739]
	[2264,3751]
	[2261,3654]
	[2258,3483]
	[2255,3515]
	[2252,3497]
	[2249,3495]
	[2246,3497]
	[2243,3492]
	[2240,3492]
	[2237,3474]
	[2234,3483]
	[2231,3446]
	[2228,3466]
	[2225,3460]
	[2222,3470]
	[2219,3427]
	[2216,3454]
	[2213,3448]
	[2210,3431]
	[2207,3526]
	[2204,3433]
	[2201,3439]
	[2198,3408]
	[2195,3418]
	[2192,3392]
	[2189,3414]
	[2186,3426]
	[2183,3405]
	[2180,3414]
	[2177,3382]
	[2174,3354]
	[2171,3382]
	[2168,3377]
	[2165,3368]
	[2162,3333]
	[2159,3391]
	[2156,3205]
	[2153,3401]
	[2150,3159]
	[2147,3355]
	[2144,3356]
	[2141,3312]
	[2138,3308]
	[2135,3303]
	[2132,3281]
	[2129,3313]
	[2126,3320]
	[2123,3331]
	[2120,3288]
	[2117,3297]
	[2114,3297]
	[2111,3283]
	[2108,3290]
	[2105,3298]
	[2102,3245]
	[2099,3289]
	[2096,3249]
	[2093,3258]
	[2090,3260]
	[2087,3238]
	[2084,3248]
	[2081,3219]
	[2078,3261]
	[2075,3233]
	[2072,3215]
	[2069,3201]
	[2066,3233]
	[2063,3215]
	[2060,3189]
	[2057,3171]
	[2054,3294]
	[2051,3240]
	[2048,3167]
	[2045,3193]
	[2042,3165]
	[2039,3168]
	[2036,3168]
	[2033,3171]
	[2030,3181]
	[2027,3153]
	[2024,3139]
	[2021,3148]
	[2018,3143]
	[2015,3113]
	[2012,3146]
	[2009,3113]
	[2006,3139]
	[2003,3126]
	[2000,3105]
	[1997,3099]
	[1994,3086]
	[1991,3085]
	[1988,3122]
	[1985,3081]
	[1982,3126]
	[1979,3082]
	[1976,3068]
	[1973,3074]
	[1970,3064]
	[1967,3022]
	[1964,3046]
	[1961,3053]
	[1958,2973]
	[1955,3020]
	[1952,3052]
	[1949,3007]
	[1946,3028]
	[1943,2993]
	[1940,3021]
	[1937,2999]
	[1934,3004]
	[1931,3005]
	[1928,2969]
	[1925,2961]
	[1922,2987]
	[1919,2997]
	[1916,3001]
	[1913,2959]
	[1910,2983]
	[1907,2983]
	[1904,2959]
	[1901,2960]
	[1898,2961]
	[1895,2936]
	[1892,2965]
	[1889,2924]
	[1886,2946]
	[1883,2946]
	[1880,2920]
	[1877,2852]
	[1874,2913]
	[1871,2926]
	[1868,2880]
	[1865,2912]
	[1862,2908]
	[1859,2892]
	[1856,2931]
	[1853,2846]
	[1850,2876]
	[1847,2859]
	[1844,2859]
	[1841,2863]
	[1838,2833]
	[1835,2853]
	[1832,2863]
	[1829,2860]
	[1826,2843]
	[1823,2841]
	[1820,2825]
	[1817,2835]
	[1814,2799]
	[1811,2823]
	[1808,2827]
	[1805,2804]
	[1802,2828]
	[1799,2685]
	[1796,2802]
	[1793,2781]
	[1790,2787]
	[1787,2788]
	[1784,2793]
	[1781,2729]
	[1778,2738]
	[1775,2761]
	[1772,2743]
	[1769,2771]
	[1766,2756]
	[1763,2651]
	[1760,2741]
	[1757,2723]
	[1754,2744]
	[1751,2714]
	[1748,2701]
	[1745,2732]
	[1742,2720]
	[1739,2663]
	[1736,2714]
	[1733,2677]
	[1730,2811]
	[1727,2758]
	[1724,2677]
	[1721,2681]
	[1718,2663]
	[1715,2662]
	[1712,2665]
	[1709,2640]
	[1706,2662]
	[1703,2630]
	[1700,2645]
	[1697,2647]
	[1694,2627]
	[1691,2613]
	[1688,2680]
	[1685,2621]
	[1682,2591]
	[1679,2634]
	[1676,2610]
	[1673,2573]
	[1670,2610]
	[1667,2578]
	[1664,2587]
	[1661,2609]
	[1658,2596]
	[1655,2563]
	[1652,2535]
	[1649,2558]
	[1646,2539]
	[1643,2563]
	[1640,2523]
	[1637,2546]
	[1634,2544]
	[1631,2525]
	[1628,2537]
	[1625,2535]
	[1622,2519]
	[1619,2505]
	[1616,2565]
	[1613,2512]
	[1610,2519]
	[1607,2465]
	[1604,2567]
	[1601,2460]
	[1598,2491]
	[1595,2511]
	[1592,2444]
	[1589,2467]
	[1586,2472]
	[1583,2474]
	[1580,2460]
	[1577,2426]
	[1574,2457]
	[1571,2441]
	[1568,2417]
	[1565,2420]
	[1562,2437]
	[1559,2374]
	[1556,2431]
	[1553,2434]
	[1550,2459]
	[1547,2284]
	[1544,2207]
	[1541,2380]
	[1538,2427]
	[1535,2390]
	[1532,2363]
	[1529,2374]
	[1526,2371]
	[1523,2408]
	[1520,2334]
	[1517,2376]
	[1514,2333]
	[1511,2340]
	[1508,2353]
	[1505,2312]
	[1502,2344]
	[1499,2295]
	[1496,2332]
	[1493,2568]
	[1490,2320]
	[1487,2320]
	[1484,2334]
	[1481,2315]
	[1478,2289]
	[1475,2290]
	[1472,2274]
	[1469,2284]
	[1466,2294]
	[1463,2254]
	[1460,2254]
	[1457,2232]
	[1454,2237]
	[1451,2272]
	[1448,2279]
	[1445,2264]
	[1442,2236]
	[1439,2235]
	[1436,2239]
	[1433,2244]
	[1430,2221]
	[1427,2224]
	[1424,2196]
	[1421,2233]
	[1418,2220]
	[1415,2241]
	[1412,2194]
	[1409,2184]
	[1406,2276]
	[1403,2137]
	[1400,2168]
	[1397,2077]
	[1394,2169]
	[1391,2113]
	[1388,2155]
	[1385,2176]
	[1382,2145]
	[1379,2147]
	[1376,2163]
	[1373,2144]
	[1370,2112]
	[1367,2112]
	[1364,2160]
	[1361,2122]
	[1358,2106]
	[1355,2032]
	[1352,2118]
	[1349,2089]
	[1346,2075]
	[1343,2091]
	[1340,2088]
	[1337,2069]
	[1334,2057]
	[1331,2066]
	[1328,2085]
	[1325,2070]
	[1322,2047]
	[1319,2055]
	[1316,2070]
	[1313,1896]
	[1310,2036]
	[1307,2043]
	[1304,2031]
	[1301,2010]
	[1298,2032]
	[1295,2018]
	[1292,2031]
	[1289,1984]
	[1286,2005]
	[1283,1962]
	[1280,2037]
	[1277,1850]
	[1274,1777]
	[1271,1951]
	[1268,2013]
	[1265,1967]
	[1262,1980]
	[1259,1946]
	[1256,1962]
	[1253,1947]
	[1250,1933]
	[1247,1956]
	[1244,1929]
	[1241,1969]
	[1238,1939]
	[1235,1947]
	[1232,1922]
	[1229,1929]
	[1226,1899]
	[1223,1908]
	[1220,1901]
	[1217,1879]
	[1214,1906]
	[1211,1889]
	[1208,1867]
	[1205,1880]
	[1202,1869]
	[1199,1880]
	[1196,1866]
	[1193,1863]
	[1190,1853]
	[1187,1828]
	[1184,1850]
	[1181,1830]
	[1178,1817]
	[1175,1808]
	[1172,1732]
	[1169,1814]
	[1166,1819]
	[1163,1807]
	[1160,1784]
	[1157,1811]
	[1154,1826]
	[1151,1768]
	[1148,1724]
	[1145,1780]
	[1142,1648]
	[1139,1764]
	[1136,1763]
	[1133,1755]
	[1130,1757]
	[1127,1787]
	[1124,1761]
	[1121,1710]
	[1118,1738]
	[1115,1745]
	[1112,1767]
	[1109,1713]
	[1106,1749]
	[1103,1729]
	[1100,1708]
	[1097,1692]
	[1094,1697]
	[1091,1671]
	[1088,1697]
	[1085,1597]
	[1082,1672]
	[1079,1657]
	[1076,1684]
	[1073,1660]
	[1070,1666]
	[1067,1643]
	[1064,1651]
	[1061,1657]
	[1058,1704]
	[1055,1628]
	[1052,1647]
	[1049,1621]
	[1046,1659]
	[1043,1598]
	[1040,1653]
	[1037,1618]
	[1034,1767]
	[1031,1622]
	[1028,1665]
	[1025,1592]
	[1022,1527]
	[1019,1590]
	[1016,1567]
	[1013,1549]
	[1010,1639]
	[1007,1571]
	[1004,1555]
	[1001,1572]
	[998,1542]
	[995,1536]
	[992,1523]
	[989,1475]
	[986,1457]
	[983,1548]
	[980,1523]
	[977,1450]
	[974,1535]
	[971,1518]
	[968,1500]
	[965,1484]
	[962,1490]
	[959,1502]
	[956,1498]
	[953,1460]
	[950,1478]
	[947,1459]
	[944,1505]
	[941,1442]
	[938,1446]
	[935,1436]
	[932,1454]
	[929,1434]
	[926,1412]
	[923,1415]
	[920,1415]
	[917,1431]
	[914,1432]
	[911,1414]
	[908,1427]
	[905,1407]
	[902,1402]
	[899,1397]
	[896,1403]
	[893,1379]
	[890,1359]
	[887,1282]
	[884,1333]
	[881,1361]
	[878,1339]
	[875,1374]
	[872,1349]
	[869,1440]
	[866,1320]
	[863,1337]
	[860,1315]
	[857,1346]
	[854,1374]
	[851,1289]
	[848,1344]
	[845,1325]
	[842,1297]
	[839,1289]
	[836,1327]
	[833,1279]
	[830,1290]
	[827,1296]
	[824,1267]
	[821,1095]
	[818,1229]
	[815,1259]
	[812,1247]
	[809,1281]
	[806,1076]
	[803,1218]
	[800,1228]
	[797,1242]
	[794,1253]
	[791,1175]
	[788,1224]
	[785,1218]
	[782,1230]
	[779,1227]
	[776,1196]
	[773,1194]
	[770,1229]
	[767,1180]
	[764,1190]
	[761,1198]
	[758,1169]
	[755,1172]
	[752,1195]
	[749,1173]
	[746,1164]
	[743,1160]
	[740,1179]
	[737,1176]
	[734,1147]
	[731,1142]
	[728,1128]
	[725,1130]
	[722,1104]
	[719,1084]
	[716,1142]
	[713,1281]
	[710,1111]
	[707,1094]
	[704,1090]
	[701,1086]
	[698,1093]
	[695,1064]
	[692,1071]
	[689,1094]
	[686,1041]
	[683,1075]
	[680,1152]
	[677,1047]
	[674,1043]
	[671,1047]
	[668,1033]
	[665,1068]
	[662,1022]
	[659,1064]
	[656,1025]
	[653,1016]
	[650,966]
	[647,1008]
	[644,998]
	[641,978]
	[638,1004]
	[635,1002]
	[632,912]
	[629,953]
	[626,983]
	[623,991]
	[620,961]
	[617,941]
	[614,891]
	[611,933]
	[608,943]
	[605,851]
	[602,928]
	[599,905]
	[596,909]
	[593,938]
	[590,909]
	[587,907]
	[584,911]
	[581,855]
	[578,883]
	[575,901]
	[572,884]
	[569,865]
	[566,776]
	[563,854]
	[560,865]
	[557,852]
	[554,845]
	[551,833]
	[548,879]
	[545,745]
	[542,823]
	[539,798]
	[536,814]
	[533,845]
	[530,831]
	[527,824]
	[524,780]
	[521,819]
	[518,807]
	[515,812]
	[512,808]
	[509,797]
	[506,778]
	[503,787]
	[500,784]
	[497,745]
	[494,754]
	[491,752]
	[488,768]
	[485,723]
	[482,738]
	[479,761]
	[476,744]
	[473,739]
	[470,723]
	[467,755]
	[464,768]
	[461,719]
	[458,701]
	[455,721]
	[452,703]
	[449,711]
	[446,671]
	[443,719]
	[440,684]
	[437,648]
	[434,683]
	[431,654]
	[428,653]
	[425,667]
	[422,668]
	[419,690]
	[416,629]
	[413,620]
	[410,637]
	[407,627]
	[404,688]
	[401,617]
	[398,636]
	[395,606]
	[392,625]
	[389,602]
	[386,601]
	[383,616]
	[380,593]
	[377,569]
	[374,561]
	[371,562]
	[368,589]
	[365,546]
	[362,555]
	[359,544]
	[356,546]
	[353,540]
	[350,556]
	[347,546]
	[344,524]
	[341,588]
	[338,511]
	[335,529]
	[332,495]
	[329,503]
	[326,508]
	[323,513]
	[320,491]
	[317,486]
	[314,432]
	[311,483]
	[308,446]
	[305,455]
	[302,470]
	[299,505]
	[296,465]
	[293,440]
	[290,450]
	[287,409]
	[284,440]
	[281,421]
	[278,410]
	[275,416]
	[272,426]
	[269,399]
	[266,380]
	[263,402]
	[260,379]
	[257,456]
	[254,444]
	[251,386]
	[248,404]
	[245,363]
	[242,379]
	[239,348]
	[236,378]
	[233,368]
	[230,361]
	[227,358]
	[224,343]
	[221,319]
	[218,341]
	[215,340]
	[212,344]
	[209,311]
	[206,323]
	[203,310]
	[200,295]
	[197,303]
	[194,318]
	[191,272]
	[188,281]
	[185,287]
	[182,282]
	[179,256]
	[176,264]
	[173,259]
	[170,280]
	[167,257]
	[164,231]
	[161,245]
	[158,251]
	[155,268]
	[152,235]
	[149,232]
	[146,220]
	[143,225]
	[140,223]
	[137,219]
	[134,214]
	[131,205]
	[128,178]
	[125,204]
	[122,191]
	[119,180]
	[116,182]
	[113,209]
	[110,173]
	[107,155]
	[104,156]
	[101,133]
	[98,162]
	[95,141]
	[92,138]
	[89,142]
	[86,134]
	[83,129]
	[80,123]
	[77,126]
	[74,114]
	[71,104]
	[68,94]
	[65,83]
	[62,96]
	[59,72]
	[56,87]
	[53,68]
	[50,89]
	[47,79]
	[44,73]
	[41,58]
	[38,51]
	[35,60]
	[32,44]
	[29,40]
	[26,28]
	[23,52]
	[20,26]
	[17,24]
	[14,17]
	[11,13]
	[8,14]
	[5,3]

1496,
	[2999,4338]
	[-4370,139684]
	[2996,4388]
	[2993,4347]
	[2990,4368]
	[2987,4335]
	[2984,4310]
	[2981,4371]
	[2978,4344]
	[2975,4323]
	[2972,4331]
	[2969,4312]
	[2966,4339]
	[2963,4326]
	[2960,4340]
	[2957,4307]
	[2954,4328]
	[2951,4268]
	[2948,4324]
	[2945,4293]
	[2942,4254]
	[2939,4309]
	[2936,4299]
	[2933,4324]
	[2930,4304]
	[2927,4280]
	[2924,4262]
	[2921,4248]
	[2918,4252]
	[2915,4247]
	[2912,4243]
	[2909,4242]
	[2906,4254]
	[2903,4212]
	[2900,4240]
	[2897,4217]
	[2894,4246]
	[2891,4213]
	[2888,4183]
	[2885,4202]
	[2882,4183]
	[2879,4211]
	[2876,4191]
	[2873,4191]
	[2870,4194]
	[2867,4200]
	[2864,4156]
	[2861,4170]
	[2858,4285]
	[2855,4411]
	[2852,4292]
	[2849,4134]
	[2846,4173]
	[2843,4127]
	[2840,4164]
	[2837,4133]
	[2834,4136]
	[2831,4147]
	[2828,4131]
	[2825,4104]
	[2822,4111]
	[2819,4124]
	[2816,4138]
	[2813,4087]
	[2810,4130]
	[2807,4101]
	[2804,4078]
	[2801,4077]
	[2798,4082]
	[2795,4071]
	[2792,4060]
	[2789,4077]
	[2786,4065]
	[2783,4066]
	[2780,4058]
	[2777,4013]
	[2774,4039]
	[2771,4015]
	[2768,4035]
	[2765,4115]
	[2762,4006]
	[2759,4016]
	[2756,4029]
	[2753,4046]
	[2750,4028]
	[2747,3974]
	[2744,4040]
	[2741,3950]
	[2738,4043]
	[2735,4037]
	[2732,4030]
	[2729,3963]
	[2726,3983]
	[2723,3944]
	[2720,3961]
	[2717,3955]
	[2714,4019]
	[2711,3944]
	[2708,3979]
	[2705,3947]
	[2702,3971]
	[2699,3941]
	[2696,3956]
	[2693,3945]
	[2690,3882]
	[2687,3926]
	[2684,3978]
	[2681,3979]
	[2678,4004]
	[2675,3866]
	[2672,3909]
	[2669,3873]
	[2666,3893]
	[2663,3895]
	[2660,3860]
	[2657,3902]
	[2654,3883]
	[2651,3848]
	[2648,3836]
	[2645,3834]
	[2642,3856]
	[2639,3849]
	[2636,3831]
	[2633,3850]
	[2630,3821]
	[2627,3812]
	[2624,3817]
	[2621,3813]
	[2618,3826]
	[2615,3805]
	[2612,3822]
	[2609,3801]
	[2606,3790]
	[2603,3816]
	[2600,3825]
	[2597,3792]
	[2594,3789]
	[2591,3785]
	[2588,3769]
	[2585,3712]
	[2582,3763]
	[2579,3762]
	[2576,3764]
	[2573,3763]
	[2570,3697]
	[2567,3767]
	[2564,3744]
	[2561,3730]
	[2558,3721]
	[2555,3704]
	[2552,3714]
	[2549,3708]
	[2546,3730]
	[2543,3712]
	[2540,3703]
	[2537,3696]
	[2534,3712]
	[2531,3664]
	[2528,3754]
	[2525,3663]
	[2522,3739]
	[2519,3660]
	[2516,3650]
	[2513,3668]
	[2510,3687]
	[2507,3662]
	[2504,3636]
	[2501,3658]
	[2498,3633]
	[2495,3642]
	[2492,3642]
	[2489,3555]
	[2486,3649]
	[2483,3592]
	[2480,3643]
	[2477,3589]
	[2474,3618]
	[2471,3608]
	[2468,3614]
	[2465,3633]
	[2462,3615]
	[2459,3613]
	[2456,3518]
	[2453,3593]
	[2450,3575]
	[2447,3572]
	[2444,3556]
	[2441,3467]
	[2438,3533]
	[2435,3527]
	[2432,3548]
	[2429,3547]
	[2426,3513]
	[2423,3523]
	[2420,3531]
	[2417,3506]
	[2414,3545]
	[2411,3494]
	[2408,3524]
	[2405,3506]
	[2402,3481]
	[2399,3521]
	[2396,3455]
	[2393,3473]
	[2390,3525]
	[2387,3510]
	[2384,3463]
	[2381,3468]
	[2378,3481]
	[2375,3474]
	[2372,3478]
	[2369,3483]
	[2366,3447]
	[2363,3441]
	[2360,3444]
	[2357,3432]
	[2354,3426]
	[2351,3481]
	[2348,3423]
	[2345,3410]
	[2342,3442]
	[2339,3436]
	[2336,3380]
	[2333,3383]
	[2330,3409]
	[2327,3370]
	[2324,3309]
	[2321,3390]
	[2318,3393]
	[2315,3361]
	[2312,3389]
	[2309,3339]
	[2306,3363]
	[2303,3337]
	[2300,3356]
	[2297,3314]
	[2294,3428]
	[2291,3321]
	[2288,3317]
	[2285,3309]
	[2282,3305]
	[2279,3367]
	[2276,3362]
	[2273,3315]
	[2270,3305]
	[2267,3230]
	[2264,2995]
	[2261,3317]
	[2258,3305]
	[2255,3242]
	[2252,3315]
	[2249,3254]
	[2246,3291]
	[2243,3266]
	[2240,3264]
	[2237,3221]
	[2234,3275]
	[2231,3283]
	[2228,3250]
	[2225,3232]
	[2222,3209]
	[2219,3224]
	[2216,3231]
	[2213,3217]
	[2210,3252]
	[2207,3198]
	[2204,3192]
	[2201,3198]
	[2198,3240]
	[2195,3195]
	[2192,3230]
	[2189,3218]
	[2186,3198]
	[2183,3186]
	[2180,3217]
	[2177,3196]
	[2174,3211]
	[2171,3150]
	[2168,3153]
	[2165,3118]
	[2162,3179]
	[2159,3120]
	[2156,3172]
	[2153,3325]
	[2150,3180]
	[2147,3108]
	[2144,3167]
	[2141,3096]
	[2138,3169]
	[2135,3086]
	[2132,3180]
	[2129,3089]
	[2126,3094]
	[2123,3114]
	[2120,3074]
	[2117,3089]
	[2114,3064]
	[2111,3073]
	[2108,3091]
	[2105,3065]
	[2102,3066]
	[2099,3065]
	[2096,3033]
	[2093,3064]
	[2090,3041]
	[2087,3063]
	[2084,3017]
	[2081,3031]
	[2078,2997]
	[2075,3011]
	[2072,3018]
	[2069,3016]
	[2066,3040]
	[2063,2992]
	[2060,3011]
	[2057,2986]
	[2054,2844]
	[2051,2829]
	[2048,3004]
	[2045,2952]
	[2042,2962]
	[2039,3012]
	[2036,2967]
	[2033,2978]
	[2030,2933]
	[2027,2937]
	[2024,2957]
	[2021,2933]
	[2018,2963]
	[2015,2943]
	[2012,2939]
	[2009,2930]
	[2006,2894]
	[2003,2904]
	[2000,2941]
	[1997,2905]
	[1994,2920]
	[1991,2899]
	[1988,2906]
	[1985,2887]
	[1982,2958]
	[1979,2878]
	[1976,2893]
	[1973,2845]
	[1970,2869]
	[1967,2898]
	[1964,2819]
	[1961,3049]
	[1958,2985]
	[1955,2847]
	[1952,2807]
	[1949,2888]
	[1946,2836]
	[1943,2849]
	[1940,2808]
	[1937,2831]
	[1934,2823]
	[1931,2805]
	[1928,2849]
	[1925,2804]
	[1922,2809]
	[1919,2796]
	[1916,2787]
	[1913,2798]
	[1910,2772]
	[1907,2770]
	[1904,2774]
	[1901,2768]
	[1898,2746]
	[1895,2751]
	[1892,2752]
	[1889,2785]
	[1886,2733]
	[1883,2685]
	[1880,2767]
	[1877,2671]
	[1874,2644]
	[1871,2721]
	[1868,2712]
	[1865,2695]
	[1862,2707]
	[1859,2688]
	[1856,2610]
	[1853,2725]
	[1850,2709]
	[1847,2667]
	[1844,2695]
	[1841,2681]
	[1838,2725]
	[1835,2657]
	[1832,2648]
	[1829,2667]
	[1826,2656]
	[1823,2640]
	[1820,2682]
	[1817,2655]
	[1814,2633]
	[1811,2620]
	[1808,2593]
	[1805,2627]
	[1802,2596]
	[1799,2615]
	[1796,2580]
	[1793,2624]
	[1790,2595]
	[1787,2583]
	[1784,2574]
	[1781,2608]
	[1778,2647]
	[1775,2568]
	[1772,2611]
	[1769,2564]
	[1766,2586]
	[1763,2522]
	[1760,2562]
	[1757,2589]
	[1754,2529]
	[1751,2531]
	[1748,2560]
	[1745,2510]
	[1742,2558]
	[1739,2570]
	[1736,2530]
	[1733,2525]
	[1730,2452]
	[1727,2406]
	[1724,2525]
	[1721,2534]
	[1718,2468]
	[1715,2509]
	[1712,2504]
	[1709,2475]
	[1706,2480]
	[1703,2499]
	[1700,2468]
	[1697,2469]
	[1694,2459]
	[1691,2452]
	[1688,2404]
	[1685,2452]
	[1682,2444]
	[1679,2423]
	[1676,2458]
	[1673,2422]
	[1670,2436]
	[1667,2430]
	[1664,2567]
	[1661,2543]
	[1658,2419]
	[1655,2408]
	[1652,2450]
	[1649,2387]
	[1646,2378]
	[1643,2461]
	[1640,2420]
	[1637,2371]
	[1634,2368]
	[1631,2380]
	[1628,2361]
	[1625,2350]
	[1622,2376]
	[1619,2360]
	[1616,2305]
	[1613,2367]
	[1610,2345]
	[1607,2374]
	[1604,2275]
	[1601,2263]
	[1598,2330]
	[1595,2311]
	[1592,2322]
	[1589,2300]
	[1586,2310]
	[1583,2300]
	[1580,2279]
	[1577,2291]
	[1574,2313]
	[1571,2298]
	[1568,2292]
	[1565,2308]
	[1562,2252]
	[1559,2288]
	[1556,2274]
	[1553,2240]
	[1550,2245]
	[1547,2226]
	[1544,2371]
	[1541,2235]
	[1538,2226]
	[1535,2223]
	[1532,2262]
	[1529,2218]
	[1526,2245]
	[1523,2188]
	[1520,2228]
	[1517,2238]
	[1514,2197]
	[1511,2199]
	[1508,2180]
	[1505,2227]
	[1502,2174]
	[1499,2218]
	[1496,2176]
	[1493,2071]
	[1490,2280]
	[1487,2111]
	[1484,2159]
	[1481,2174]
	[1478,2165]
	[1475,2160]
	[1472,2108]
	[1469,2167]
	[1466,2113]
	[1463,2149]
	[1460,2128]
	[1457,2172]
	[1454,2096]
	[1451,2128]
	[1448,2134]
	[1445,2077]
	[1442,2084]
	[1439,2106]
	[1436,2078]
	[1433,2104]
	[1430,2090]
	[1427,2087]
	[1424,2078]
	[1421,2072]
	[1418,2046]
	[1415,2051]
	[1412,2031]
	[1409,2072]
	[1406,2042]
	[1403,2077]
	[1400,2032]
	[1397,2341]
	[1394,2015]
	[1391,2067]
	[1388,2073]
	[1385,1985]
	[1382,2041]
	[1379,2026]
	[1376,1973]
	[1373,1991]
	[1370,2019]
	[1367,1995]
	[1364,1985]
	[1361,2006]
	[1358,1940]
	[1355,1883]
	[1352,1885]
	[1349,2016]
	[1346,1947]
	[1343,1958]
	[1340,1945]
	[1337,1943]
	[1334,1970]
	[1331,1955]
	[1328,1934]
	[1325,1921]
	[1322,1920]
	[1319,1898]
	[1316,1911]
	[1313,1945]
	[1310,1909]
	[1307,1894]
	[1304,1899]
	[1301,1871]
	[1298,1886]
	[1295,1903]
	[1292,1885]
	[1289,1862]
	[1286,1878]
	[1283,1869]
	[1280,1892]
	[1277,1884]
	[1274,2066]
	[1271,1825]
	[1268,1842]
	[1265,1845]
	[1262,1856]
	[1259,1834]
	[1256,1833]
	[1253,1857]
	[1250,1811]
	[1247,1834]
	[1244,1822]
	[1241,1768]
	[1238,1727]
	[1235,1791]
	[1232,1802]
	[1229,1786]
	[1226,1775]
	[1223,1772]
	[1220,1775]
	[1217,1761]
	[1214,1738]
	[1211,1773]
	[1208,1766]
	[1205,1642]
	[1202,1736]
	[1199,1757]
	[1196,1720]
	[1193,1735]
	[1190,1729]
	[1187,1732]
	[1184,1738]
	[1181,1733]
	[1178,1711]
	[1175,1702]
	[1172,1797]
	[1169,1674]
	[1166,1662]
	[1163,1691]
	[1160,1697]
	[1157,1685]
	[1154,1673]
	[1151,1671]
	[1148,1686]
	[1145,1688]
	[1142,1813]
	[1139,1670]
	[1136,1689]
	[1133,1666]
	[1130,1636]
	[1127,1666]
	[1124,1641]
	[1121,1660]
	[1118,1623]
	[1115,1603]
	[1112,1583]
	[1109,1666]
	[1106,1560]
	[1103,1615]
	[1100,1602]
	[1097,1568]
	[1094,1600]
	[1091,1585]
	[1088,1601]
	[1085,1752]
	[1082,1599]
	[1079,1570]
	[1076,1560]
	[1073,1570]
	[1070,1570]
	[1067,1550]
	[1064,1564]
	[1061,1564]
	[1058,1516]
	[1055,1564]
	[1052,1533]
	[1049,1517]
	[1046,1512]
	[1043,1516]
	[1040,1542]
	[1037,1498]
	[1034,1315]
	[1031,1485]
	[1028,1483]
	[1025,1465]
	[1022,1497]
	[1019,1478]
	[1016,1442]
	[1013,1471]
	[1010,1454]
	[1007,1482]
	[1004,1462]
	[1001,1474]
	[998,1463]
	[995,1448]
	[992,1463]
	[989,1516]
	[986,1538]
	[983,1425]
	[980,1416]
	[977,1440]
	[974,1390]
	[971,1396]
	[968,1397]
	[965,1453]
	[962,1401]
	[959,1401]
	[956,1395]
	[953,1428]
	[950,1396]
	[947,1381]
	[944,1426]
	[941,1343]
	[938,1364]
	[935,1382]
	[932,1359]
	[929,1366]
	[926,1347]
	[923,1329]
	[920,1360]
	[917,1330]
	[914,1337]
	[911,1344]
	[908,1323]
	[905,1355]
	[902,1320]
	[899,1313]
	[896,1315]
	[893,1282]
	[890,1305]
	[887,1433]
	[884,1305]
	[881,1306]
	[878,1273]
	[875,1266]
	[872,1252]
	[869,1105]
	[866,1276]
	[863,1257]
	[860,1249]
	[857,1220]
	[854,1251]
	[851,1255]
	[848,1203]
	[845,1238]
	[842,1227]
	[839,1247]
	[836,1221]
	[833,1222]
	[830,1225]
	[827,1197]
	[824,1167]
	[821,1388]
	[818,1222]
	[815,1182]
	[812,1192]
	[809,1153]
	[806,1241]
	[803,1153]
	[800,1172]
	[797,1160]
	[794,1131]
	[791,1108]
	[788,1147]
	[785,1155]
	[782,1142]
	[779,1111]
	[776,1144]
	[773,1117]
	[770,1117]
	[767,1111]
	[764,1115]
	[761,1090]
	[758,1129]
	[755,1092]
	[752,1076]
	[749,1089]
	[888525,2]
	[746,1093]
	[743,1070]
	[740,1072]
	[737,1077]
	[734,1071]
	[731,1074]
	[728,1078]
	[725,1087]
	[859125,1]
	[859122,1]
	[722,1077]
	[859026,1]
	[858978,2]
	[858594,1]
	[858546,1]
	[858450,2]
	[858354,1]
	[858306,1]
	[858258,2]
	[858162,1]
	[858066,1]
	[858018,1]
	[855858,1]
	[719,1048]
	[854127,1]
	[854079,1]
	[854031,1]
	[853983,2]
	[853935,2]
	[853887,1]
	[853791,1]
	[853695,2]
	[853647,1]
	[853551,1]
	[716,1025]
	[849900,1]
	[849804,1]
	[713,971]
	[848217,1]
	[847017,1]
	[846681,1]
	[846537,1]
	[846489,1]
	[846297,2]
	[846249,1]
	[846201,2]
	[846105,2]
	[846057,1]
	[845961,2]
	[845721,2]
	[845673,1]
	[845625,2]
	[845577,1]
	[845529,1]
	[845433,1]
	[710,1036]
	[707,1034]
	[840531,1]
	[840483,1]
	[840099,1]
	[839523,2]
	[839379,2]
	[839139,2]
	[839091,2]
	[839043,1]
	[838947,1]
	[838851,2]
	[838803,3]
	[838707,1]
	[838515,1]
	[838467,1]
	[838419,1]
	[838323,1]
	[838275,2]
	[838179,2]
	[838083,2]
	[837987,3]
	[837939,2]
	[837891,1]
	[837795,1]
	[704,1040]
	[837696,1]
	[837600,1]
	[837552,1]
	[837216,1]
	[836928,1]
	[836784,2]
	[836688,1]
	[836592,1]
	[701,994]
	[698,1030]
	[695,999]
	[692,1047]
	[689,993]
	[686,994]
	[683,987]
	[680,956]
	[677,967]
	[674,962]
	[671,1001]
	[668,966]
	[795036,1]
	[794988,1]
	[794940,1]
	[794892,1]
	[794844,1]
	[794748,1]
	[793500,1]
	[793404,1]
	[793356,1]
	[793212,2]
	[793116,1]
	[792972,2]
	[792684,1]
	[792636,1]
	[792540,1]
	[792492,1]
	[792396,1]
	[791772,1]
	[791724,1]
	[791577,1]
	[665,955]
	[791433,1]
	[791385,2]
	[791337,1]
	[791289,2]
	[791193,1]
	[791145,1]
	[791097,2]
	[791049,1]
	[790905,1]
	[790809,1]
	[790761,1]
	[790665,2]
	[790617,1]
	[790569,2]
	[790521,1]
	[790425,1]
	[790377,1]
	[790281,1]
	[790233,1]
	[662,961]
	[785142,1]
	[785094,1]
	[785046,2]
	[784806,1]
	[784710,1]
	[784662,1]
	[784470,1]
	[659,909]
	[784131,1]
	[783651,1]
	[783603,1]
	[783555,2]
	[783315,1]
	[783171,1]
	[783123,1]
	[783075,1]
	[783027,1]
	[782979,1]
	[782931,2]
	[782835,1]
	[782787,1]
	[782739,1]
	[782355,1]
	[782019,1]
	[781923,2]
	[781827,1]
	[781779,1]
	[781539,1]
	[656,965]
	[777648,1]
	[777600,1]
	[777408,1]
	[653,966]
	[777309,1]
	[777261,2]
	[777213,2]
	[777165,1]
	[777117,1]
	[777069,3]
	[777021,1]
	[776973,1]
	[776925,2]
	[776829,2]
	[776685,2]
	[776637,1]
	[776589,1]
	[776541,1]
	[776397,1]
	[776349,1]
	[776061,1]
	[776013,1]
	[775917,1]
	[775869,2]
	[775725,1]
	[775677,1]
	[775629,2]
	[775389,1]
	[775005,1]
	[650,977]
	[771114,1]
	[771066,1]
	[647,958]
	[769095,1]
	[768999,1]
	[768903,2]
	[768855,1]
	[768807,2]
	[768663,1]
	[768567,2]
	[768471,1]
	[768279,1]
	[768087,1]
	[767463,2]
	[767367,1]
	[767319,1]
	[767271,1]
	[767175,1]
	[767127,2]
	[766983,2]
	[766887,3]
	[766839,1]
	[766791,1]
	[644,933]
	[766644,2]
	[766548,1]
	[766452,1]
	[766404,1]
	[766356,1]
	[766308,1]
	[766116,1]
	[766068,1]
	[766020,1]
	[765972,1]
	[765876,2]
	[765828,1]
	[765732,2]
	[765636,1]
	[765540,1]
	[765492,1]
	[765444,1]
	[765348,1]
	[764820,1]
	[763380,2]
	[763236,1]
	[641,873]
	[763041,1]
	[761121,1]
	[761025,1]
	[760977,1]
	[760929,1]
	[760161,1]
	[638,929]
	[758190,1]
	[758142,1]
	[757998,1]
	[757902,1]
	[757806,1]
	[757422,1]
	[757374,1]
	[757278,1]
	[757230,2]
	[757182,2]
	[757134,1]
	[757086,1]
	[756990,1]
	[756798,1]
	[756750,2]
	[756702,1]
	[756606,1]
	[756510,1]
	[756462,2]
	[756270,1]
	[756222,2]
	[756174,2]
	[756126,1]
	[756078,1]
	[756030,2]
	[635,912]
	[755979,1]
	[755931,2]
	[755835,1]
	[755739,1]
	[755691,1]
	[755595,1]
	[755499,2]
	[755451,1]
	[755403,1]
	[755307,2]
	[755259,1]
	[755163,1]
	[755115,1]
	[754923,1]
	[754779,1]
	[754731,1]
	[754587,1]
	[754443,2]
	[754395,1]
	[754347,1]
	[754299,1]
	[754251,1]
	[754155,1]
	[754011,1]
	[753579,1]
	[753243,1]
	[632,905]
	[629,895]
	[746181,2]
	[746085,1]
	[626,934]
	[744978,1]
	[742626,1]
	[742530,1]
	[742482,1]
	[742434,3]
	[742386,2]
	[742338,1]
	[742290,1]
	[742050,1]
	[741906,2]
	[741858,1]
	[741810,1]
	[741807,1]
	[623,817]
	[741759,1]
	[741711,1]
	[741615,1]
	[741567,1]
	[741471,2]
	[741423,1]
	[741375,1]
	[741327,1]
	[741183,1]
	[740079,1]
	[740031,1]
	[739935,1]
	[739887,1]
	[739839,1]
	[738735,1]
	[620,901]
	[738012,1]
	[737724,1]
	[737676,2]
	[737628,1]
	[737580,2]
	[737532,1]
	[737484,1]
	[737436,1]
	[737388,2]
	[737340,1]
	[737244,1]
	[737196,1]
	[737004,1]
	[736956,2]
	[736812,2]
	[736764,1]
	[736572,1]
	[736524,1]
	[736428,1]
	[736380,1]
	[736332,2]
	[736284,1]
	[736188,2]
	[736140,1]
	[736092,1]
	[735756,1]
	[735708,1]
	[735660,1]
	[735612,2]
	[735516,1]
	[735468,2]
	[735420,2]
	[735276,1]
	[735228,1]
	[735132,1]
	[735084,1]
	[734988,1]
	[734940,1]
	[734892,1]
	[734796,1]
	[734748,1]
	[734700,2]
	[617,919]
	[734457,1]
	[734409,2]
	[734217,1]
	[733833,2]
	[733737,1]
	[733641,1]
	[733497,1]
	[733449,1]
	[733305,1]
	[614,945]
	[730662,1]
	[730614,1]
	[730566,1]
	[728550,1]
	[611,898]
	[724419,1]
	[724371,1]
	[724275,1]
	[724179,1]
	[724035,1]
	[608,870]
	[723984,2]
	[723936,2]
	[723888,1]
	[723792,1]
	[723744,2]
	[723648,1]
	[723600,1]
	[723552,1]
	[723456,2]
	[723168,1]
	[723120,1]
	[722976,1]
	[722928,1]
	[722448,1]
	[722304,2]
	[722256,2]
	[605,887]
	[719277,1]
	[718365,1]
	[718125,2]
	[718077,1]
	[718029,3]
	[717981,1]
	[717885,1]
	[717741,1]
	[717693,1]
	[717549,2]
	[717501,2]
	[717309,1]
	[717261,1]
	[717117,1]
	[717069,1]
	[717021,1]
	[602,880]
	[716826,1]
	[716730,1]
	[716634,1]
	[716586,2]
	[716490,1]
	[715482,1]
	[715434,1]
	[715338,2]
	[715146,1]
	[715098,2]
	[715050,1]
	[714858,2]
	[714762,2]
	[714666,1]
	[714570,1]
	[714474,2]
	[714426,1]
	[714283,1]
	[714234,1]
	[714186,1]
	[714042,1]
	[713994,1]
	[713946,1]
	[713898,1]
	[713850,1]
	[713754,2]
	[713706,2]
	[713658,1]
	[713562,1]
	[713514,2]
	[713466,1]
	[713418,1]
	[713367,1]
	[599,895]
	[713271,1]
	[713175,1]
	[713031,1]
	[712935,2]
	[712887,1]
	[712839,1]
	[712743,1]
	[712695,1]
	[712647,1]
	[712599,1]
	[712407,2]
	[712359,1]
	[712311,1]
	[712263,1]
	[712167,1]
	[712119,1]
	[712071,1]
	[711879,2]
	[711831,1]
	[710631,2]
	[710535,1]
	[596,876]
	[593,855]
	[706209,1]
	[706017,2]
	[705921,2]
	[705873,1]
	[705825,2]
	[705729,2]
	[705633,1]
	[705393,3]
	[705345,1]
	[705009,1]
	[704961,1]
	[704913,1]
	[704721,1]
	[704673,1]
	[704577,1]
	[704481,2]
	[704433,1]
	[704385,1]
	[704337,1]
	[704289,1]
	[704241,2]
	[704193,2]
	[704097,1]
	[704049,1]
	[704001,1]
	[703857,1]
	[703809,1]
	[703665,1]
	[703617,1]
	[703569,1]
	[703522,1]
	[703521,2]
	[703281,2]
	[703233,1]
	[703185,1]
	[703137,2]
	[703089,1]
	[702945,1]
	[702849,1]
	[702801,1]
	[702702,2]
	[590,853]
	[702558,1]
	[702510,2]
	[702462,1]
	[702414,1]
	[702126,2]
	[702078,1]
	[701982,1]
	[701934,1]
	[701790,1]
	[701742,1]
	[701646,1]
	[701598,1]
	[701358,1]
	[701310,1]
	[701214,1]
	[701166,1]
	[701118,1]
	[701070,2]
	[700974,1]
	[700782,1]
	[700638,1]
	[700590,1]
	[700542,1]
	[700398,1]
	[700302,1]
	[700254,1]
	[700206,1]
	[587,834]
	[695835,1]
	[695739,1]
	[695691,3]
	[695643,1]
	[695595,1]
	[695592,2]
	[584,830]
	[695496,2]
	[695400,1]
	[695352,1]
	[695304,2]
	[695256,2]
	[695160,1]
	[695112,1]
	[695064,3]
	[695016,1]
	[694920,2]
	[694872,1]
	[694728,1]
	[694632,1]
	[694584,1]
	[694536,1]
	[694488,2]
	[694440,2]
	[694392,2]
	[694344,2]
	[694248,2]
	[694104,1]
	[694008,1]
	[693768,2]
	[693672,1]
	[693624,1]
	[693576,1]
	[693480,1]
	[693288,1]
	[693240,1]
	[693192,1]
	[693048,1]
	[692712,1]
	[692664,1]
	[692472,1]
	[692376,1]
	[692184,1]
	[692088,1]
	[581,790]
	[578,856]
	[688290,1]
	[688242,3]
	[688194,2]
	[688002,1]
	[687954,1]
	[687906,4]
	[687762,2]
	[687714,1]
	[687666,1]
	[687570,1]
	[687522,1]
	[687474,2]
	[687426,1]
	[687234,2]
	[687186,1]
	[687138,1]
	[687042,1]
	[686994,1]
	[686946,1]
	[686898,2]
	[686754,2]
	[686706,2]
	[686658,1]
	[686562,2]
	[686466,1]
	[686418,1]
	[686370,1]
	[686274,2]
	[686178,1]
	[685986,2]
	[685938,2]
	[685842,1]
	[685506,2]
	[685458,1]
	[685362,1]
	[685266,1]
	[685218,1]
	[685122,1]
	[575,822]
	[684879,1]
	[684783,1]
	[684687,1]
	[684543,1]
	[684447,2]
	[684399,1]
	[684159,2]
	[684063,1]
	[683871,3]
	[683775,1]
	[683727,2]
	[683679,1]
	[683583,2]
	[683535,3]
	[683487,1]
	[683439,1]
	[683199,1]
	[683055,1]
	[683007,1]
	[682959,1]
	[682767,1]
	[682671,2]
	[682479,1]
	[682335,3]
	[682287,1]
	[682095,1]
	[572,837]
	[678060,2]
	[678012,1]
	[677964,1]
	[677916,1]
	[677868,1]
	[677820,1]
	[677817,1]
	[569,850]
	[677673,1]
	[677625,1]
	[677577,1]
	[677529,1]
	[677481,1]
	[677433,1]
	[677385,1]
	[677337,2]
	[677289,1]
	[677241,2]
	[677193,1]
	[677145,2]
	[677049,2]
	[677001,1]
	[676905,1]
	[676761,1]
	[676665,1]
	[676617,1]
	[676569,1]
	[676521,1]
	[676473,3]
	[676425,2]
	[676377,1]
	[676281,1]
	[676089,2]
	[675897,1]
	[675753,2]
	[675657,2]
	[675561,1]
	[675513,1]
	[675417,1]
	[674889,2]
	[674841,1]
	[674793,1]
	[674745,2]
	[674649,1]
	[674553,1]
	[674505,1]
	[566,789]
	[674214,1]
	[674166,1]
	[674070,2]
	[674022,1]
	[673974,1]
	[673926,2]
	[673830,1]
	[673734,2]
	[673686,1]
	[673638,1]
	[673590,1]
	[673542,1]
	[673446,1]
	[673350,1]
	[673254,1]
	[672870,1]
	[672822,1]
	[672774,2]
	[672726,1]
	[672582,1]
	[672342,1]
	[672198,1]
	[672150,1]
	[672102,1]
	[671958,1]
	[671862,1]
	[671190,1]
	[670950,1]
	[670902,1]
	[563,823]
	[669795,1]
	[669699,1]
	[669507,1]
	[669219,1]
	[669171,1]
	[669027,2]
	[668979,1]
	[668883,2]
	[668835,2]
	[668787,1]
	[668739,2]
	[668595,2]
	[668499,1]
	[668451,1]
	[668403,1]
	[668307,3]
	[668211,2]
	[668163,1]
	[668115,1]
	[667827,1]
	[667779,1]
	[667635,2]
	[667587,1]
	[667491,2]
	[667443,2]
	[667395,1]
	[667347,2]
	[667203,2]
	[667152,1]
	[560,796]
	[666960,2]
	[666864,1]
	[666816,1]
	[666720,1]
	[666672,1]
	[666624,1]
	[666480,1]
	[666288,2]
	[666192,1]
	[666096,1]
	[666000,1]
	[665952,1]
	[665808,1]
	[664992,1]
	[664848,2]
	[664704,2]
	[664656,1]
	[664560,1]
	[664464,2]
	[664416,2]
	[664368,2]
	[664272,2]
	[664176,1]
	[664080,2]
	[664032,2]
	[663984,1]
	[663888,1]
	[663840,1]
	[663792,1]
	[663745,1]
	[663649,1]
	[663648,1]
	[663597,2]
	[557,801]
	[663549,1]
	[663453,1]
	[663405,3]
	[663213,1]
	[663117,1]
	[663069,2]
	[662973,1]
	[662781,1]
	[662685,2]
	[662637,2]
	[662541,3]
	[662349,2]
	[662253,2]
	[662157,1]
	[662061,1]
	[661773,1]
	[661629,1]
	[661533,1]
	[661389,1]
	[554,803]
	[657546,1]
	[656874,1]
	[656778,1]
	[656730,1]
	[656634,1]
	[656538,1]
	[656490,1]
	[551,822]
	[548,782]
	[649524,2]
	[649476,1]
	[649428,2]
	[649377,2]
	[545,802]
	[649233,2]
	[649185,1]
	[649137,1]
	[649089,1]
	[649041,2]
	[648993,1]
	[542,815]
	[645630,2]
	[645582,1]
	[645534,2]
	[645438,2]
	[645390,2]
	[645342,1]
	[645294,1]
	[645246,1]
	[645102,2]
	[645054,1]
	[645006,1]
	[644958,3]
	[644910,1]
	[644862,1]
	[644814,1]
	[644766,2]
	[644718,1]
	[644574,2]
	[644526,2]
	[644478,1]
	[644382,1]
	[644334,3]
	[644286,1]
	[644238,1]
	[644142,1]
	[643854,1]
	[643806,2]
	[643758,1]
	[643710,1]
	[643662,1]
	[643614,2]
	[643422,1]
	[643278,2]
	[643230,1]
	[643086,1]
	[642942,1]
	[642894,1]
	[642798,1]
	[642750,1]
	[642654,1]
	[642606,1]
	[642510,1]
	[642267,1]
	[539,814]
	[642027,1]
	[641979,1]
	[641883,1]
	[641835,1]
	[641739,1]
	[641643,1]
	[641547,2]
	[641355,1]
	[641307,2]
	[641260,1]
	[641259,1]
	[640971,1]
	[640875,1]
	[640827,2]
	[640635,1]
	[640587,2]
	[640539,1]
	[640491,2]
	[640443,1]
	[640347,1]
	[640203,1]
	[640155,1]
	[640107,1]
	[640059,1]
	[640011,1]
	[639915,1]
	[639819,1]
	[639723,1]
	[639675,2]
	[639627,1]
	[639483,1]
	[639435,2]
	[639339,1]
	[639291,1]
	[639147,2]
	[639099,1]
	[536,796]
	[636504,1]
	[636168,1]
	[636072,1]
	[635976,2]
	[635832,2]
	[635784,1]
	[635688,1]
	[635640,1]
	[635592,1]
	[635544,3]
	[635496,1]
	[635448,1]
	[635400,2]
	[635352,2]
	[635256,1]
	[635208,2]
	[635160,1]
	[635157,1]
	[533,790]
	[635109,1]
	[635013,1]
	[634965,1]
	[634869,2]
	[634821,1]
	[634773,1]
	[634725,2]
	[634533,1]
	[634389,3]
	[634293,1]
	[634197,1]
	[634149,1]
	[633861,2]
	[633813,1]
	[633621,1]
	[633573,1]
	[633525,2]
	[633381,1]
	[633333,2]
	[633237,1]
	[633094,1]
	[632901,2]
	[632805,1]
	[632757,2]
	[632517,1]
	[632469,1]
	[632277,1]
	[632229,1]
	[632181,1]
	[632133,1]
	[631845,2]
	[631797,1]
	[631653,2]
	[631605,2]
	[530,762]
	[631554,1]
	[631506,1]
	[631362,1]
	[631266,1]
	[631218,1]
	[631074,2]
	[630978,1]
	[630930,2]
	[630834,1]
	[630786,1]
	[630690,2]
	[630594,2]
	[630546,1]
	[630450,1]
	[630402,1]
	[630306,1]
	[630258,1]
	[630018,1]
	[629922,1]
	[629826,2]
	[629778,1]
	[629634,1]
	[629442,1]
	[629298,2]
	[629250,1]
	[629154,2]
	[629058,2]
	[629010,1]
	[628962,1]
	[628914,1]
	[628818,2]
	[628770,1]
	[628626,1]
	[628530,1]
	[628482,1]
	[628434,1]
	[628290,1]
	[628047,2]
	[527,765]
	[627999,2]
	[627903,2]
	[627855,1]
	[627807,1]
	[627615,1]
	[627375,1]
	[627327,1]
	[627279,1]
	[627183,2]
	[627135,1]
	[627087,1]
	[626847,1]
	[626751,1]
	[626655,1]
	[626607,1]
	[626511,1]
	[626367,1]
	[626319,1]
	[626271,1]
	[626223,1]
	[625839,2]
	[625743,2]
	[625695,2]
	[625599,1]
	[625551,1]
	[625455,1]
	[625263,1]
	[625023,2]
	[624975,1]
	[624927,2]
	[624879,1]
	[624831,2]
	[624783,1]
	[624687,1]
	[624639,2]
	[624495,1]
	[524,770]
	[624444,3]
	[624396,1]
	[624348,2]
	[624300,1]
	[624252,2]
	[624156,1]
	[624060,1]
	[624012,1]
	[623964,2]
	[623916,1]
	[623868,1]
	[623628,1]
	[623484,1]
	[623436,1]
	[623388,1]
	[623340,2]
	[623196,1]
	[623148,1]
	[623100,1]
	[623004,1]
	[622860,2]
	[622764,1]
	[622620,2]
	[622572,2]
	[622476,1]
	[622428,1]
	[622284,2]
	[622140,1]
	[621996,1]
	[621756,2]
	[621708,1]
	[621564,1]
	[621420,1]
	[621276,1]
	[621180,1]
	[621132,2]
	[621036,1]
	[620937,1]
	[521,746]
	[620889,1]
	[620841,2]
	[620793,1]
	[620697,1]
	[620649,1]
	[620601,1]
	[620553,1]
	[620505,1]
	[620457,1]
	[620313,1]
	[620169,1]
	[620121,1]
	[620073,1]
	[620025,1]
	[619833,1]
	[619641,2]
	[619593,1]
	[619449,1]
	[619017,1]
	[618921,2]
	[618825,1]
	[618729,1]
	[618585,2]
	[618537,1]
	[618393,1]
	[618297,1]
	[618249,1]
	[618201,1]
	[618153,1]
	[618105,1]
	[618057,1]
	[618009,2]
	[617913,1]
	[617673,1]
	[617481,2]
	[617433,1]
	[617385,1]
	[617382,1]
	[518,787]
	[617334,1]
	[617286,1]
	[617190,1]
	[617142,1]
	[617094,1]
	[616902,1]
	[616854,1]
	[616806,1]
	[616710,1]
	[616615,1]
	[616470,2]
	[616326,1]
	[616278,1]
	[616182,1]
	[616134,1]
	[615894,1]
	[615846,1]
	[615798,1]
	[615750,1]
	[615606,1]
	[615558,1]
	[615510,2]
	[615462,1]
	[615366,1]
	[615318,1]
	[615270,1]
	[615174,2]
	[615078,2]
	[615030,1]
	[614934,1]
	[614886,1]
	[614790,1]
	[614742,1]
	[614646,2]
	[614550,1]
	[614502,1]
	[614454,1]
	[614406,1]
	[614262,2]
	[614118,1]
	[613974,1]
	[515,740]
	[613731,3]
	[613491,1]
	[613443,1]
	[613347,2]
	[613251,2]
	[613203,1]
	[613155,1]
	[613059,1]
	[612915,1]
	[612819,1]
	[612723,1]
	[612675,1]
	[612627,2]
	[612483,1]
	[612387,1]
	[612339,2]
	[612291,1]
	[612243,1]
	[612195,2]
	[612051,1]
	[612003,1]
	[611907,1]
	[611763,1]
	[611715,1]
	[611571,1]
	[611475,1]
	[611331,1]
	[611187,2]
	[611139,1]
	[611043,2]
	[610995,1]
	[610947,2]
	[610899,1]
	[610851,1]
	[610707,1]
	[610515,1]
	[610419,1]
	[512,715]
	[610128,1]
	[609888,1]
	[609648,1]
	[609408,2]
	[609360,1]
	[609264,1]
	[609168,2]
	[609120,1]
	[609024,3]
	[608928,1]
	[608784,1]
	[608736,1]
	[608688,2]
	[608592,1]
	[608544,2]
	[608496,1]
	[608448,2]
	[608352,1]
	[608304,1]
	[608208,1]
	[608064,1]
	[608016,1]
	[607920,1]
	[607824,1]
	[607728,1]
	[607680,2]
	[607632,1]
	[607536,1]
	[607488,1]
	[607440,1]
	[607392,1]
	[607344,1]
	[607152,1]
	[606960,1]
	[606912,2]
	[606768,1]
	[606717,2]
	[509,738]
	[606669,1]
	[606621,1]
	[606525,2]
	[606429,1]
	[606237,1]
	[606189,2]
	[606045,1]
	[605949,3]
	[605901,2]
	[605853,1]
	[605661,1]
	[605565,1]
	[605469,2]
	[605421,1]
	[605373,1]
	[605277,1]
	[605229,1]
	[605181,1]
	[605133,1]
	[604989,1]
	[604893,1]
	[604797,1]
	[604701,1]
	[604653,2]
	[604605,1]
	[604509,1]
	[604461,1]
	[604269,1]
	[604221,1]
	[604125,2]
	[603981,1]
	[603933,1]
	[603885,3]
	[603789,1]
	[603741,1]
	[603645,1]
	[603501,1]
	[603357,2]
	[603261,1]
	[603213,2]
	[603165,1]
	[603162,2]
	[506,754]
	[603114,1]
	[602970,3]
	[602826,1]
	[602730,1]
	[602586,1]
	[602538,1]
	[602394,1]
	[602298,1]
	[602250,2]
	[602106,1]
	[601818,1]
	[601770,1]
	[601530,2]
	[601482,1]
	[601434,2]
	[601338,1]
	[601290,1]
	[601194,1]
	[601146,2]
	[601050,1]
	[600954,1]
	[600858,2]
	[600714,1]
	[600618,1]
	[600522,1]
	[600378,1]
	[600330,2]
	[600234,1]
	[600186,1]
	[600043,1]
	[600042,1]
	[599898,1]
	[599754,1]
	[599706,1]
	[599607,1]
	[503,704]
	[599463,1]
	[599415,1]
	[599271,1]
	[599127,1]
	[599079,1]
	[599031,1]
	[598935,2]
	[598887,1]
	[598839,1]
	[598791,1]
	[598743,1]
	[598551,3]
	[598455,1]
	[598359,1]
	[598215,1]
	[598119,1]
	[597831,1]
	[597783,2]
	[597687,1]
	[597591,1]
	[597447,2]
	[597351,1]
	[597255,1]
	[597063,1]
	[596967,1]
	[596631,2]
	[596583,1]
	[596487,1]
	[596391,1]
	[596343,2]
	[596295,1]
	[596151,2]
	[596055,1]
	[596052,1]
	[500,728]
	[595812,1]
	[595764,2]
	[595716,1]
	[595668,1]
	[595572,1]
	[595476,3]
	[595428,1]
	[595284,1]
	[595236,1]
	[595188,1]
	[595092,1]
	[594948,1]
	[594900,2]
	[594708,1]
	[594660,1]
	[594612,1]
	[594564,1]
	[594468,1]
	[594420,1]
	[594324,2]
	[594276,1]
	[594228,2]
	[594084,1]
	[594036,1]
	[593748,1]
	[593700,1]
	[593652,1]
	[593556,1]
	[593460,2]
	[593412,2]
	[593268,1]
	[593220,1]
	[593124,2]
	[593076,1]
	[592980,1]
	[592884,1]
	[592836,1]
	[592740,1]
	[592596,1]
	[592548,1]
	[592500,1]
	[497,719]
	[592401,1]
	[592353,1]
	[592305,1]
	[592113,1]
	[592065,1]
	[591873,1]
	[591777,1]
	[591729,1]
	[591633,1]
	[591585,1]
	[591537,1]
	[591441,1]
	[591393,1]
	[591297,1]
	[591201,2]
	[591153,1]
	[591105,1]
	[591057,1]
	[590913,1]
	[590817,1]
	[590769,1]
	[590721,1]
	[590625,1]
	[590529,1]
	[590481,1]
	[590385,2]
	[590337,1]
	[590289,2]
	[590145,1]
	[589809,1]
	[589761,1]
	[589665,2]
	[589617,1]
	[589521,1]
	[589473,1]
	[589377,2]
	[589233,1]
	[589137,1]
	[589041,1]
	[588993,1]
	[588945,1]
	[494,720]
	[588894,2]
	[588798,1]
	[588750,1]
	[588654,1]
	[588558,1]
	[588414,1]
	[588318,1]
	[588222,2]
	[588078,1]
	[588030,1]
	[587982,1]
	[587838,1]
	[587790,2]
	[587694,2]
	[587646,1]
	[587550,1]
	[587502,1]
	[587454,1]
	[587406,1]
	[587118,1]
	[586974,1]
	[586926,1]
	[586878,1]
	[586782,1]
	[586686,1]
	[586542,1]
	[586398,1]
	[586302,1]
	[586110,2]
	[586014,1]
	[585918,1]
	[585630,1]
	[585438,1]
	[585390,1]
	[491,713]
	[585339,1]
	[585147,1]
	[585099,1]
	[585051,1]
	[584955,1]
	[584907,1]
	[584859,2]
	[584715,1]
	[584667,1]
	[584619,2]
	[584523,1]
	[584475,1]
	[584427,1]
	[584379,1]
	[584331,1]
	[584283,1]
	[584139,1]
	[584091,1]
	[583995,1]
	[583947,1]
	[583899,1]
	[583755,1]
	[583659,1]
	[583611,1]
	[583563,1]
	[583467,1]
	[583419,1]
	[583323,1]
	[583227,2]
	[583179,1]
	[583131,1]
	[583035,1]
	[582987,1]
	[582891,2]
	[582843,1]
	[582699,1]
	[582651,1]
	[582603,1]
	[582555,1]
	[582459,1]
	[582363,1]
	[582267,1]
	[582219,1]
	[582171,2]
	[582075,1]
	[581979,1]
	[581883,1]
	[581832,1]
	[488,717]
	[581784,1]
	[581736,1]
	[581688,2]
	[581496,1]
	[581448,1]
	[581400,1]
	[581352,1]
	[581208,2]
	[581160,2]
	[581064,1]
	[581017,1]
	[581016,2]
	[580632,1]
	[580584,2]
	[580488,1]
	[580440,2]
	[580344,2]
	[580248,1]
	[580200,2]
	[580152,1]
	[580104,2]
	[579864,1]
	[579816,2]
	[579528,1]
	[579432,1]
	[579384,2]
	[579336,1]
	[579192,1]
	[579144,2]
	[579096,1]
	[579000,1]
	[578952,1]
	[578904,1]
	[578856,1]
	[578712,1]
	[578520,1]
	[578424,1]
	[578328,1]
	[578280,1]
	[485,754]
	[578133,1]
	[578085,1]
	[577845,2]
	[577797,2]
	[577749,1]
	[577557,2]
	[577509,1]
	[577461,1]
	[577413,2]
	[577317,1]
	[577269,2]
	[577173,2]
	[577077,1]
	[577029,1]
	[576981,2]
	[576693,1]
	[576645,2]
	[576597,2]
	[576549,1]
	[576501,2]
	[576453,1]
	[576357,1]
	[576309,1]
	[576165,2]
	[576117,1]
	[575925,1]
	[575877,1]
	[575829,2]
	[575733,1]
	[575637,2]
	[575493,1]
	[575301,1]
	[575157,2]
	[574821,2]
	[574773,1]
	[574725,1]
	[482,730]
	[574674,2]
	[574626,1]
	[574338,1]
	[574290,1]
	[574242,1]
	[574098,1]
	[574050,2]
	[573954,1]
	[573858,1]
	[573810,1]
	[573666,1]
	[573618,1]
	[573570,1]
	[573474,1]
	[573330,1]
	[573282,2]
	[573234,1]
	[573186,1]
	[573042,1]
	[572946,1]
	[572850,2]
	[572754,1]
	[572706,1]
	[572514,1]
	[572466,1]
	[572418,1]
	[572370,1]
	[572226,2]
	[571938,1]
	[571746,1]
	[571698,1]
	[571602,1]
	[571458,2]
	[571410,2]
	[571362,2]
	[571266,1]
	[571170,1]
	[479,660]
	[571119,1]
	[571071,1]
	[570927,1]
	[570735,1]
	[570639,2]
	[570591,2]
	[570543,1]
	[570447,1]
	[570351,1]
	[570303,1]
	[570255,1]
	[570207,2]
	[569823,3]
	[569775,2]
	[569535,1]
	[569343,1]
	[569247,1]
	[569055,2]
	[569007,2]
	[568863,2]
	[568815,2]
	[568767,1]
	[568623,1]
	[568575,1]
	[568431,1]
	[568143,1]
	[568095,1]
	[567999,1]
	[567903,1]
	[567663,1]
	[567615,1]
	[567612,2]
	[476,702]
	[567564,3]
	[567468,1]
	[567420,1]
	[567276,1]
	[567084,1]
	[567036,1]
	[566844,1]
	[566796,2]
	[566748,1]
	[566700,1]
	[566412,1]
	[566220,1]
	[566172,2]
	[566124,1]
	[566076,1]
	[565980,1]
	[565788,1]
	[565740,1]
	[565644,1]
	[565500,2]
	[565404,2]
	[565356,2]
	[565260,1]
	[565164,3]
	[565116,1]
	[565068,1]
	[564972,1]
	[564924,1]
	[564780,1]
	[564636,2]
	[564588,1]
	[564204,1]
	[564060,1]
	[564057,2]
	[473,703]
	[563913,1]
	[563865,1]
	[563817,1]
	[563673,1]
	[563625,1]
	[563529,1]
	[563385,1]
	[563289,1]
	[563241,1]
	[562857,1]
	[562761,1]
	[562713,1]
	[562665,1]
	[562569,1]
	[562425,1]
	[562329,1]
	[562233,1]
	[562185,1]
	[562041,1]
	[561993,1]
	[561945,1]
	[561849,1]
	[561705,1]
	[561657,1]
	[561561,1]
	[561465,1]
	[561321,2]
	[561273,1]
	[561225,1]
	[561129,1]
	[561033,1]
	[560889,2]
	[560745,1]
	[560505,1]
	[470,687]
	[560406,1]
	[560358,1]
	[560262,1]
	[560166,1]
	[560022,1]
	[559974,1]
	[559782,1]
	[559590,1]
	[559350,1]
	[559254,2]
	[559206,1]
	[559110,2]
	[559014,1]
	[558966,2]
	[558774,1]
	[558678,1]
	[558630,1]
	[558486,1]
	[558342,1]
	[558294,2]
	[558150,1]
	[558102,1]
	[558054,1]
	[558006,1]
	[557910,2]
	[557862,1]
	[557814,1]
	[557766,1]
	[557718,1]
	[557670,1]
	[557574,2]
	[557526,2]
	[557382,2]
	[557334,1]
	[557190,1]
	[556998,1]
	[556950,2]
	[556947,3]
	[467,651]
	[556851,1]
	[556755,1]
	[556707,1]
	[556563,1]
	[556467,1]
	[556371,3]
	[556227,1]
	[556179,1]
	[556131,1]
	[555939,2]
	[555891,1]
	[555651,1]
	[555603,1]
	[555507,1]
	[555459,1]
	[555315,1]
	[555219,1]
	[555027,1]
	[554931,1]
	[554883,1]
	[554787,1]
	[554740,1]
	[554739,1]
	[554691,2]
	[554595,1]
	[554547,1]
	[554499,1]
	[554403,1]
	[554163,2]
	[553971,1]
	[553779,1]
	[553635,1]
	[553539,1]
	[553443,1]
	[464,581]
	[553344,2]
	[553296,1]
	[553200,2]
	[553152,1]
	[553104,1]
	[553056,2]
	[552960,1]
	[552864,1]
	[552768,1]
	[552624,1]
	[552576,1]
	[552336,1]
	[552288,1]
	[552192,1]
	[552144,1]
	[552048,1]
	[552000,3]
	[551952,2]
	[551856,1]
	[551760,1]
	[551712,1]
	[551568,1]
	[551376,1]
	[551328,1]
	[551280,2]
	[551232,1]
	[550896,2]
	[550752,2]
	[550704,1]
	[550608,1]
	[550512,1]
	[550464,1]
	[550368,1]
	[550320,1]
	[550272,1]
	[550128,1]
	[550032,1]
	[549888,1]
	[549840,1]
	[549837,1]
	[461,692]
	[549789,1]
	[549741,1]
	[549453,1]
	[549309,1]
	[549069,1]
	[549021,1]
	[548877,2]
	[548829,1]
	[548685,1]
	[548589,1]
	[548493,1]
	[548445,2]
	[548349,1]
	[548157,1]
	[548109,1]
	[547821,1]
	[547773,1]
	[547725,1]
	[547629,1]
	[547581,1]
	[547485,2]
	[547293,1]
	[547245,1]
	[547197,1]
	[547053,1]
	[547005,1]
	[546669,1]
	[546621,1]
	[546333,2]
	[546285,1]
	[546282,1]
	[458,669]
	[546234,1]
	[546138,1]
	[546090,2]
	[545994,1]
	[545946,2]
	[545754,1]
	[545658,1]
	[545418,1]
	[545322,1]
	[545082,1]
	[545034,1]
	[544698,1]
	[544506,1]
	[544458,1]
	[544170,1]
	[544122,2]
	[544074,1]
	[544026,1]
	[543978,1]
	[543882,3]
	[543834,1]
	[543786,1]
	[543498,1]
	[543450,1]
	[543306,2]
	[543210,1]
	[543018,1]
	[542922,1]
	[542874,2]
	[542826,1]
	[542778,1]
	[542730,1]
	[455,616]
	[542487,1]
	[542439,1]
	[542343,2]
	[541959,1]
	[541671,1]
	[541575,2]
	[541527,2]
	[541479,1]
	[541335,1]
	[541287,2]
	[541239,1]
	[541191,2]
	[541143,1]
	[541047,1]
	[540999,1]
	[540855,2]
	[540711,1]
	[540567,1]
	[540423,2]
	[540375,1]
	[540327,1]
	[540279,2]
	[540087,1]
	[539991,2]
	[539943,1]
	[539895,1]
	[539703,1]
	[539559,2]
	[539511,1]
	[539415,1]
	[539367,1]
	[539175,2]
	[539172,2]
	[452,647]
	[539124,2]
	[538980,1]
	[538645,1]
	[538596,1]
	[538500,1]
	[538404,1]
	[538308,2]
	[538260,1]
	[538165,1]
	[538020,1]
	[537876,2]
	[537828,1]
	[537540,1]
	[537444,2]
	[537396,1]
	[537348,1]
	[537204,1]
	[537156,1]
	[537060,2]
	[537012,1]
	[536916,1]
	[536772,1]
	[536724,2]
	[536628,2]
	[536532,1]
	[536484,1]
	[536388,2]
	[536292,1]
	[536244,1]
	[536196,1]
	[536148,3]
	[536100,1]
	[536052,1]
	[535908,1]
	[535860,1]
	[535716,2]
	[535620,1]
	[449,659]
	[535521,1]
	[535473,1]
	[535425,1]
	[535377,1]
	[535329,2]
	[535281,2]
	[535233,1]
	[535185,1]
	[535041,1]
	[534993,1]
	[534753,1]
	[534609,1]
	[534561,1]
	[534513,1]
	[534465,1]
	[534417,1]
	[534369,1]
	[534321,1]
	[534273,1]
	[534225,1]
	[534129,1]
	[533985,2]
	[533889,2]
	[533697,2]
	[533553,1]
	[533361,1]
	[533313,2]
	[533217,1]
	[533121,1]
	[532785,1]
	[532737,1]
	[532689,1]
	[532641,1]
	[532497,1]
	[532401,1]
	[532305,1]
	[446,624]
	[531966,1]
	[531918,1]
	[531582,2]
	[531486,1]
	[531390,2]
	[531342,1]
	[531198,1]
	[531150,1]
	[531006,2]
	[530958,1]
	[530910,1]
	[530814,2]
	[530622,1]
	[530574,1]
	[530478,1]
	[530190,1]
	[530142,2]
	[529998,1]
	[529950,1]
	[529662,1]
	[529422,1]
	[529278,2]
	[529182,2]
	[529134,1]
	[528942,1]
	[528894,1]
	[528798,1]
	[528750,1]
	[528702,1]
	[528606,2]
	[528510,1]
	[443,645]
	[528459,2]
	[528363,1]
	[528267,2]
	[528219,2]
	[528171,1]
	[528075,1]
	[527979,1]
	[527931,1]
	[527883,1]
	[527835,1]
	[527691,1]
	[527643,1]
	[527547,1]
	[527499,2]
	[527451,1]
	[527307,2]
	[527259,2]
	[527211,1]
	[526923,1]
	[526875,1]
	[526779,1]
	[526731,1]
	[526683,1]
	[526635,2]
	[526539,1]
	[526491,1]
	[526443,1]
	[526395,1]
	[526251,1]
	[526203,2]
	[526107,1]
	[526011,1]
	[525915,2]
	[525771,1]
	[525723,1]
	[525675,2]
	[525579,1]
	[525532,1]
	[525483,2]
	[525243,2]
	[525147,1]
	[525051,1]
	[525003,1]
	[524955,1]
	[524952,1]
	[440,642]
	[524904,1]
	[524616,1]
	[524472,1]
	[524328,1]
	[524184,1]
	[524040,1]
	[523992,2]
	[523944,1]
	[523896,1]
	[523800,1]
	[523656,1]
	[523608,1]
	[523512,1]
	[523416,2]
	[523272,2]
	[523032,1]
	[522984,1]
	[522937,1]
	[522936,2]
	[522840,1]
	[522792,1]
	[522696,1]
	[522648,2]
	[522600,1]
	[522456,1]
	[522408,2]
	[522264,1]
	[522168,1]
	[522120,1]
	[521928,1]
	[521784,2]
	[521736,1]
	[521544,2]
	[521496,1]
	[437,658]
	[521301,1]
	[521205,1]
	[521157,1]
	[521013,1]
	[520965,2]
	[520917,1]
	[520773,1]
	[520725,1]
	[520534,1]
	[520533,1]
	[520389,1]
	[520293,1]
	[520245,1]
	[520197,1]
	[520101,1]
	[520053,1]
	[520005,2]
	[519957,1]
	[519909,1]
	[519861,1]
	[519813,1]
	[519765,1]
	[519621,2]
	[519573,1]
	[519525,2]
	[519477,2]
	[519381,1]
	[519333,1]
	[519237,2]
	[519189,1]
	[519093,2]
	[518901,1]
	[518805,1]
	[518757,2]
	[518710,1]
	[518661,1]
	[518517,1]
	[518421,1]
	[518373,1]
	[518277,2]
	[517989,2]
	[517941,1]
	[517893,1]
	[434,615]
	[517698,1]
	[517506,1]
	[517458,1]
	[517362,1]
	[517314,1]
	[517170,1]
	[517122,1]
	[516930,2]
	[516882,1]
	[516786,1]
	[516690,1]
	[516642,1]
	[516162,1]
	[516066,2]
	[516018,1]
	[515970,1]
	[515922,1]
	[515874,2]
	[515730,1]
	[515586,1]
	[515490,1]
	[515442,1]
	[515394,1]
	[515298,2]
	[515106,1]
	[515058,1]
	[515010,2]
	[514866,1]
	[514818,1]
	[514674,1]
	[514626,1]
	[514434,1]
	[514386,1]
	[514338,1]
	[514290,1]
	[431,640]
	[514239,1]
	[514095,1]
	[513951,1]
	[513903,1]
	[513855,1]
	[513807,2]
	[513759,1]
	[513471,1]
	[513423,1]
	[513375,1]
	[513327,1]
	[513231,1]
	[513087,1]
	[512991,1]
	[512895,1]
	[512847,1]
	[512655,1]
	[512511,1]
	[512463,1]
	[512415,1]
	[512271,2]
	[512127,1]
	[511935,1]
	[511743,1]
	[511551,1]
	[511455,1]
	[511359,1]
	[511311,2]
	[511263,1]
	[511023,1]
	[510927,1]
	[510831,1]
	[510735,2]
	[428,613]
	[510684,1]
	[510636,1]
	[510540,1]
	[510444,1]
	[510396,1]
	[510156,1]
	[510060,2]
	[509964,1]
	[509820,1]
	[509724,1]
	[509676,1]
	[509628,1]
	[509532,2]
	[509340,1]
	[509244,1]
	[509148,1]
	[509052,1]
	[508860,1]
	[508764,1]
	[508668,1]
	[508620,1]
	[508524,1]
	[508428,1]
	[508332,1]
	[508140,1]
	[507996,1]
	[507900,1]
	[507756,2]
	[507612,1]
	[507420,1]
	[507276,1]
	[507228,2]
	[507178,1]
	[425,614]
	[507129,1]
	[507081,2]
	[507033,1]
	[506937,1]
	[506793,1]
	[506745,2]
	[506697,1]
	[506649,1]
	[506601,1]
	[506409,2]
	[506361,1]
	[506313,1]
	[506265,1]
	[506217,1]
	[506073,1]
	[506025,1]
	[505977,2]
	[505881,1]
	[505689,1]
	[505641,1]
	[505593,1]
	[505545,2]
	[505209,1]
	[504777,1]
	[504681,1]
	[504633,2]
	[504537,1]
	[504489,1]
	[504393,1]
	[504297,1]
	[504249,1]
	[504201,2]
	[504153,1]
	[504105,1]
	[504057,1]
	[503961,1]
	[503913,1]
	[422,610]
	[503526,1]
	[503478,2]
	[503382,1]
	[503286,1]
	[503238,1]
	[503094,1]
	[502950,1]
	[502902,1]
	[502854,1]
	[502710,1]
	[502662,2]
	[502614,1]
	[502374,1]
	[502326,1]
	[502086,3]
	[501942,1]
	[501894,1]
	[501750,2]
	[501702,1]
	[501654,1]
	[501606,2]
	[501558,1]
	[501318,1]
	[501174,2]
	[501030,2]
	[500886,1]
	[500790,1]
	[500694,2]
	[500646,1]
	[500598,1]
	[500550,1]
	[500502,1]
	[500454,1]
	[500358,1]
	[500310,1]
	[500262,1]
	[500214,1]
	[500166,2]
	[500070,2]
	[500067,1]
	[419,600]
	[499971,2]
	[499923,1]
	[499539,1]
	[499491,1]
	[499395,1]
	[499299,1]
	[499155,2]
	[498867,2]
	[498675,1]
	[498531,1]
	[498291,2]
	[498195,1]
	[497907,1]
	[497859,1]
	[497763,1]
	[497571,1]
	[497523,1]
	[497475,1]
	[497379,1]
	[497235,1]
	[496995,1]
	[496755,1]
	[496659,1]
	[496563,1]
	[416,586]
	[496464,1]
	[496128,2]
	[496032,1]
	[495792,1]
	[495696,2]
	[495648,2]
	[495216,1]
	[495168,2]
	[495072,1]
	[494880,2]
	[494832,1]
	[494640,2]
	[494592,1]
	[494544,2]
	[494496,1]
	[494400,2]
	[494352,1]
	[494304,1]
	[494256,2]
	[494208,2]
	[494112,1]
	[494016,3]
	[493968,1]
	[493824,2]
	[493680,1]
	[493632,2]
	[493440,1]
	[493392,1]
	[493296,1]
	[493200,1]
	[493152,1]
	[493008,2]
	[492957,1]
	[413,590]
	[492813,1]
	[492765,1]
	[492621,1]
	[492573,2]
	[492477,1]
	[492189,1]
	[492093,1]
	[491997,1]
	[491613,1]
	[491565,1]
	[491517,1]
	[491229,2]
	[491085,1]
	[491037,1]
	[490989,1]
	[490893,2]
	[490845,1]
	[490701,1]
	[490653,1]
	[490509,2]
	[490461,1]
	[490269,1]
	[490221,1]
	[490077,1]
	[490029,2]
	[489981,1]
	[489837,2]
	[489789,1]
	[489597,1]
	[489501,1]
	[489453,1]
	[489405,1]
	[410,612]
	[489258,1]
	[489066,1]
	[489018,1]
	[488826,1]
	[488634,1]
	[488298,1]
	[488250,1]
	[488106,1]
	[488058,1]
	[488010,1]
	[487866,1]
	[487770,1]
	[487674,1]
	[487626,1]
	[487482,1]
	[487434,1]
	[487242,1]
	[487194,1]
	[487146,1]
	[487098,1]
	[487050,1]
	[486906,1]
	[486762,2]
	[486714,1]
	[486666,1]
	[486522,1]
	[486426,1]
	[486234,2]
	[486186,1]
	[486090,1]
	[485946,1]
	[485847,1]
	[407,602]
	[485799,2]
	[485751,1]
	[485655,1]
	[485607,3]
	[485463,1]
	[484983,1]
	[484935,1]
	[484647,1]
	[484407,1]
	[484263,2]
	[484215,1]
	[484167,1]
	[484071,1]
	[483879,1]
	[483831,1]
	[483591,2]
	[483495,1]
	[483399,2]
	[483351,2]
	[483207,1]
	[483111,1]
	[483015,1]
	[482967,1]
	[482871,1]
	[482823,1]
	[482775,1]
	[482583,1]
	[482343,3]
	[482292,2]
	[404,524]
	[482196,1]
	[482148,1]
	[482052,1]
	[482004,1]
	[481812,1]
	[481572,1]
	[481476,1]
	[481332,1]
	[481092,1]
	[481044,1]
	[480852,1]
	[480756,1]
	[480564,1]
	[480468,1]
	[480132,1]
	[480036,1]
	[479748,1]
	[479508,1]
	[479460,2]
	[479412,1]
	[479316,1]
	[479172,1]
	[479076,1]
	[479028,1]
	[478932,1]
	[478740,1]
	[401,599]
	[478641,1]
	[478593,1]
	[478545,1]
	[478305,1]
	[478257,1]
	[478161,1]
	[478113,1]
	[478017,1]
	[477969,2]
	[477825,1]
	[477585,2]
	[477393,1]
	[477345,1]
	[477297,1]
	[477249,1]
	[477153,2]
	[477009,1]
	[476961,1]
	[476913,1]
	[476865,1]
	[476769,2]
	[476721,1]
	[476529,1]
	[476481,1]
	[476433,1]
	[476193,1]
	[476145,1]
	[476097,1]
	[476001,1]
	[475857,2]
	[475761,2]
	[475713,1]
	[475665,1]
	[475569,1]
	[475281,1]
	[475182,1]
	[398,582]
	[475134,1]
	[474846,1]
	[474798,1]
	[474654,2]
	[474510,1]
	[474366,1]
	[474318,1]
	[474126,2]
	[473982,1]
	[473934,1]
	[473838,2]
	[473790,2]
	[473694,1]
	[473646,2]
	[473598,1]
	[473550,1]
	[473454,1]
	[473406,1]
	[473358,2]
	[473310,1]
	[473262,2]
	[473118,1]
	[472974,1]
	[472926,1]
	[472878,1]
	[472734,1]
	[472542,1]
	[472446,1]
	[472254,1]
	[472158,1]
	[472110,1]
	[471822,1]
	[471774,1]
	[395,586]
	[471579,1]
	[471531,1]
	[471484,1]
	[471483,1]
	[471435,2]
	[471387,1]
	[471339,2]
	[471195,1]
	[471051,1]
	[470955,1]
	[470763,1]
	[470715,1]
	[470379,1]
	[470283,1]
	[470187,1]
	[470139,2]
	[469995,1]
	[469947,2]
	[469899,1]
	[469803,1]
	[469755,1]
	[469707,1]
	[469611,1]
	[469516,1]
	[469227,1]
	[469035,1]
	[468939,1]
	[468747,1]
	[468651,1]
	[468507,1]
	[468459,2]
	[468315,1]
	[468123,1]
	[392,552]
	[467976,1]
	[467880,1]
	[467688,1]
	[467592,1]
	[467496,1]
	[467400,1]
	[467304,2]
	[467256,2]
	[467208,1]
	[467160,1]
	[467112,2]
	[467064,1]
	[467016,2]
	[466968,1]
	[466920,1]
	[466872,2]
	[466776,1]
	[466680,1]
	[466584,1]
	[466536,1]
	[466392,1]
	[466296,1]
	[466248,1]
	[466104,1]
	[466056,1]
	[466008,1]
	[465960,1]
	[465912,1]
	[465816,1]
	[465720,1]
	[465576,1]
	[465384,1]
	[465192,1]
	[465048,1]
	[464904,1]
	[464760,1]
	[464712,1]
	[464664,1]
	[464520,2]
	[464517,1]
	[389,571]
	[464469,1]
	[464325,1]
	[464133,1]
	[464037,1]
	[463989,1]
	[463845,1]
	[463797,1]
	[463605,1]
	[463557,2]
	[463461,1]
	[463413,1]
	[463317,1]
	[463221,2]
	[463173,1]
	[462741,1]
	[462693,1]
	[462645,1]
	[462597,1]
	[462501,1]
	[462309,1]
	[462261,1]
	[462021,2]
	[461973,1]
	[461925,2]
	[461733,1]
	[461589,1]
	[461445,1]
	[461349,1]
	[461157,1]
	[461061,1]
	[386,579]
	[460914,1]
	[460866,1]
	[460722,1]
	[460674,2]
	[460530,1]
	[460482,1]
	[460242,1]
	[460194,1]
	[459810,1]
	[459714,2]
	[459522,1]
	[459474,1]
	[459330,1]
	[459138,1]
	[458706,2]
	[458562,2]
	[458514,2]
	[458466,1]
	[458370,1]
	[458082,1]
	[457986,1]
	[457698,1]
	[457650,1]
	[457554,3]
	[457506,1]
	[457458,1]
	[457407,1]
	[383,554]
	[456927,1]
	[456879,1]
	[456783,1]
	[456735,1]
	[456687,1]
	[456543,2]
	[456495,1]
	[456447,1]
	[456399,1]
	[456303,1]
	[456207,1]
	[456159,1]
	[456111,1]
	[456063,2]
	[456015,1]
	[455727,1]
	[455679,2]
	[455439,1]
	[455391,2]
	[455103,1]
	[455055,1]
	[454959,1]
	[454911,1]
	[454719,1]
	[454527,1]
	[454431,1]
	[454383,1]
	[454287,1]
	[454095,2]
	[453951,2]
	[380,565]
	[453756,1]
	[453660,1]
	[453612,1]
	[453564,1]
	[453516,1]
	[453468,1]
	[453420,1]
	[453372,1]
	[453324,1]
	[453132,1]
	[453084,1]
	[452748,1]
	[452700,1]
	[452604,1]
	[452556,1]
	[452508,1]
	[452460,1]
	[452316,1]
	[452268,2]
	[451836,1]
	[451740,1]
	[451548,1]
	[451500,2]
	[451452,1]
	[451212,1]
	[451116,1]
	[450924,1]
	[450876,1]
	[450828,1]
	[450780,1]
	[450732,1]
	[450540,1]
	[450492,1]
	[450297,2]
	[377,575]
	[450249,1]
	[450201,1]
	[450057,1]
	[450009,1]
	[449961,1]
	[449913,2]
	[449865,2]
	[449721,2]
	[449625,2]
	[449481,2]
	[449097,1]
	[449049,1]
	[448905,1]
	[448809,1]
	[448713,1]
	[448617,1]
	[448521,1]
	[448425,1]
	[448378,1]
	[448329,1]
	[448233,1]
	[448089,1]
	[448041,1]
	[447897,1]
	[447849,1]
	[447657,1]
	[447609,1]
	[447561,1]
	[447465,2]
	[447369,2]
	[447321,1]
	[447273,1]
	[447177,2]
	[447081,1]
	[447033,1]
	[446937,1]
	[446889,1]
	[446793,2]
	[446745,1]
	[446742,1]
	[374,534]
	[446550,1]
	[446454,1]
	[446406,2]
	[446358,1]
	[446166,2]
	[445974,1]
	[445878,1]
	[445590,1]
	[445254,1]
	[444966,1]
	[444774,1]
	[444678,1]
	[444534,1]
	[444342,2]
	[444150,1]
	[444006,1]
	[443670,1]
	[443478,1]
	[443382,1]
	[443286,1]
	[443190,1]
	[371,545]
	[443091,1]
	[442995,1]
	[442899,1]
	[442803,1]
	[442755,1]
	[442659,2]
	[442515,1]
	[442275,1]
	[442083,1]
	[441987,1]
	[441843,1]
	[441795,2]
	[441699,1]
	[441651,1]
	[441603,3]
	[441459,1]
	[441219,3]
	[440787,1]
	[440740,1]
	[440595,1]
	[440307,1]
	[440259,1]
	[440211,1]
	[440163,2]
	[440019,1]
	[439923,1]
	[439875,1]
	[439827,1]
	[439779,1]
	[439731,1]
	[439683,1]
	[439632,1]
	[368,552]
	[439296,1]
	[439248,1]
	[439200,1]
	[439152,3]
	[438720,1]
	[438672,2]
	[438624,1]
	[438576,1]
	[438480,2]
	[438336,1]
	[438000,1]
	[437904,1]
	[437856,1]
	[437760,1]
	[437664,1]
	[437232,1]
	[437088,2]
	[436992,2]
	[436944,1]
	[436896,1]
	[436704,1]
	[436320,1]
	[436176,1]
	[436128,1]
	[436080,1]
	[365,522]
	[436029,1]
	[435789,1]
	[435645,1]
	[435597,1]
	[435357,1]
	[435165,1]
	[434829,1]
	[434685,3]
	[434589,1]
	[434542,1]
	[434493,1]
	[434445,1]
	[434253,1]
	[434205,1]
	[433869,3]
	[433821,1]
	[433773,1]
	[433725,1]
	[433677,1]
	[433629,1]
	[433581,1]
	[433533,1]
	[433197,1]
	[433101,1]
	[433005,1]
	[432909,1]
	[432813,1]
	[432573,1]
	[362,522]
	[432474,1]
	[432378,2]
	[432330,1]
	[432282,1]
	[432042,1]
	[431946,1]
	[431898,1]
	[431850,1]
	[431754,1]
	[431658,1]
	[431418,1]
	[431274,1]
	[431130,1]
	[430890,1]
	[430842,1]
	[430794,1]
	[430602,1]
	[430554,1]
	[430458,1]
	[430026,1]
	[429978,1]
	[429930,1]
	[429834,1]
	[429786,1]
	[429642,2]
	[429594,1]
	[429546,1]
	[429498,2]
	[429450,1]
	[429306,1]
	[429162,1]
	[429114,1]
	[428970,2]
	[428967,2]
	[359,548]
	[428679,1]
	[428631,1]
	[428535,1]
	[428391,1]
	[428343,1]
	[428151,1]
	[428103,1]
	[427767,1]
	[427623,2]
	[427479,1]
	[427431,1]
	[427383,1]
	[427335,1]
	[427239,2]
	[427191,1]
	[426951,2]
	[426855,2]
	[426711,2]
	[426663,1]
	[426567,1]
	[426471,1]
	[426375,1]
	[426279,1]
	[426183,1]
	[426135,1]
	[425991,1]
	[425895,1]
	[425751,1]
	[425703,1]
	[425511,1]
	[425463,1]
	[356,514]
	[425268,1]
	[425220,1]
	[425172,1]
	[425124,1]
	[425076,1]
	[425028,1]
	[424980,2]
	[424884,1]
	[424788,2]
	[424740,1]
	[424644,2]
	[424260,1]
	[424212,1]
	[424164,1]
	[424068,1]
	[423972,2]
	[423876,1]
	[423828,1]
	[423780,1]
	[423444,1]
	[423300,1]
	[423108,1]
	[423060,1]
	[423012,2]
	[422868,1]
	[422724,1]
	[422628,1]
	[422580,1]
	[422340,1]
	[422196,1]
	[422100,1]
	[422052,2]
	[353,513]
	[421809,1]
	[421761,1]
	[421425,1]
	[421329,1]
	[421233,1]
	[421185,1]
	[421089,1]
	[420753,1]
	[420705,1]
	[420561,1]
	[420321,1]
	[420129,1]
	[420033,1]
	[419889,3]
	[419793,1]
	[419745,2]
	[419601,1]
	[419457,1]
	[419409,1]
	[419361,1]
	[419265,2]
	[419169,1]
	[419121,1]
	[418593,2]
	[418545,1]
	[418449,1]
	[418302,1]
	[350,503]
	[418206,2]
	[418158,1]
	[417966,1]
	[417678,1]
	[417486,1]
	[417246,1]
	[417198,2]
	[417054,2]
	[417006,2]
	[416958,2]
	[416910,1]
	[416814,1]
	[416766,1]
	[416622,1]
	[416526,1]
	[416478,1]
	[416334,2]
	[416238,1]
	[416094,1]
	[415998,1]
	[415614,1]
	[415566,1]
	[415518,1]
	[415182,1]
	[415134,1]
	[415038,1]
	[414846,1]
	[347,533]
	[414603,1]
	[414555,1]
	[414363,1]
	[414219,2]
	[413931,1]
	[413883,1]
	[413739,1]
	[413691,1]
	[413355,1]
	[413307,1]
	[412923,1]
	[412827,2]
	[412539,1]
	[412395,1]
	[412347,2]
	[412251,1]
	[412203,1]
	[412155,1]
	[412107,1]
	[412059,1]
	[412011,2]
	[411867,1]
	[411771,1]
	[411627,1]
	[411531,1]
	[411483,1]
	[411291,2]
	[411195,1]
	[344,471]
	[411144,1]
	[411096,1]
	[411048,1]
	[410952,2]
	[410712,1]
	[410616,2]
	[410328,1]
	[410136,1]
	[410088,1]
	[409944,1]
	[409896,2]
	[409465,1]
	[409368,2]
	[409272,1]
	[409224,1]
	[408888,1]
	[408840,1]
	[408648,1]
	[407928,1]
	[407880,1]
	[407832,1]
	[407688,1]
	[341,501]
	[407589,1]
	[407493,1]
	[407445,1]
	[407397,1]
	[407349,1]
	[407205,1]
	[407013,1]
	[406965,1]
	[406917,1]
	[406533,1]
	[406389,1]
	[406197,1]
	[405909,1]
	[405813,2]
	[405717,1]
	[405525,1]
	[405477,1]
	[405429,2]
	[405237,2]
	[405141,1]
	[405045,1]
	[404997,1]
	[404901,1]
	[404709,1]
	[404661,1]
	[404373,2]
	[404325,1]
	[404277,2]
	[404181,1]
	[404085,1]
	[404082,1]
	[338,487]
	[403842,1]
	[403650,2]
	[403602,1]
	[403410,1]
	[403362,1]
	[403266,1]
	[403170,3]
	[403074,1]
	[403026,1]
	[402978,1]
	[402930,1]
	[402690,1]
	[402594,2]
	[402354,2]
	[402210,1]
	[402162,1]
	[402018,1]
	[401874,1]
	[401826,2]
	[401730,1]
	[401682,1]
	[401634,1]
	[401586,1]
	[401538,1]
	[401490,1]
	[401442,1]
	[401202,1]
	[401058,1]
	[401010,1]
	[400674,1]
	[400627,1]
	[400626,1]
	[400578,1]
	[400530,1]
	[335,475]
	[400383,1]
	[400335,1]
	[400095,2]
	[399951,1]
	[399807,2]
	[399759,1]
	[399663,1]
	[399615,2]
	[399423,1]
	[399375,1]
	[399327,1]
	[399279,1]
	[399183,1]
	[398559,2]
	[398511,1]
	[398415,1]
	[398368,1]
	[398319,1]
	[398271,1]
	[398223,1]
	[398175,1]
	[398127,1]
	[397503,1]
	[397407,2]
	[397119,1]
	[397071,1]
	[396975,1]
	[332,461]
	[396876,1]
	[396684,2]
	[396348,2]
	[396300,2]
	[396108,1]
	[396012,1]
	[395964,1]
	[395724,1]
	[395340,1]
	[395292,1]
	[395244,1]
	[395100,1]
	[395004,1]
	[394956,2]
	[394908,1]
	[394860,1]
	[394716,1]
	[394572,1]
	[394476,1]
	[394380,1]
	[394284,1]
	[393996,1]
	[393852,1]
	[393804,1]
	[393708,1]
	[393420,1]
	[329,465]
	[393369,1]
	[393321,1]
	[393273,1]
	[392985,1]
	[392937,1]
	[392793,2]
	[392697,1]
	[392313,1]
	[392217,1]
	[392025,1]
	[391881,2]
	[391833,1]
	[391641,1]
	[391593,1]
	[391545,1]
	[391401,1]
	[391305,1]
	[391113,1]
	[391017,1]
	[390729,1]
	[390585,2]
	[390537,1]
	[390297,1]
	[390009,1]
	[389961,1]
	[389913,1]
	[326,447]
	[389718,1]
	[389142,2]
	[388998,1]
	[388950,1]
	[388902,1]
	[388374,1]
	[388278,2]
	[388182,1]
	[388134,1]
	[388086,2]
	[388038,1]
	[387990,1]
	[387798,1]
	[387702,2]
	[387606,1]
	[387462,1]
	[387366,2]
	[387174,1]
	[387078,1]
	[387030,1]
	[386982,1]
	[386934,1]
	[386886,1]
	[386598,1]
	[386550,1]
	[386454,1]
	[386406,1]
	[386307,1]
	[323,453]
	[386211,2]
	[386019,1]
	[385923,2]
	[385827,1]
	[385779,1]
	[385731,1]
	[385683,1]
	[385587,2]
	[385443,1]
	[385395,1]
	[385347,1]
	[385251,1]
	[385203,1]
	[384867,1]
	[384819,1]
	[384627,1]
	[384387,2]
	[384243,1]
	[384195,1]
	[384099,1]
	[384051,1]
	[384003,1]
	[383907,1]
	[383811,1]
	[383571,1]
	[383523,1]
	[383379,1]
	[383331,1]
	[383235,1]
	[383091,1]
	[382995,1]
	[382803,1]
	[382755,2]
	[320,459]
	[382704,1]
	[382560,1]
	[382512,1]
	[382272,1]
	[382224,1]
	[382128,2]
	[382032,1]
	[381744,1]
	[381504,1]
	[381456,1]
	[381408,1]
	[381168,1]
	[381120,1]
	[381024,1]
	[380688,1]
	[380640,1]
	[380256,1]
	[380112,1]
	[380064,1]
	[380016,2]
	[379968,1]
	[379824,1]
	[379776,1]
	[379632,1]
	[379536,2]
	[379488,2]
	[379392,1]
	[379197,2]
	[317,467]
	[379053,2]
	[378765,1]
	[378525,1]
	[378477,1]
	[378189,2]
	[378141,1]
	[377949,1]
	[377901,1]
	[377565,1]
	[377517,1]
	[377373,1]
	[377325,1]
	[377277,2]
	[377229,1]
	[377133,1]
	[377085,1]
	[376989,1]
	[376845,1]
	[376797,1]
	[376365,1]
	[376269,1]
	[376221,1]
	[376125,1]
	[376077,1]
	[375981,1]
	[314,491]
	[375594,2]
	[375450,1]
	[375354,1]
	[375114,1]
	[375066,1]
	[374778,1]
	[374730,1]
	[374443,1]
	[374394,1]
	[374154,1]
	[374106,1]
	[374058,2]
	[373818,1]
	[373626,1]
	[373578,1]
	[373482,1]
	[373242,1]
	[373050,2]
	[372906,1]
	[372762,1]
	[372570,1]
	[372522,1]
	[372378,1]
	[372330,1]
	[372282,1]
	[372234,2]
	[372088,1]
	[311,433]
	[371895,1]
	[371607,1]
	[371367,1]
	[371079,1]
	[370935,1]
	[370839,1]
	[370695,1]
	[370599,1]
	[370455,2]
	[370407,1]
	[370359,2]
	[370167,1]
	[370119,2]
	[370071,1]
	[370023,1]
	[369975,1]
	[369927,1]
	[369783,1]
	[369639,1]
	[369591,1]
	[369543,1]
	[369495,1]
	[369399,1]
	[369303,1]
	[369111,1]
	[368679,1]
	[368583,1]
	[308,465]
	[368388,1]
	[367956,1]
	[367860,1]
	[367812,1]
	[367716,1]
	[367524,1]
	[367380,1]
	[367284,1]
	[367236,1]
	[367188,1]
	[367140,1]
	[367044,1]
	[366852,1]
	[366804,1]
	[366708,1]
	[366660,1]
	[366564,1]
	[366516,1]
	[366276,1]
	[366228,1]
	[366036,1]
	[365940,1]
	[365892,1]
	[365844,2]
	[365652,2]
	[365460,1]
	[365412,1]
	[365364,1]
	[365268,1]
	[365172,1]
	[364977,1]
	[305,442]
	[364833,1]
	[364737,1]
	[364641,1]
	[364401,1]
	[364017,1]
	[363777,1]
	[363633,1]
	[363441,1]
	[363201,1]
	[362961,1]
	[362913,1]
	[362817,1]
	[362769,1]
	[362673,1]
	[362385,3]
	[362337,1]
	[362241,1]
	[362193,1]
	[362097,1]
	[362049,1]
	[361953,1]
	[361857,1]
	[361713,1]
	[361665,2]
	[302,440]
	[361326,1]
	[361230,1]
	[361086,1]
	[361038,1]
	[360894,1]
	[360750,1]
	[360702,1]
	[360558,1]
	[360078,1]
	[359982,1]
	[359790,2]
	[359646,2]
	[359550,1]
	[359502,1]
	[359454,2]
	[359358,1]
	[359214,1]
	[359022,1]
	[358782,1]
	[358638,1]
	[358590,1]
	[358494,1]
	[358446,1]
	[358398,2]
	[358302,1]
	[358206,1]
	[299,393]
	[357723,1]
	[357675,1]
	[357627,1]
	[357531,2]
	[357435,1]
	[357291,1]
	[357003,1]
	[356955,1]
	[356475,2]
	[356283,1]
	[355995,2]
	[355851,1]
	[355707,1]
	[355611,1]
	[355467,1]
	[355371,1]
	[355083,2]
	[354843,1]
	[354795,1]
	[354699,1]
	[354651,1]
	[354555,1]
	[354507,1]
	[354363,1]
	[354312,1]
	[296,422]
	[354216,1]
	[353880,2]
	[353784,1]
	[353736,1]
	[353640,1]
	[353592,1]
	[353544,2]
	[353352,1]
	[353256,1]
	[353112,1]
	[352680,1]
	[352632,1]
	[352536,1]
	[352488,2]
	[352296,1]
	[352200,1]
	[352008,1]
	[351816,1]
	[351528,1]
	[351432,1]
	[351192,1]
	[351144,1]
	[350808,1]
	[293,427]
	[350709,2]
	[350613,1]
	[350517,1]
	[350421,1]
	[350325,1]
	[350277,1]
	[350133,1]
	[350037,1]
	[349701,1]
	[349509,2]
	[349317,1]
	[349221,1]
	[349173,1]
	[348885,1]
	[348837,1]
	[348693,1]
	[348405,2]
	[348357,2]
	[347877,1]
	[347493,1]
	[347253,1]
	[347205,2]
	[347203,1]
	[347202,1]
	[290,438]
	[346962,1]
	[346914,1]
	[346674,1]
	[346578,1]
	[346530,1]
	[346482,1]
	[346434,1]
	[346194,1]
	[346050,1]
	[346002,1]
	[345954,1]
	[345906,1]
	[345858,2]
	[345618,1]
	[345522,1]
	[345330,1]
	[345234,1]
	[345186,1]
	[345138,1]
	[344850,1]
	[344610,1]
	[344514,1]
	[344274,1]
	[344178,1]
	[343890,1]
	[343842,1]
	[343794,1]
	[287,426]
	[343551,1]
	[343455,1]
	[343407,1]
	[343359,1]
	[343311,1]
	[343119,1]
	[343071,1]
	[342255,1]
	[342207,2]
	[342063,1]
	[342015,1]
	[341679,1]
	[341535,1]
	[341439,1]
	[341295,1]
	[341103,1]
	[341007,1]
	[340959,1]
	[340431,1]
	[340383,1]
	[340191,1]
	[340143,1]
	[284,406]
	[339996,1]
	[339612,1]
	[339228,1]
	[339181,1]
	[339084,1]
	[338940,1]
	[338892,1]
	[338844,1]
	[338700,1]
	[338604,1]
	[338412,2]
	[338364,1]
	[338268,1]
	[338220,1]
	[338172,1]
	[337692,1]
	[337500,1]
	[337404,1]
	[337356,1]
	[337212,1]
	[337116,1]
	[337068,1]
	[337020,1]
	[336924,1]
	[336636,1]
	[336588,1]
	[281,412]
	[336201,1]
	[336153,1]
	[336105,1]
	[336057,1]
	[336010,1]
	[335865,1]
	[335817,1]
	[335673,1]
	[335482,1]
	[335337,1]
	[334809,1]
	[334617,1]
	[334473,1]
	[334281,1]
	[334137,1]
	[333753,1]
	[333705,1]
	[333561,1]
	[333417,1]
	[333081,1]
	[333033,1]
	[278,430]
	[332934,1]
	[332454,1]
	[332262,2]
	[332118,1]
	[331878,1]
	[331734,1]
	[331686,1]
	[331110,1]
	[330822,1]
	[330726,1]
	[330630,1]
	[330582,1]
	[330438,1]
	[330054,1]
	[330006,1]
	[329910,2]
	[329862,1]
	[329814,1]
	[329718,1]
	[329574,1]
	[329427,1]
	[275,413]
	[329235,2]
	[329091,1]
	[328899,1]
	[328851,1]
	[328803,1]
	[328755,1]
	[328707,1]
	[328563,1]
	[328131,1]
	[328083,1]
	[327987,1]
	[327891,1]
	[327795,1]
	[327603,1]
	[327075,1]
	[326931,1]
	[326691,1]
	[326451,1]
	[326211,1]
	[326067,1]
	[325923,1]
	[325872,1]
	[272,381]
	[325824,2]
	[325776,1]
	[325632,1]
	[325536,1]
	[325344,1]
	[324960,1]
	[324864,1]
	[324816,1]
	[324672,1]
	[324528,1]
	[324384,1]
	[324288,1]
	[324192,2]
	[324096,1]
	[324048,1]
	[323856,1]
	[323664,1]
	[323616,1]
	[323568,1]
	[323376,1]
	[323280,1]
	[323232,1]
	[323040,1]
	[322800,1]
	[322416,1]
	[269,388]
	[322221,2]
	[321885,1]
	[321837,1]
	[321741,1]
	[321549,1]
	[321453,1]
	[321405,2]
	[321357,1]
	[321213,2]
	[321069,1]
	[321021,1]
	[320781,1]
	[320733,1]
	[320589,1]
	[320541,1]
	[320397,1]
	[320253,1]
	[320157,1]
	[320109,1]
	[319677,1]
	[319581,1]
	[319437,1]
	[319341,1]
	[319149,1]
	[319005,1]
	[318861,1]
	[318762,1]
	[266,411]
	[318714,1]
	[318570,1]
	[318378,1]
	[318282,1]
	[318186,1]
	[318138,1]
	[318042,1]
	[317994,1]
	[317946,1]
	[317898,1]
	[317802,1]
	[317754,1]
	[317658,2]
	[317610,1]
	[317514,1]
	[317274,1]
	[317082,1]
	[316842,1]
	[316554,1]
	[316314,1]
	[316218,1]
	[315882,1]
	[315834,1]
	[315690,1]
	[263,371]
	[315111,1]
	[315015,2]
	[314871,1]
	[314823,1]
	[314775,1]
	[314631,1]
	[314535,1]
	[314439,1]
	[314295,1]
	[314199,1]
	[314151,1]
	[313863,1]
	[313815,1]
	[313671,1]
	[313575,1]
	[313383,1]
	[313191,1]
	[313047,1]
	[312855,1]
	[312759,1]
	[312567,1]
	[312375,1]
	[312087,1]
	[312039,2]
	[311943,1]
	[260,414]
	[311604,1]
	[311364,1]
	[311316,1]
	[311220,1]
	[311124,1]
	[310836,1]
	[310644,1]
	[310308,1]
	[310164,1]
	[310116,1]
	[309876,1]
	[309828,1]
	[309732,1]
	[309684,1]
	[309348,1]
	[309204,1]
	[309156,1]
	[309108,2]
	[309060,1]
	[309012,1]
	[308676,1]
	[308532,1]
	[308484,1]
	[308340,1]
	[308196,1]
	[257,346]
	[308001,1]
	[307953,1]
	[307905,1]
	[307761,1]
	[307665,1]
	[307521,1]
	[307329,1]
	[307281,1]
	[307137,1]
	[306946,1]
	[306945,1]
	[306801,1]
	[306657,1]
	[306561,1]
	[306417,1]
	[306321,1]
	[306225,1]
	[306177,1]
	[306129,2]
	[306081,1]
	[305601,1]
	[305505,1]
	[305457,1]
	[305217,1]
	[305169,1]
	[304881,1]
	[304641,1]
	[304545,1]
	[254,357]
	[304494,1]
	[304446,1]
	[304398,1]
	[303966,1]
	[303678,2]
	[303390,1]
	[303150,2]
	[302862,1]
	[302622,1]
	[302142,1]
	[301902,1]
	[301470,1]
	[301374,1]
	[301278,1]
	[300987,1]
	[251,378]
	[300603,1]
	[300507,1]
	[300363,1]
	[300315,1]
	[300027,1]
	[299835,1]
	[299691,1]
	[299403,2]
	[299307,1]
	[299259,1]
	[299211,1]
	[299115,1]
	[299019,1]
	[298395,1]
	[297963,1]
	[297723,1]
	[297531,2]
	[297435,1]
	[297432,1]
	[248,337]
	[297288,1]
	[296952,1]
	[296856,1]
	[296136,1]
	[296040,1]
	[295944,1]
	[295704,1]
	[295272,1]
	[295032,1]
	[294984,2]
	[294936,1]
	[294792,1]
	[294408,1]
	[294312,1]
	[294264,1]
	[294168,1]
	[294072,1]
	[293928,1]
	[245,366]
	[293685,1]
	[293637,1]
	[293541,1]
	[293397,1]
	[293349,1]
	[293157,2]
	[293109,1]
	[292965,1]
	[292917,1]
	[292821,1]
	[292725,1]
	[292629,1]
	[292581,1]
	[292101,2]
	[291957,2]
	[291861,1]
	[291813,1]
	[291573,1]
	[291525,1]
	[291333,1]
	[291237,2]
	[291093,1]
	[291045,1]
	[290997,1]
	[290565,1]
	[290517,1]
	[290373,1]
	[290325,1]
	[290322,1]
	[242,340]
	[290274,1]
	[290226,1]
	[289986,1]
	[289842,1]
	[289362,1]
	[289122,1]
	[288882,1]
	[288834,1]
	[288594,1]
	[288354,2]
	[288306,1]
	[288210,1]
	[288018,1]
	[287778,1]
	[287538,1]
	[287490,1]
	[287442,2]
	[287250,1]
	[287010,1]
	[286962,1]
	[286818,1]
	[239,337]
	[286575,1]
	[286287,1]
	[286143,1]
	[285951,1]
	[285855,2]
	[285807,1]
	[285663,1]
	[285615,1]
	[285423,1]
	[285375,1]
	[285279,1]
	[285183,1]
	[284991,2]
	[284943,1]
	[284847,1]
	[284703,1]
	[283983,1]
	[283839,1]
	[283791,1]
	[283599,1]
	[283455,1]
	[283263,1]
	[236,325]
	[283116,1]
	[282732,1]
	[282636,1]
	[282588,1]
	[282492,1]
	[282348,1]
	[282204,1]
	[282012,1]
	[281964,1]
	[281772,1]
	[281628,1]
	[281532,1]
	[281436,1]
	[281388,1]
	[280908,1]
	[280476,1]
	[280380,1]
	[280332,1]
	[280236,1]
	[280140,1]
	[280044,1]
	[279948,1]
	[279900,2]
	[279804,1]
	[233,330]
	[279225,1]
	[279177,1]
	[278985,1]
	[278841,1]
	[278697,1]
	[278313,1]
	[278169,1]
	[278025,1]
	[277497,1]
	[277065,1]
	[277017,1]
	[276825,1]
	[276729,1]
	[276102,1]
	[230,335]
	[275670,1]
	[275574,1]
	[275430,1]
	[275046,1]
	[274998,1]
	[274854,1]
	[274806,1]
	[274614,1]
	[274566,2]
	[274182,1]
	[274134,1]
	[274038,1]
	[273894,2]
	[273846,1]
	[273702,1]
	[273462,2]
	[273414,1]
	[273270,1]
	[273174,2]
	[272838,1]
	[272598,1]
	[227,325]
	[272499,1]
	[272307,1]
	[272163,2]
	[271827,1]
	[271731,1]
	[271539,1]
	[271347,1]
	[271251,1]
	[271011,1]
	[270867,1]
	[270675,1]
	[270531,1]
	[270483,1]
	[269907,1]
	[269859,1]
	[269763,1]
	[269475,1]
	[269235,1]
	[269139,1]
	[269091,1]
	[224,293]
	[268944,1]
	[268848,1]
	[268608,1]
	[268512,1]
	[268320,1]
	[268272,1]
	[268128,1]
	[268032,1]
	[267840,1]
	[267744,1]
	[267552,1]
	[267456,1]
	[267264,1]
	[267072,1]
	[266832,2]
	[266688,1]
	[266592,1]
	[266400,1]
	[266208,1]
	[266112,1]
	[266064,1]
	[265968,1]
	[265872,1]
	[265776,1]
	[265728,1]
	[265680,2]
	[265536,1]
	[221,327]
	[265389,1]
	[264670,1]
	[264285,1]
	[263997,2]
	[263901,1]
	[263661,1]
	[263565,1]
	[263181,1]
	[263037,1]
	[262893,1]
	[262845,1]
	[262797,1]
	[262557,1]
	[262413,1]
	[262317,1]
	[262173,1]
	[218,312]
	[261786,1]
	[261450,1]
	[261163,1]
	[260874,2]
	[260730,1]
	[260682,1]
	[260586,1]
	[260442,1]
	[260298,1]
	[260250,1]
	[260202,1]
	[259530,1]
	[259386,1]
	[259338,1]
	[259050,1]
	[258906,1]
	[258858,1]
	[258522,1]
	[258426,1]
	[258378,1]
	[258327,1]
	[215,316]
	[258183,1]
	[258039,1]
	[257895,2]
	[257847,2]
	[257751,1]
	[257703,1]
	[257415,1]
	[257367,3]
	[257031,1]
	[256935,1]
	[256743,1]
	[256599,1]
	[256167,1]
	[255975,1]
	[255543,1]
	[255255,1]
	[255111,1]
	[212,291]
	[254388,1]
	[254100,1]
	[253908,1]
	[253860,1]
	[253524,1]
	[253380,1]
	[253284,1]
	[253092,1]
	[253044,1]
	[252804,1]
	[252756,1]
	[252372,1]
	[252228,1]
	[252132,1]
	[251988,1]
	[251940,1]
	[251844,1]
	[251652,1]
	[251604,1]
	[251412,1]
	[251364,1]
	[251316,1]
	[251217,1]
	[209,308]
	[251169,1]
	[250929,1]
	[250833,2]
	[250785,1]
	[250689,1]
	[250641,1]
	[250449,1]
	[250113,1]
	[249633,1]
	[249489,1]
	[249153,1]
	[249105,1]
	[248865,1]
	[248721,1]
	[248673,1]
	[248337,1]
	[248289,2]
	[248193,1]
	[248145,1]
	[248097,1]
	[247713,1]
	[247662,1]
	[206,296]
	[247374,1]
	[247182,1]
	[247086,1]
	[246990,1]
	[246942,1]
	[246894,1]
	[246798,1]
	[246654,1]
	[246606,1]
	[246462,2]
	[246270,1]
	[245838,1]
	[245742,1]
	[245694,2]
	[245646,1]
	[245070,1]
	[244878,1]
	[244590,2]
	[244446,1]
	[244158,1]
	[244110,1]
	[203,293]
	[244011,1]
	[243915,1]
	[243723,1]
	[243531,1]
	[243387,1]
	[243291,1]
	[243147,1]
	[243051,1]
	[242427,1]
	[241467,1]
	[240795,1]
	[240651,1]
	[240555,1]
	[200,306]
	[240456,1]
	[240072,1]
	[239784,1]
	[239592,1]
	[239496,1]
	[239064,1]
	[238920,1]
	[238872,1]
	[238776,1]
	[238680,1]
	[238632,1]
	[238488,1]
	[238200,1]
	[238056,1]
	[237816,2]
	[237481,1]
	[237336,1]
	[237288,1]
	[237096,1]
	[237048,1]
	[197,289]
	[236805,1]
	[236661,1]
	[236469,1]
	[236037,1]
	[235749,2]
	[235509,1]
	[235365,1]
	[235173,1]
	[235077,1]
	[235029,2]
	[234837,1]
	[234645,1]
	[234597,1]
	[234309,1]
	[234069,1]
	[234021,1]
	[233442,1]
	[194,272]
	[233346,1]
	[233154,1]
	[233106,1]
	[233010,1]
	[232770,1]
	[232674,1]
	[232578,1]
	[232434,1]
	[231858,1]
	[231570,1]
	[231427,1]
	[231378,1]
	[231234,1]
	[231186,1]
	[230994,1]
	[230754,1]
	[230706,1]
	[230130,1]
	[230082,1]
	[229986,1]
	[191,275]
	[229311,2]
	[229119,1]
	[228783,1]
	[228447,1]
	[228351,1]
	[228063,1]
	[228015,1]
	[227919,1]
	[227583,1]
	[227439,1]
	[226767,1]
	[226671,1]
	[226431,1]
	[226332,2]
	[188,276]
	[226236,1]
	[225900,1]
	[225612,1]
	[225516,1]
	[225420,1]
	[225372,1]
	[225228,1]
	[224941,1]
	[224844,1]
	[224652,1]
	[224556,1]
	[224412,1]
	[224316,1]
	[224172,1]
	[223884,1]
	[223788,1]
	[223596,1]
	[223356,1]
	[223308,1]
	[223164,1]
	[223068,1]
	[222780,1]
	[185,279]
	[222633,1]
	[222393,2]
	[222297,1]
	[222057,1]
	[221769,2]
	[221481,1]
	[221337,1]
	[221289,1]
	[220857,1]
	[220665,1]
	[220521,1]
	[220281,1]
	[220041,1]
	[219657,1]
	[219561,1]
	[182,270]
	[219174,1]
	[218934,2]
	[218454,1]
	[217926,1]
	[217734,1]
	[217638,1]
	[217543,1]
	[217302,1]
	[216870,1]
	[216774,1]
	[216486,1]
	[216342,1]
	[216246,1]
	[216102,1]
	[215862,1]
	[215718,1]
	[179,266]
	[215571,1]
	[215139,1]
	[214947,1]
	[214803,1]
	[214755,1]
	[214371,1]
	[214323,1]
	[214275,1]
	[214179,1]
	[214131,1]
	[213939,1]
	[213699,1]
	[213459,1]
	[212548,1]
	[212547,1]
	[212307,1]
	[212163,1]
	[212112,1]
	[176,269]
	[212064,1]
	[211968,1]
	[211920,1]
	[211392,1]
	[211296,1]
	[211056,1]
	[210768,1]
	[210672,1]
	[210288,1]
	[210048,1]
	[209856,1]
	[209760,1]
	[209712,1]
	[209616,1]
	[209376,1]
	[208993,1]
	[208992,1]
	[208848,1]
	[208704,1]
	[208560,1]
	[208557,1]
	[173,260]
	[208365,1]
	[208221,1]
	[207741,1]
	[207693,1]
	[207645,1]
	[207453,1]
	[207405,1]
	[206349,1]
	[206157,1]
	[206013,1]
	[205965,1]
	[205725,1]
	[205294,1]
	[205197,1]
	[170,248]
	[204090,1]
	[203994,1]
	[203850,1]
	[203802,1]
	[203610,1]
	[203418,1]
	[203322,1]
	[203226,1]
	[203034,1]
	[202650,1]
	[202506,1]
	[201498,2]
	[201450,1]
	[167,237]
	[200919,1]
	[200823,1]
	[200679,1]
	[200535,1]
	[200247,2]
	[200199,1]
	[199912,1]
	[199767,1]
	[199623,1]
	[199383,1]
	[199047,1]
	[198999,1]
	[198855,1]
	[198663,1]
	[198519,1]
	[198423,1]
	[198279,1]
	[198184,1]
	[198183,1]
	[164,236]
	[197844,1]
	[197748,2]
	[197701,1]
	[197364,1]
	[197220,1]
	[197124,1]
	[196692,1]
	[196212,1]
	[196068,1]
	[195972,1]
	[195876,2]
	[195588,1]
	[195492,1]
	[195348,1]
	[195012,1]
	[194772,1]
	[194580,1]
	[194484,1]
	[194388,1]
	[161,226]
	[194241,1]
	[194049,1]
	[194001,1]
	[193905,1]
	[193809,1]
	[193665,1]
	[193425,2]
	[193233,1]
	[193185,1]
	[193137,1]
	[193089,1]
	[192225,2]
	[191937,1]
	[191457,1]
	[191169,1]
	[190881,1]
	[158,217]
	[190494,1]
	[189582,1]
	[189438,1]
	[189102,1]
	[188430,1]
	[188382,1]
	[188142,1]
	[187950,1]
	[187758,1]
	[187614,1]
	[187374,1]
	[187326,1]
	[187230,1]
	[155,225]
	[186603,1]
	[186459,1]
	[186267,1]
	[186027,1]
	[185979,1]
	[185739,1]
	[185547,1]
	[185451,1]
	[185211,1]
	[184587,1]
	[184299,1]
	[152,228]
	[183577,1]
	[183576,1]
	[183480,1]
	[182856,1]
	[182808,1]
	[182664,1]
	[182088,1]
	[181704,1]
	[181464,1]
	[181080,1]
	[180840,1]
	[180456,1]
	[180360,1]
	[180120,1]
	[180117,1]
	[149,208]
	[180069,1]
	[179541,1]
	[179397,1]
	[179349,1]
	[179157,1]
	[178821,2]
	[178389,1]
	[178197,1]
	[177621,1]
	[177285,1]
	[177141,1]
	[176613,1]
	[146,198]
	[176466,1]
	[176370,1]
	[176322,1]
	[176130,2]
	[176082,1]
	[175842,1]
	[175170,2]
	[174834,1]
	[174786,1]
	[174738,1]
	[174546,1]
	[173250,1]
	[173058,1]
	[143,221]
	[172671,1]
	[172431,1]
	[172383,1]
	[172192,1]
	[172191,1]
	[172143,1]
	[172047,1]
	[171855,2]
	[171567,1]
	[171135,1]
	[170847,1]
	[170655,1]
	[170319,1]
	[170175,1]
	[170127,1]
	[169551,1]
	[169455,1]
	[140,193]
	[169308,1]
	[169212,1]
	[169116,1]
	[169020,1]
	[168876,1]
	[168300,1]
	[167916,1]
	[166716,1]
	[166572,1]
	[166284,1]
	[166140,1]
	[166044,1]
	[137,199]
	[165465,1]
	[165081,1]
	[165033,1]
	[164985,1]
	[164793,2]
	[164025,1]
	[163737,1]
	[162921,1]
	[162873,1]
	[162777,1]
	[162633,1]
	[162489,1]
	[134,185]
	[161670,1]
	[161574,1]
	[161478,1]
	[160758,1]
	[160614,1]
	[160566,2]
	[159654,1]
	[159558,1]
	[159414,1]
	[159222,1]
	[159030,1]
	[158787,1]
	[131,182]
	[158499,1]
	[158212,1]
	[157635,1]
	[157588,1]
	[156867,1]
	[156531,1]
	[155955,1]
	[155715,1]
	[155667,1]
	[155523,1]
	[155379,1]
	[155331,1]
	[155232,1]
	[128,189]
	[155040,1]
	[154560,1]
	[154512,1]
	[154032,1]
	[153984,1]
	[153840,1]
	[153456,1]
	[153312,1]
	[153024,1]
	[152688,1]
	[152448,1]
	[152208,1]
	[151872,1]
	[151824,1]
	[151776,1]
	[125,164]
	[151629,1]
	[151437,1]
	[151293,1]
	[151149,1]
	[151005,1]
	[150765,2]
	[150093,1]
	[149997,1]
	[149949,1]
	[149565,1]
	[149374,1]
	[148989,1]
	[148941,1]
	[148701,1]
	[148605,1]
	[148317,1]
	[148122,1]
	[122,181]
	[147498,1]
	[147210,1]
	[146922,1]
	[146539,1]
	[146490,1]
	[146442,1]
	[146250,1]
	[145338,1]
	[145290,1]
	[144858,1]
	[144618,1]
	[119,168]
	[144375,1]
	[143319,1]
	[143127,1]
	[142983,1]
	[142935,1]
	[142551,1]
	[142503,1]
	[141399,1]
	[116,172]
	[140772,1]
	[139716,1]
	[139668,1]
	[139428,1]
	[139284,1]
	[139092,1]
	[138852,1]
	[138228,1]
	[137892,1]
	[137748,1]
	[137652,1]
	[137604,1]
	[113,135]
	[137265,1]
	[136785,1]
	[136497,1]
	[135537,1]
	[134721,1]
	[134193,1]
	[133902,1]
	[110,175]
	[133614,1]
	[133038,1]
	[132606,1]
	[132510,1]
	[132318,1]
	[132174,1]
	[131982,1]
	[131262,1]
	[130974,1]
	[107,168]
	[130107,1]
	[130059,1]
	[129915,1]
	[129867,1]
	[128571,1]
	[128523,1]
	[128139,1]
	[127851,1]
	[127659,1]
	[127035,1]
	[104,134]
	[126072,1]
	[125880,1]
	[125736,1]
	[125688,1]
	[125400,1]
	[125256,1]
	[125064,1]
	[124728,1]
	[124296,1]
	[123624,1]
	[123576,1]
	[101,160]
	[123189,1]
	[122997,1]
	[122853,1]
	[122757,1]
	[122661,1]
	[122373,1]
	[121221,1]
	[120933,1]
	[119733,1]
	[98,160]
	[119634,1]
	[119155,1]
	[119010,1]
	[118818,1]
	[118002,1]
	[117714,1]
	[117666,1]
	[95,137]
	[114927,1]
	[114303,1]
	[114207,1]
	[113583,1]
	[112719,1]
	[112671,1]
	[112575,1]
	[92,137]
	[112428,1]
	[111804,1]
	[111660,1]
	[111084,1]
	[110220,1]
	[109836,1]
	[109596,1]
	[109020,2]
	[89,130]
	[108873,1]
	[108537,1]
	[108393,2]
	[107289,1]
	[106665,1]
	[106473,1]
	[105993,1]
	[105897,1]
	[105753,1]
	[105609,1]
	[86,118]
	[104934,1]
	[104790,1]
	[104598,1]
	[104550,1]
	[104502,1]
	[104118,1]
	[103926,1]
	[103782,1]
	[103446,1]
	[103350,1]
	[83,129]
	[100803,1]
	[80,106]
	[98208,1]
	[96864,1]
	[96768,1]
	[96432,1]
	[96192,1]
	[95520,1]
	[77,93]
	[93693,1]
	[92493,1]
	[92205,1]
	[92109,1]
	[74,93]
	[88410,1]
	[87639,1]
	[71,115]
	[87591,1]
	[85287,1]
	[84567,1]
	[68,91]
	[83508,1]
	[83460,1]
	[83316,1]
	[83172,1]
	[82308,1]
	[80628,1]
	[65,97]
	[80385,1]
	[80337,1]
	[79857,1]
	[79666,1]
	[77889,1]
	[77745,1]
	[77553,1]
	[77505,2]
	[77265,1]
	[62,87]
	[76686,1]
	[76494,1]
	[76446,1]
	[76206,1]
	[75918,1]
	[59,83]
	[73323,1]
	[72123,1]
	[71883,1]
	[70779,1]
	[70395,1]
	[56,82]
	[69192,1]
	[67416,1]
	[67320,1]
	[66408,1]
	[53,73]
	[65877,1]
	[65493,1]
	[64101,1]
	[63237,1]
	[63141,1]
	[50,60]
	[61794,1]
	[61650,1]
	[61362,1]
	[59778,1]
	[47,55]
	[58575,1]
	[57808,1]
	[57711,1]
	[57520,1]
	[56511,1]
	[56367,1]
	[56223,1]
	[44,61]
	[55212,1]
	[55165,1]
	[54780,1]
	[53820,1]
	[53196,1]
	[53100,1]
	[52188,1]
	[41,53]
	[51801,1]
	[51753,1]
	[51705,1]
	[50793,1]
	[50697,1]
	[38,50]
	[48150,1]
	[47622,1]
	[47382,1]
	[46662,1]
	[46326,1]
	[45366,1]
	[35,46]
	[43059,1]
	[42531,1]
	[32,44]
	[41088,1]
	[40272,1]
	[39984,1]
	[39360,1]
	[37920,1]
	[29,35]
	[37677,1]
	[37341,1]
	[35325,1]
	[26,34]
	[33018,1]
	[32346,1]
	[23,36]
	[30375,1]
	[20,19]
	[24420,1]
	[17,19]
	[21490,1]
	[20865,1]
	[20721,1]
	[14,14]
	[11,15]
	[15003,1]
	[14283,1]
	[8,7]
	[11209,1]
	[5,4]

1476,
	[3,4564]
	[1,3]

1532,
	[1,4352]
	[-4370,236]

len(carl_order):
13
Printing carl assignment order:
1532,1,0.948561464690497
1512,3,0.33378790916120166
1476,3,0.3334793720335889
1492,2999,0.0004996039573130701
1496,2999,0.0004544616283769391
1496,718125,5.081411341554381e-08
1496,742626,3.7577768075858345e-08
1496,769095,3.373547555837767e-08
1496,777648,3.2594243974856216e-08
1496,793500,3.2029330768525574e-08
1496,795036,2.794340142283329e-08
1496,859125,1.1163935538389918e-08
1496,888525,4.870009226719481e-10
bin_width: 360119916
assigning lease 1 to address 1532
Average Cache Occupancy Per Bin: [0.00,0.00,0.00,0.00,0.00]
Total cost: 121856.0
assigning lease 3 to address 1512
Average Cache Occupancy Per Bin: [0.99,0.99,0.99,0.99,0.99]
Total cost: 358075904.0
assigning lease 3 to address 1476
Average Cache Occupancy Per Bin: [0.99,0.99,0.99,0.99,0.99]
Total cost: 358476800.0
addr: 1492 ri: 2999
bin target: 46095349248
	bin: 0.0 current capacity: 0.9954373087213538  avg impact: 943.1895640006758
	bin: 1.0 current capacity: 0.994408673581941  avg impact: 833.0005875931616
	bin: 2.0 current capacity: 0.9944499042924357  avg impact: 703.5144657314648
	bin: 3.0 current capacity: 0.9965512487790317  avg impact: 542.4006610953447
	bin: 4.0 current capacity: 0.9967538479599112  avg impact: 295.79606517513463
num_full_bins: 0
printing bin ranks sorted:
	bin: 0.0 rank: 0.13465433412194502
	selecting this^ bin
	bin: 1.0 rank: 0.15246758912065464
	bin: 2.0 rank: 0.18053011882798475
	bin: 3.0 rank: 0.23415061569937126
	bin: 4.0 rank: 0.4293608370917448
acceptable_ratio: 0.13465433412194502
Assigning 1492 dual lease lease 2999 * 0.13465433412194502. Bin saturation: [128.,113.,95.7,74.0,40.8]
addr: 1496 ri: 2999
bin target: 46095349248
	bin: 0.0 current capacity: 128.0  avg impact: 948.161142456781
	bin: 1.0 current capacity: 113.16154811912806  avg impact: 842.7422514449325
	bin: 2.0 current capacity: 95.72572183251873  avg impact: 720.920566070553
	bin: 3.0 current capacity: 74.03315109587544  avg impact: 570.209524896146
	bin: 4.0 current capacity: 40.826976040009114  avg impact: 340.0415318101985
num_full_bins: 1
printing bin ranks sorted:
	bin: 0.0 rank: 0.0
	bin: 1.0 rank: 0.017607342998918727
	bin: 2.0 rank: 0.04476814740269559
	bin: 3.0 rank: 0.09464389237263918
	bin: 4.0 rank: 0.2563599319645707
acceptable_ratio: 0
addr: 1496 ri: 718125
bin target: 46095349248
	bin: 0.0 current capacity: 128.0  avg impact: 15607.365866963048
	bin: 1.0 current capacity: 113.16154811912806  avg impact: 15707.326318047903
	bin: 2.0 current capacity: 95.72572183251873  avg impact: 15553.477656059433
	bin: 3.0 current capacity: 74.03315109587544  avg impact: 15385.990579515741
	bin: 4.0 current capacity: 40.826976040009114  avg impact: 14096.23264019644
num_full_bins: 1
printing bin ranks sorted:
	bin: 0.0 rank: 0.0
	bin: 1.0 rank: 0.0009446834923027215
	bin: 2.0 rank: 0.0020750522089770466
	bin: 3.0 rank: 0.0035075316486917483
	bin: 4.0 rank: 0.00618413629975222
acceptable_ratio: 0
addr: 1496 ri: 742626
bin target: 46095349248
	bin: 0.0 current capacity: 128.0  avg impact: 16109.606276282704
	bin: 1.0 current capacity: 113.16154811912806  avg impact: 16216.603248569012
	bin: 2.0 current capacity: 95.72572183251873  avg impact: 16061.657307284277
	bin: 3.0 current capacity: 74.03315109587544  avg impact: 15893.595465394921
	bin: 4.0 current capacity: 40.826976040009114  avg impact: 14509.277591456508
num_full_bins: 1
printing bin ranks sorted:
	bin: 0.0 rank: 0.0
	bin: 1.0 rank: 0.0009150160273040728
	bin: 2.0 rank: 0.002009399002233988
	bin: 3.0 rank: 0.003395509154717472
	bin: 4.0 rank: 0.006008088508232893
acceptable_ratio: 0
addr: 1496 ri: 769095
bin target: 46095349248
	bin: 0.0 current capacity: 128.0  avg impact: 16652.188268621056
	bin: 1.0 current capacity: 113.16154811912806  avg impact: 16766.786958375276
	bin: 2.0 current capacity: 95.72572183251873  avg impact: 16610.65560075272
	bin: 3.0 current capacity: 74.03315109587544  avg impact: 16441.972826495938
	bin: 4.0 current capacity: 40.826976040009114  avg impact: 14953.137635009334
num_full_bins: 1
printing bin ranks sorted:
	bin: 0.0 rank: 0.0
	bin: 1.0 rank: 0.0008849907807446613
	bin: 2.0 rank: 0.0019429864144566778
	bin: 3.0 rank: 0.0032822611662000783
	bin: 4.0 rank: 0.005829747982516746
acceptable_ratio: 0
addr: 1496 ri: 777648
bin target: 46095349248
	bin: 0.0 current capacity: 128.0  avg impact: 16827.514264331883
	bin: 1.0 current capacity: 113.16154811912806  avg impact: 16944.569317738038
	bin: 2.0 current capacity: 95.72572183251873  avg impact: 16788.054913308377
	bin: 3.0 current capacity: 74.03315109587544  avg impact: 16619.171495485964
	bin: 4.0 current capacity: 40.826976040009114  avg impact: 15096.013949042463
num_full_bins: 1
printing bin ranks sorted:
	bin: 0.0 rank: 0.0
	bin: 1.0 rank: 0.0008757054607070267
	bin: 2.0 rank: 0.0019224548843890493
	bin: 3.0 rank: 0.0032472646978089627
	bin: 4.0 rank: 0.005774572297975403
acceptable_ratio: 0
addr: 1496 ri: 793500
bin target: 46095349248
	bin: 0.0 current capacity: 128.0  avg impact: 17152.46079584224
	bin: 1.0 current capacity: 113.16154811912806  avg impact: 17274.06843624833
	bin: 2.0 current capacity: 95.72572183251873  avg impact: 17116.84409869739
	bin: 3.0 current capacity: 74.03315109587544  avg impact: 16947.588811144786
	bin: 4.0 current capacity: 40.826976040009114  avg impact: 15360.169828585653
num_full_bins: 1
printing bin ranks sorted:
	bin: 0.0 rank: 0.0
	bin: 1.0 rank: 0.0008590015684860069
	bin: 2.0 rank: 0.0018855273776745662
	bin: 3.0 rank: 0.0031843378728091277
	bin: 4.0 rank: 0.005675264331892981
acceptable_ratio: 0
addr: 1496 ri: 795036
bin target: 46095349248
	bin: 0.0 current capacity: 128.0  avg impact: 17183.946909417806
	bin: 1.0 current capacity: 113.16154811912806  avg impact: 17305.99567861723
	bin: 2.0 current capacity: 95.72572183251873  avg impact: 17148.702551180202
	bin: 3.0 current capacity: 74.03315109587544  avg impact: 16979.411230830123
	bin: 4.0 current capacity: 40.826976040009114  avg impact: 15385.714352238158
num_full_bins: 1
printing bin ranks sorted:
	bin: 0.0 rank: 0.0
	bin: 1.0 rank: 0.0008574168257308585
	bin: 2.0 rank: 0.001882024489675465
	bin: 3.0 rank: 0.003178369860442218
	bin: 4.0 rank: 0.005665841829912164
acceptable_ratio: 0
addr: 1496 ri: 859125
bin target: 46095349248
	bin: 0.0 current capacity: 128.0  avg impact: 18497.692699095263
	bin: 1.0 current capacity: 113.16154811912806  avg impact: 18638.147394880543
	bin: 2.0 current capacity: 95.72572183251873  avg impact: 18477.984036317503
	bin: 3.0 current capacity: 74.03315109587544  avg impact: 18307.189261568084
	bin: 4.0 current capacity: 40.826976040009114  avg impact: 16450.35338497635
num_full_bins: 1
printing bin ranks sorted:
	bin: 0.0 rank: 0.0
	bin: 1.0 rank: 0.0007961334121087437
	bin: 2.0 rank: 0.001746634162257521
	bin: 3.0 rank: 0.002947850056776115
	bin: 4.0 rank: 0.005299158134779255
acceptable_ratio: 0
addr: 1496 ri: 888525
bin target: 46095349248
	bin: 0.0 current capacity: 128.0  avg impact: 19100.35659175262
	bin: 1.0 current capacity: 113.16154811912806  avg impact: 19249.254768347775
	bin: 2.0 current capacity: 95.72572183251873  avg impact: 19087.774728371314
	bin: 3.0 current capacity: 74.03315109587544  avg impact: 18916.29026335772
	bin: 4.0 current capacity: 40.826976040009114  avg impact: 16937.08661413772
num_full_bins: 1
printing bin ranks sorted:
	bin: 0.0 rank: 0.0
	bin: 1.0 rank: 0.0007708585116381403
	bin: 2.0 rank: 0.0016908350306287958
	bin: 3.0 rank: 0.00285292983734038
	bin: 4.0 rank: 0.0051468724194411244
acceptable_ratio: 0
Final saturation:
	0.0,46095349248.0
	1.0,40751727203.090355
	2.0,34472738905.36601
	3.0,26660812153.861973
	4.0,14702607182.062094
DUMP LEASES
0, 5e8, 3, 0, 1 
0, 5d4, 1, bb7, 0.865345665878055 
0, 5d8, 1, 0, 1 
0, 5c4, 3, 0, 1 
0, 5fc, 1, 0, 1 
Dump dual leases

