sample rate: 0.00390625
1664,
	[4,259]
	[3,219]
	[190,1]
	[31166,2]
	[30921,1]
	[31232,1]
	[31311,1]
	[31296,1]
	[31072,1]
	[31136,2]
	[30901,1]
	[31048,1]
	[30980,2]
	[31300,1]
	[31323,1]
	[31245,1]
	[30930,1]
	[31197,2]
	[31152,1]
	[204,1]
	[31006,1]
	[30967,1]
	[31299,1]
	[31022,1]
	[30655,1]
	[191,1]
	[31112,1]

1684,
	[7,1]
	[358,2]
	[30,6]
	[486,21]
	[66,35]
	[38,2]
	[137,2]
	[472,25]
	[65,71]
	[58,17]
	[10,6]
	[158,2]
	[482,18]
	[61,9]
	[147,3]
	[474,22]
	[64,67]
	[60,9]
	[57,8]
	[475,8]
	[117,4]
	[477,6]
	[55,8]
	[473,18]
	[98,2]
	[170,2]
	[288,1]
	[56,10]
	[485,21]
	[444,1]
	[480,7]
	[487,13]
	[68,2]
	[62,13]
	[67,8]
	[63,25]
	[2,15]
	[470,6]
	[99,8]
	[130,2]
	[483,18]
	[484,19]
	[208,3]
	[20,4]
	[41,6]
	[497,4]
	[59,16]
	[9,5]
	[70,3]
	[146,2]
	[494,6]
	[471,10]
	[216,1]
	[490,5]
	[371,2]
	[476,7]
	[492,6]
	[53,2]
	[88,3]
	[406,3]
	[481,20]
	[488,6]
	[187,1]
	[91,3]
	[478,5]
	[109,4]
	[119,4]
	[149,3]
	[342,1]
	[308,1]
	[463,1]
	[289,2]
	[283,1]
	[506,1]
	[479,3]
	[387,1]
	[89,2]
	[39,1]
	[437,2]
	[54,8]
	[430,2]
	[47,2]
	[287,1]
	[228,1]
	[49,3]
	[40,2]
	[90,4]
	[143,2]
	[81,2]
	[246,1]
	[80,2]
	[214,1]
	[11,2]
	[493,4]
	[196,3]
	[131,2]
	[129,1]
	[168,1]
	[37,1]
	[489,5]
	[97,2]
	[394,1]
	[203,1]
	[253,2]
	[383,1]
	[96,1]
	[120,1]
	[79,1]
	[323,1]
	[539,1]
	[377,1]
	[110,2]
	[496,3]
	[29,5]
	[252,1]
	[333,1]
	[128,2]
	[225,1]
	[135,1]
	[532,1]
	[297,1]
	[241,1]
	[138,5]
	[148,2]
	[207,1]
	[365,1]
	[491,5]
	[86,1]
	[223,1]
	[1333,1]
	[243,1]
	[111,1]
	[209,2]
	[19,1]
	[431,1]
	[167,1]
	[162,2]
	[44,1]
	[321,1]
	[132,2]
	[43,1]
	[1972,1]
	[82,1]
	[186,1]
	[69,2]
	[77,2]
	[7890,1]
	[76,1]
	[121,1]
	[24269,1]
	[51,1]
	[397,1]
	[396,1]
	[341,1]
	[374,1]
	[364,2]
	[100,2]
	[277,2]
	[163,1]
	[348,1]
	[50,1]
	[159,1]
	[505,1]
	[52,1]
	[107,1]
	[101,1]
	[251,1]
	[521,1]
	[454,1]
	[21,1]
	[151,1]
	[464,1]
	[849,1]
	[142,1]
	[139,1]
	[312,1]
	[469,1]

1612,
	[3,498]
	[1,466]
	[241,1]
	[4,3]
	[2,28]
	[240,3]
	[462,1]
	[94,1]
	[345,1]
	[93,3]
	[59,2]
	[278,1]
	[392,1]
	[198,1]
	[126,2]
	[279,2]
	[159,2]
	[431,3]
	[26,1]
	[309,2]
	[500,1]
	[163,1]
	[344,1]
	[460,1]
	[389,1]

1596,
	[542,24]
	[545,44]
	[537,40]
	[541,13]
	[547,35]
	[548,29]
	[550,23]
	[539,37]
	[66,2]
	[546,46]
	[536,34]
	[549,35]
	[9432,1]
	[146,1]
	[224,1]
	[491,1]
	[540,17]
	[29284,1]
	[529,4]
	[216,1]
	[538,42]
	[141,1]
	[124,1]
	[15,3]
	[543,17]
	[501,1]
	[544,26]
	[487,3]
	[441,4]
	[535,19]
	[6576,1]
	[2,4]
	[551,17]
	[188,2]
	[524,1]
	[455,1]
	[6577,1]
	[110,2]
	[440,2]
	[489,2]
	[91,1]
	[534,11]
	[350,1]
	[117,1]
	[99,1]
	[552,4]
	[48,1]
	[180,2]
	[65,1]
	[409,1]
	[154,1]
	[142,2]
	[399,1]
	[126,1]
	[467,2]
	[528,1]
	[159,1]
	[40147,1]
	[132,1]
	[196,1]
	[153,1]
	[532,1]
	[508,1]
	[22306,1]
	[515,2]
	[478,2]
	[21770,1]
	[386,1]
	[208,1]
	[183,1]
	[140,1]
	[76,1]
	[398,3]
	[40,1]
	[451,1]
	[74,1]
	[190,1]
	[9428,1]
	[30893,1]
	[42,2]
	[480,3]
	[533,1]
	[11036,1]
	[116,1]
	[239,1]
	[31,1]
	[8,1]
	[29820,1]
	[554,1]
	[553,1]
	[83,1]
	[186,1]
	[435,1]
	[17476,1]
	[150,1]
	[477,1]
	[128,1]
	[380,1]
	[7,1]
	[433,1]
	[23379,1]

1660,
	[3,226]
	[551,1]
	[4,237]
	[1,10]
	[546,1]
	[30657,1]
	[5,9]
	[31232,2]
	[400,1]
	[544,1]
	[31024,2]
	[30903,1]
	[387,1]
	[31266,3]
	[30937,1]
	[30975,1]
	[202,1]
	[401,1]
	[31312,1]
	[31163,2]
	[506,1]
	[30694,1]
	[178,2]
	[190,2]
	[31335,1]
	[31049,1]
	[31272,2]
	[31190,1]
	[30942,1]
	[31267,1]
	[30666,1]
	[31403,1]
	[31223,1]
	[31166,1]
	[30685,1]
	[31162,1]
	[31016,1]
	[482,1]
	[30636,1]
	[31100,1]
	[30996,1]
	[31277,1]
	[30658,1]
	[31226,1]
	[31150,1]
	[30983,1]
	[31237,1]
	[31084,1]

1556,
	[2,283]
	[4,313]
	[5,165]
	[437,2]
	[3,195]
	[6,42]
	[435,1]
	[201,1]
	[62,2]
	[166,1]
	[395,1]
	[202,3]
	[200,3]
	[131,2]
	[60,1]
	[243,2]
	[503,1]
	[312,1]
	[434,1]
	[394,1]
	[464,1]
	[345,1]
	[347,2]
	[98,1]
	[307,1]
	[29,1]
	[463,1]

1604,
	[547,3]
	[22775,1]
	[29225,1]
	[33518,1]
	[27083,1]
	[23881,1]
	[545,2]
	[35664,1]
	[544,3]
	[19540,1]
	[22237,1]
	[1096,1]
	[24160,1]
	[29756,1]
	[24375,1]
	[546,3]
	[541,1]
	[24197,1]
	[548,1]
	[16336,1]
	[1094,1]
	[13106,1]
	[1092,1]
	[543,4]
	[21184,1]
	[16846,1]
	[24182,1]

1632,
	[3,29]
	[1,32]
	[2,1]

1600,
	[496,1]
	[458,3]
	[441,3]
	[316,1]
	[445,1]
	[388,2]
	[353,3]
	[477,1]
	[398,1]
	[429,3]
	[295,2]
	[415,2]
	[260,1]
	[509,3]
	[277,1]
	[520,1]
	[405,1]
	[31376,1]
	[19644,1]
	[2,5]
	[402,1]
	[430,2]
	[409,2]
	[360,1]
	[427,1]
	[401,1]
	[410,2]
	[518,5]
	[526,1]
	[508,2]
	[23340,3]
	[27901,1]
	[288,1]
	[516,1]
	[24047,2]
	[483,1]
	[519,1]
	[220,1]
	[23339,5]
	[23331,1]
	[21956,1]
	[34559,1]
	[451,2]
	[466,1]
	[331,1]
	[510,2]
	[46398,1]
	[297,1]
	[468,2]
	[28558,1]
	[437,1]
	[379,2]
	[448,1]
	[286,1]
	[23335,2]
	[29054,1]
	[380,2]
	[497,1]
	[381,2]
	[3980,1]
	[439,2]
	[28654,1]
	[36705,1]
	[406,1]
	[28392,1]
	[50155,1]
	[361,3]
	[420,2]
	[16510,1]
	[35324,1]
	[467,1]
	[512,1]
	[304,1]
	[528,2]
	[32850,1]
	[35111,1]
	[34029,1]
	[45232,1]
	[417,1]
	[400,1]
	[449,2]
	[459,2]
	[376,1]
	[431,3]
	[267,1]
	[425,1]
	[390,3]
	[43161,1]
	[419,3]
	[23941,1]
	[23996,1]
	[33499,1]
	[536,1]
	[321,1]
	[407,1]
	[435,1]
	[23114,1]
	[45865,1]
	[52834,1]
	[370,1]
	[17176,1]
	[207,1]
	[229,1]
	[37471,1]
	[499,1]
	[49522,1]
	[389,2]
	[23998,1]
	[538,1]
	[14366,1]
	[438,2]
	[495,1]
	[29879,1]
	[323,1]
	[315,1]
	[259,1]
	[27237,1]
	[418,1]
	[6279,1]
	[39960,1]
	[311,1]

1592,
	[4,18]
	[6,1]
	[5,10]
	[2,1]

1828,
	[2,478]
	[64,2]
	[138,2]
	[430,3]
	[466,1]
	[28,6]
	[432,1]
	[211,2]
	[503,4]
	[285,3]
	[358,2]
	[101,1]
	[248,1]
	[321,3]
	[137,1]
	[431,1]
	[174,1]
	[504,1]
	[286,1]
	[249,1]
	[100,1]

1880,
	[4,452]
	[31228,1]
	[31034,1]
	[31138,1]
	[199,5]
	[31191,1]
	[215,2]
	[31188,1]
	[31292,1]
	[31149,2]
	[30668,1]
	[30647,2]
	[31051,1]
	[31216,1]
	[31183,1]
	[30635,1]
	[31170,1]
	[30968,1]
	[30955,1]
	[31124,1]
	[30923,1]
	[30619,1]
	[31021,1]
	[30950,1]
	[31027,1]
	[184,1]
	[31043,1]
	[30994,1]
	[31259,1]
	[30637,1]
	[30969,1]
	[31296,1]
	[31294,1]
	[31300,2]
	[30639,1]
	[31313,1]
	[30615,1]

1812,
	[5,393]
	[2,429]
	[3,80]
	[4,33]
	[6,74]
	[7,42]
	[463,13]
	[240,5]
	[237,4]
	[239,1]
	[8,4]
	[464,14]
	[465,2]
	[241,1]
	[13134,1]
	[1,1]
	[238,2]
	[469,1]

1876,
	[4,438]
	[2,512]
	[3,6]
	[31144,2]
	[31318,1]
	[221,2]
	[31229,1]
	[30653,1]
	[30649,1]
	[31035,1]
	[30944,1]
	[30644,1]
	[31267,1]
	[31276,1]
	[31284,1]
	[31305,2]
	[205,4]
	[31024,1]
	[31117,1]
	[30650,1]
	[31311,1]
	[31113,1]
	[190,1]
	[31191,1]
	[31264,1]
	[31153,1]
	[31027,1]
	[30997,1]
	[31089,1]
	[31088,1]

1772,
	[3,892]
	[5,35]
	[4,69]
	[509,6]
	[68,3]
	[324,1]
	[141,4]
	[361,2]
	[288,1]
	[398,3]
	[32,4]
	[6,1]
	[104,2]
	[177,3]
	[251,1]
	[31,1]
	[252,1]
	[436,1]
	[289,1]

1896,
	[2,459]
	[184,3]
	[199,3]
	[39,3]
	[11,6]
	[12,4]
	[149,2]
	[113,5]
	[296,4]
	[215,4]
	[223,4]
	[76,3]
	[408,4]
	[407,1]
	[370,3]
	[260,4]
	[333,3]
	[186,2]

1808,
	[2,26]
	[3,1]

1736,
	[1,8]
	[3,7]

1820,
	[540,22]
	[15356,1]
	[541,2]
	[15355,1]
	[543,1]
	[539,1]
	[542,1]
	[27714,1]

1860,
	[1,6]
	[3,9]

1740,
	[2,8]
	[1,1]
	[483,1]
	[530,2]
	[482,1]
	[500,1]
	[515,1]

1644,
	[54,4]
	[53,2]
	[8403,1]
	[63,1]

1540,
	[1,9]
	[3,6]

1524,
	[3,4]
	[2,4]
	[476,2]
	[470,1]
	[477,2]
	[489,1]
	[473,1]
	[486,1]
	[531,1]

1816,
	[38725,1]
	[29809,1]
	[270,1]
	[31935,1]
	[20362,1]
	[26332,1]
	[1389,1]
	[38945,1]
	[291,4]
	[21764,1]
	[19388,1]
	[19936,2]
	[44318,1]
	[49062,1]
	[21225,1]
	[31424,1]
	[14851,1]
	[25055,1]
	[31954,1]
	[48075,1]
	[251,4]
	[29286,1]
	[19635,1]
	[18543,1]
	[28074,1]
	[41089,1]
	[27673,1]
	[4114,1]
	[29221,1]
	[11061,1]
	[4661,1]
	[30569,1]
	[24849,1]
	[43230,1]
	[45274,1]
	[9954,2]
	[12839,1]
	[15570,1]
	[22837,1]
	[30838,1]
	[9021,1]
	[32176,1]
	[39438,1]
	[19079,1]
	[14784,1]
	[845,1]
	[16661,1]
	[20155,1]
	[43667,1]
	[14478,1]
	[16116,1]
	[1365,1]
	[10480,1]
	[35738,1]
	[26600,1]
	[42150,1]
	[25177,1]
	[30343,1]
	[23452,1]
	[13365,1]
	[30837,1]
	[28218,1]
	[3,1]

1848,
	[2,32]

1752,
	[2,11]

1520,
	[106,3]
	[107,1]
	[475,2]
	[1728,1]
	[476,1]
	[1307,1]

1732,
	[2,1]

len(carl_order):
76
Printing carl assignment order:
1540,1,0.6
1736,1,0.5333333333333333
1632,1,0.5161290322580645
1632,3,0.5084745762711864
1736,3,0.5
1540,3,0.5
1848,2,0.5
1752,2,0.5
1732,2,0.5
1808,3,0.4909090909090909
1612,3,0.4677039132484677
1828,2,0.4631782945736434
1860,3,0.45454545454545453
1896,2,0.44390715667311414
1876,4,0.3267259056732741
1740,2,0.3103448275862069
1772,5,0.30163537250151423
1556,6,0.2722313147845063
1664,4,0.26423438363736873
1660,4,0.25159574468085105
1812,7,0.24637002341920375
1592,6,0.23076923076923078
1880,4,0.22782258064516128
1524,3,0.1702127659574468
1660,5,0.14754098360655737
1612,4,0.08571428571428572
1812,8,0.08333333333333333
1772,6,0.02857142857142857
1896,12,0.017421602787456445
1644,63,0.015625
1600,2,0.014285714285714285
1684,2,0.00885478158205431
1684,67,0.007079750729667903
1828,28,0.006072874493927126
1772,32,0.0056625141562853904
1684,70,0.004953998584571833
1816,3,0.004694835680751174
1896,408,0.004670623722876326
1520,107,0.004166666666666667
1612,500,0.00404040404040404
1772,509,0.0039247530112329135
1556,503,0.0038432928341185224
1828,504,0.0035979311895659996
1596,2,0.0032102728731942215
1684,539,0.003170498545422034
1812,469,0.0025094835132769187
1524,531,0.0020794824399260627
1740,530,0.0019815059445178335
1596,554,0.0019446886893568407
1820,543,0.0016651248843663274
1520,476,0.0016277807921866521
1600,538,0.0015994965519049741
1876,221,0.0009906594961788847
1520,1728,0.0009601536245799327
1880,215,0.0008721247138340783
1604,548,0.000840668578775591
1684,849,0.0006451612903225806
1664,204,0.0005196604884808592
1684,1972,0.0005190760446405398
1660,551,0.0005003078817733991
1816,291,0.0004504729966464788
1604,1096,0.00027387255796969143
1644,8403,0.00011990407673860912
1684,7890,8.448800270361608e-05
1812,13134,7.895775759968417e-05
1684,24269,6.105378838756945e-05
1820,27714,5.2820621170504965e-05
1596,40147,5.180892867106113e-05
1816,1389,4.5173919590423127e-05
1604,35664,4.3653208639226776e-05
1816,49062,4.131819282773163e-05
1600,52834,3.535463646595054e-05
1660,31403,3.275604306999714e-05
1880,31313,3.2458984466572654e-05
1876,31318,3.239976323249946e-05
1664,31323,3.236060668669705e-05
bin_width: 503146
assigning lease 1 to address 1540
Average Cache Occupancy Per Bin: [0.00,0.00,0.00,0.00,0.00]
Total cost: 768.0
assigning lease 1 to address 1736
Average Cache Occupancy Per Bin: [0.00,0.00,0.00,0.00,0.00]
Total cost: 1792.0
assigning lease 1 to address 1632
Average Cache Occupancy Per Bin: [0.01,0.00,0.00,0.00,0.00]
Total cost: 5888.0
assigning lease 3 to address 1632
Average Cache Occupancy Per Bin: [0.01,0.01,0.01,0.01,0.01]
Total cost: 8960.0
assigning lease 3 to address 1736
Average Cache Occupancy Per Bin: [0.01,0.01,0.01,0.01,0.01]
Total cost: 9984.0
assigning lease 3 to address 1540
Average Cache Occupancy Per Bin: [0.01,0.02,0.01,0.01,0.01]
Total cost: 9984.0
assigning lease 2 to address 1848
Average Cache Occupancy Per Bin: [0.02,0.02,0.02,0.02,0.01]
Total cost: 12032.0
assigning lease 2 to address 1752
Average Cache Occupancy Per Bin: [0.02,0.03,0.03,0.02,0.02]
Total cost: 13056.0
assigning lease 2 to address 1732
Average Cache Occupancy Per Bin: [0.02,0.03,0.03,0.02,0.02]
Total cost: 13056.0
assigning lease 3 to address 1808
Average Cache Occupancy Per Bin: [0.03,0.03,0.04,0.02,0.02]
Total cost: 15616.0
assigning lease 3 to address 1612
Average Cache Occupancy Per Bin: [0.22,0.24,0.25,0.25,0.26]
Total cost: 114944.0
assigning lease 2 to address 1828
Average Cache Occupancy Per Bin: [0.34,0.33,0.36,0.36,0.35]
Total cost: 172288.0
assigning lease 3 to address 1860
Average Cache Occupancy Per Bin: [0.34,0.33,0.37,0.36,0.36]
Total cost: 174336.0
assigning lease 2 to address 1896
Average Cache Occupancy Per Bin: [0.43,0.45,0.48,0.48,0.44]
Total cost: 216832.0
assigning lease 4 to address 1876
Average Cache Occupancy Per Bin: [0.71,0.74,0.79,0.75,0.78]
Total cost: 360960.0
assigning lease 2 to address 1740
Average Cache Occupancy Per Bin: [0.72,0.74,0.80,0.76,0.78]
Total cost: 362752.0
assigning lease 5 to address 1772
Average Cache Occupancy Per Bin: [1.02,1.07,1.15,1.09,1.13]
Total cost: 516864.0
assigning lease 6 to address 1556
Average Cache Occupancy Per Bin: [1.45,1.44,1.49,1.46,1.49]
Total cost: 733952.0
assigning lease 4 to address 1664
Average Cache Occupancy Per Bin: [1.63,1.61,1.68,1.66,1.68]
Total cost: 822528.0
assigning lease 4 to address 1660
Average Cache Occupancy Per Bin: [1.81,1.81,1.87,1.87,1.85]
Total cost: 914432.0
assigning lease 7 to address 1812
Average Cache Occupancy Per Bin: [2.26,2.31,2.27,2.27,2.27]
Total cost: 1138176.0
assigning lease 6 to address 1592
Average Cache Occupancy Per Bin: [2.27,2.32,2.28,2.28,2.29]
Total cost: 1142784.0
assigning lease 4 to address 1880
Average Cache Occupancy Per Bin: [2.46,2.52,2.49,2.46,2.52]
Total cost: 1241088.0
assigning lease 3 to address 1524
Average Cache Occupancy Per Bin: [2.47,2.53,2.49,2.47,2.53]
Total cost: 1243904.0
assigning lease 5 to address 1660
Average Cache Occupancy Per Bin: [2.47,2.54,2.50,2.47,2.53]
Total cost: 1246976.0
assigning lease 4 to address 1612
Average Cache Occupancy Per Bin: [2.47,2.54,2.50,2.48,2.54]
Total cost: 1247744.0
assigning lease 8 to address 1812
Average Cache Occupancy Per Bin: [2.48,2.54,2.51,2.48,2.54]
Total cost: 1250816.0
assigning lease 6 to address 1772
Average Cache Occupancy Per Bin: [2.48,2.55,2.51,2.49,2.55]
Total cost: 1251072.0
assigning lease 12 to address 1896
Average Cache Occupancy Per Bin: [2.53,2.60,2.58,2.56,2.59]
Total cost: 1276416.0
assigning lease 63 to address 1644
Average Cache Occupancy Per Bin: [2.59,2.60,2.63,2.59,2.69]
Total cost: 1304064.0
assigning lease 2 to address 1600
Average Cache Occupancy Per Bin: [2.63,2.63,2.66,2.63,2.72]
Total cost: 1326592.0
assigning lease 2 to address 1684
Average Cache Occupancy Per Bin: [2.81,2.82,2.82,2.81,2.88]
Total cost: 1416192.0
assigning lease 67 to address 1684
Average Cache Occupancy Per Bin: [8.19,8.50,7.37,8.16,7.71]
Total cost: 4124160.0
assigning lease 28 to address 1828
Average Cache Occupancy Per Bin: [8.32,8.63,7.48,8.27,7.73]
Total cost: 4190720.0
assigning lease 32 to address 1772
Average Cache Occupancy Per Bin: [8.34,8.73,7.56,8.42,7.85]
Total cost: 4197376.0
assigning lease 70 to address 1684
Average Cache Occupancy Per Bin: [8.49,8.88,7.70,8.55,7.98]
Total cost: 4275200.0
assigning lease 3 to address 1816
Average Cache Occupancy Per Bin: [8.50,8.91,7.72,8.57,8.01]
Total cost: 4279808.0
assigning lease 408 to address 1896
Average Cache Occupancy Per Bin: [9.07,9.85,9.14,10.1,8.73]
Total cost: 4564224.0
assigning lease 107 to address 1520
Average Cache Occupancy Per Bin: [9.12,9.96,9.30,10.2,8.79]
Total cost: 4591360.0
assigning lease 500 to address 1612
Average Cache Occupancy Per Bin: [9.36,10.2,9.78,11.4,10.6]
Total cost: 4712448.0
assigning lease 509 to address 1772
Average Cache Occupancy Per Bin: [9.60,11.3,10.3,12.3,11.5]
Total cost: 4834560.0
assigning lease 503 to address 1556
Average Cache Occupancy Per Bin: [10.4,11.6,11.2,13.5,12.5]
Total cost: 5259520.0
assigning lease 504 to address 1828
Average Cache Occupancy Per Bin: [11.6,12.9,11.9,14.6,12.6]
Total cost: 5849600.0
assigning lease 2 to address 1596
Average Cache Occupancy Per Bin: [11.7,13.0,12.0,14.8,12.8]
Total cost: 5912576.0
assigning lease 539 to address 1684
Average Cache Occupancy Per Bin: [28.0,29.1,26.5,28.6,26.0]
Total cost: 14106112.0
assigning lease 469 to address 1812
Average Cache Occupancy Per Bin: [29.8,31.1,29.2,29.8,27.0]
Total cost: 15042304.0
assigning lease 531 to address 1524
Average Cache Occupancy Per Bin: [30.1,31.6,29.2,30.8,27.6]
Total cost: 15163392.0
assigning lease 530 to address 1740
Average Cache Occupancy Per Bin: [30.1,32.1,29.7,31.3,27.6]
Total cost: 15163392.0
assigning lease 554 to address 1596
Average Cache Occupancy Per Bin: [60.9,61.4,62.8,63.7,60.5]
Total cost: 30656256.0
assigning lease 543 to address 1820
Average Cache Occupancy Per Bin: [62.5,64.4,64.2,64.8,61.6]
Total cost: 31486720.0
assigning lease 476 to address 1520
Average Cache Occupancy Per Bin: [62.5,64.4,64.5,65.2,61.8]
Total cost: 31486720.0
assigning lease 538 to address 1600
Average Cache Occupancy Per Bin: [71.9,71.8,71.6,73.8,68.1]
Total cost: 36183040.0
assigning lease 221 to address 1876
Average Cache Occupancy Per Bin: [72.4,72.7,72.0,74.7,69.1]
Total cost: 36460800.0
assigning lease 1728 to address 1520
Average Cache Occupancy Per Bin: [72.4,72.7,72.0,75.3,69.5]
Total cost: 36460800.0
assigning lease 215 to address 1880
Average Cache Occupancy Per Bin: [73.4,73.5,73.2,76.1,70.4]
Total cost: 36942848.0
assigning lease 548 to address 1604
Average Cache Occupancy Per Bin: [76.4,74.8,74.6,78.0,72.9]
Total cost: 38483968.0
assigning lease 849 to address 1684
Average Cache Occupancy Per Bin: [76.4,74.8,74.8,78.5,73.1]
Total cost: 38483968.0
assigning lease 204 to address 1664
Average Cache Occupancy Per Bin: [76.9,75.7,75.5,79.0,73.5]
Total cost: 38736384.0
assigning lease 1972 to address 1684
Average Cache Occupancy Per Bin: [76.9,75.7,75.7,80.7,73.5]
Total cost: 38736384.0
assigning lease 551 to address 1660
Average Cache Occupancy Per Bin: [79.8,78.3,78.8,82.9,75.9]
Total cost: 40190208.0
assigning lease 291 to address 1816
Average Cache Occupancy Per Bin: [80.7,81.4,80.9,84.5,78.4]
Total cost: 40627200.0
assigning lease 1096 to address 1604
Average Cache Occupancy Per Bin: [82.9,82.5,81.2,85.6,79.2]
Total cost: 41749504.0
assigning lease 8403 to address 1644
Average Cache Occupancy Per Bin: [82.9,82.5,81.2,85.6,83.4]
Total cost: 41749504.0
assigning lease 7890 to address 1684
Average Cache Occupancy Per Bin: [82.9,82.5,81.2,91.7,83.4]
Total cost: 41749504.0
assigning lease 13134 to address 1812
Average Cache Occupancy Per Bin: [82.9,89.0,81.2,91.7,83.4]
Total cost: 41749504.0
assigning lease 24269 to address 1684
Average Cache Occupancy Per Bin: [82.9,89.0,81.2,100.,83.4]
Total cost: 41749504.0
assigning lease 27714 to address 1820
Average Cache Occupancy Per Bin: [90.5,96.5,95.0,100.,83.4]
Total cost: 45541632.0
assigning lease 40147 to address 1596
Average Cache Occupancy Per Bin: [115.,116.,116.,125.,118.]
Total cost: 58252800.0
assigning lease 1389 to address 1816
Average Cache Occupancy Per Bin: [118.,126.,123.,131.,127.]
Total cost: 59658240.0
assigning lease 35664 to address 1604
Average Cache Occupancy Per Bin: [222.,164.,134.,145.,157.]
Total cost: 112177920.0
assigning lease 49062 to address 1816
Average Cache Occupancy Per Bin: [294.,408.,250.,245.,340.]
Total cost: 148073728.0
addr: 1600 ri: 52834
bin target: 257610752
	bin: 1.0 current capacity: 408.62992451495194  avg impact: 172.76868344377178
num_full_bins: 0
printing bin ranks sorted:
	bin: 1.0 rank: 0.5983148880027801
	selecting this^ bin
acceptable_ratio: 0.5983148880027801
Assigning 1600 dual lease lease 52834 * 0.5983148880027801. Bin saturation: [345.,512.,341.,371.,382.]
addr: 1660 ri: 31403
bin target: 257610752
	bin: 1.0 current capacity: 512.0  avg impact: 108.90885746880627
	bin: 2.0 current capacity: 341.0838719068254  avg impact: 171.20005723984687
num_full_bins: 1
printing bin ranks sorted:
	bin: 1.0 rank: 0.0
	bin: 2.0 rank: 0.9983415359127219
acceptable_ratio: 0
addr: 1880 ri: 31313
bin target: 257610752
	bin: 1.0 current capacity: 512.0  avg impact: 109.4247792887154
num_full_bins: 1
printing bin ranks sorted:
	bin: 1.0 rank: 0.0
acceptable_ratio: 0
addr: 1876 ri: 31318
bin target: 257610752
	bin: 1.0 current capacity: 512.0  avg impact: 109.6725642258907
num_full_bins: 1
printing bin ranks sorted:
	bin: 1.0 rank: 0.0
acceptable_ratio: 0
addr: 1664 ri: 31323
bin target: 257610752
	bin: 1.0 current capacity: 512.0  avg impact: 125.80911306062256
num_full_bins: 1
printing bin ranks sorted:
	bin: 1.0 rank: 0.0
acceptable_ratio: 0
Final saturation:
	0.0,173991695.06015396
	1.0,257610752.0
	2.0,171614985.81443155
	3.0,186841788.80001885
	4.0,192494985.20527032
DUMP LEASES
0, 680, cc, 0, 1 
0, 694, 5ecd, 0, 1 
0, 64c, 1f4, 0, 1 
0, 63c, 9cd3, 0, 1 
0, 67c, 227, 0, 1 
0, 614, 1f7, 0, 1 
0, 644, 8b50, 0, 1 
0, 660, 3, 0, 1 
0, 640, 21a, ce62, 0.4016851119972199 
0, 638, 6, 0, 1 
0, 724, 1f8, 0, 1 
0, 758, d7, 0, 1 
0, 714, 334e, 0, 1 
0, 754, dd, 0, 1 
0, 6ec, 1fd, 0, 1 
0, 768, 198, 0, 1 
0, 710, 3, 0, 1 
0, 6c8, 3, 0, 1 
0, 71c, 6c42, 0, 1 
0, 744, 3, 0, 1 
0, 6cc, 212, 0, 1 
0, 66c, 20d3, 0, 1 
0, 604, 3, 0, 1 
0, 5f4, 213, 0, 1 
0, 718, bfa6, 0, 1 
0, 738, 2, 0, 1 
0, 6d8, 2, 0, 1 
0, 5f0, 6c0, 0, 1 
0, 6c4, 2, 0, 1 
Dump dual leases

