Dump predicted miss count (no contention misses): 351
Dump formated leases
0, 250, 4c9, 0, 1
0, 254, 5ac, 0, 1
0, 268, 2d5, 0, 1
0, 294, 1f6, 0, 1
0, 298, 227, 0, 1
0, 2ac, 33e, 48453, 0.031271490468818275
0, 2d0, 17b, 0, 1
0, 2d4, 100, 0, 1
0, 2628, 2c3, 0, 1
0, 2634, 2, 0, 1
0, 26b0, 391, 0, 1
0, 26b4, 37b, 0, 1
0, 26b8, 347, 0, 1
0, 26bc, 373, 0, 1
0, 26c0, 37a, 0, 1
0, 26c4, 359, 0, 1
0, 26c8, 38a, 0, 1
0, 26cc, 34c, 0, 1
0, 26d4, 11b, 0, 1
0, 26d8, 385, 0, 1
0, 26dc, 170, 0, 1
0, 26e0, 163, 0, 1
0, 26e4, 180, 0, 1
0, 26e8, 18c, 0, 1
0, 26ec, 168, 0, 1
0, 26f0, 18f, 0, 1
0, 26f4, 16d, 0, 1
0, 26fc, 16f, 0, 1
