sample rate: 0.00390625
1604,
	[2,3]
	[60,1]

1628,
	[1,685]
	[3,651]
	[200,49]
	[4,34]
	[205,11]
	[12569,1]
	[14406,2]
	[5,9]
	[203,1]
	[204,2]
	[9408,2]
	[202,1]
	[9426,2]

1636,
	[2,665]
	[199,48]
	[204,8]
	[203,1]

1692,
	[4,51]
	[3,651]
	[1,669]
	[2,10]
	[12050,1]
	[13396,1]
	[5,15]
	[12596,1]
	[16440,1]
	[16760,1]
	[18760,1]
	[16200,1]
	[16040,1]
	[12516,1]
	[13156,1]
	[15800,1]
	[13876,1]
	[33413,1]
	[12996,1]
	[18840,1]

1700,
	[2,692]
	[3,37]
	[4,10]
	[1883,2]
	[3036,7]
	[2111,1]
	[3033,1]
	[3034,1]

1764,
	[4,659]
	[5,31]
	[18277,2]
	[15960,1]
	[17024,1]
	[11456,1]
	[18753,2]
	[15149,1]
	[17224,1]
	[14912,1]
	[14729,1]
	[14572,1]
	[16717,1]
	[15248,1]
	[16692,1]
	[14640,1]
	[16861,1]
	[14809,1]
	[14353,1]
	[13632,1]
	[14613,1]
	[15156,1]
	[18305,1]
	[16660,2]
	[15368,1]
	[14364,1]
	[16768,1]
	[14700,1]
	[16812,1]
	[17913,1]
	[16540,1]
	[15080,1]
	[16844,1]
	[14456,1]
	[13844,1]
	[17192,1]
	[17100,1]
	[18344,1]
	[18018,1]
	[13568,1]
	[14856,1]
	[16204,1]
	[15048,1]
	[13644,1]
	[13584,1]
	[14684,1]
	[17965,1]
	[17241,1]
	[13024,1]
	[15764,1]
	[15493,1]
	[15824,1]
	[16236,1]
	[18832,1]
	[18262,1]
	[15520,1]
	[15417,1]
	[14961,1]
	[13296,1]
	[14624,1]

1752,
	[2,593]
	[4,680]
	[33073,1]
	[31722,1]
	[31837,1]
	[29387,1]
	[5,4]
	[31775,1]
	[29055,1]
	[3,28]
	[28987,1]
	[31215,1]
	[30495,1]
	[30237,1]
	[31695,1]
	[30522,1]
	[31482,1]
	[31867,1]
	[29357,1]
	[31547,2]
	[31242,1]
	[30015,1]
	[32202,1]
	[28922,1]
	[30507,1]
	[30122,1]
	[32768,1]
	[32888,1]
	[30058,1]
	[32996,1]
	[32557,1]
	[31627,1]
	[31947,1]
	[33091,1]
	[31277,1]
	[29242,1]
	[29117,1]
	[32574,1]
	[30587,1]
	[29322,1]
	[33185,1]
	[32267,1]
	[30442,1]
	[28778,1]
	[31962,1]
	[31498,1]
	[30335,1]
	[29418,1]
	[31787,1]
	[30682,1]
	[29882,1]

1772,
	[2,650]
	[3724,15]
	[3729,2]
	[3692,1]
	[3728,6]
	[5639,1]
	[3686,1]
	[5527,1]
	[1977,1]
	[3683,2]
	[2048,1]
	[5568,1]
	[1947,1]
	[5710,1]
	[5512,2]
	[3696,1]
	[1835,1]
	[3698,1]
	[3716,1]

1760,
	[323,43]
	[11760,1]
	[12172,3]
	[318,3]
	[12568,1]
	[12264,1]
	[320,1]
	[14628,1]
	[11868,1]
	[11716,1]
	[12948,1]
	[12460,1]
	[14644,1]
	[12368,1]
	[319,2]
	[11532,1]
	[321,1]
	[12672,1]
	[12156,1]
	[12520,1]
	[12200,1]

1696,
	[17295,1]
	[17446,1]
	[17926,1]
	[18479,1]
	[18799,1]
	[15860,1]
	[15749,2]
	[15053,1]
	[15924,1]
	[16942,1]
	[33410,1]
	[15453,3]
	[16302,1]
	[16309,1]
	[16629,1]
	[16660,1]
	[16724,1]
	[17357,1]
	[18964,1]
	[14672,1]
	[16084,1]
	[17269,1]
	[17509,1]
	[18013,1]
	[15348,1]
	[16613,1]
	[14946,1]
	[15829,1]
	[17909,1]
	[18740,2]
	[15299,1]
	[15888,1]
	[14912,1]
	[15024,1]
	[16877,1]
	[17408,1]
	[14565,2]
	[15172,1]
	[16608,1]
	[16164,3]
	[16789,1]
	[17060,1]
	[17022,1]
	[14406,1]
	[18389,1]
	[14842,1]
	[17648,1]
	[18980,1]
	[19013,1]
	[15123,2]
	[16142,1]
	[16733,1]
	[17728,1]
	[17582,1]
	[16077,1]
	[16208,1]
	[18542,1]
	[14897,1]
	[15493,1]
	[16862,1]
	[17773,1]
	[18382,1]
	[17364,1]
	[15844,1]
	[15422,1]
	[16980,1]
	[16557,1]
	[18222,1]
	[16093,1]
	[17109,1]

1756,
	[7,44]
	[2,43]
	[6,5]

1632,
	[14407,1]
	[14369,2]
	[14370,1]
	[14253,1]
	[30835,1]
	[32507,2]
	[14434,2]
	[31171,1]
	[14489,1]
	[14378,1]
	[30639,1]
	[30959,1]
	[31123,2]
	[32415,2]
	[14282,1]
	[31975,1]
	[32067,1]
	[14266,2]
	[14237,1]
	[14390,1]
	[14325,1]
	[31579,1]
	[14417,1]
	[14217,1]
	[29907,1]
	[14421,1]
	[14221,1]
	[31627,1]
	[14309,1]
	[28911,1]
	[29711,1]
	[32659,1]
	[30607,1]
	[14297,2]
	[29174,1]
	[30487,1]
	[14213,1]
	[14230,1]
	[32143,1]
	[32523,1]
	[14257,1]
	[29020,1]
	[32203,1]
	[14318,1]
	[14301,1]
	[14302,1]
	[28978,1]
	[31187,1]
	[31747,1]
	[30427,1]
	[31291,1]
	[31443,1]
	[14229,1]
	[29059,1]
	[30379,1]
	[14353,2]
	[31247,1]
	[30743,1]
	[14362,1]
	[32023,1]
	[14242,1]
	[29923,1]
	[14290,1]
	[29803,1]
	[14441,1]
	[14345,1]
	[14337,1]
	[14285,1]
	[14306,1]
	[14330,1]
	[28752,1]

1596,
	[1,2]

len(carl_order):
30
Printing carl assignment order:
1596,1,1.0
1692,1,0.4741318214032601
1628,1,0.4724137931034483
1772,2,0.47101449275362317
1700,3,0.46700832799487507
1636,2,0.4605263157894737
1692,5,0.4586750788643533
1700,4,0.45454545454545453
1628,3,0.42549019607843136
1604,2,0.375
1752,4,0.30990948070509766
1628,4,0.2982456140350877
1756,2,0.23369565217391305
1764,5,0.22286821705426357
1756,7,0.20416666666666666
1628,5,0.1125
1752,5,0.07692307692307693
1604,60,0.017241379310344827
1636,204,0.005056329282356072
1628,205,0.004588471465443074
1760,323,0.0022793581327498176
1700,3036,0.00036201279111861955
1772,5710,0.0002618915114413854
1628,14406,9.018991419073879e-05
1760,14644,8.218952905399852e-05
1764,18832,6.311321994336364e-05
1692,33413,6.178840355242128e-05
1696,33410,5.950460130772805e-05
1632,32659,4.437626352984528e-05
1752,33185,3.223949647279759e-05
bin_width: 383281
assigning lease 1 to address 1596
Average Cache Occupancy Per Bin: [0.0,0.0,0.00,0.0,0.00]
Total cost: 0
assigning lease 1 to address 1692
Average Cache Occupancy Per Bin: [0.19,0.17,0.19,0.19,0.19]
Total cost: 73472.0
assigning lease 1 to address 1628
Average Cache Occupancy Per Bin: [0.39,0.35,0.39,0.38,0.37]
Total cost: 151808.0
assigning lease 2 to address 1772
Average Cache Occupancy Per Bin: [0.58,0.53,0.57,0.56,0.57]
Total cost: 222464.0
assigning lease 3 to address 1700
Average Cache Occupancy Per Bin: [0.77,0.77,0.78,0.75,0.78]
Total cost: 296960.0
assigning lease 2 to address 1636
Average Cache Occupancy Per Bin: [0.95,0.97,0.96,0.95,0.98]
Total cost: 367104.0
assigning lease 5 to address 1692
Average Cache Occupancy Per Bin: [1.18,1.16,1.16,1.16,1.21]
Total cost: 455168.0
assigning lease 4 to address 1700
Average Cache Occupancy Per Bin: [1.19,1.16,1.16,1.17,1.21]
Total cost: 456960.0
assigning lease 3 to address 1628
Average Cache Occupancy Per Bin: [1.41,1.35,1.38,1.36,1.41]
Total cost: 544000.0
assigning lease 2 to address 1604
Average Cache Occupancy Per Bin: [1.42,1.35,1.38,1.36,1.41]
Total cost: 545024.0
assigning lease 4 to address 1752
Average Cache Occupancy Per Bin: [1.97,1.92,1.91,1.98,1.93]
Total cost: 758528.0
assigning lease 4 to address 1628
Average Cache Occupancy Per Bin: [1.99,1.94,1.92,2.00,1.94]
Total cost: 764160.0
assigning lease 2 to address 1756
Average Cache Occupancy Per Bin: [2.01,1.97,1.95,2.01,1.98]
Total cost: 771328.0
assigning lease 5 to address 1764
Average Cache Occupancy Per Bin: [2.39,2.41,2.38,2.43,2.39]
Total cost: 916736.0
assigning lease 7 to address 1756
Average Cache Occupancy Per Bin: [2.41,2.44,2.43,2.44,2.43]
Total cost: 925184.0
assigning lease 5 to address 1628
Average Cache Occupancy Per Bin: [2.42,2.45,2.44,2.46,2.44]
Total cost: 928768.0
assigning lease 5 to address 1752
Average Cache Occupancy Per Bin: [2.43,2.45,2.45,2.46,2.45]
Total cost: 931840.0
assigning lease 60 to address 1604
Average Cache Occupancy Per Bin: [2.43,2.49,2.45,2.46,2.45]
Total cost: 931840.0
assigning lease 204 to address 1636
Average Cache Occupancy Per Bin: [3.09,4.08,4.03,4.32,4.29]
Total cost: 1185280.0
assigning lease 205 to address 1628
Average Cache Occupancy Per Bin: [4.93,5.78,5.99,6.81,5.61]
Total cost: 1890560.0
assigning lease 323 to address 1760
Average Cache Occupancy Per Bin: [7.52,9.01,8.80,9.18,9.27]
Total cost: 2882816.0
assigning lease 3036 to address 1700
Average Cache Occupancy Per Bin: [12.2,14.3,16.8,11.2,11.3]
Total cost: 4679424.0
assigning lease 5710 to address 1772
Average Cache Occupancy Per Bin: [40.7,31.8,38.0,23.6,33.5]
Total cost: 15636224.0
assigning lease 14406 to address 1628
Average Cache Occupancy Per Bin: [58.5,31.8,44.2,29.7,55.3]
Total cost: 22436864.0
assigning lease 14644 to address 1760
Average Cache Occupancy Per Bin: [74.0,57.5,93.7,37.2,103.]
Total cost: 28398080.0
assigning lease 18832 to address 1764
Average Cache Occupancy Per Bin: [179.,259.,224.,108.,239.]
Total cost: 68847616.0
assigning lease 33413 to address 1692
Average Cache Occupancy Per Bin: [205.,281.,258.,144.,283.]
Total cost: 78582528.0
assigning lease 33410 to address 1696
Average Cache Occupancy Per Bin: [406.,459.,396.,369.,417.]
Total cost: 155628288.0
addr: 1632 ri: 32659
bin target: 196239872
	bin: 0.0 current capacity: 406.0422718579841  avg impact: 213.96663022690925
	bin: 1.0 current capacity: 459.35342477190363  avg impact: 181.14317171996524
	bin: 2.0 current capacity: 396.41958771762756  avg impact: 324.48088999976517
	bin: 3.0 current capacity: 369.648795531216  avg impact: 283.7158951265521
	bin: 4.0 current capacity: 417.8256683738563  avg impact: 185.74044630440852
num_full_bins: 0
printing bin ranks sorted:
	bin: 1.0 rank: 0.29063516293887304
	selecting this^ bin
	bin: 2.0 rank: 0.3562009839237562
	bin: 0.0 rank: 0.49520679009455315
	bin: 3.0 rank: 0.5017385592911104
	bin: 4.0 rank: 0.507021133522002
acceptable_ratio: 0.29063516293887304
Assigning 1632 dual lease lease 32659 * 0.29063516293887304. Bin saturation: [468.,512.,490.,452.,471.]
addr: 1752 ri: 33185
bin target: 196239872
	bin: 0.0 current capacity: 468.2284982974635  avg impact: 205.54018592103444
	bin: 1.0 current capacity: 512.0  avg impact: 165.43442539546703
	bin: 2.0 current capacity: 490.72514405325984  avg impact: 253.55809445289486
	bin: 3.0 current capacity: 452.1066109396696  avg impact: 204.8776119870278
	bin: 4.0 current capacity: 471.80837324987704  avg impact: 165.02298835580163
num_full_bins: 1
printing bin ranks sorted:
	bin: 1.0 rank: 0.0
	bin: 2.0 rank: 0.08390525253254161
	bin: 0.0 rank: 0.2129583638663871
	bin: 4.0 rank: 0.243551684226363
	bin: 3.0 rank: 0.2923374031913385
acceptable_ratio: 0
Final saturation:
	0.0,179463087.0559501
	1.0,196239872.0
	2.0,188085623.93787748
	3.0,173283873.94756752
	4.0,180835185.10758612
DUMP LEASES
0, 644, 3c, 0, 1 
0, 65c, 3846, 0, 1 
0, 664, cc, 0, 1 
0, 69c, 8285, 0, 1 
0, 6a4, bdc, 0, 1 
0, 6e4, 4990, 0, 1 
0, 6d8, 5, 0, 1 
0, 6ec, 164e, 0, 1 
0, 6e0, 3934, 0, 1 
0, 6a0, 8282, 0, 1 
0, 6dc, 7, 0, 1 
0, 660, 1, 7f93, 0.709364837061127 
0, 63c, 1, 0, 1 
Dump dual leases

