sample rate: 0.00390625
1404,
	[154,6]
	[145,4]
	[129,1]
	[1,42]
	[2,445]
	[175,14]
	[176,9]
	[6175,1]
	[148,3]
	[174,17]
	[253,1]
	[163,3]
	[6073,1]
	[6032,1]
	[233,3]
	[6031,1]
	[3,51]
	[6048,1]
	[312,1]
	[6010,1]
	[177,4]
	[6045,1]
	[5994,2]
	[6041,1]
	[112,2]
	[5965,1]
	[33,2]
	[251,1]
	[269,1]
	[191,1]
	[6064,1]
	[6022,1]
	[192,1]
	[256,3]
	[190,4]
	[144,2]
	[5757,1]
	[131,7]
	[5912,2]
	[5886,1]
	[292,1]
	[5879,1]
	[5897,1]
	[5,3]
	[5839,2]
	[32,1]
	[146,4]
	[182,2]
	[5856,2]
	[120,2]
	[5868,2]
	[5893,3]
	[5900,1]
	[180,3]
	[5892,1]
	[5908,2]
	[47,1]
	[854,1]
	[4,12]
	[193,1]
	[122,3]
	[5903,1]
	[199,1]
	[149,4]
	[5875,2]
	[242,1]
	[5873,1]
	[5882,1]
	[5878,1]
	[5880,1]
	[5907,1]
	[132,8]
	[158,3]
	[155,7]
	[196,3]
	[31,6]
	[5872,2]
	[338,1]
	[1203,1]
	[130,2]
	[5922,1]
	[5865,2]
	[99,3]
	[5867,2]
	[5860,1]
	[218,2]
	[194,2]
	[5847,1]
	[5855,2]
	[157,2]
	[5850,1]
	[207,2]
	[178,5]
	[5806,2]
	[5837,2]
	[5787,2]
	[173,6]
	[257,2]
	[5845,1]
	[197,1]
	[5876,2]
	[5843,3]
	[126,4]
	[5838,2]
	[5814,2]
	[1659,1]
	[123,3]
	[5947,1]
	[5848,1]
	[212,4]
	[259,1]
	[115,1]
	[5831,1]
	[5829,2]
	[46,1]
	[205,4]
	[151,2]
	[364,1]
	[179,1]
	[202,4]
	[5853,2]
	[5788,2]
	[169,4]
	[5866,1]
	[2063,1]
	[220,1]
	[362,1]
	[172,10]
	[208,2]
	[153,5]
	[227,1]
	[5800,2]
	[210,4]
	[209,2]
	[195,1]
	[30,1]
	[5821,1]
	[5869,1]
	[5811,2]
	[156,2]
	[5841,1]
	[5781,2]
	[186,1]
	[5833,2]
	[217,1]
	[6016,2]
	[6033,1]
	[6057,1]
	[5977,2]
	[5951,2]
	[150,2]
	[6007,1]
	[211,1]
	[5960,1]
	[147,2]
	[260,1]
	[300,1]
	[204,2]
	[5968,1]
	[152,3]
	[6043,1]
	[5990,1]
	[290,1]
	[127,3]
	[235,1]
	[5972,2]
	[5959,1]
	[5973,1]
	[5967,1]
	[286,1]
	[216,2]
	[206,3]
	[5984,1]
	[17,2]
	[6025,1]
	[5992,1]
	[270,1]
	[82,1]
	[6096,1]
	[6055,1]
	[6024,1]
	[181,3]
	[6004,1]
	[5995,1]
	[6017,1]
	[142,1]
	[198,1]
	[26,2]
	[118,2]
	[171,7]
	[6030,1]
	[164,1]
	[5993,1]
	[5939,1]
	[5929,1]
	[125,2]
	[5998,1]
	[6001,1]
	[3723,1]
	[6023,1]
	[121,1]
	[201,3]
	[5834,1]
	[5812,2]
	[18,2]
	[3753,1]
	[5798,3]
	[5784,1]
	[203,2]
	[5852,1]
	[5801,1]
	[279,1]
	[42,1]
	[79,1]
	[5803,2]
	[213,1]
	[5764,1]
	[5914,1]
	[20,2]
	[5768,1]
	[161,1]
	[5793,1]
	[23,4]
	[5742,2]
	[265,1]
	[200,1]
	[141,1]
	[5828,1]
	[5790,2]
	[5770,1]
	[5774,2]
	[21,3]
	[5789,1]
	[5782,1]
	[170,6]
	[5761,1]
	[5749,1]
	[5808,1]
	[102,1]
	[5762,1]
	[5773,1]
	[5780,1]
	[5822,1]
	[5758,1]
	[5732,1]
	[4582,1]
	[288,1]
	[5739,1]
	[5750,2]
	[136,1]
	[5754,1]
	[5783,1]
	[143,2]
	[5771,1]
	[97,1]
	[38,1]
	[5735,1]
	[5708,1]
	[5088,1]
	[5076,1]
	[55,1]
	[5715,1]
	[5710,1]
	[5697,1]
	[5747,1]
	[5727,1]
	[35,1]
	[6027,1]
	[101,1]
	[5999,1]
	[226,1]
	[5940,1]
	[222,1]
	[5979,1]
	[258,1]
	[5945,2]
	[280,1]
	[5974,1]
	[5946,1]
	[27,1]
	[5924,1]
	[5926,1]
	[5920,1]
	[5916,1]
	[5941,1]
	[6019,1]
	[5955,1]

1412,
	[2,207]
	[71,1]
	[272,1]
	[173,137]
	[136,7]
	[174,17]
	[61,1]
	[6317,1]
	[242,2]
	[170,28]
	[6228,1]
	[171,91]
	[5803,3]
	[133,3]
	[6062,1]
	[6060,1]
	[6048,1]
	[56,1]
	[13,7]
	[5,23]
	[172,36]
	[332,2]
	[5908,2]
	[5906,3]
	[5638,3]
	[244,1]
	[5865,4]
	[22,9]
	[5742,5]
	[5910,2]
	[5914,2]
	[180,9]
	[5798,3]
	[5856,4]
	[339,1]
	[5623,5]
	[11,10]
	[5841,3]
	[211,1]
	[5848,3]
	[5864,4]
	[5828,4]
	[5871,5]
	[5867,1]
	[5872,5]
	[31,3]
	[5878,2]
	[5895,3]
	[5896,4]
	[5891,3]
	[331,4]
	[5767,1]
	[12,3]
	[5915,1]
	[10,8]
	[5661,7]
	[455,1]
	[5754,2]
	[16,9]
	[5873,3]
	[5863,2]
	[5898,1]
	[5907,1]
	[5876,3]
	[5905,3]
	[156,3]
	[5853,4]
	[5839,4]
	[5849,1]
	[5847,3]
	[391,1]
	[5842,12]
	[5846,1]
	[199,3]
	[5838,5]
	[5916,1]
	[5886,1]
	[5894,3]
	[5844,5]
	[5893,4]
	[26,5]
	[5558,1]
	[164,12]
	[5889,1]
	[5879,4]
	[53,2]
	[5682,3]
	[5881,2]
	[5882,3]
	[5809,6]
	[5648,4]
	[387,2]
	[169,75]
	[18,6]
	[20,8]
	[5715,3]
	[5963,2]
	[5874,5]
	[5887,2]
	[5884,2]
	[5499,1]
	[181,13]
	[157,4]
	[6,2]
	[218,1]
	[167,90]
	[5585,1]
	[5543,1]
	[5593,2]
	[5611,5]
	[5575,1]
	[5618,5]
	[341,4]
	[5616,7]
	[382,1]
	[5763,4]
	[5768,4]
	[5758,1]
	[5751,4]
	[5728,6]
	[5717,2]
	[333,5]
	[5739,5]
	[5745,5]
	[5733,2]
	[5912,1]
	[5743,3]
	[5729,5]
	[5759,2]
	[5719,5]
	[5680,5]
	[5726,2]
	[147,4]
	[19,2]
	[5698,7]
	[198,3]
	[5114,1]
	[166,23]
	[5821,4]
	[184,4]
	[5694,7]
	[5741,6]
	[247,7]
	[57,4]
	[5668,7]
	[179,12]
	[204,3]
	[14,8]
	[154,8]
	[5642,2]
	[5711,3]
	[233,4]
	[5735,5]
	[5567,2]
	[5714,8]
	[5705,4]
	[4,2]
	[52,1]
	[5727,4]
	[5744,4]
	[271,1]
	[5816,4]
	[5748,2]
	[25,1]
	[21,3]
	[5764,2]
	[5772,1]
	[178,10]
	[5737,3]
	[5736,3]
	[5718,2]
	[5730,5]
	[5722,8]
	[175,42]
	[398,2]
	[5683,7]
	[248,5]
	[5750,3]
	[5740,2]
	[238,5]
	[5706,5]
	[134,8]
	[5461,1]
	[403,1]
	[5687,6]
	[177,10]
	[234,3]
	[5755,3]
	[5588,2]
	[5589,2]
	[384,1]
	[5481,1]
	[5747,3]
	[5734,2]
	[5738,2]
	[132,1]
	[5811,1]
	[5700,5]
	[32,4]
	[5678,3]
	[17,7]
	[5731,3]
	[165,41]
	[161,9]
	[5746,5]
	[5805,4]
	[5557,3]
	[5605,3]
	[229,2]
	[5713,8]
	[5544,2]
	[392,1]
	[5690,3]
	[5696,6]
	[5684,10]
	[5523,2]
	[5615,3]
	[5657,5]
	[188,3]
	[176,6]
	[5547,2]
	[5441,1]
	[9,6]
	[5686,2]
	[319,1]
	[100,9]
	[5732,2]
	[5757,2]
	[141,4]
	[98,3]
	[5921,1]
	[5550,1]
	[5760,3]
	[101,9]
	[5688,6]
	[5703,5]
	[5702,4]
	[5670,4]
	[168,63]
	[5707,2]
	[5669,1]
	[5709,5]
	[5674,1]
	[5716,4]
	[5538,1]
	[5457,1]
	[5701,7]
	[400,2]
	[5656,7]
	[5660,6]
	[4500,1]
	[7,6]
	[3,3]
	[5724,2]
	[5710,5]
	[230,5]
	[159,7]
	[5449,1]
	[5708,4]
	[5594,1]
	[251,1]
	[44,1]
	[5723,1]
	[335,5]
	[255,3]
	[5641,6]
	[5516,1]
	[5677,4]
	[5675,3]
	[5721,3]
	[5720,4]
	[5695,1]
	[48,6]
	[5712,6]
	[24,4]
	[5636,4]
	[158,5]
	[127,1]
	[5676,4]
	[4296,1]
	[163,9]
	[186,6]
	[182,7]
	[5551,1]
	[5503,1]
	[5651,4]
	[129,2]
	[5621,7]
	[5630,4]
	[151,5]
	[5679,3]
	[5681,7]
	[5829,2]
	[5699,6]
	[28,4]
	[45,1]
	[162,6]
	[5650,8]
	[5693,5]
	[5522,1]
	[5473,1]
	[190,1]
	[102,6]
	[5671,9]
	[228,1]
	[5794,6]
	[389,1]
	[5769,1]
	[35,3]
	[5779,4]
	[5770,1]
	[47,2]
	[5507,1]
	[246,1]
	[430,1]
	[5697,5]
	[5692,3]
	[5662,8]
	[354,1]
	[5434,2]
	[5665,6]
	[5500,1]
	[5801,4]
	[29,1]
	[5602,2]
	[183,2]
	[5704,3]
	[5552,1]
	[8,8]
	[43,4]
	[5644,7]
	[249,2]
	[5673,3]
	[5691,4]
	[39,4]
	[5667,5]
	[104,1]
	[5672,5]
	[5627,2]
	[138,4]
	[5606,5]
	[3798,1]
	[155,3]
	[142,4]
	[5596,2]
	[5515,2]
	[395,1]
	[160,7]
	[5564,1]
	[5689,1]
	[152,6]
	[5646,4]
	[5628,3]
	[5617,9]
	[5786,1]
	[5664,4]
	[150,4]
	[5601,2]
	[67,1]
	[309,1]
	[46,2]
	[5640,8]
	[245,1]
	[112,1]
	[33,2]
	[5649,5]
	[325,2]
	[5643,6]
	[5450,1]
	[5405,1]
	[5875,2]
	[68,1]
	[5877,3]
	[236,2]
	[5855,1]
	[5930,1]
	[5852,3]
	[5857,2]
	[5807,1]
	[5832,1]
	[5819,1]
	[5835,4]
	[185,1]
	[120,1]
	[5845,1]
	[224,1]
	[15,5]
	[258,1]
	[5955,1]
	[99,1]
	[5870,2]
	[326,4]
	[5850,2]
	[5834,3]
	[5840,3]
	[334,4]
	[5831,2]
	[193,1]
	[5778,3]
	[5795,1]
	[5827,6]
	[30,3]
	[91,1]
	[5595,1]
	[5854,2]
	[5782,2]
	[200,3]
	[5869,2]
	[5810,4]
	[5860,1]
	[5937,1]
	[5607,2]
	[5796,2]
	[5826,1]
	[5791,3]
	[5752,1]
	[5797,1]
	[5806,3]
	[2751,1]
	[5424,1]
	[261,1]
	[5574,2]
	[5566,4]
	[5586,3]
	[5580,2]
	[5973,1]
	[5961,1]
	[6028,1]
	[5929,1]
	[5947,2]
	[5944,1]
	[381,1]
	[5897,2]
	[5883,2]
	[5494,1]
	[5858,2]
	[340,1]
	[5866,2]
	[5862,3]
	[2609,1]
	[37,1]
	[5774,2]
	[344,1]
	[5815,2]
	[232,3]
	[5830,6]
	[5788,2]
	[2486,1]
	[6009,1]
	[5942,1]
	[5771,2]
	[5789,1]
	[146,2]
	[5825,2]
	[137,1]
	[5859,1]
	[140,2]
	[5837,4]
	[5843,2]
	[5658,6]
	[327,1]
	[347,1]
	[324,2]
	[36,1]
	[5761,2]
	[5632,5]
	[126,1]
	[5652,4]
	[5647,6]
	[5663,2]
	[5654,7]
	[5600,1]
	[72,1]
	[231,1]
	[5526,1]
	[23,1]
	[5533,1]
	[5639,4]
	[5613,3]
	[51,3]
	[49,1]
	[5562,1]
	[113,1]
	[5787,1]
	[235,1]
	[5529,1]
	[416,3]
	[5626,1]
	[5624,2]
	[5634,4]
	[5725,1]
	[226,1]
	[143,1]
	[197,1]
	[5629,3]
	[5685,1]
	[5635,3]
	[187,1]
	[417,2]
	[54,2]
	[408,1]
	[413,4]
	[5653,2]
	[149,4]
	[1507,1]
	[148,7]
	[5765,1]
	[5637,4]
	[41,1]
	[5597,1]
	[1427,1]
	[153,2]
	[109,1]
	[5608,2]
	[394,1]
	[240,1]
	[5773,1]
	[253,1]
	[5620,8]
	[5514,2]
	[415,1]
	[329,1]
	[5659,1]
	[5553,1]
	[5521,1]
	[5519,1]
	[139,2]
	[145,1]
	[257,2]
	[5561,1]
	[5603,2]
	[5368,1]
	[298,1]
	[434,1]
	[5460,2]
	[308,1]
	[5610,1]
	[5478,1]
	[5495,2]
	[5545,1]
	[5409,1]
	[5587,1]
	[5572,1]
	[5448,1]
	[5614,1]
	[367,1]
	[5592,1]
	[5336,1]
	[5619,1]
	[5573,1]
	[243,1]
	[5549,1]
	[5394,1]
	[59,1]
	[5780,1]
	[5496,1]
	[5313,1]
	[5568,2]
	[5534,1]
	[5784,2]
	[5631,3]
	[407,1]
	[5582,1]
	[50,1]
	[5655,3]
	[5590,1]
	[5411,1]
	[5546,1]
	[323,1]
	[5633,2]
	[135,2]
	[5493,1]
	[5570,2]
	[5604,1]
	[5645,1]
	[5416,1]
	[5625,1]
	[410,1]
	[5612,1]
	[5532,1]
	[5541,1]
	[5531,1]
	[5540,1]
	[5520,1]
	[459,1]
	[5918,1]
	[260,1]
	[5988,1]
	[5990,1]
	[5554,2]
	[5833,1]
	[5814,3]
	[5818,2]
	[5824,1]
	[131,1]
	[252,1]
	[5823,1]
	[5822,2]
	[5984,1]
	[5800,4]
	[427,1]
	[5802,1]
	[5812,1]
	[5776,1]
	[5528,1]
	[5790,3]
	[456,1]
	[250,1]
	[5892,1]
	[144,1]
	[5903,1]
	[5945,1]
	[5569,1]

1408,
	[6406,1]
	[2,280]
	[5946,1]
	[135,1]
	[5884,1]
	[4,14]
	[5757,1]
	[6064,1]
	[162,1]
	[5975,2]
	[5989,1]
	[5,3]
	[5892,1]
	[212,1]
	[173,1]
	[5789,1]
	[5759,1]
	[152,1]
	[1,2]
	[5858,1]
	[402,1]
	[5688,1]
	[5860,1]
	[5898,1]
	[175,4]
	[3,8]
	[226,1]
	[20,1]
	[344,1]
	[172,2]
	[5896,1]
	[5850,2]
	[320,1]
	[5879,1]
	[5715,1]
	[177,7]
	[5883,1]
	[5901,2]
	[185,3]
	[28,1]
	[5828,1]
	[179,2]
	[195,1]
	[5824,2]
	[33,1]
	[5885,1]
	[5868,2]
	[5878,1]
	[171,1]
	[244,1]
	[58,1]
	[5699,1]
	[181,3]
	[14,1]
	[366,1]
	[5838,1]
	[22,1]
	[5848,1]
	[5718,1]
	[180,1]
	[5813,4]
	[5775,1]
	[5707,1]
	[190,1]
	[5712,2]
	[183,3]
	[6006,1]
	[188,2]
	[5870,2]
	[5827,1]
	[5985,1]
	[5744,1]
	[5802,1]
	[184,1]
	[32,2]
	[5929,1]
	[5993,1]
	[5855,1]
	[6002,1]
	[5862,1]
	[6005,1]
	[6010,1]
	[365,1]
	[6031,1]
	[37,1]
	[5973,1]
	[5994,1]
	[5966,1]
	[5851,2]
	[6007,1]
	[18,1]
	[6,1]
	[5692,1]
	[5817,1]
	[5768,1]
	[5881,1]
	[5823,3]
	[5755,1]
	[187,2]
	[5683,1]
	[5918,1]
	[5733,1]
	[19,1]
	[5791,1]
	[30,1]
	[5805,1]
	[5834,1]
	[5837,1]
	[5793,2]
	[189,1]
	[5829,1]
	[5832,1]
	[5773,1]
	[5792,1]
	[5788,1]
	[5810,1]
	[5642,1]
	[5770,1]
	[5794,1]
	[5814,1]
	[5603,1]
	[5740,1]
	[261,1]
	[5815,1]
	[5769,1]
	[5611,1]
	[5820,1]
	[5774,1]
	[5670,1]
	[5639,1]
	[5749,1]
	[5797,1]
	[5781,1]
	[252,1]
	[5571,1]
	[127,1]
	[5716,1]
	[391,1]
	[199,1]
	[5767,1]
	[5804,1]
	[5752,1]
	[5723,1]
	[5687,1]
	[5934,1]
	[5908,1]
	[5988,1]
	[5939,1]
	[5926,1]
	[5999,2]
	[10,1]
	[5974,1]
	[5981,1]
	[5968,2]
	[6059,1]
	[5998,1]
	[11,1]

len(carl_order):
34
Printing carl assignment order:
1408,2,0.2854251012145749
1404,2,0.2321258341277407
1404,3,0.08747855917667238
1408,4,0.05263157894736842
1412,2,0.04036661466458658
1404,4,0.022556390977443608
1408,5,0.015706806282722512
1404,5,0.0057692307692307696
1408,6,0.005319148936170213
1412,5,0.003964321110009911
1404,218,0.00320629761075547
1412,182,0.0029292315043056173
1412,186,0.002607823470411234
1408,33,0.002438033319788704
1404,222,0.002207505518763797
1404,235,0.002067539627842867
1404,260,0.002029520295202952
1412,188,0.0016174686615446825
1408,199,0.001506348181622552
1404,270,0.0014464802314368371
1404,292,0.0013413816230717639
1412,255,0.0009154223932110296
1412,258,0.0008633093525179857
1404,300,0.000628140703517588
1408,261,0.0006145526057030481
1412,261,0.0005768676088837611
1412,341,0.000468807919583088
1404,312,0.00042087542087542086
1412,417,0.00038204849628099667
1408,402,0.00033662477558348296
1404,364,0.00029365700861393895
1412,6317,0.00019046193462018995
1404,6175,0.00018557418949994453
1408,6406,0.00018371225240256474
bin_width: 212458
assigning lease 2 to address 1408
Average Cache Occupancy Per Bin: [0.22,0.23,0.23,0.23,0.25]
Total cost: 48384.0
assigning lease 2 to address 1404
Average Cache Occupancy Per Bin: [0.72,0.69,0.77,0.75,0.77]
Total cost: 154112.0
assigning lease 3 to address 1404
Average Cache Occupancy Per Bin: [0.86,0.83,0.91,0.89,0.90]
Total cost: 184320.0
assigning lease 4 to address 1408
Average Cache Occupancy Per Bin: [0.94,0.94,1.00,1.00,1.02]
Total cost: 201216.0
assigning lease 2 to address 1412
Average Cache Occupancy Per Bin: [2.16,2.25,2.18,2.25,2.23]
Total cost: 460800.0
assigning lease 4 to address 1404
Average Cache Occupancy Per Bin: [2.29,2.38,2.31,2.39,2.35]
Total cost: 488192.0
assigning lease 5 to address 1408
Average Cache Occupancy Per Bin: [2.33,2.43,2.36,2.43,2.40]
Total cost: 495872.0
assigning lease 5 to address 1404
Average Cache Occupancy Per Bin: [2.46,2.55,2.48,2.56,2.52]
Total cost: 523008.0
assigning lease 6 to address 1408
Average Cache Occupancy Per Bin: [2.49,2.61,2.52,2.61,2.57]
Total cost: 530432.0
assigning lease 5 to address 1412
Average Cache Occupancy Per Bin: [4.14,4.42,4.16,4.33,4.27]
Total cost: 880384.0
assigning lease 218 to address 1404
Average Cache Occupancy Per Bin: [26.0,26.5,26.7,26.7,24.1]
Total cost: 5534720.0
assigning lease 182 to address 1412
Average Cache Occupancy Per Bin: [112.,119.,112.,115.,113.]
Total cost: 23929088.0
assigning lease 186 to address 1412
Average Cache Occupancy Per Bin: [113.,121.,113.,116.,114.]
Total cost: 24174336.0
assigning lease 33 to address 1408
Average Cache Occupancy Per Bin: [114.,122.,114.,118.,115.]
Total cost: 24371456.0
assigning lease 222 to address 1404
Average Cache Occupancy Per Bin: [114.,122.,114.,118.,116.]
Total cost: 24420608.0
assigning lease 235 to address 1404
Average Cache Occupancy Per Bin: [115.,123.,115.,119.,116.]
Total cost: 24578816.0
assigning lease 260 to address 1404
Average Cache Occupancy Per Bin: [116.,124.,116.,120.,117.]
Total cost: 24855040.0
assigning lease 188 to address 1412
Average Cache Occupancy Per Bin: [117.,125.,117.,121.,118.]
Total cost: 24977408.0
assigning lease 199 to address 1408
Average Cache Occupancy Per Bin: [122.,133.,123.,127.,126.]
Total cost: 26097408.0
assigning lease 270 to address 1404
Average Cache Occupancy Per Bin: [123.,133.,123.,128.,126.]
Total cost: 26196992.0
assigning lease 292 to address 1404
Average Cache Occupancy Per Bin: [124.,134.,125.,129.,127.]
Total cost: 26411008.0
assigning lease 255 to address 1412
Average Cache Occupancy Per Bin: [142.,155.,144.,148.,147.]
Total cost: 30377984.0
assigning lease 258 to address 1412
Average Cache Occupancy Per Bin: [143.,156.,145.,149.,148.]
Total cost: 30547712.0
assigning lease 300 to address 1404
Average Cache Occupancy Per Bin: [144.,157.,145.,149.,148.]
Total cost: 30623488.0
assigning lease 261 to address 1408
Average Cache Occupancy Per Bin: [145.,158.,147.,151.,151.]
Total cost: 30919424.0
assigning lease 261 to address 1412
Average Cache Occupancy Per Bin: [146.,159.,147.,152.,152.]
Total cost: 31089152.0
assigning lease 341 to address 1412
Average Cache Occupancy Per Bin: [167.,184.,169.,173.,175.]
Total cost: 35564288.0
assigning lease 312 to address 1404
Average Cache Occupancy Per Bin: [167.,184.,170.,173.,175.]
Total cost: 35677952.0
assigning lease 417 to address 1412
Average Cache Occupancy Per Bin: [187.,207.,189.,193.,196.]
Total cost: 39731712.0
assigning lease 402 to address 1408
Average Cache Occupancy Per Bin: [189.,210.,193.,198.,202.]
Total cost: 40366592.0
assigning lease 364 to address 1404
Average Cache Occupancy Per Bin: [192.,213.,195.,200.,205.]
Total cost: 40839168.0
addr: 1412 ri: 6317
bin target: 108778496
	bin: 0.0 current capacity: 192.2223121746416  avg impact: 1302.8879119637763
	bin: 1.0 current capacity: 213.33172674128534  avg impact: 1531.6055691007164
	bin: 2.0 current capacity: 195.53470332959927  avg impact: 1330.6871758182795
	bin: 3.0 current capacity: 200.94128721912097  avg impact: 1250.8090257839197
	bin: 4.0 current capacity: 205.24655225974075  avg impact: 1410.2279415225598
num_full_bins: 0
printing bin ranks sorted:
	bin: 1.0 rank: 0.19500338682763999
	selecting this^ bin
	bin: 4.0 rank: 0.2175204721933614
	bin: 2.0 rank: 0.23782095628583536
	bin: 0.0 rank: 0.24543760433188289
	bin: 3.0 rank: 0.2486860155057877
acceptable_ratio: 0.19500338682763999
Assigning 1412 dual lease lease 6317 * 0.19500338682763999. Bin saturation: [446.,512.,455.,444.,480.]
addr: 1404 ri: 6175
bin target: 108778496
	bin: 0.0 current capacity: 446.28986766437  avg impact: 223.23636671718646
	bin: 1.0 current capacity: 512.0  avg impact: 254.69866044112248
	bin: 2.0 current capacity: 455.023209422271  avg impact: 261.243916444662
	bin: 3.0 current capacity: 444.85328352156614  avg impact: 277.48174227376705
	bin: 4.0 current capacity: 480.2457770556109  avg impact: 242.99262913140478
num_full_bins: 1
printing bin ranks sorted:
	bin: 1.0 rank: 0.0
	bin: 4.0 rank: 0.1306797784685771
	bin: 2.0 rank: 0.21809805699264237
	bin: 3.0 rank: 0.24198607060851604
	bin: 0.0 rank: 0.29435227468505093
acceptable_ratio: 0
addr: 1408 ri: 6406
bin target: 108778496
	bin: 0.0 current capacity: 446.28986766437  avg impact: 106.13026574664168
	bin: 1.0 current capacity: 512.0  avg impact: 130.55568630035114
	bin: 2.0 current capacity: 455.023209422271  avg impact: 139.8566493142174
	bin: 3.0 current capacity: 444.85328352156614  avg impact: 194.95271536021238
	bin: 4.0 current capacity: 480.2457770556109  avg impact: 228.68632859200406
num_full_bins: 1
printing bin ranks sorted:
	bin: 1.0 rank: 0.0
	bin: 4.0 rank: 0.13885492473422553
	bin: 3.0 rank: 0.3444256539559732
	bin: 2.0 rank: 0.4073942201326349
	bin: 0.0 rank: 0.6191460265679144
acceptable_ratio: 0
Final saturation:
	0.0,94817852.70423672
	1.0,108778496.0
	2.0,96673321.02743685
	3.0,94512638.9104249
	4.0,102032057.30168098
DUMP LEASES
0, 57c, 16c, 0, 1 
0, 584, 1a1, 18ad, 0.80499661317236 
0, 580, 192, 0, 1 
Dump dual leases

