sample rate: 0.00390625
1588,
	[125,33]
	[131,17]
	[140,14]
	[142,13]
	[179,1]
	[127,6]
	[117,35]
	[161,11]
	[132,10]
	[126,17]
	[116,15]
	[143,8]
	[119,25]
	[150,9]
	[145,11]
	[124,26]
	[134,12]
	[137,12]
	[130,16]
	[120,19]
	[146,10]
	[122,28]
	[159,6]
	[123,23]
	[158,10]
	[138,9]
	[135,17]
	[121,27]
	[147,10]
	[152,7]
	[18369,1]
	[164,4]
	[173,5]
	[149,10]
	[133,19]
	[160,6]
	[177,3]
	[128,8]
	[118,24]
	[139,8]
	[136,16]
	[155,7]
	[154,5]
	[172,1]
	[144,11]
	[156,9]
	[148,9]
	[1,7]
	[18402,1]
	[129,11]
	[157,7]
	[141,7]
	[14545,1]
	[4543,1]
	[162,8]
	[5126,1]
	[168,5]
	[174,6]
	[175,4]
	[163,1]
	[9138,1]
	[166,1]
	[170,2]
	[165,4]
	[13780,1]
	[6292,1]
	[111,1]
	[167,5]
	[181,1]
	[13811,1]
	[4581,1]
	[151,2]
	[4559,1]
	[9218,1]
	[115,5]
	[9186,1]
	[178,3]
	[9217,1]
	[176,3]
	[9231,1]
	[4569,1]
	[4586,1]
	[4568,1]
	[4548,1]
	[37,1]
	[180,3]
	[153,1]
	[169,1]

1584,
	[1,132]
	[181,3]
	[163,3]
	[165,2]
	[180,3]
	[119,26]
	[123,21]
	[117,14]
	[141,14]
	[140,12]
	[132,26]
	[86,2]
	[80,5]
	[126,23]
	[136,17]
	[125,17]
	[58,6]
	[131,15]
	[66,3]
	[128,17]
	[33,2]
	[129,11]
	[160,8]
	[156,11]
	[157,13]
	[137,14]
	[152,9]
	[120,22]
	[159,14]
	[72,6]
	[118,15]
	[130,19]
	[149,11]
	[37,28]
	[166,3]
	[143,13]
	[17939,1]
	[81,7]
	[2,13]
	[133,17]
	[148,8]
	[121,23]
	[74,12]
	[50,4]
	[31,1]
	[24,2]
	[155,7]
	[127,22]
	[124,21]
	[153,12]
	[146,14]
	[29,6]
	[18357,2]
	[97,1]
	[145,7]
	[82,5]
	[138,17]
	[54,2]
	[49,1]
	[122,22]
	[158,7]
	[144,10]
	[170,3]
	[161,4]
	[107,4]
	[78,2]
	[73,4]
	[147,14]
	[150,18]
	[55,2]
	[35,3]
	[23,1]
	[142,12]
	[18359,1]
	[169,2]
	[135,18]
	[79,6]
	[151,8]
	[162,6]
	[71,1]
	[134,9]
	[100,5]
	[56,5]
	[62,2]
	[60,5]
	[28,1]
	[36,2]
	[90,5]
	[21,1]
	[173,2]
	[99,6]
	[53,1]
	[92,1]
	[75,3]
	[139,7]
	[63,2]
	[168,2]
	[89,5]
	[87,3]
	[14566,1]
	[70,3]
	[88,3]
	[57,2]
	[113,1]
	[13810,1]
	[105,4]
	[13784,1]
	[176,4]
	[179,2]
	[116,3]
	[83,3]
	[64,2]
	[102,3]
	[67,1]
	[69,1]
	[52,1]
	[10941,1]
	[65,2]
	[154,3]
	[61,2]
	[91,2]
	[171,4]
	[167,4]
	[93,1]
	[84,2]
	[172,2]
	[175,2]
	[76,2]
	[77,1]
	[9302,1]
	[103,2]
	[178,2]
	[4756,1]
	[177,1]
	[101,1]
	[104,1]

1628,
	[132,3]
	[145,2]
	[138,2]
	[165,1]
	[32,5]
	[38,84]
	[65,52]
	[56,12]
	[63,3]
	[73,14]
	[68,3]
	[102,15]
	[85,4]
	[106,11]
	[146,2]
	[134,2]
	[3,9]
	[27,8]
	[29,6]
	[74,5]
	[96,2]
	[104,10]
	[115,2]
	[109,4]
	[110,6]
	[131,2]
	[141,8]
	[103,14]
	[150,4]
	[34,33]
	[26,31]
	[28,8]
	[67,17]
	[89,2]
	[101,6]
	[124,5]
	[122,1]
	[100,6]
	[99,1]
	[137,4]
	[123,2]
	[180,5]
	[54,3]
	[90,5]
	[75,9]
	[163,2]
	[158,1]
	[177,2]
	[164,4]
	[25,5]
	[59,8]
	[111,2]
	[116,3]
	[129,6]
	[61,2]
	[78,2]
	[86,3]
	[76,5]
	[139,3]
	[113,2]
	[126,7]
	[125,4]
	[147,7]
	[64,5]
	[58,3]
	[135,3]
	[161,2]
	[140,3]
	[36,13]
	[39,5]
	[66,11]
	[98,1]
	[105,5]
	[143,3]
	[53,3]
	[91,3]
	[130,4]
	[142,10]
	[136,4]
	[167,2]
	[71,3]
	[94,3]
	[62,3]
	[84,1]
	[107,2]
	[118,1]
	[51,3]
	[52,1]
	[128,2]
	[22,4]
	[31,1]
	[93,5]
	[133,6]
	[41,25]
	[37,8]
	[60,2]
	[33,1]
	[153,1]
	[179,2]
	[176,5]
	[156,2]
	[159,1]
	[82,1]
	[152,2]
	[35,5]
	[88,2]
	[2,4]
	[174,1]
	[92,3]
	[148,2]
	[173,2]
	[87,1]
	[80,2]
	[171,6]
	[70,1]
	[157,1]
	[83,1]
	[168,2]
	[30,4]
	[117,1]
	[55,1]
	[57,1]
	[77,3]
	[97,1]
	[79,1]
	[50,3]
	[170,2]
	[69,2]
	[127,3]
	[48,1]
	[162,1]
	[40,2]
	[169,1]
	[155,3]
	[1,1]
	[175,2]
	[149,1]
	[172,1]
	[144,2]
	[178,1]
	[154,1]
	[160,1]
	[151,1]

1624,
	[136,12]
	[124,8]
	[154,17]
	[164,23]
	[141,24]
	[140,25]
	[167,21]
	[161,17]
	[169,14]
	[145,15]
	[103,14]
	[157,13]
	[152,16]
	[66,10]
	[151,17]
	[160,15]
	[168,25]
	[163,30]
	[27,2]
	[147,10]
	[159,20]
	[123,11]
	[189,1]
	[179,6]
	[148,11]
	[105,23]
	[150,11]
	[146,12]
	[118,6]
	[138,15]
	[108,8]
	[18267,1]
	[153,19]
	[162,15]
	[101,8]
	[170,20]
	[165,30]
	[132,15]
	[149,15]
	[104,6]
	[111,8]
	[281,2]
	[137,11]
	[127,8]
	[116,6]
	[113,5]
	[143,8]
	[166,26]
	[155,17]
	[158,12]
	[144,11]
	[282,1]
	[25,4]
	[17346,1]
	[119,5]
	[180,2]
	[134,9]
	[95,2]
	[139,15]
	[92,6]
	[128,8]
	[126,11]
	[224,1]
	[16734,1]
	[112,11]
	[114,4]
	[107,4]
	[16759,1]
	[99,16]
	[125,4]
	[283,1]
	[285,1]
	[156,9]
	[16118,1]
	[64,16]
	[173,3]
	[176,3]
	[174,5]
	[122,3]
	[129,11]
	[142,11]
	[130,9]
	[91,2]
	[14907,1]
	[117,5]
	[14899,1]
	[93,5]
	[106,5]
	[96,3]
	[4865,1]
	[109,2]
	[2,5]
	[26,1]
	[171,13]
	[133,8]
	[214,1]
	[178,4]
	[131,9]
	[213,1]
	[120,5]
	[172,4]
	[11835,1]
	[110,6]
	[135,5]
	[11524,1]
	[65,8]
	[177,1]
	[115,1]
	[10622,1]
	[121,1]
	[286,1]
	[94,2]
	[102,3]
	[100,1]
	[90,2]
	[10615,1]
	[10312,1]
	[97,1]
	[222,1]
	[230,1]
	[226,1]
	[8459,1]
	[8181,1]
	[210,1]
	[88,1]
	[6644,1]
	[89,2]
	[98,2]
	[5428,1]
	[181,2]
	[192,1]
	[202,1]
	[526,1]

1604,
	[65,1]
	[91,2]
	[43,2]
	[120,1]
	[95,1]
	[151,1]
	[89,1]
	[50,1]
	[86,1]
	[94,1]
	[96,1]
	[26,1]
	[103,1]
	[119,1]
	[44,1]
	[85,1]
	[152,1]
	[18,1]
	[171,1]

1652,
	[25,2]
	[138,1]
	[29,1]
	[126,1]
	[56,1]
	[21235,1]
	[134,1]
	[64,1]
	[83,1]
	[135,2]
	[159,2]
	[59,1]
	[103,2]
	[127,2]
	[118,1]
	[160,1]
	[40,1]
	[75,1]
	[149,1]
	[153,1]
	[154,1]
	[157,1]
	[144,1]
	[9327,1]
	[136,1]
	[176,1]
	[27,1]
	[1284,1]

1448,
	[175,2]
	[17324,1]
	[16096,1]
	[15184,1]
	[14899,1]
	[173,2]
	[185,1]
	[13055,1]
	[11521,1]
	[11222,1]
	[160,1]
	[150,1]
	[5733,1]
	[5429,1]
	[154,1]
	[138,1]
	[133,1]
	[146,1]

1520,
	[100,1]
	[118,1]
	[80,1]
	[89,1]
	[119,1]
	[99,1]
	[77,1]
	[78,1]
	[83,2]
	[71,1]
	[69,1]
	[66,1]
	[122,1]
	[76,1]
	[121,4]
	[123,4]

1580,
	[18,1]

1484,
	[55,1]

1504,
	[2,1]

len(carl_order):
23
Printing carl assignment order:
1504,2,0.5
1584,1,0.12535612535612536
1580,18,0.05555555555555555
1484,55,0.01818181818181818
1584,2,0.014115092290988056
1628,180,0.012785735266167908
1604,171,0.01146288209606987
1520,123,0.00997398091934085
1588,1,0.009859154929577466
1584,181,0.008204209910831749
1652,176,0.007886435331230283
1588,181,0.007156383724458301
1624,181,0.006908032811377267
1624,230,0.006720430107526882
1624,286,0.004524886877828055
1448,185,0.0032098044937262913
1652,1284,0.00030084235860409147
1624,526,0.0002314814814814815
1588,18402,0.00011527027846872536
1624,18267,8.737080684370391e-05
1448,17324,8.272210886229526e-05
1584,18359,7.227470168616878e-05
1652,21235,7.144388083160678e-05
bin_width: 185311
assigning lease 2 to address 1504
Average Cache Occupancy Per Bin: [0.0,0.0,0.0,0.0,0.00]
Total cost: 0
assigning lease 1 to address 1584
Average Cache Occupancy Per Bin: [0.30,0.30,0.28,0.27,0.28]
Total cost: 56320.0
assigning lease 18 to address 1580
Average Cache Occupancy Per Bin: [0.30,0.30,0.28,0.29,0.28]
Total cost: 56320.0
assigning lease 55 to address 1484
Average Cache Occupancy Per Bin: [0.30,0.30,0.28,0.29,0.36]
Total cost: 56320.0
assigning lease 2 to address 1584
Average Cache Occupancy Per Bin: [0.57,0.60,0.54,0.53,0.57]
Total cost: 106240.0
assigning lease 180 to address 1628
Average Cache Occupancy Per Bin: [19.2,16.6,16.0,14.1,16.7]
Total cost: 3566592.0
assigning lease 171 to address 1604
Average Cache Occupancy Per Bin: [19.8,17.1,16.6,14.4,17.2]
Total cost: 3671552.0
assigning lease 123 to address 1520
Average Cache Occupancy Per Bin: [19.9,17.3,17.1,15.3,18.6]
Total cost: 3697152.0
assigning lease 1 to address 1588
Average Cache Occupancy Per Bin: [20.1,17.5,17.3,15.5,18.8]
Total cost: 3731200.0
assigning lease 181 to address 1584
Average Cache Occupancy Per Bin: [50.3,50.7,47.5,44.9,47.0]
Total cost: 9324800.0
assigning lease 176 to address 1652
Average Cache Occupancy Per Bin: [51.1,52.1,48.1,46.2,48.3]
Total cost: 9472000.0
assigning lease 181 to address 1588
Average Cache Occupancy Per Bin: [75.6,76.6,74.6,73.3,77.7]
Total cost: 14010624.0
assigning lease 181 to address 1624
Average Cache Occupancy Per Bin: [113.,113.,114.,114.,117.]
Total cost: 21022208.0
assigning lease 230 to address 1624
Average Cache Occupancy Per Bin: [114.,113.,114.,114.,117.]
Total cost: 21135616.0
assigning lease 286 to address 1624
Average Cache Occupancy Per Bin: [114.,113.,115.,114.,117.]
Total cost: 21246976.0
assigning lease 185 to address 1448
Average Cache Occupancy Per Bin: [115.,115.,116.,115.,118.]
Total cost: 21339136.0
assigning lease 1284 to address 1652
Average Cache Occupancy Per Bin: [116.,115.,116.,115.,121.]
Total cost: 21622784.0
assigning lease 526 to address 1624
Average Cache Occupancy Per Bin: [118.,116.,117.,116.,122.]
Total cost: 21868544.0
assigning lease 18402 to address 1588
Average Cache Occupancy Per Bin: [143.,174.,157.,184.,159.]
Total cost: 26524672.0
assigning lease 18267 to address 1624
Average Cache Occupancy Per Bin: [235.,241.,229.,214.,165.]
Total cost: 43677184.0
assigning lease 17324 to address 1448
Average Cache Occupancy Per Bin: [259.,304.,278.,214.,180.]
Total cost: 48064768.0
assigning lease 18359 to address 1584
Average Cache Occupancy Per Bin: [359.,362.,293.,227.,187.]
Total cost: 66570496.0
assigning lease 21235 to address 1652
Average Cache Occupancy Per Bin: [386.,362.,293.,227.,198.]
Total cost: 71677952.0
Final saturation:
	0.0,71677952.0
	1.0,67142400.0
	2.0,54341888.0
	3.0,42117120.0
	4.0,36750080.0
DUMP LEASES
0, 634, 47e2, 0, 1 
0, 630, 47b7, 0, 1 
0, 65c, b4, 0, 1 
0, 658, 475b, 0, 1 
0, 644, ab, 0, 1 
0, 674, 52f3, 0, 1 
0, 5a8, 43ac, 0, 1 
0, 5f0, 7b, 0, 1 
0, 62c, 12, 0, 1 
0, 5cc, 37, 0, 1 
0, 5e0, 2, 0, 1 
Dump dual leases

