sample rate: 0.00390625
1456,
	[5,62]
	[3,1012]
	[1,1084]
	[23078,2]
	[23182,1]
	[23312,1]
	[23361,1]
	[23165,1]
	[23263,1]
	[23411,2]
	[23453,1]
	[23279,1]
	[23399,2]
	[23110,1]
	[4,8]
	[23129,2]
	[23359,1]
	[23045,1]
	[23371,1]
	[23451,1]
	[23348,2]
	[23340,1]
	[23401,1]
	[23416,1]
	[22998,1]
	[23121,1]
	[23198,1]
	[23286,1]
	[22949,1]
	[23354,2]
	[23012,1]
	[23087,1]
	[23125,1]
	[23130,1]
	[23297,1]
	[23136,1]
	[23284,2]
	[22961,1]
	[23434,1]
	[23059,1]
	[23168,1]
	[23080,1]
	[23141,2]
	[2,2]
	[23140,1]
	[23334,1]
	[23047,1]
	[23216,1]
	[23204,1]
	[23242,1]
	[23133,1]
	[23145,1]
	[23335,1]
	[23199,1]
	[23331,1]
	[23459,1]
	[23093,1]
	[23115,1]
	[23261,1]
	[23230,2]
	[23022,1]
	[23258,1]
	[23379,1]
	[23143,1]
	[23344,1]
	[23250,1]
	[23276,1]
	[23288,1]
	[23282,1]
	[23441,1]
	[23369,1]
	[23075,1]
	[23247,1]
	[23332,1]
	[23305,1]
	[23363,1]
	[23450,1]
	[23097,1]
	[23109,1]
	[23148,1]
	[23223,1]

1488,
	[2,1025]
	[2423,1]
	[1942,1]
	[2424,16]
	[4,72]
	[2430,49]
	[3,12]
	[2404,1]
	[2419,2]
	[2426,2]
	[1958,1]
	[1904,2]
	[2403,1]
	[1916,1]
	[2427,1]
	[2391,2]
	[2389,1]
	[2159,1]
	[1987,2]
	[1926,1]

1448,
	[531,60]
	[20661,1]
	[20800,2]
	[20932,1]
	[521,2]
	[20920,1]
	[20684,1]
	[20497,1]
	[20703,1]
	[20732,1]
	[20757,2]
	[20965,2]
	[20768,1]
	[20972,1]
	[20519,1]
	[20539,2]
	[20624,1]
	[20751,1]
	[20905,1]
	[20546,1]
	[20620,1]
	[20820,1]
	[20915,3]
	[20617,2]
	[20805,2]
	[20937,1]
	[519,6]
	[20601,1]
	[20802,1]
	[20922,1]
	[20764,1]
	[20809,1]
	[20884,2]
	[20960,1]
	[20553,1]
	[20829,1]
	[20526,1]
	[20881,1]
	[20527,1]
	[20842,1]
	[20967,1]
	[21015,1]
	[20950,1]
	[20955,1]
	[20629,1]
	[20672,1]
	[20712,2]
	[20867,1]
	[20850,1]
	[20801,1]
	[20882,1]
	[20982,1]
	[20618,1]
	[20817,1]
	[20586,1]
	[20674,1]
	[20612,1]
	[520,1]
	[20788,1]
	[20818,1]
	[20861,1]
	[20755,1]
	[20849,1]
	[522,1]
	[20561,1]
	[20651,1]
	[20735,1]
	[20799,1]
	[20638,1]
	[20866,1]
	[20847,1]
	[20952,1]
	[529,1]
	[20589,1]
	[20662,1]
	[20549,1]

1540,
	[1,1126]
	[3,1002]
	[225,12]
	[2,64]
	[219,51]
	[5,87]
	[224,4]
	[21491,1]
	[21481,1]
	[21483,1]
	[230,2]
	[226,1]
	[21490,1]
	[222,1]

1580,
	[2,1057]
	[218,62]
	[224,20]
	[4,68]
	[221,2]
	[223,4]
	[1876,1]

1528,
	[23009,1]
	[22950,1]
	[22902,1]
	[23443,1]
	[22784,1]
	[23103,1]
	[23625,1]
	[23016,1]
	[22892,1]
	[23354,1]
	[23235,1]
	[22727,1]
	[22697,2]
	[22965,1]
	[22937,2]
	[22911,1]
	[23223,1]
	[23113,1]
	[23022,1]
	[23535,1]
	[22861,1]
	[23316,1]
	[22703,1]
	[22672,2]
	[23517,1]
	[23131,1]
	[23004,2]
	[23320,1]
	[22763,1]
	[23288,1]
	[22680,1]
	[23358,1]
	[23275,2]
	[23735,1]
	[23045,1]
	[23458,1]
	[23397,1]
	[22748,1]
	[23455,2]
	[22860,2]
	[23309,1]
	[21248,1]
	[23714,1]
	[23547,1]
	[22751,1]
	[23270,1]
	[23127,2]
	[23061,1]
	[23396,1]
	[23360,1]
	[23241,1]
	[23211,1]
	[23203,2]
	[22922,1]
	[22705,1]
	[23577,1]
	[23032,1]
	[23031,1]
	[23326,1]
	[22744,1]
	[23283,1]
	[23435,1]
	[23741,1]
	[23638,2]
	[22869,1]
	[23640,1]
	[22870,2]
	[22794,1]
	[23648,1]
	[23613,1]
	[23401,1]
	[22777,2]
	[23762,1]
	[23744,1]
	[23005,1]
	[22984,1]
	[22943,1]
	[23253,1]
	[23206,1]
	[23218,1]
	[23046,1]
	[23415,1]
	[22808,1]
	[23584,1]
	[22887,1]
	[23254,2]
	[23208,1]
	[23597,1]
	[23479,1]
	[23001,1]
	[22862,1]
	[22857,1]
	[22789,1]
	[23260,1]
	[22738,1]
	[22725,1]
	[22708,1]
	[22843,1]
	[22673,1]
	[23413,1]
	[22793,1]
	[23292,1]
	[23282,1]
	[22735,1]
	[22709,1]
	[23150,1]
	[23147,1]
	[23047,1]
	[22828,1]
	[23096,1]
	[23508,1]
	[23485,1]
	[22865,1]
	[23257,1]
	[22800,1]
	[23306,1]
	[23615,1]
	[22970,1]
	[23459,1]
	[22909,1]
	[23450,1]
	[23370,1]
	[23295,1]
	[23006,1]
	[22866,1]

1436,
	[269,2]

1520,
	[23027,2]
	[23072,1]
	[23781,1]

1548,
	[20969,1]
	[46976,1]

len(carl_order):
22
Printing carl assignment order:
1456,1,0.48113626276076343
1540,1,0.47833474936278675
1540,3,0.44565217391304346
1580,2,0.43533772652388797
1456,3,0.4340753424657534
1488,2,0.42922948073701844
1540,5,0.26851851851851855
1488,4,0.25766871165644173
1456,5,0.23178807947019867
1580,4,0.21656050955414013
1580,224,0.0045838108136264195
1540,230,0.004377851769638673
1436,269,0.0037174721189591076
1448,531,0.000886757340727141
1580,1876,0.0006053268765133172
1488,2430,0.00042138660982078674
1448,21015,4.9418498703073276e-05
1540,21491,4.704498676859747e-05
1528,23762,4.3249558729139925e-05
1520,23781,4.305380649466671e-05
1456,23459,4.304828447521862e-05
1548,46976,2.9435572889837368e-05
bin_width: 375809
assigning lease 1 to address 1456
Average Cache Occupancy Per Bin: [0.30,0.31,0.30,0.30,0.31]
Total cost: 113152.0
assigning lease 1 to address 1540
Average Cache Occupancy Per Bin: [0.62,0.63,0.62,0.63,0.61]
Total cost: 236032.0
assigning lease 3 to address 1540
Average Cache Occupancy Per Bin: [0.94,0.97,0.97,0.95,0.92]
Total cost: 354560.0
assigning lease 2 to address 1580
Average Cache Occupancy Per Bin: [1.25,1.30,1.29,1.29,1.28]
Total cost: 471808.0
assigning lease 3 to address 1456
Average Cache Occupancy Per Bin: [1.55,1.63,1.60,1.59,1.62]
Total cost: 585472.0
assigning lease 2 to address 1488
Average Cache Occupancy Per Bin: [1.88,1.94,1.95,1.90,1.95]
Total cost: 707840.0
assigning lease 5 to address 1540
Average Cache Occupancy Per Bin: [1.92,1.99,1.99,1.93,1.99]
Total cost: 724736.0
assigning lease 4 to address 1488
Average Cache Occupancy Per Bin: [1.96,2.04,2.04,1.98,2.04]
Total cost: 737280.0
assigning lease 5 to address 1456
Average Cache Occupancy Per Bin: [2.00,2.09,2.08,2.02,2.08]
Total cost: 753408.0
assigning lease 4 to address 1580
Average Cache Occupancy Per Bin: [2.04,2.13,2.11,2.07,2.12]
Total cost: 770304.0
assigning lease 224 to address 1580
Average Cache Occupancy Per Bin: [4.69,4.34,4.16,5.73,4.63]
Total cost: 1766144.0
assigning lease 230 to address 1540
Average Cache Occupancy Per Bin: [6.75,6.55,6.23,8.54,6.53]
Total cost: 2537472.0
assigning lease 269 to address 1436
Average Cache Occupancy Per Bin: [6.93,6.73,6.23,8.54,6.53]
Total cost: 2606336.0
assigning lease 531 to address 1448
Average Cache Occupancy Per Bin: [17.0,19.7,17.4,19.0,16.2]
Total cost: 6409984.0
assigning lease 1876 to address 1580
Average Cache Occupancy Per Bin: [17.0,19.7,17.4,20.1,16.2]
Total cost: 6409984.0
assigning lease 2430 to address 1488
Average Cache Occupancy Per Bin: [42.7,55.3,46.7,49.0,34.0]
Total cost: 16082688.0
assigning lease 21015 to address 1448
Average Cache Occupancy Per Bin: [208.,358.,295.,255.,213.]
Total cost: 78295552.0
assigning lease 21491 to address 1540
Average Cache Occupancy Per Bin: [208.,372.,324.,270.,213.]
Total cost: 78295552.0
addr: 1528 ri: 23762
bin target: 192414208
	bin: 0.0 current capacity: 208.33868268189426  avg impact: 392.7183010518641
	bin: 1.0 current capacity: 372.85936206956194  avg impact: 567.1837768653758
	bin: 2.0 current capacity: 324.34109880284933  avg impact: 379.7237852206839
	bin: 3.0 current capacity: 270.05241492353827  avg impact: 408.1610392513218
	bin: 4.0 current capacity: 213.13567264221984  avg impact: 425.7658970381231
num_full_bins: 0
printing bin ranks sorted:
	bin: 1.0 rank: 0.2453184375255216
	selecting this^ bin
	bin: 2.0 rank: 0.4941984371300024
	bin: 3.0 rank: 0.5927748163329339
	bin: 4.0 rank: 0.7019451990797183
	bin: 0.0 rank: 0.7732293516873889
acceptable_ratio: 0.2453184375255216
Assigning 1528 dual lease lease 23762 * 0.2453184375255216. Bin saturation: [304.,512.,417.,370.,317.]
addr: 1520 ri: 23781
bin target: 192414208
	bin: 1.0 current capacity: 512.0  avg impact: 31.40250499588887
num_full_bins: 1
printing bin ranks sorted:
	bin: 1.0 rank: 0.0
acceptable_ratio: 0
addr: 1456 ri: 23459
bin target: 192414208
	bin: 0.0 current capacity: 304.67972268361495  avg impact: 301.15587439364145
	bin: 1.0 current capacity: 512.0  avg impact: 300.0754957970671
	bin: 2.0 current capacity: 417.49434448446425  avg impact: 284.70837047542767
	bin: 3.0 current capacity: 370.1818433314656  avg impact: 221.4462772312531
	bin: 4.0 current capacity: 317.58389725526433  avg impact: 237.65604336245275
num_full_bins: 1
printing bin ranks sorted:
	bin: 1.0 rank: 0.0
	bin: 2.0 rank: 0.33193845111656906
	bin: 3.0 rank: 0.640417885735942
	bin: 0.0 rank: 0.6884151861019198
	bin: 4.0 rank: 0.8180566334188641
acceptable_ratio: 0
assigning lease 46976 to address 1548
Average Cache Occupancy Per Bin: [304.,512.,463.,370.,317.]
Total cost: 114501381.90200666
Final saturation:
	0.0,114501381.90200666
	1.0,192414208.0
	2.0,174292052.10636202
	3.0,139117668.36055475
	4.0,119350886.84360363
DUMP LEASES
0, 5b0, 5, 0, 1 
0, 5d0, 97e, 0, 1 
0, 5a8, 5217, 0, 1 
0, 604, 53f3, 0, 1 
0, 62c, 754, 0, 1 
0, 5f8, 0, 5cd2, 0.7546815624744784 
0, 59c, 10d, 0, 1 
0, 5f0, 0, 0, 1 
0, 60c, b780, 0, 1 
Dump dual leases

