sample rate: 0.00390625
1716,
	[125,2]
	[65,7]
	[1,14]
	[7,1]
	[788,1]
	[4,1]
	[8,3]
	[9,2]
	[909,1]
	[889,1]
	[987,1]
	[1076,1]
	[996,1]
	[13,3]
	[10,3]
	[11,1]
	[15,2]
	[17,3]
	[12,2]
	[135,1]
	[137,1]
	[19,8]
	[153,2]
	[14,2]
	[138,1]
	[1428,1]
	[16,2]
	[1484,1]
	[1509,1]
	[18,3]
	[1600,1]
	[1622,1]
	[21,7]
	[1750,1]
	[20,3]
	[23,8]
	[25,8]
	[22,4]
	[27,8]
	[1859,1]
	[1929,1]
	[222,1]
	[24,5]
	[29,8]
	[1992,1]
	[252,1]
	[2313,1]
	[26,5]
	[1975,1]
	[31,7]
	[28,2]
	[33,6]
	[32,3]
	[30,3]
	[57,4]
	[2299,1]
	[35,6]
	[34,5]
	[295,1]
	[37,4]
	[36,6]
	[2775,1]
	[2543,1]
	[38,13]
	[2580,1]
	[325,1]
	[39,5]
	[2727,1]
	[41,7]
	[2714,1]
	[40,7]
	[2722,1]
	[42,10]
	[3092,1]
	[43,10]
	[44,7]
	[2865,1]
	[3165,2]
	[375,1]
	[45,9]
	[46,11]
	[383,1]
	[2983,1]
	[47,6]
	[80,5]
	[3375,1]
	[48,10]
	[399,1]
	[49,7]
	[3483,1]
	[50,16]
	[3139,1]
	[51,6]
	[3181,1]
	[398,1]
	[54,7]
	[53,3]
	[52,12]
	[3666,1]
	[429,1]
	[3311,1]
	[55,6]
	[56,6]
	[3782,1]
	[58,7]
	[94,2]
	[3428,1]
	[59,11]
	[61,11]
	[512,1]
	[3487,1]
	[3470,1]
	[469,1]
	[60,8]
	[3517,1]
	[3942,1]
	[3541,1]
	[3557,1]
	[63,9]
	[62,4]
	[64,6]
	[3658,1]
	[3687,1]
	[67,9]
	[4187,1]
	[3753,2]
	[69,7]
	[68,8]
	[3747,1]
	[3729,1]
	[66,3]
	[4385,1]
	[70,10]
	[118,3]
	[71,7]
	[123,1]
	[4028,1]
	[120,1]
	[3886,1]
	[72,7]
	[3967,1]
	[74,10]
	[73,8]
	[75,8]
	[4001,1]
	[76,2]
	[4573,1]
	[129,1]
	[77,4]
	[645,1]
	[4048,1]
	[79,7]
	[78,5]
	[81,6]
	[136,1]
	[83,5]
	[82,9]
	[4130,1]
	[85,6]
	[4793,1]
	[139,1]
	[4168,1]
	[87,7]
	[141,1]
	[4163,1]
	[88,7]
	[84,4]
	[89,12]
	[146,1]
	[710,1]
	[92,4]
	[4941,1]
	[4886,1]
	[91,4]
	[151,1]
	[86,3]
	[152,1]
	[93,3]
	[4984,1]
	[95,4]
	[158,1]
	[96,7]
	[161,1]
	[98,9]
	[5023,1]
	[90,1]
	[159,1]
	[4954,1]
	[4997,1]
	[99,7]
	[101,1]
	[5062,1]
	[4274,1]
	[4262,1]
	[100,1]
	[4344,1]
	[103,2]
	[105,2]
	[108,1]
	[109,2]
	[112,2]
	[4362,1]
	[114,2]
	[116,1]

1700,
	[67,1]
	[42,1]
	[2,1]

1644,
	[155,1]
	[496,1]
	[573,1]
	[1548,1]
	[16,1]
	[22,1]
	[32,1]
	[40,1]
	[30,1]
	[4558,1]
	[18,1]
	[5242,1]
	[5282,1]
	[5295,1]
	[80,1]
	[5340,1]
	[52,1]
	[67,1]
	[5540,1]
	[5576,1]
	[4227,1]
	[5683,1]
	[5899,1]
	[5913,1]

1616,
	[4,2]
	[1,10]
	[16,6]
	[12,3]
	[1703,1]
	[14,6]
	[13,9]
	[18,3]
	[3,1]
	[1872,1]
	[20,4]
	[23,8]
	[21,6]
	[30,5]
	[49,12]
	[34,4]
	[19,8]
	[2977,1]
	[29,8]
	[36,11]
	[24,3]
	[33,12]
	[35,4]
	[31,7]
	[22,6]
	[3491,1]
	[11,4]
	[38,4]
	[40,4]
	[58,8]
	[3616,1]
	[41,16]
	[3726,1]
	[37,11]
	[52,7]
	[28,6]
	[50,6]
	[4087,1]
	[3881,1]
	[15,5]
	[32,5]
	[55,9]
	[48,6]
	[53,10]
	[4180,1]
	[43,3]
	[45,12]
	[47,18]
	[60,3]
	[62,3]
	[39,11]
	[3800,1]
	[4362,1]
	[54,8]
	[56,11]
	[4159,1]
	[27,2]
	[78,3]
	[17,2]
	[63,5]
	[3891,1]
	[44,8]
	[61,2]
	[51,10]
	[68,8]
	[4726,1]
	[4503,1]
	[4287,1]
	[92,3]
	[107,3]
	[4635,1]
	[64,12]
	[6,2]
	[59,4]
	[69,5]
	[91,7]
	[57,10]
	[4752,1]
	[89,3]
	[73,17]
	[5042,1]
	[4169,1]
	[65,14]
	[4784,1]
	[4184,1]
	[66,15]
	[75,9]
	[74,10]
	[340,1]
	[67,10]
	[76,13]
	[77,5]
	[72,8]
	[5102,1]
	[87,4]
	[5131,1]
	[70,2]
	[4813,1]
	[86,7]
	[5231,1]
	[82,3]
	[4369,1]
	[26,2]
	[103,5]
	[79,3]
	[81,17]
	[71,6]
	[4979,1]
	[88,5]
	[90,6]
	[4763,1]
	[85,7]
	[335,1]
	[106,6]
	[4642,1]
	[204,1]
	[4360,1]
	[150,1]
	[94,7]
	[5069,1]
	[84,2]
	[80,2]
	[83,12]
	[4733,1]
	[149,1]
	[5444,1]
	[278,1]
	[46,2]
	[96,5]
	[42,3]
	[98,2]
	[163,1]
	[5421,1]
	[5082,1]
	[97,8]
	[164,1]
	[475,1]
	[4571,1]
	[118,1]
	[95,5]
	[168,2]
	[104,2]
	[209,1]
	[710,1]
	[839,1]
	[5317,1]
	[4976,1]
	[93,7]
	[631,1]
	[100,2]
	[102,3]
	[5751,2]
	[8,1]
	[101,3]
	[105,5]
	[5015,1]
	[407,1]
	[159,1]
	[25,1]
	[336,1]
	[4770,1]
	[4488,1]
	[148,1]
	[134,1]
	[5,1]
	[5143,1]
	[4634,1]
	[509,1]
	[135,1]
	[186,1]
	[112,1]
	[114,2]
	[5653,1]
	[5823,1]
	[5181,1]
	[4780,1]
	[117,1]
	[4652,1]
	[113,1]
	[121,1]
	[5158,1]
	[349,1]
	[4755,1]
	[4650,1]
	[99,1]
	[185,1]
	[116,1]
	[119,1]
	[122,3]

1712,
	[9,1]
	[5,5]
	[10,3]
	[4,1]
	[27,1]
	[664,1]
	[32,3]
	[34,1]
	[26,1]
	[7,1]
	[44,1]
	[46,2]
	[47,1]
	[6,1]
	[40,1]
	[58,1]
	[12,2]
	[61,1]
	[63,3]
	[60,1]
	[64,1]
	[62,1]
	[68,3]
	[8,1]
	[66,1]
	[54,1]
	[72,1]
	[71,1]
	[74,1]
	[75,1]
	[73,2]
	[81,1]
	[83,1]
	[92,2]
	[85,1]
	[91,1]
	[98,2]
	[90,1]
	[99,1]
	[105,1]
	[109,1]
	[112,1]

1732,
	[12,1]
	[8,1]
	[22,1]
	[861,1]
	[1137,1]
	[1331,1]
	[57,1]
	[56,1]
	[58,1]
	[62,2]
	[68,1]
	[76,1]
	[84,1]
	[660,1]
	[107,1]

1600,
	[1109,1]
	[813,1]
	[678,1]

1612,
	[34,1]
	[21,2]
	[27,1]
	[58,1]
	[17,1]
	[25,1]
	[33,1]
	[56,1]
	[29,1]
	[12,1]
	[76,1]
	[16,1]
	[64,2]
	[38,2]
	[3,1]
	[40,1]
	[74,1]
	[75,2]
	[15,2]
	[43,1]
	[44,1]
	[85,1]
	[45,1]
	[66,1]
	[83,1]
	[92,1]
	[10,2]
	[46,1]
	[63,1]
	[100,1]
	[60,1]
	[28,1]
	[104,2]
	[57,1]
	[59,1]
	[81,1]
	[106,2]
	[68,1]
	[111,1]
	[11,1]
	[30,1]
	[67,1]
	[118,1]
	[4,1]
	[95,1]
	[101,1]

1564,
	[158,1]

1568,
	[4739,1]

1632,
	[20,1]

len(carl_order):
38
Printing carl assignment order:
1700,2,0.16666666666666666
1632,20,0.05
1712,10,0.023679417122040074
1712,12,0.021739130434782608
1716,1,0.020172910662824207
1700,67,0.01904761904761905
1612,118,0.01847417037290455
1712,112,0.017331721080209594
1616,107,0.013976164680390032
1716,99,0.013233901515151514
1732,84,0.01116751269035533
1616,122,0.009153318077803204
1732,107,0.008695652173913044
1716,105,0.008415147265077139
1716,118,0.007612456747404845
1644,32,0.006887052341597796
1644,40,0.006578947368421052
1564,158,0.006329113924050633
1716,125,0.005547850208044383
1644,52,0.004629629629629629
1716,153,0.004487658937920718
1644,80,0.004319654427645789
1716,161,0.004291845493562232
1616,168,0.0028636884306987398
1712,664,0.0018115942028985507
1616,186,0.0016116035455278
1616,209,0.0013020833333333333
1600,1109,0.001153846153846154
1732,1331,0.0011232799775344005
1644,155,0.0008888888888888889
1616,349,0.0005559879906594017
1716,429,0.00040914670182297586
1716,5062,0.00037606634602062425
1644,573,0.0003463203463203463
1616,509,0.00031699070160608623
1616,5823,0.0002588544102887816
1644,5913,0.00022544948992052905
1568,4739,0.00021101498206372652
bin_width: 81601
assigning lease 2 to address 1700
Average Cache Occupancy Per Bin: [0.01,0.0,0.0,0.0,0.0]
Total cost: 1536.0
assigning lease 20 to address 1632
Average Cache Occupancy Per Bin: [0.01,0.0,0.0,0.0,0.06]
Total cost: 1536.0
assigning lease 10 to address 1712
Average Cache Occupancy Per Bin: [0.41,0.45,0.37,0.36,0.20]
Total cost: 33536.0
assigning lease 12 to address 1712
Average Cache Occupancy Per Bin: [0.45,0.54,0.43,0.42,0.22]
Total cost: 37120.0
assigning lease 1 to address 1716
Average Cache Occupancy Per Bin: [1.18,1.14,0.88,0.72,0.31]
Total cost: 96768.0
assigning lease 67 to address 1700
Average Cache Occupancy Per Bin: [1.51,1.14,0.88,0.72,0.31]
Total cost: 123648.0
assigning lease 118 to address 1612
Average Cache Occupancy Per Bin: [1.51,2.06,1.50,2.76,5.91]
Total cost: 123648.0
assigning lease 112 to address 1712
Average Cache Occupancy Per Bin: [2.21,3.78,3.29,5.16,7.09]
Total cost: 180736.0
assigning lease 107 to address 1616
Average Cache Occupancy Per Bin: [6.51,17.5,27.1,44.4,70.6]
Total cost: 531968.0
assigning lease 99 to address 1716
Average Cache Occupancy Per Bin: [34.5,52.6,60.5,71.5,79.5]
Total cost: 2821120.0
assigning lease 84 to address 1732
Average Cache Occupancy Per Bin: [35.4,53.5,61.2,71.8,79.8]
Total cost: 2896384.0
assigning lease 122 to address 1616
Average Cache Occupancy Per Bin: [35.6,53.9,61.7,72.6,81.9]
Total cost: 2911744.0
assigning lease 107 to address 1732
Average Cache Occupancy Per Bin: [35.8,53.9,61.7,72.7,82.0]
Total cost: 2929408.0
assigning lease 105 to address 1716
Average Cache Occupancy Per Bin: [36.6,54.4,62.1,73.0,82.3]
Total cost: 2987776.0
assigning lease 118 to address 1716
Average Cache Occupancy Per Bin: [38.1,55.4,62.9,73.7,82.7]
Total cost: 3114240.0
assigning lease 32 to address 1644
Average Cache Occupancy Per Bin: [38.7,55.7,63.4,74.3,83.0]
Total cost: 3164928.0
assigning lease 40 to address 1644
Average Cache Occupancy Per Bin: [38.8,55.8,63.5,74.5,83.1]
Total cost: 3173120.0
assigning lease 158 to address 1564
Average Cache Occupancy Per Bin: [38.8,56.3,63.5,74.5,83.1]
Total cost: 3173120.0
assigning lease 125 to address 1716
Average Cache Occupancy Per Bin: [39.7,56.8,63.9,74.9,83.2]
Total cost: 3241216.0
assigning lease 52 to address 1644
Average Cache Occupancy Per Bin: [39.8,56.9,64.0,75.1,83.3]
Total cost: 3253504.0
assigning lease 153 to address 1716
Average Cache Occupancy Per Bin: [42.8,59.0,65.3,76.6,83.7]
Total cost: 3499008.0
assigning lease 80 to address 1644
Average Cache Occupancy Per Bin: [43.2,59.1,65.7,77.0,83.9]
Total cost: 3527680.0
assigning lease 161 to address 1716
Average Cache Occupancy Per Bin: [44.0,59.8,66.1,77.3,84.0]
Total cost: 3593216.0
assigning lease 168 to address 1616
Average Cache Occupancy Per Bin: [44.6,61.1,67.8,79.7,89.1]
Total cost: 3640320.0
assigning lease 664 to address 1712
Average Cache Occupancy Per Bin: [46.3,61.1,67.8,79.7,89.1]
Total cost: 3781632.0
assigning lease 186 to address 1616
Average Cache Occupancy Per Bin: [46.5,61.6,68.5,80.4,90.7]
Total cost: 3800064.0
assigning lease 209 to address 1616
Average Cache Occupancy Per Bin: [46.8,62.2,69.3,81.4,92.8]
Total cost: 3823616.0
assigning lease 1109 to address 1600
Average Cache Occupancy Per Bin: [50.3,62.2,69.3,86.1,92.8]
Total cost: 4107520.0
assigning lease 1331 to address 1732
Average Cache Occupancy Per Bin: [59.7,62.2,69.3,87.9,92.8]
Total cost: 4877568.0
assigning lease 155 to address 1644
Average Cache Occupancy Per Bin: [60.7,62.5,70.0,88.8,93.5]
Total cost: 4954368.0
assigning lease 349 to address 1616
Average Cache Occupancy Per Bin: [62.4,66.4,75.3,94.2,105.]
Total cost: 5097728.0
assigning lease 429 to address 1716
Average Cache Occupancy Per Bin: [87.2,87.1,87.0,102.,108.]
Total cost: 7120128.0
assigning lease 5062 to address 1716
Average Cache Occupancy Per Bin: [215.,270.,235.,226.,157.]
Total cost: 17617408.0
assigning lease 573 to address 1644
Average Cache Occupancy Per Bin: [219.,272.,239.,232.,161.]
Total cost: 17918720.0
assigning lease 509 to address 1616
Average Cache Occupancy Per Bin: [221.,276.,245.,237.,173.]
Total cost: 18082560.0
assigning lease 5823 to address 1616
Average Cache Occupancy Per Bin: [246.,374.,388.,388.,446.]
Total cost: 20132352.0
assigning lease 5913 to address 1644
Average Cache Occupancy Per Bin: [249.,386.,433.,446.,496.]
Total cost: 20381952.0
assigning lease 4739 to address 1568
Average Cache Occupancy Per Bin: [249.,386.,447.,446.,496.]
Total cost: 20381952.0
Final saturation:
	0.0,20381952.0
	1.0,31557632.0
	2.0,36547328.0
	3.0,36449536.0
	4.0,40499200.0
DUMP LEASES
0, 6b4, 13c6, 0, 1 
0, 6a4, 43, 0, 1 
0, 66c, 1719, 0, 1 
0, 650, 16bf, 0, 1 
0, 6b0, 298, 0, 1 
0, 6c4, 533, 0, 1 
0, 640, 455, 0, 1 
0, 64c, 76, 0, 1 
0, 61c, 9e, 0, 1 
0, 620, 1283, 0, 1 
0, 660, 14, 0, 1 
Dump dual leases

