sample rate: 0.00390625
1788,
	[31,13]
	[180,1]
	[12,4]
	[439,1]
	[5,1]
	[7,3]
	[687,1]
	[8,3]
	[823,1]
	[69,7]
	[6,1]
	[9,5]
	[100,2]
	[11,3]
	[918,1]
	[13,4]
	[1171,1]
	[10,5]
	[1295,1]
	[15,6]
	[1367,1]
	[14,4]
	[19,6]
	[17,3]
	[21,5]
	[1357,1]
	[2,1]
	[16,3]
	[1652,1]
	[23,8]
	[18,1]
	[20,5]
	[1687,1]
	[1670,1]
	[1714,1]
	[1831,1]
	[22,3]
	[27,7]
	[1838,1]
	[1859,1]
	[25,10]
	[1887,1]
	[24,3]
	[1976,1]
	[1929,1]
	[29,4]
	[26,1]
	[252,1]
	[2157,1]
	[28,7]
	[30,3]
	[32,6]
	[33,5]
	[34,8]
	[2389,1]
	[2386,1]
	[35,5]
	[37,8]
	[36,6]
	[65,6]
	[325,1]
	[38,9]
	[41,8]
	[2710,1]
	[350,1]
	[40,7]
	[39,2]
	[42,8]
	[3120,1]
	[364,2]
	[43,8]
	[44,5]
	[76,2]
	[2961,1]
	[46,6]
	[3248,1]
	[45,6]
	[47,8]
	[49,2]
	[3377,1]
	[79,6]
	[3020,1]
	[48,9]
	[50,8]
	[3180,1]
	[51,5]
	[3179,1]
	[87,5]
	[3212,1]
	[397,1]
	[53,5]
	[3238,1]
	[52,8]
	[90,4]
	[413,1]
	[55,11]
	[56,5]
	[91,6]
	[54,10]
	[3345,1]
	[58,10]
	[57,6]
	[3444,1]
	[94,2]
	[3500,1]
	[491,1]
	[447,1]
	[61,9]
	[463,1]
	[59,5]
	[3517,1]
	[3472,1]
	[99,5]
	[60,10]
	[63,10]
	[62,8]
	[3659,1]
	[4146,1]
	[532,1]
	[64,11]
	[3736,1]
	[3672,1]
	[67,6]
	[113,1]
	[68,10]
	[3732,1]
	[66,3]
	[70,9]
	[71,8]
	[72,8]
	[3916,1]
	[121,1]
	[3956,1]
	[74,10]
	[4542,1]
	[3983,1]
	[73,8]
	[75,9]
	[4006,1]
	[77,7]
	[3996,1]
	[131,1]
	[4033,1]
	[4046,1]
	[78,2]
	[80,4]
	[81,6]
	[83,4]
	[5291,1]
	[4732,1]
	[82,5]
	[4174,1]
	[85,10]
	[4779,1]
	[4217,1]
	[142,1]
	[4172,1]
	[144,1]
	[88,7]
	[84,7]
	[146,2]
	[89,11]
	[4377,1]
	[4364,1]
	[4350,2]
	[4915,1]
	[4271,1]
	[92,6]
	[4940,1]
	[757,1]
	[86,5]
	[93,4]
	[95,4]
	[96,5]
	[98,6]
	[5018,1]
	[158,1]
	[97,1]
	[4226,1]
	[5650,1]
	[101,3]
	[103,7]
	[4234,1]
	[5038,1]
	[4233,1]
	[105,4]
	[4337,1]
	[108,2]
	[109,3]
	[112,2]
	[114,1]
	[116,1]
	[118,1]
	[4308,1]
	[582,1]

1892,
	[111,1]
	[1,2]
	[12,2]
	[22,2]
	[19,8]
	[23,8]
	[25,6]
	[18,7]
	[121,2]
	[30,10]
	[2714,1]
	[28,5]
	[49,8]
	[287,1]
	[3,2]
	[21,7]
	[32,12]
	[10,2]
	[11,5]
	[2845,1]
	[31,12]
	[36,8]
	[2900,1]
	[39,13]
	[13,2]
	[33,10]
	[3383,1]
	[3137,1]
	[34,5]
	[29,7]
	[3494,1]
	[3605,1]
	[3122,1]
	[38,10]
	[178,1]
	[3622,1]
	[275,1]
	[338,1]
	[48,8]
	[14,2]
	[40,8]
	[3747,1]
	[46,8]
	[52,6]
	[56,9]
	[4026,1]
	[355,1]
	[3877,1]
	[37,7]
	[41,7]
	[45,7]
	[58,10]
	[4148,1]
	[47,10]
	[44,5]
	[78,8]
	[194,1]
	[43,5]
	[50,6]
	[54,5]
	[4070,1]
	[35,2]
	[80,7]
	[51,15]
	[91,6]
	[20,4]
	[55,18]
	[79,8]
	[75,11]
	[3899,1]
	[53,8]
	[24,3]
	[61,2]
	[207,1]
	[4469,1]
	[4570,1]
	[4087,1]
	[62,7]
	[57,10]
	[67,12]
	[4821,1]
	[4078,1]
	[70,5]
	[4,1]
	[42,1]
	[64,2]
	[68,9]
	[116,1]
	[195,1]
	[4191,1]
	[108,2]
	[73,13]
	[296,1]
	[69,6]
	[557,1]
	[66,9]
	[464,1]
	[65,8]
	[119,1]
	[59,6]
	[71,9]
	[72,6]
	[76,6]
	[340,1]
	[4550,1]
	[4274,1]
	[117,1]
	[670,1]
	[4324,1]
	[74,6]
	[84,5]
	[6,1]
	[4840,1]
	[4462,1]
	[4865,1]
	[63,5]
	[4986,1]
	[135,2]
	[208,1]
	[105,4]
	[86,9]
	[8,1]
	[77,6]
	[83,8]
	[692,1]
	[26,2]
	[4745,1]
	[92,6]
	[5466,1]
	[4753,1]
	[81,7]
	[5021,1]
	[4529,1]
	[558,1]
	[88,4]
	[90,6]
	[16,3]
	[484,1]
	[293,1]
	[4455,1]
	[89,2]
	[60,3]
	[94,5]
	[5103,1]
	[149,3]
	[96,1]
	[82,3]
	[5707,1]
	[5062,1]
	[4791,1]
	[87,2]
	[98,3]
	[7,2]
	[5703,1]
	[132,1]
	[97,6]
	[104,6]
	[5234,1]
	[4969,1]
	[85,4]
	[5313,1]
	[93,3]
	[95,6]
	[102,2]
	[106,3]
	[5227,1]
	[4820,1]
	[5627,1]
	[219,1]
	[5741,1]
	[4597,1]
	[732,1]
	[103,4]
	[15,1]
	[5873,1]
	[4899,1]
	[4885,1]
	[645,1]
	[183,1]
	[5695,1]
	[335,1]
	[4771,1]
	[4590,1]
	[776,1]
	[4463,1]
	[101,6]
	[107,1]
	[114,3]
	[17,1]
	[266,1]
	[4620,1]
	[4504,1]
	[770,1]
	[168,1]
	[100,1]
	[113,1]
	[5009,1]
	[706,1]
	[150,3]
	[118,4]
	[5921,1]
	[5177,1]
	[4782,1]
	[4781,1]
	[2,1]
	[5831,1]
	[4765,1]
	[99,1]
	[115,1]
	[122,1]
	[2127,1]
	[2431,1]

1916,
	[156,1]
	[472,1]
	[1432,1]
	[1585,1]
	[3577,1]
	[22,1]
	[4118,1]
	[4299,1]
	[17,2]
	[63,1]
	[45,1]
	[23,1]
	[4736,1]
	[4728,1]
	[16,1]
	[4894,1]
	[54,1]
	[52,1]
	[46,1]
	[5305,1]
	[24,1]
	[1,2]
	[4,1]
	[5540,1]
	[5605,1]
	[5613,1]
	[14,1]
	[5701,1]
	[5741,1]
	[5900,1]
	[5915,1]
	[3,1]
	[5942,1]
	[75,1]
	[5955,1]

1784,
	[200,1]
	[2,1]
	[7,3]
	[9,1]
	[19,1]
	[11,3]
	[22,2]
	[27,1]
	[23,1]
	[29,2]
	[21,1]
	[35,2]
	[10,2]
	[37,1]
	[38,1]
	[40,1]
	[43,2]
	[44,2]
	[31,1]
	[15,1]
	[6,2]
	[52,1]
	[47,1]
	[42,1]
	[60,2]
	[5,1]
	[65,1]
	[66,1]
	[56,2]
	[71,1]
	[73,1]
	[74,1]
	[76,1]
	[4,1]
	[79,3]
	[75,1]
	[82,1]
	[83,1]
	[85,2]
	[81,1]
	[89,1]
	[94,1]
	[96,1]
	[90,1]
	[92,1]
	[98,1]
	[91,1]
	[356494,1]

1888,
	[3,2]
	[28,1]
	[8,3]
	[39,1]
	[23,1]
	[42,1]
	[33,1]
	[1399,1]
	[95,1]
	[44,1]
	[51,3]
	[69,2]
	[17,2]
	[35,1]
	[36,1]
	[5,1]
	[18,1]
	[6,1]
	[55,3]
	[47,1]
	[16,1]
	[48,1]
	[2,1]
	[74,1]
	[81,3]
	[10,2]
	[41,1]
	[421,1]
	[59,1]
	[50,1]
	[73,3]
	[90,1]
	[97,2]
	[102,1]
	[11,1]
	[70,1]
	[94,1]
	[104,1]
	[76,1]
	[92,2]
	[99,1]
	[7,1]
	[13,2]
	[32,1]
	[121,1]

1936,
	[2,1]
	[23,1]
	[40,1]

1808,
	[6,1]
	[5,1]
	[11,1]
	[9,1]
	[16,1]
	[1056,1]
	[33,1]
	[35,1]
	[40,1]
	[41,1]
	[51,1]
	[71,1]
	[85,1]

1844,
	[858,1]

1840,
	[533,1]
	[162,1]

1768,
	[38,1]

1876,
	[1098,1]
	[62,1]
	[445,1]
	[687,1]

2000,
	[2,2]

2016,
	[83,1]
	[2,1]

2128,
	[86,1]
	[2,1]

2180,
	[2,1]

len(carl_order):
53
Printing carl assignment order:
2000,2,0.5
2180,2,0.5
2016,2,0.25
2128,2,0.25
1936,2,0.16666666666666666
1916,1,0.05405405405405406
1936,40,0.03389830508474576
1808,11,0.03076923076923077
1768,38,0.02631578947368421
1808,85,0.0223463687150838
1784,11,0.021341463414634148
1784,98,0.019842910293509715
1916,4,0.019230769230769232
1888,13,0.019151846785225718
1888,121,0.018668831168831168
1788,105,0.01348974964135314
1892,106,0.012834293576403819
1892,108,0.012448132780082987
2016,83,0.012345679012345678
1788,109,0.012315270935960592
2128,86,0.011904761904761904
1916,24,0.0112
1892,118,0.010434782608695653
1892,122,0.00954653937947494
1788,114,0.008333333333333333
1788,118,0.005405405405405406
1916,54,0.005256241787122208
1916,63,0.005050505050505051
1784,200,0.004901960784313725
1876,62,0.004032258064516129
1916,75,0.003968253968253968
1788,121,0.003663003663003663
1892,150,0.0032085561497326204
1840,162,0.0030864197530864196
1840,533,0.0026954177897574125
1788,146,0.0022431583669807087
1888,421,0.0016666666666666668
1876,1098,0.0014677103718199608
1892,208,0.0013280212483399733
1844,858,0.0011655011655011655
1892,219,0.0010570824524312897
1808,1056,0.0010298661174047373
1888,1399,0.0010224948875255625
1788,158,0.000980392156862745
1892,355,0.0008071748878923767
1916,156,0.0006172839506172839
1788,180,0.0005411255411255411
1788,491,0.0004450378282153983
1788,5650,0.00036916640175559134
1892,776,0.0003604902667627974
1892,5921,0.00026787222906784585
1916,5955,0.00022593764121102577
1784,356494,2.806670895384149e-06
bin_width: 81961
assigning lease 2 to address 2000
Average Cache Occupancy Per Bin: [0.0,0.0,0.0,0.0,0.01]
Total cost: 0
assigning lease 2 to address 2180
Average Cache Occupancy Per Bin: [0.0,0.0,0.0,0.0,0.01]
Total cost: 0
assigning lease 2 to address 2016
Average Cache Occupancy Per Bin: [0.0,0.0,0.0,0.0,0.03]
Total cost: 0
assigning lease 2 to address 2128
Average Cache Occupancy Per Bin: [0.0,0.0,0.0,0.0,0.04]
Total cost: 0
assigning lease 2 to address 1936
Average Cache Occupancy Per Bin: [0.01,0.00,0.0,0.0,0.04]
Total cost: 1024.0
assigning lease 1 to address 1916
Average Cache Occupancy Per Bin: [0.02,0.03,0.02,0.01,0.07]
Total cost: 2048.0
assigning lease 40 to address 1936
Average Cache Occupancy Per Bin: [0.09,0.14,0.02,0.01,0.07]
Total cost: 7424.0
assigning lease 11 to address 1808
Average Cache Occupancy Per Bin: [0.29,0.28,0.06,0.05,0.07]
Total cost: 23808.0
assigning lease 38 to address 1768
Average Cache Occupancy Per Bin: [0.29,0.40,0.06,0.05,0.07]
Total cost: 23808.0
assigning lease 85 to address 1808
Average Cache Occupancy Per Bin: [0.60,0.79,0.24,0.28,0.07]
Total cost: 49664.0
assigning lease 11 to address 1784
Average Cache Occupancy Per Bin: [1.29,1.20,0.74,0.69,0.10]
Total cost: 106496.0
assigning lease 98 to address 1784
Average Cache Occupancy Per Bin: [2.43,2.21,3.07,3.51,0.38]
Total cost: 199168.0
assigning lease 4 to address 1916
Average Cache Occupancy Per Bin: [2.46,2.28,3.15,3.56,0.46]
Total cost: 202240.0
assigning lease 13 to address 1888
Average Cache Occupancy Per Bin: [2.51,2.59,3.72,4.03,1.33]
Total cost: 206336.0
assigning lease 121 to address 1888
Average Cache Occupancy Per Bin: [2.56,3.55,4.79,5.57,5.42]
Total cost: 210176.0
assigning lease 105 to address 1788
Average Cache Occupancy Per Bin: [29.5,38.8,36.8,34.6,16.9]
Total cost: 2420480.0
assigning lease 106 to address 1892
Average Cache Occupancy Per Bin: [34.5,55.6,59.7,73.5,78.7]
Total cost: 2832384.0
assigning lease 108 to address 1892
Average Cache Occupancy Per Bin: [34.6,55.6,59.8,73.6,79.1]
Total cost: 2836480.0
assigning lease 83 to address 2016
Average Cache Occupancy Per Bin: [34.6,55.6,59.8,73.6,79.3]
Total cost: 2836480.0
assigning lease 109 to address 1788
Average Cache Occupancy Per Bin: [34.9,55.9,60.0,73.8,79.5]
Total cost: 2867200.0
assigning lease 86 to address 2128
Average Cache Occupancy Per Bin: [34.9,55.9,60.0,73.8,79.8]
Total cost: 2867200.0
assigning lease 24 to address 1916
Average Cache Occupancy Per Bin: [35.2,56.4,60.6,74.0,80.3]
Total cost: 2887680.0
assigning lease 118 to address 1892
Average Cache Occupancy Per Bin: [35.4,56.9,61.2,74.7,81.9]
Total cost: 2906368.0
assigning lease 122 to address 1892
Average Cache Occupancy Per Bin: [35.5,57.0,61.4,75.0,82.4]
Total cost: 2913280.0
assigning lease 114 to address 1788
Average Cache Occupancy Per Bin: [36.0,57.4,61.6,75.2,82.6]
Total cost: 2951680.0
assigning lease 118 to address 1788
Average Cache Occupancy Per Bin: [36.3,57.7,61.8,75.4,82.7]
Total cost: 2982400.0
assigning lease 54 to address 1916
Average Cache Occupancy Per Bin: [36.7,58.1,62.4,75.7,83.4]
Total cost: 3013120.0
assigning lease 63 to address 1916
Average Cache Occupancy Per Bin: [36.8,58.2,62.6,75.8,83.6]
Total cost: 3022336.0
assigning lease 200 to address 1784
Average Cache Occupancy Per Bin: [37.1,58.2,62.6,75.8,83.9]
Total cost: 3048448.0
assigning lease 62 to address 1876
Average Cache Occupancy Per Bin: [37.1,58.4,62.6,76.2,84.1]
Total cost: 3048448.0
assigning lease 75 to address 1916
Average Cache Occupancy Per Bin: [37.3,58.5,62.7,76.3,84.4]
Total cost: 3060736.0
assigning lease 121 to address 1788
Average Cache Occupancy Per Bin: [37.6,58.7,62.9,76.5,84.4]
Total cost: 3083776.0
assigning lease 150 to address 1892
Average Cache Occupancy Per Bin: [38.1,60.0,64.3,78.3,88.1]
Total cost: 3126784.0
assigning lease 162 to address 1840
Average Cache Occupancy Per Bin: [38.6,60.5,64.3,78.3,88.1]
Total cost: 3168256.0
assigning lease 533 to address 1840
Average Cache Occupancy Per Bin: [39.8,60.5,64.3,78.3,88.1]
Total cost: 3263232.0
assigning lease 146 to address 1788
Average Cache Occupancy Per Bin: [42.1,62.3,65.4,79.6,88.6]
Total cost: 3455232.0
assigning lease 421 to address 1888
Average Cache Occupancy Per Bin: [42.1,63.2,65.4,80.5,88.6]
Total cost: 3455232.0
assigning lease 1098 to address 1876
Average Cache Occupancy Per Bin: [42.1,66.4,65.4,81.7,90.6]
Total cost: 3455232.0
assigning lease 208 to address 1892
Average Cache Occupancy Per Bin: [43.2,69.0,68.2,85.3,96.9]
Total cost: 3544320.0
assigning lease 858 to address 1844
Average Cache Occupancy Per Bin: [45.9,69.0,68.2,85.3,96.9]
Total cost: 3763968.0
assigning lease 219 to address 1892
Average Cache Occupancy Per Bin: [46.1,69.5,68.7,86.0,98.1]
Total cost: 3780864.0
assigning lease 1056 to address 1808
Average Cache Occupancy Per Bin: [49.1,69.5,68.7,86.0,98.1]
Total cost: 4029440.0
assigning lease 1399 to address 1888
Average Cache Occupancy Per Bin: [49.1,72.5,68.7,86.0,98.1]
Total cost: 4029440.0
assigning lease 158 to address 1788
Average Cache Occupancy Per Bin: [50.2,73.3,69.2,86.4,98.3]
Total cost: 4121600.0
assigning lease 355 to address 1892
Average Cache Occupancy Per Bin: [52.6,78.6,75.0,94.3,112.]
Total cost: 4313088.0
assigning lease 156 to address 1916
Average Cache Occupancy Per Bin: [53.6,79.3,76.0,95.1,113.]
Total cost: 4396032.0
assigning lease 180 to address 1788
Average Cache Occupancy Per Bin: [55.6,80.8,76.9,95.8,114.]
Total cost: 4564992.0
assigning lease 491 to address 1788
Average Cache Occupancy Per Bin: [81.2,101.,90.5,106.,120.]
Total cost: 6655744.0
assigning lease 5650 to address 1788
Average Cache Occupancy Per Bin: [175.,248.,254.,236.,194.]
Total cost: 14359040.0
assigning lease 776 to address 1892
Average Cache Occupancy Per Bin: [181.,261.,268.,258.,234.]
Total cost: 14897920.0
addr: 1892 ri: 5921
bin target: 41964032
	bin: 4.0 current capacity: 234.68254413684556  avg impact: 332.5710520857481
num_full_bins: 0
printing bin ranks sorted:
	bin: 4.0 rank: 0.8338592734512942
	selecting this^ bin
acceptable_ratio: 0.8338592734512942
Assigning 1892 dual lease lease 5921 * 0.8338592734512942. Bin saturation: [210.,339.,352.,422.,512.]
addr: 1916 ri: 5955
bin target: 41964032
	bin: 4.0 current capacity: 512.0  avg impact: 106.8777589341272
num_full_bins: 1
printing bin ranks sorted:
	bin: 4.0 rank: 0.0
acceptable_ratio: 0
addr: 1784 ri: 356494
bin target: 41964032
	bin: 4.0 current capacity: 512.0  avg impact: 1112.8617757225998
num_full_bins: 1
printing bin ranks sorted:
	bin: 4.0 rank: 0.0
acceptable_ratio: 0
Final saturation:
	0.0,17267201.043465193
	1.0,27833267.02400541
	2.0,28913756.998234343
	3.0,34595939.23017394
	4.0,41964032.0
DUMP LEASES
0, 6fc, 1612, 0, 1 
0, 764, 308, 1721, 0.16614072654870582 
0, 77c, 9c, 0, 1 
0, 6f8, c8, 0, 1 
0, 760, 577, 0, 1 
0, 790, 28, 0, 1 
0, 710, 420, 0, 1 
0, 734, 35a, 0, 1 
0, 730, 215, 0, 1 
0, 6e8, 26, 0, 1 
0, 754, 44a, 0, 1 
0, 7d0, 2, 0, 1 
0, 7e0, 53, 0, 1 
0, 850, 56, 0, 1 
0, 884, 2, 0, 1 
Dump dual leases

