sample rate: 0.00390625
1544,
	[2,14]
	[6,1]
	[44,2]
	[282,1]
	[41,2]
	[27,1]
	[21,1]
	[46,1]
	[64,1]
	[3,14]
	[15,4]
	[79,1]
	[59,1]
	[39,1]
	[5,2]
	[53,2]
	[12,1]
	[51,2]
	[110,1]
	[129,1]
	[60,1]
	[68,2]
	[100,1]
	[61,1]
	[62,1]
	[84,1]
	[74,1]
	[145,1]
	[38,1]
	[225,1]
	[105,1]
	[4,1]
	[19,1]
	[146,1]
	[16,1]
	[80,1]
	[236,1]
	[58,1]

1396,
	[4,2]
	[11,3]
	[14,1]
	[8,2]
	[10,1]
	[7,1]
	[28,2]
	[505,1]
	[1297,1]
	[1,1]
	[38,1]
	[2,1]
	[45,1]
	[61,1]
	[423,1]
	[36,1]
	[40,2]
	[34,1]
	[9,2]
	[122,1]
	[30,2]
	[15,1]
	[109,2]
	[99,1]
	[117,1]
	[18,1]
	[3,1]
	[72,1]
	[5,1]
	[177,1]
	[127,1]
	[13,1]
	[12,1]
	[86,1]
	[186,1]

1344,
	[6,2]
	[7,3]
	[4,2]
	[11,3]
	[8,2]
	[15,2]
	[9,4]
	[17,1]
	[14,3]
	[33,1]
	[334,1]
	[3992,1]
	[18,1]
	[13,1]
	[5,1]

1364,
	[11,2]
	[6,1]
	[14,2]
	[13,4]
	[5,2]
	[18,1]
	[12,1]
	[15,1]
	[50,2]
	[29,1]
	[3,2]
	[23,1]
	[10,1]
	[76,1]
	[7,1]
	[120,1]
	[60,1]
	[93,1]
	[47,1]
	[96,1]
	[483,1]
	[44,1]
	[83,1]
	[134,1]
	[43,1]
	[89,1]
	[158,1]
	[184,1]
	[123,1]
	[65,1]
	[105,1]
	[56,1]
	[102,1]

1456,
	[180,7]
	[110,9]
	[2,8]
	[84,6]
	[12,7]
	[246,2]
	[318,3]
	[13,11]
	[9,5]
	[14,7]
	[18,9]
	[156,11]
	[19,16]
	[492,1]
	[557,1]
	[11,11]
	[15,9]
	[481,1]
	[24,14]
	[382,1]
	[21,11]
	[732,1]
	[684,1]
	[16,6]
	[3,12]
	[77,8]
	[27,10]
	[591,2]
	[563,1]
	[529,1]
	[25,9]
	[270,1]
	[28,9]
	[20,6]
	[1034,1]
	[995,1]
	[29,14]
	[34,9]
	[1070,1]
	[35,13]
	[30,10]
	[23,5]
	[22,9]
	[395,1]
	[313,1]
	[37,12]
	[67,7]
	[42,5]
	[17,10]
	[1246,1]
	[162,3]
	[40,14]
	[1051,1]
	[283,1]
	[154,8]
	[932,1]
	[26,13]
	[1360,1]
	[1045,1]
	[425,1]
	[45,9]
	[284,1]
	[1,36]
	[1284,1]
	[31,10]
	[352,2]
	[328,1]
	[1374,1]
	[1225,1]
	[1115,1]
	[32,10]
	[1572,1]
	[474,1]
	[51,4]
	[1592,1]
	[36,13]
	[79,20]
	[1319,1]
	[1503,1]
	[272,1]
	[1728,1]
	[1517,1]
	[2034,1]
	[47,11]
	[59,7]
	[2101,1]
	[54,7]
	[63,7]
	[206,1]
	[1518,1]
	[41,1]
	[55,7]
	[336,3]
	[57,10]
	[8,3]
	[1551,1]
	[1548,1]
	[413,1]
	[33,11]
	[1951,1]
	[1482,1]
	[52,8]
	[486,1]
	[71,12]
	[142,10]
	[49,7]
	[50,5]
	[2067,1]
	[553,1]
	[1809,2]
	[39,8]
	[2257,1]
	[74,9]
	[38,9]
	[68,6]
	[222,1]
	[2243,1]
	[48,6]
	[2081,1]
	[451,1]
	[56,9]
	[60,9]
	[62,9]
	[99,9]
	[81,12]
	[247,1]
	[53,11]
	[665,1]
	[72,5]
	[69,8]
	[82,13]
	[2493,1]
	[273,1]
	[2983,1]
	[163,9]
	[2737,1]
	[165,14]
	[516,1]
	[46,3]
	[86,14]
	[10,4]
	[2324,1]
	[80,16]
	[2621,1]
	[2609,1]
	[43,5]
	[2227,1]
	[88,10]
	[89,18]
	[3351,1]
	[61,9]
	[2111,1]
	[302,1]
	[2767,1]
	[83,12]
	[3327,1]
	[2388,1]
	[75,6]
	[91,9]
	[3375,1]
	[356,1]
	[394,1]
	[76,9]
	[2807,1]
	[3493,1]
	[64,9]
	[66,4]
	[443,1]
	[822,1]
	[95,11]
	[2690,1]
	[337,1]
	[85,12]
	[93,10]
	[3828,1]
	[374,1]
	[2905,1]
	[3494,1]
	[90,15]
	[4060,1]
	[3300,1]
	[547,2]
	[65,15]
	[98,19]
	[100,9]
	[3900,2]
	[73,8]
	[3006,1]
	[96,21]
	[102,12]
	[4271,1]
	[4071,1]
	[4229,1]
	[4213,1]
	[3869,1]
	[3364,1]
	[105,16]
	[4181,1]
	[4140,1]
	[3650,1]
	[3410,1]
	[2955,1]
	[87,11]
	[201,2]
	[4064,1]
	[3725,1]
	[3439,1]
	[3906,1]
	[97,20]
	[108,12]
	[4302,1]
	[4240,1]
	[4626,1]
	[4635,1]
	[3993,1]
	[78,8]
	[101,15]
	[4247,1]
	[107,17]
	[4294,1]
	[3926,1]
	[58,7]
	[4460,1]
	[3681,1]
	[103,16]
	[112,16]
	[7,2]
	[3916,1]
	[3825,1]
	[135,15]
	[811,1]
	[3962,1]
	[104,7]
	[5107,1]
	[5100,1]
	[368,1]
	[4201,1]
	[113,10]
	[4795,1]
	[375,1]
	[129,9]
	[116,20]
	[221,1]
	[70,5]
	[613,1]
	[4059,1]
	[114,11]
	[117,19]
	[44,2]
	[111,9]
	[121,11]
	[5451,1]
	[4946,1]
	[710,1]
	[94,9]
	[115,15]
	[1099,1]
	[5125,1]
	[4847,1]
	[4761,1]
	[364,1]
	[986,1]
	[118,11]
	[4930,1]
	[4352,1]
	[92,9]
	[119,7]
	[123,14]
	[5346,1]
	[4828,1]
	[256,2]
	[144,21]
	[5366,1]
	[814,1]
	[4413,1]
	[4401,2]
	[5128,1]
	[706,1]
	[915,1]
	[4244,1]
	[5774,1]
	[166,17]
	[5630,1]
	[5166,1]
	[847,1]
	[4494,1]
	[4841,1]
	[182,3]
	[122,18]
	[130,10]
	[6317,1]
	[5787,1]
	[808,1]
	[6197,1]
	[5959,1]
	[4688,1]
	[6466,1]
	[229,1]
	[6131,1]
	[5818,1]
	[132,17]
	[106,12]
	[120,7]
	[127,15]
	[131,14]
	[6591,1]
	[5905,1]
	[5749,1]
	[5425,1]
	[6231,1]
	[126,15]
	[6221,1]
	[124,16]
	[6693,1]
	[137,14]
	[6309,1]
	[128,11]
	[140,11]
	[7009,1]
	[6551,1]
	[294,1]
	[6986,1]
	[6269,1]
	[454,1]
	[109,13]
	[5763,1]
	[133,5]
	[136,12]
	[139,17]
	[6740,1]
	[5963,1]
	[5610,1]
	[125,5]
	[7349,1]
	[188,6]
	[6007,1]
	[5908,1]
	[5479,1]
	[134,9]
	[6781,1]
	[1001,1]
	[5739,1]
	[1305,1]
	[145,9]
	[7678,1]
	[7795,1]
	[471,1]
	[6815,1]
	[6222,1]
	[138,12]
	[331,1]
	[6643,1]
	[6626,1]
	[5800,1]
	[143,16]
	[148,10]
	[7689,1]
	[6636,1]
	[141,17]
	[149,10]
	[7775,1]
	[383,1]
	[6458,1]
	[1158,1]
	[7862,1]
	[146,9]
	[151,12]
	[7218,1]
	[6572,1]
	[7901,1]
	[150,10]
	[7461,1]
	[7151,1]
	[998,1]
	[7057,1]
	[147,12]
	[153,12]
	[7857,1]
	[6876,1]
	[6604,1]
	[7312,1]
	[152,13]
	[155,10]
	[7625,1]
	[7277,1]
	[7395,1]
	[8573,1]
	[158,10]
	[8863,1]
	[6895,1]
	[8461,1]
	[157,8]
	[8174,1]
	[8652,1]
	[7599,1]
	[7239,1]
	[8946,1]
	[208,1]
	[1370,1]
	[8887,1]
	[8590,1]
	[7411,1]
	[8899,1]
	[160,11]
	[161,17]
	[372,1]
	[7837,1]
	[9248,2]
	[159,7]
	[8216,1]
	[596,1]
	[608,1]
	[9784,1]
	[9772,1]
	[592,1]
	[8760,1]
	[7899,1]
	[9652,1]
	[295,1]
	[9164,1]
	[693,1]
	[8800,1]
	[167,7]
	[9816,1]
	[300,1]
	[9549,1]
	[456,1]
	[332,1]
	[8315,1]
	[164,7]
	[170,9]
	[179,13]
	[567,1]
	[9179,1]
	[929,1]
	[8479,1]
	[172,9]
	[9598,1]
	[479,1]
	[8796,1]
	[8501,1]
	[169,7]
	[171,8]
	[173,7]
	[10216,1]
	[10005,1]
	[9910,1]
	[8930,1]
	[194,3]
	[8763,1]
	[174,3]
	[9283,1]
	[8691,1]
	[1362,1]
	[168,6]
	[175,9]
	[176,6]
	[177,6]
	[215,1]
	[10662,1]
	[10527,1]
	[9931,1]
	[766,1]
	[340,1]
	[10898,1]
	[11434,1]
	[10881,1]
	[10512,1]
	[1338,1]
	[9014,1]
	[10337,1]
	[10144,1]
	[434,1]
	[9904,1]
	[571,1]
	[9879,1]
	[189,9]
	[232,1]
	[178,4]
	[11857,1]
	[11578,1]
	[10584,1]
	[10939,1]
	[9118,1]
	[677,1]
	[181,5]
	[185,13]
	[11339,1]
	[11154,1]
	[741,1]
	[11461,1]
	[10067,1]
	[707,1]
	[184,10]
	[11768,1]
	[12257,1]
	[10095,1]
	[9992,1]
	[207,1]
	[9793,1]
	[12225,1]
	[12343,1]
	[309,1]
	[11524,1]
	[11072,1]
	[12299,1]
	[11953,1]
	[12458,1]
	[502,1]
	[11431,1]
	[10268,1]
	[187,8]
	[12247,1]
	[190,7]
	[10658,1]
	[10655,1]
	[183,2]
	[6,1]
	[12011,1]
	[11911,1]
	[11427,1]
	[11134,1]
	[13115,1]
	[13221,1]
	[310,1]
	[12182,1]
	[11287,1]
	[656,1]
	[841,1]
	[10786,1]
	[248,1]
	[195,1]
	[186,6]
	[12956,1]
	[191,5]
	[12942,1]
	[307,1]
	[401,1]
	[11181,1]
	[10911,1]
	[12816,1]
	[13183,1]
	[12809,1]
	[13644,1]
	[230,1]
	[233,2]
	[13000,1]
	[193,2]
	[12152,1]
	[530,1]
	[11693,1]
	[12881,1]
	[11536,1]
	[11531,1]
	[10958,1]
	[13681,1]
	[13108,1]
	[506,1]
	[7157,1]
	[220,1]
	[12111,1]
	[192,3]
	[12051,1]
	[11647,1]
	[13447,1]
	[197,2]
	[14089,1]
	[13458,1]
	[12311,1]
	[11607,1]
	[12861,1]

1404,
	[9,1]
	[5,1]
	[3,1]
	[4610,1]
	[5585,1]
	[7619,1]
	[6525,1]
	[4,1]
	[130,1]
	[2,1]

1452,
	[21,2]
	[16,2]
	[22,3]
	[15,6]
	[142,4]
	[35,1]
	[17,1]
	[33,2]
	[42,1]
	[51,2]
	[37,3]
	[6,4]
	[20,2]
	[18,1]
	[36,2]
	[187,2]
	[54,2]
	[52,3]
	[58,5]
	[32,2]
	[23,1]
	[111,2]
	[31,4]
	[19,2]
	[34,2]
	[83,1]
	[38,2]
	[50,4]
	[81,1]
	[39,2]
	[61,2]
	[85,1]
	[7,2]
	[4,2]
	[10,5]
	[53,1]
	[64,1]
	[78,2]
	[67,1]
	[9,3]
	[101,3]
	[514,1]
	[47,2]
	[11,4]
	[87,1]
	[3,3]
	[96,2]
	[8,1]
	[153,2]
	[72,2]
	[103,2]
	[56,1]
	[5,5]
	[40,4]
	[71,1]
	[90,1]
	[25,1]
	[45,2]
	[73,1]
	[97,2]
	[113,1]
	[46,1]
	[63,2]
	[250,1]
	[89,2]
	[43,1]
	[79,3]
	[41,1]
	[59,2]
	[129,1]
	[144,2]
	[2,2]
	[125,1]
	[95,1]
	[60,1]
	[80,1]
	[93,2]
	[99,1]
	[115,3]
	[131,2]
	[107,1]
	[109,4]
	[120,1]
	[134,3]
	[121,2]
	[159,2]
	[116,4]
	[119,1]
	[126,2]
	[155,1]
	[70,1]
	[127,1]
	[175,2]
	[48,1]
	[118,3]
	[29,1]
	[130,1]
	[140,2]
	[396,1]
	[76,1]
	[150,2]
	[136,3]
	[163,1]
	[158,3]
	[147,1]
	[156,1]
	[143,1]
	[77,1]
	[68,1]
	[105,1]
	[138,1]
	[154,1]
	[13,1]
	[122,1]
	[161,1]
	[181,1]
	[65,1]
	[12,1]
	[174,1]
	[148,2]
	[178,1]
	[151,2]
	[110,1]
	[179,1]
	[180,1]
	[27,2]
	[182,1]
	[132,1]
	[162,1]
	[195,1]

1340,
	[164,1]
	[40,1]
	[389,1]
	[41,1]
	[52,1]
	[424,1]
	[268,1]

1400,
	[6,1]
	[104,1]
	[16,1]
	[80,2]
	[28,1]
	[59,1]
	[38,1]
	[35,1]
	[263,1]
	[10,1]
	[34,1]
	[9,1]
	[15,1]
	[39,1]
	[21,2]
	[88,1]
	[140,1]
	[52,1]
	[113,1]
	[137,1]
	[124,1]
	[114,1]
	[164,1]
	[41,1]
	[117,1]
	[133,1]
	[26,1]
	[67,1]
	[32,1]
	[84,1]
	[160,1]
	[153,1]

1380,
	[4,1]
	[2,1]

len(carl_order):
49
Printing carl assignment order:
1380,4,0.3333333333333333
1544,3,0.13658536585365855
1404,5,0.09090909090909091
1344,18,0.08196721311475409
1404,9,0.041666666666666664
1396,15,0.03571428571428571
1544,5,0.033707865168539325
1364,15,0.032196969696969696
1544,6,0.023809523809523808
1344,33,0.022222222222222223
1396,40,0.018281535648994516
1544,84,0.016137165910237016
1456,1,0.01556420233463035
1544,146,0.014388489208633094
1364,18,0.013888888888888888
1364,184,0.01375
1396,45,0.013333333333333334
1400,164,0.013178913738019169
1452,195,0.01266097918817584
1400,263,0.010101010101010102
1396,127,0.009922822491730982
1544,282,0.009836065573770493
1340,52,0.008797653958944282
1456,192,0.007155000876744913
1396,186,0.006993006993006993
1456,194,0.006265664160401002
1452,250,0.006060606060606061
1452,514,0.004878048780487805
1340,424,0.003857280617164899
1364,483,0.0033444816053511705
1456,197,0.00253592561284869
1396,505,0.002285714285714286
1344,334,0.0016611295681063123
1404,130,0.001652892561983471
1456,201,0.0012755102040816326
1396,1297,0.0012626262626262627
1456,208,0.0011001100110011
1456,233,0.0009362321855820243
1456,340,0.0007655600071452268
1456,383,0.0006751282743721307
1456,401,0.0004941525284137704
1456,596,0.0004613573451271119
1456,613,0.00038483740619588223
1344,3992,0.0002733734281027884
1456,710,0.00027298164198457655
1456,847,0.00022437735284585277
1456,1070,0.00017408644183138937
1456,14089,0.00017035007557741577
1404,7619,0.0001679331626012847
bin_width: 143643
assigning lease 4 to address 1380
Average Cache Occupancy Per Bin: [0.00,0.0,0.00,0.0,0.0]
Total cost: 1024.0
assigning lease 3 to address 1544
Average Cache Occupancy Per Bin: [0.10,0.08,0.04,0.07,0.07]
Total cost: 14592.0
assigning lease 5 to address 1404
Average Cache Occupancy Per Bin: [0.12,0.10,0.07,0.08,0.07]
Total cost: 17920.0
assigning lease 18 to address 1344
Average Cache Occupancy Per Bin: [0.48,0.18,0.13,0.12,0.07]
Total cost: 69376.0
assigning lease 9 to address 1404
Average Cache Occupancy Per Bin: [0.49,0.19,0.14,0.13,0.07]
Total cost: 70400.0
assigning lease 15 to address 1396
Average Cache Occupancy Per Bin: [0.84,0.34,0.36,0.20,0.22]
Total cost: 121600.0
assigning lease 5 to address 1544
Average Cache Occupancy Per Bin: [0.87,0.38,0.39,0.23,0.24]
Total cost: 126208.0
assigning lease 15 to address 1364
Average Cache Occupancy Per Bin: [1.21,0.43,0.63,0.40,0.40]
Total cost: 174080.0
assigning lease 6 to address 1544
Average Cache Occupancy Per Bin: [1.22,0.45,0.65,0.41,0.41]
Total cost: 176384.0
assigning lease 33 to address 1344
Average Cache Occupancy Per Bin: [1.30,0.45,0.65,0.41,0.41]
Total cost: 187904.0
assigning lease 40 to address 1396
Average Cache Occupancy Per Bin: [1.63,0.59,0.90,0.50,0.57]
Total cost: 234496.0
assigning lease 84 to address 1544
Average Cache Occupancy Per Bin: [2.15,1.54,1.79,1.11,1.13]
Total cost: 309760.0
assigning lease 1 to address 1456
Average Cache Occupancy Per Bin: [2.89,2.37,2.63,1.96,1.99]
Total cost: 416512.0
assigning lease 146 to address 1544
Average Cache Occupancy Per Bin: [3.01,2.50,2.66,2.21,2.22]
Total cost: 432384.0
assigning lease 18 to address 1364
Average Cache Occupancy Per Bin: [3.03,2.50,2.71,2.24,2.24]
Total cost: 435456.0
assigning lease 184 to address 1364
Average Cache Occupancy Per Bin: [3.11,2.61,3.81,3.16,2.89]
Total cost: 447744.0
assigning lease 45 to address 1396
Average Cache Occupancy Per Bin: [3.16,2.62,3.84,3.18,2.91]
Total cost: 454144.0
assigning lease 164 to address 1400
Average Cache Occupancy Per Bin: [3.81,3.69,5.21,3.67,3.80]
Total cost: 547840.0
assigning lease 195 to address 1452
Average Cache Occupancy Per Bin: [7.64,8.89,12.6,12.2,11.5]
Total cost: 1097984.0
assigning lease 263 to address 1400
Average Cache Occupancy Per Bin: [7.64,9.07,12.6,12.2,11.5]
Total cost: 1097984.0
assigning lease 127 to address 1396
Average Cache Occupancy Per Bin: [8.11,9.21,13.0,12.4,11.9]
Total cost: 1165056.0
assigning lease 282 to address 1544
Average Cache Occupancy Per Bin: [8.35,9.21,13.0,12.5,12.1]
Total cost: 1199872.0
assigning lease 52 to address 1340
Average Cache Occupancy Per Bin: [8.68,9.39,13.0,12.5,12.2]
Total cost: 1247232.0
assigning lease 192 to address 1456
Average Cache Occupancy Per Bin: [70.1,95.4,108.,118.,130.]
Total cost: 10083072.0
assigning lease 186 to address 1396
Average Cache Occupancy Per Bin: [70.5,95.4,108.,118.,130.]
Total cost: 10128384.0
assigning lease 194 to address 1456
Average Cache Occupancy Per Bin: [70.8,95.7,109.,118.,130.]
Total cost: 10183168.0
assigning lease 250 to address 1452
Average Cache Occupancy Per Bin: [70.8,95.9,109.,118.,130.]
Total cost: 10183168.0
assigning lease 514 to address 1452
Average Cache Occupancy Per Bin: [70.8,96.3,109.,119.,130.]
Total cost: 10183168.0
assigning lease 424 to address 1340
Average Cache Occupancy Per Bin: [71.6,97.0,109.,119.,131.]
Total cost: 10298112.0
assigning lease 483 to address 1364
Average Cache Occupancy Per Bin: [71.6,97.0,109.,119.,131.]
Total cost: 10298112.0
assigning lease 197 to address 1456
Average Cache Occupancy Per Bin: [72.2,97.5,110.,119.,131.]
Total cost: 10380288.0
assigning lease 505 to address 1396
Average Cache Occupancy Per Bin: [73.8,97.5,110.,119.,131.]
Total cost: 10604288.0
assigning lease 334 to address 1344
Average Cache Occupancy Per Bin: [74.8,97.5,110.,119.,131.]
Total cost: 10758400.0
assigning lease 130 to address 1404
Average Cache Occupancy Per Bin: [74.8,97.9,110.,119.,131.]
Total cost: 10758400.0
assigning lease 201 to address 1456
Average Cache Occupancy Per Bin: [75.6,98.5,110.,120.,131.]
Total cost: 10867968.0
assigning lease 1297 to address 1396
Average Cache Occupancy Per Bin: [77.0,98.5,110.,120.,131.]
Total cost: 11070720.0
assigning lease 208 to address 1456
Average Cache Occupancy Per Bin: [78.3,99.6,111.,121.,132.]
Total cost: 11260160.0
assigning lease 233 to address 1456
Average Cache Occupancy Per Bin: [83.0,103.,114.,124.,135.]
Total cost: 11929344.0
assigning lease 340 to address 1456
Average Cache Occupancy Per Bin: [101.,119.,128.,135.,145.]
Total cost: 14616064.0
assigning lease 383 to address 1456
Average Cache Occupancy Per Bin: [108.,125.,133.,140.,149.]
Total cost: 15589376.0
assigning lease 401 to address 1456
Average Cache Occupancy Per Bin: [111.,128.,135.,142.,150.]
Total cost: 15982336.0
assigning lease 596 to address 1456
Average Cache Occupancy Per Bin: [137.,155.,157.,161.,167.]
Total cost: 19812352.0
assigning lease 613 to address 1456
Average Cache Occupancy Per Bin: [140.,157.,158.,163.,169.]
Total cost: 20112640.0
assigning lease 3992 to address 1344
Average Cache Occupancy Per Bin: [146.,157.,158.,163.,169.]
Total cost: 21049088.0
assigning lease 710 to address 1456
Average Cache Occupancy Per Bin: [158.,171.,169.,172.,176.]
Total cost: 22744320.0
assigning lease 847 to address 1456
Average Cache Occupancy Per Bin: [174.,189.,183.,184.,187.]
Total cost: 25058304.0
assigning lease 1070 to address 1456
Average Cache Occupancy Per Bin: [199.,216.,206.,203.,205.]
Total cost: 28694016.0
addr: 1456 ri: 14089
bin target: 73545216
	bin: 1.0 current capacity: 216.99307310485023  avg impact: 493.38852572001423
	bin: 2.0 current capacity: 206.12167665671143  avg impact: 621.8100151068969
	bin: 3.0 current capacity: 203.67828575008878  avg impact: 751.1243847594384
	bin: 4.0 current capacity: 205.45869969298886  avg impact: 862.0197573150101
num_full_bins: 0
printing bin ranks sorted:
	bin: 4.0 rank: 0.3556082070111891
	selecting this^ bin
	bin: 3.0 rank: 0.41048023537227735
	bin: 2.0 rank: 0.4919160449525797
	bin: 1.0 rank: 0.5979201207904842
acceptable_ratio: 0.3556082070111891
Assigning 1456 dual lease lease 14089 * 0.3556082070111891. Bin saturation: [256.,392.,427.,470.,512.]
assigning lease 7619 to address 1404
Average Cache Occupancy Per Bin: [256.,410.,451.,470.,512.]
Total cost: 36823959.277346365
Final saturation:
	0.0,36823959.277346365
	1.0,58915492.57052125
	2.0,64924687.11280919
	3.0,67624866.54129556
	4.0,73545216.0
DUMP LEASES
0, 608, 11a, 0, 1 
0, 574, 511, 0, 1 
0, 540, f98, 0, 1 
0, 554, 1e3, 0, 1 
0, 5b0, 42e, 3709, 0.6443917929888109 
0, 57c, 1dc3, 0, 1 
0, 5ac, 202, 0, 1 
0, 53c, 1a8, 0, 1 
0, 578, 107, 0, 1 
0, 564, 4, 0, 1 
Dump dual leases

