sample rate: 0.00390625
1632,
	[6,1]

1580,
	[2,522]
	[3,3]
	[10853,1]
	[11238,1]

1572,
	[6,3]
	[10,1]
	[12,1]
	[25,2]
	[31,1]
	[41,1]
	[44,1]
	[46,1]
	[45,1]
	[50,1]
	[49,1]
	[66,1]
	[70,1]
	[72,1]
	[74,1]
	[77,1]
	[84,1]
	[98,1]
	[111,1]
	[115,1]
	[118,1]
	[121,1]
	[126,1]
	[122,1]
	[128,2]
	[131,2]
	[133,1]
	[132,1]
	[137,1]
	[150,1]
	[5,15]
	[151,1]
	[141,1]
	[64,1]
	[15,1]
	[11732,1]
	[166,1]
	[179,1]

1636,
	[2,14]
	[19,1]
	[87,1]
	[3,1]
	[129,1]
	[131,1]

1608,
	[9,1]
	[10,1]
	[13,1]
	[12,1]
	[18,1]
	[16,2]
	[19,2]
	[20,2]
	[24,1]
	[1426,1]
	[22,1]
	[1521,1]
	[26,2]
	[27,2]
	[1715,1]
	[25,1]
	[30,1]
	[28,2]
	[31,6]
	[29,1]
	[33,2]
	[32,1]
	[34,2]
	[36,3]
	[35,1]
	[40,1]
	[2402,1]
	[37,6]
	[42,2]
	[2626,1]
	[43,3]
	[45,2]
	[46,4]
	[44,1]
	[2956,1]
	[48,4]
	[47,3]
	[49,5]
	[52,4]
	[50,3]
	[3201,1]
	[51,1]
	[3334,1]
	[55,4]
	[3428,1]
	[54,1]
	[3476,1]
	[53,6]
	[57,5]
	[56,4]
	[58,2]
	[60,4]
	[59,1]
	[62,4]
	[64,3]
	[65,7]
	[63,3]
	[61,3]
	[4146,1]
	[67,3]
	[66,2]
	[68,5]
	[69,4]
	[71,4]
	[4533,1]
	[70,5]
	[72,1]
	[73,6]
	[74,8]
	[4741,1]
	[78,5]
	[75,5]
	[80,7]
	[77,5]
	[76,3]
	[79,2]
	[82,6]
	[5183,1]
	[81,5]
	[83,7]
	[84,3]
	[86,3]
	[5490,1]
	[85,4]
	[5522,1]
	[87,7]
	[89,4]
	[88,5]
	[90,7]
	[92,2]
	[91,5]
	[5912,1]
	[5913,1]
	[94,6]
	[93,5]
	[95,3]
	[96,6]
	[97,5]
	[98,9]
	[6273,1]
	[6320,1]
	[100,7]
	[6385,1]
	[99,8]
	[101,16]
	[6483,1]
	[6529,1]
	[6517,1]
	[102,3]
	[104,8]
	[103,2]
	[6691,1]
	[6692,1]
	[108,5]
	[107,14]
	[105,3]
	[106,4]
	[6869,1]
	[6916,1]
	[109,3]
	[110,7]
	[111,5]
	[7148,1]
	[112,8]
	[113,2]
	[115,4]
	[114,8]
	[7342,1]
	[117,5]
	[7461,1]
	[116,11]
	[7508,1]
	[119,6]
	[118,5]
	[7616,1]
	[7650,1]
	[120,8]
	[7718,1]
	[121,12]
	[7765,1]
	[123,6]
	[122,12]
	[7865,1]
	[124,8]
	[125,2]
	[126,9]
	[8076,1]
	[127,6]
	[129,10]
	[8240,1]
	[128,4]
	[133,5]
	[132,11]
	[131,13]
	[8478,2]
	[130,2]
	[8596,1]
	[8646,1]
	[135,4]
	[134,13]
	[136,9]
	[137,8]
	[8807,1]
	[138,14]
	[141,15]
	[139,3]
	[140,16]
	[9067,1]
	[143,9]
	[145,6]
	[144,15]
	[142,7]
	[9162,1]
	[9259,1]
	[9308,1]
	[146,9]
	[9357,1]
	[9453,1]
	[147,12]
	[9521,1]
	[149,7]
	[148,5]
	[150,4]
	[182,38]
	[181,6]
	[179,20]
	[153,7]
	[151,3]
	[10349,2]
	[10350,1]
	[160,5]
	[158,2]
	[10537,1]
	[184,23]
	[185,3]
	[154,1]
	[172,22]
	[171,9]
	[169,26]
	[11305,1]
	[187,7]
	[177,14]
	[183,5]
	[191,7]
	[11984,1]
	[189,4]
	[174,5]
	[159,5]
	[157,3]
	[192,11]
	[194,2]
	[11648,1]
	[163,5]
	[161,3]
	[11713,1]
	[164,1]
	[196,2]
	[198,2]
	[11314,1]
	[167,26]
	[165,7]
	[168,2]
	[10919,1]
	[170,27]
	[10979,1]
	[11124,1]
	[175,19]
	[173,13]
	[11326,1]
	[11373,2]
	[11631,1]
	[180,16]
	[11683,1]
	[11681,1]
	[11728,1]

1576,
	[13,1]
	[25,1]
	[28,1]
	[79,1]
	[82,1]
	[92,1]
	[94,1]
	[104,1]
	[107,1]
	[125,1]
	[2065,1]
	[131,1]
	[133,1]
	[4638,1]
	[140,1]
	[144,1]
	[146,1]
	[149,1]
	[153,1]
	[5,8]
	[171,1]
	[185,1]
	[112,1]
	[194,2]
	[163,1]
	[167,1]
	[179,1]
	[180,1]
	[184,2]

1612,
	[17,1]
	[36,1]
	[101,2]
	[117,2]
	[135,1]
	[142,1]
	[146,1]
	[147,1]
	[149,1]
	[156,1]
	[171,1]
	[175,1]
	[173,1]

len(carl_order):
16
Printing carl assignment order:
1580,3,0.49575070821529743
1636,2,0.3684210526315789
1636,3,0.2
1632,6,0.16666666666666666
1572,6,0.05504587155963303
1576,5,0.042105263157894736
1636,19,0.015625
1572,179,0.011299435028248588
1636,131,0.010344827586206896
1612,175,0.007966011683483803
1576,194,0.007186858316221766
1608,198,0.007140279782391473
1576,4638,0.00031670625494853525
1608,11984,0.00013327570745601426
1580,11238,9.05592030790129e-05
1572,11732,8.655760408551892e-05
bin_width: 90642
assigning lease 3 to address 1580
Average Cache Occupancy Per Bin: [0.57,0.69,0.55,0.51,0.66]
Total cost: 51712.0
assigning lease 2 to address 1636
Average Cache Occupancy Per Bin: [0.61,0.70,0.56,0.53,0.68]
Total cost: 55296.0
assigning lease 3 to address 1636
Average Cache Occupancy Per Bin: [0.61,0.70,0.56,0.53,0.69]
Total cost: 55552.0
assigning lease 6 to address 1632
Average Cache Occupancy Per Bin: [0.62,0.70,0.56,0.53,0.69]
Total cost: 57088.0
assigning lease 6 to address 1572
Average Cache Occupancy Per Bin: [0.95,0.77,0.75,0.86,0.71]
Total cost: 86272.0
assigning lease 5 to address 1576
Average Cache Occupancy Per Bin: [1.02,0.82,0.85,1.10,0.78]
Total cost: 92672.0
assigning lease 19 to address 1636
Average Cache Occupancy Per Bin: [1.06,0.82,0.89,1.10,0.87]
Total cost: 96768.0
assigning lease 179 to address 1572
Average Cache Occupancy Per Bin: [2.87,1.91,4.68,3.43,1.36]
Total cost: 260864.0
assigning lease 131 to address 1636
Average Cache Occupancy Per Bin: [2.87,1.91,4.87,3.43,1.98]
Total cost: 260864.0
assigning lease 175 to address 1612
Average Cache Occupancy Per Bin: [3.02,3.14,5.65,5.60,2.97]
Total cost: 274432.0
assigning lease 194 to address 1576
Average Cache Occupancy Per Bin: [3.59,4.20,8.55,9.62,5.42]
Total cost: 326144.0
assigning lease 198 to address 1608
Average Cache Occupancy Per Bin: [42.3,71.1,99.5,105.,120.]
Total cost: 3841536.0
assigning lease 4638 to address 1576
Average Cache Occupancy Per Bin: [42.3,71.1,117.,105.,120.]
Total cost: 3841536.0
assigning lease 11984 to address 1608
Average Cache Occupancy Per Bin: [160.,394.,463.,485.,436.]
Total cost: 14572032.0
assigning lease 11238 to address 1580
Average Cache Occupancy Per Bin: [160.,394.,463.,485.,498.]
Total cost: 14572032.0
addr: 1572 ri: 11732
bin target: 46408704
	bin: 3.0 current capacity: 485.26802144701134  avg impact: 32.62911233203151
num_full_bins: 0
printing bin ranks sorted:
	bin: 3.0 rank: 0.8192677226694365
	selecting this^ bin
acceptable_ratio: 0.8192677226694365
Assigning 1572 dual lease lease 11732 * 0.8192677226694365. Bin saturation: [160.,394.,463.,512.,498.]
Final saturation:
	0.0,14572032.0
	1.0,35737600.0
	2.0,41983488.0
	3.0,46408704.0
	4.0,45189376.0
DUMP LEASES
0, 660, 6, 0, 1 
0, 62c, 2be6, 0, 1 
0, 624, b3, 2dd4, 0.18073227733056352 
0, 664, 83, 0, 1 
0, 648, 2ed0, 0, 1 
0, 628, 121e, 0, 1 
0, 64c, af, 0, 1 
Dump dual leases

