sample rate: 0.00390625
1540,
	[2,39]
	[4,664]
	[3,1]
	[5,57]
	[6,10]
	[651693,1]

1536,
	[5,1]
	[4,12]
	[19,1]
	[18,1]
	[26,2]
	[30,3]
	[34,3]
	[42,2]
	[46,2]
	[2066,1]
	[50,1]
	[56,1]
	[58,3]
	[60,1]
	[62,1]
	[66,1]
	[68,2]
	[3100,1]
	[72,1]
	[76,3]
	[3361,1]
	[78,1]
	[83,1]
	[82,1]
	[3698,1]
	[84,1]
	[86,3]
	[90,3]
	[92,2]
	[96,2]
	[94,4]
	[100,1]
	[98,2]
	[99,1]
	[103,1]
	[102,1]
	[4487,1]
	[104,2]
	[106,3]
	[108,2]
	[4814,1]
	[114,5]
	[112,2]
	[111,1]
	[110,3]
	[5037,1]
	[120,1]
	[118,1]
	[122,5]
	[5376,1]
	[126,9]
	[5560,1]
	[128,2]
	[130,5]
	[132,3]
	[134,9]
	[138,3]
	[136,1]
	[142,4]
	[139,1]
	[144,2]
	[143,1]
	[146,2]
	[153,2]
	[150,8]
	[149,1]
	[148,2]
	[152,8]
	[6690,1]
	[6728,1]
	[154,3]
	[158,5]
	[156,3]
	[164,4]
	[162,2]
	[160,1]
	[166,7]
	[170,8]
	[168,1]
	[172,2]
	[174,5]
	[173,1]
	[7805,1]
	[178,6]
	[7999,1]
	[182,5]
	[180,3]
	[184,2]
	[186,10]
	[188,4]
	[8332,1]
	[8369,1]
	[190,11]
	[8470,1]
	[8540,1]
	[196,3]
	[194,11]
	[192,2]
	[198,6]
	[8754,1]
	[8789,1]
	[200,4]
	[232,6]
	[203,2]
	[205,2]
	[9119,1]
	[207,1]
	[9274,1]
	[202,3]
	[234,10]
	[236,9]
	[237,1]
	[10061,1]
	[206,1]
	[9837,1]
	[240,8]
	[242,9]
	[226,7]
	[10233,1]
	[10785,1]
	[215,1]
	[217,2]
	[214,1]
	[216,3]
	[244,10]
	[218,4]
	[220,2]
	[10154,1]
	[246,2]
	[224,3]
	[222,8]
	[10607,1]
	[228,2]
	[225,1]
	[227,1]
	[10203,1]
	[235,1]
	[230,10]
	[229,1]
	[231,1]
	[10427,2]
	[238,8]
	[248,8]
	[10987,1]
	[11102,1]
	[250,3]
	[252,3]
	[11279,1]
	[253,1]
	[254,4]
	[258,10]
	[256,4]
	[264,10]
	[263,1]
	[260,6]
	[266,6]
	[262,3]
	[11891,1]
	[268,9]
	[270,6]
	[269,1]
	[274,7]
	[275,2]
	[272,6]
	[273,1]
	[276,10]
	[12244,1]
	[280,8]
	[278,8]
	[12446,1]
	[12438,1]
	[281,2]
	[12449,1]
	[284,10]
	[282,3]
	[286,6]
	[283,1]
	[285,1]
	[288,11]
	[12806,1]
	[292,6]
	[291,1]
	[290,6]
	[297,2]
	[13011,1]
	[293,1]
	[296,9]
	[294,9]
	[298,7]
	[300,12]
	[305,1]
	[301,1]
	[299,1]
	[302,9]
	[306,9]
	[308,7]
	[304,2]
	[13797,1]
	[312,8]
	[13835,1]
	[310,8]
	[13846,1]
	[311,2]
	[13871,1]
	[315,2]
	[314,1]
	[13971,1]
	[313,1]
	[13998,1]
	[14073,1]
	[316,8]
	[318,7]
	[320,2]
	[319,1]
	[322,12]
	[14395,1]
	[324,13]
	[329,2]
	[328,5]
	[327,1]
	[326,3]

1552,
	[2,13]
	[4,651]
	[5,57]
	[3,1]
	[6,11]
	[10,1]

1532,
	[14,2]
	[22,3]
	[26,1]
	[30,2]
	[33,1]
	[38,2]
	[42,5]
	[50,2]
	[59,1]
	[58,1]
	[2773,1]
	[62,2]
	[2803,1]
	[66,3]
	[68,5]
	[3026,1]
	[72,1]
	[70,4]
	[76,1]
	[3367,1]
	[4,14]
	[80,1]
	[3571,1]
	[78,1]
	[84,5]
	[88,1]
	[86,1]
	[90,2]
	[3924,1]
	[92,1]
	[96,3]
	[94,5]
	[100,2]
	[4401,1]
	[98,3]
	[102,2]
	[104,1]
	[110,5]
	[106,2]
	[107,1]
	[108,4]
	[114,7]
	[5011,1]
	[115,1]
	[5082,1]
	[118,4]
	[122,6]
	[126,2]
	[124,2]
	[5597,1]
	[130,4]
	[134,10]
	[5854,1]
	[132,1]
	[5893,1]
	[34,1]
	[139,1]
	[138,4]
	[137,1]
	[136,4]
	[142,7]
	[6347,1]
	[140,2]
	[146,3]
	[144,1]
	[151,1]
	[150,7]
	[148,2]
	[152,3]
	[161,1]
	[158,4]
	[159,1]
	[156,1]
	[166,9]
	[162,7]
	[160,1]
	[164,3]
	[168,3]
	[7454,1]
	[172,2]
	[170,10]
	[171,2]
	[169,1]
	[7613,1]
	[174,2]
	[112,1]
	[7808,1]
	[176,4]
	[178,7]
	[7955,1]
	[184,5]
	[182,7]
	[8097,1]
	[181,2]
	[180,1]
	[179,1]
	[8169,1]
	[186,7]
	[188,5]
	[8359,1]
	[190,12]
	[191,1]
	[8493,1]
	[8572,1]
	[194,6]
	[192,3]
	[8699,1]
	[200,8]
	[198,2]
	[196,1]
	[217,3]
	[232,7]
	[205,3]
	[207,1]
	[202,5]
	[204,4]
	[238,7]
	[236,6]
	[212,2]
	[206,5]
	[10076,1]
	[243,2]
	[242,7]
	[240,12]
	[215,1]
	[214,1]
	[216,3]
	[246,11]
	[10090,1]
	[244,10]
	[218,2]
	[220,3]
	[250,7]
	[10217,1]
	[222,6]
	[223,1]
	[224,2]
	[10636,1]
	[226,6]
	[228,7]
	[227,2]
	[230,7]
	[231,1]
	[10428,1]
	[234,7]
	[237,1]
	[239,2]
	[10822,1]
	[10894,1]
	[10923,1]
	[247,1]
	[248,6]
	[11042,1]
	[11088,1]
	[249,1]
	[252,4]
	[251,1]
	[127,1]
	[11279,1]
	[254,9]
	[253,1]
	[11403,1]
	[256,4]
	[11470,1]
	[11515,1]
	[258,2]
	[262,9]
	[266,6]
	[264,5]
	[268,10]
	[11909,1]
	[272,10]
	[274,5]
	[270,3]
	[278,4]
	[280,14]
	[281,2]
	[276,4]
	[12403,1]
	[12459,1]
	[284,9]
	[282,8]
	[286,9]
	[12707,1]
	[285,3]
	[288,6]
	[292,5]
	[12901,1]
	[293,3]
	[290,5]
	[296,13]
	[294,9]
	[299,1]
	[298,7]
	[13245,1]
	[13247,1]
	[297,1]
	[300,12]
	[185,2]
	[303,1]
	[13459,1]
	[302,11]
	[306,10]
	[308,5]
	[304,7]
	[310,10]
	[307,1]
	[312,7]
	[314,5]
	[13935,1]
	[315,1]
	[313,1]
	[14052,1]
	[316,4]
	[14055,1]
	[14119,1]
	[320,9]
	[318,7]
	[14303,1]
	[324,10]
	[14384,1]
	[322,6]
	[14424,1]
	[328,10]
	[327,1]
	[326,5]

1556,
	[100,1]
	[42,1]
	[66,3]
	[62,1]
	[156,1]
	[67,1]
	[56,1]
	[4,15]
	[34,1]
	[169,1]
	[104,1]
	[58,1]
	[15,1]
	[117,1]
	[54,1]
	[9854,1]
	[141,1]
	[157,1]

len(carl_order):
11
Printing carl assignment order:
1540,6,0.2496761658031088
1552,10,0.24515698062792252
1556,4,0.11029411764705882
1556,169,0.011090573012939002
1532,4,0.004452926208651399
1532,328,0.004163847394992973
1536,329,0.004116009611953082
1532,14424,0.000109405277121463
1536,14395,0.0001076839207715553
1556,9854,0.00010325245224574084
1540,651693,1.5344789753363195e-06
bin_width: 157661
assigning lease 6 to address 1540
Average Cache Occupancy Per Bin: [0.98,0.94,1.17,0.90,1.00]
Total cost: 154624.0
assigning lease 10 to address 1552
Average Cache Occupancy Per Bin: [2.02,1.82,2.10,1.90,2.00]
Total cost: 319232.0
assigning lease 4 to address 1556
Average Cache Occupancy Per Bin: [2.04,1.88,2.19,1.94,2.04]
Total cost: 322304.0
assigning lease 169 to address 1556
Average Cache Occupancy Per Bin: [2.36,2.40,2.50,2.40,3.04]
Total cost: 372480.0
assigning lease 4 to address 1532
Average Cache Occupancy Per Bin: [3.33,3.49,3.50,3.35,4.15]
Total cost: 525056.0
assigning lease 328 to address 1532
Average Cache Occupancy Per Bin: [30.8,51.6,60.8,67.0,88.2]
Total cost: 4858112.0
assigning lease 329 to address 1536
Average Cache Occupancy Per Bin: [54.9,99.9,112.,139.,164.]
Total cost: 8666112.0
assigning lease 14424 to address 1532
Average Cache Occupancy Per Bin: [141.,226.,297.,292.,385.]
Total cost: 22332672.0
addr: 1536 ri: 14395
bin target: 80722432
	bin: 4.0 current capacity: 385.31441510582835  avg impact: 177.2373890816372
num_full_bins: 0
printing bin ranks sorted:
	bin: 4.0 rank: 0.714779119409275
	selecting this^ bin
acceptable_ratio: 0.714779119409275
Assigning 1536 dual lease lease 14395 * 0.714779119409275. Bin saturation: [181.,348.,427.,391.,512.]
addr: 1556 ri: 9854
bin target: 80722432
	bin: 4.0 current capacity: 512.0  avg impact: 15.725892896784874
num_full_bins: 1
printing bin ranks sorted:
	bin: 4.0 rank: 0.0
acceptable_ratio: 0
addr: 1540 ri: 651693
bin target: 80722432
	bin: 4.0 current capacity: 512.0  avg impact: 1058.168297803515
num_full_bins: 1
printing bin ranks sorted:
	bin: 4.0 rank: 0.0
acceptable_ratio: 0
Final saturation:
	0.0,28652554.55389633
	1.0,54867143.47098595
	2.0,67426533.92953075
	3.0,61690715.93616359
	4.0,80722432.0
DUMP LEASES
0, 604, 6, 0, 1 
0, 600, 149, 383b, 0.28522088059072503 
0, 610, a, 0, 1 
0, 5fc, 3858, 0, 1 
0, 614, a9, 0, 1 
Dump dual leases

