sample rate: 0.00390625
1668,
	[231,2282]
	[228,182]
	[229,558]
	[230,1147]
	[234,3225]
	[235,2891]
	[233,3675]
	[232,2783]
	[236,2060]
	[238,732]
	[237,1176]
	[239,274]
	[1,421]
	[40860,3]
	[40849,7]
	[40837,5]
	[40838,11]
	[40856,7]
	[40799,7]
	[40850,13]
	[40807,8]
	[40830,5]
	[40816,4]
	[40833,3]
	[40773,4]
	[40787,5]
	[40776,4]
	[40779,8]
	[40795,5]
	[40768,5]
	[40771,3]
	[40812,9]
	[40832,8]
	[40826,6]
	[40822,7]
	[40793,3]
	[40763,4]
	[40753,3]
	[40764,3]
	[40770,2]
	[40780,5]
	[40810,5]
	[40819,5]
	[40827,6]
	[40794,3]
	[40831,5]
	[40823,4]
	[40767,4]
	[40786,8]
	[40778,3]
	[40788,4]
	[40817,3]
	[40769,3]
	[40766,3]
	[40785,3]
	[40798,4]
	[40805,3]
	[40804,5]
	[40839,5]
	[40848,7]
	[40809,9]
	[40813,5]
	[40758,1]
	[40760,2]
	[40765,7]
	[40790,4]
	[40802,4]
	[40803,5]
	[40818,8]
	[40815,6]
	[40842,7]
	[40836,5]
	[40811,5]
	[40797,1]
	[40808,4]
	[40774,5]
	[40820,7]
	[40841,4]
	[40847,6]
	[40792,5]
	[40796,3]
	[40800,4]
	[40845,10]
	[40821,3]
	[40784,6]
	[40806,4]
	[40781,1]
	[40789,1]
	[40814,2]
	[40824,2]
	[40772,4]
	[40777,3]
	[40775,5]
	[40747,2]
	[40801,2]
	[244,9]
	[246,17]
	[40965,1]
	[40926,2]
	[40914,1]
	[40916,1]
	[40939,3]
	[286,33]
	[284,129]
	[283,287]
	[281,631]
	[282,455]
	[280,762]
	[248,17]
	[247,15]
	[250,15]
	[251,19]
	[249,20]
	[41540,1]
	[41562,1]
	[41586,1]
	[41556,1]
	[41544,1]
	[41585,2]
	[41588,1]
	[41579,1]
	[278,689]
	[279,746]
	[41119,2]
	[276,197]
	[254,30]
	[255,12]
	[258,36]
	[256,15]
	[259,7]
	[42456,2]
	[42431,2]
	[42430,1]
	[42437,2]
	[42448,1]
	[42416,1]
	[42429,1]
	[42029,1]
	[41938,1]
	[277,298]
	[41913,1]
	[275,124]
	[42632,1]
	[261,11]
	[265,15]
	[263,27]
	[43345,1]
	[42658,1]
	[42693,1]
	[285,108]
	[42709,1]
	[42872,1]
	[264,23]
	[267,18]
	[268,21]
	[266,8]
	[44228,1]
	[44273,1]
	[44272,1]
	[44275,3]
	[44274,2]
	[44304,2]
	[44298,2]
	[44290,1]
	[43710,1]
	[43537,1]
	[43578,1]
	[43655,1]
	[43746,1]
	[270,23]
	[269,15]
	[44609,1]
	[273,26]
	[274,18]
	[45188,1]
	[45169,2]
	[45045,1]
	[44466,1]
	[44521,1]
	[44538,1]
	[45585,1]
	[45980,1]
	[46182,1]
	[46192,1]
	[45464,1]
	[45452,1]
	[45447,1]
	[45500,1]
	[45491,1]
	[45580,1]
	[240,86]
	[47031,2]
	[47026,1]
	[46701,1]
	[46655,1]
	[46340,1]
	[46275,1]
	[46313,1]
	[46362,1]
	[243,12]
	[47983,1]
	[47893,1]
	[47892,1]
	[47290,1]
	[47323,1]
	[47260,1]
	[47282,1]
	[47286,1]
	[47329,1]
	[47609,1]
	[47738,2]
	[48051,3]
	[245,17]
	[253,17]
	[48173,1]
	[48197,1]
	[48193,1]
	[48221,1]
	[48206,1]
	[48196,1]
	[48184,1]
	[48205,1]
	[48165,1]
	[48260,1]
	[252,12]
	[48829,1]
	[48494,1]
	[260,5]
	[48510,1]
	[48528,1]
	[48774,1]
	[48374,1]
	[48098,1]
	[47647,1]
	[47628,1]
	[47624,1]
	[47622,1]
	[47626,1]
	[47770,1]
	[48023,2]
	[48215,1]
	[48005,1]
	[47731,1]
	[47138,1]
	[242,13]
	[46746,1]
	[46781,1]
	[46842,1]
	[46811,1]
	[46771,1]
	[46814,1]
	[46776,1]
	[46818,1]
	[47011,1]
	[47490,1]
	[45895,1]
	[45893,1]
	[45897,1]
	[271,14]
	[46018,1]
	[45962,1]
	[45960,1]
	[45974,1]
	[45972,1]
	[45932,1]
	[46671,1]
	[46638,1]
	[46627,1]
	[46625,1]
	[46094,1]
	[45030,1]
	[45042,1]
	[45023,1]
	[45027,1]
	[45039,1]
	[45055,2]
	[45059,1]
	[45097,1]
	[45100,1]
	[45284,1]
	[45766,2]
	[45760,1]
	[45741,1]
	[45773,1]
	[45767,1]
	[45761,1]
	[45462,1]
	[45096,1]
	[44921,1]
	[272,18]
	[44105,1]
	[44129,1]
	[44302,1]
	[44840,1]
	[44817,1]
	[44809,1]
	[44819,1]
	[44495,1]
	[44345,1]
	[43206,2]
	[43197,1]
	[43190,1]
	[43853,2]
	[43855,2]
	[43868,2]
	[43869,2]
	[43870,2]
	[43837,1]
	[43702,1]
	[42544,1]
	[43000,1]
	[42954,1]
	[42969,1]
	[42976,2]
	[42989,1]
	[42988,1]
	[42732,1]
	[42678,1]
	[257,10]
	[41391,1]
	[241,37]
	[42059,1]
	[42054,1]
	[42042,1]
	[42045,1]
	[42057,1]
	[42050,1]
	[42052,1]
	[42079,1]
	[42086,1]
	[41196,3]
	[41195,2]
	[41191,1]
	[41201,1]
	[41172,1]
	[41182,1]
	[41137,1]
	[41156,3]
	[41162,2]
	[40931,1]
	[40922,3]
	[40911,4]
	[40905,2]
	[40941,2]
	[40904,2]
	[40907,3]
	[40909,2]
	[40908,1]
	[40894,4]
	[40946,3]
	[40961,2]
	[40966,5]
	[40985,4]
	[40979,3]
	[40980,3]
	[40993,4]
	[40967,3]
	[40975,2]
	[40992,2]
	[40958,3]
	[40945,3]
	[40921,1]
	[40934,2]
	[40936,1]
	[40906,5]
	[40925,3]
	[40943,7]
	[40940,1]
	[40942,3]
	[40970,3]
	[40972,1]
	[40982,3]
	[40984,2]
	[40938,2]
	[40928,3]
	[40951,2]
	[40912,1]
	[40950,2]
	[40962,1]
	[40935,2]
	[40981,3]
	[40947,1]
	[40932,2]
	[40937,1]
	[40900,4]
	[40903,3]
	[40917,2]
	[40892,5]
	[40891,3]
	[40890,2]
	[40919,2]
	[40883,1]
	[40910,2]
	[40915,2]
	[40920,1]
	[40846,4]
	[40868,6]
	[40744,2]
	[40676,3]
	[40688,1]
	[40677,3]
	[40644,2]
	[40628,1]
	[40658,1]
	[40655,1]
	[40667,3]
	[40668,3]
	[40675,1]
	[40684,4]
	[40700,4]
	[40695,3]
	[40703,2]
	[40699,2]
	[40701,4]
	[40707,1]
	[40650,1]
	[40625,1]
	[40637,1]
	[40622,1]
	[40634,1]
	[40631,1]
	[40693,3]
	[40694,2]
	[40669,1]
	[40696,3]
	[40691,2]
	[40697,4]
	[40690,1]
	[40657,1]
	[40717,1]
	[40711,1]
	[40674,1]
	[40673,1]
	[40680,2]
	[40681,1]
	[40671,1]
	[40704,3]
	[40702,2]
	[40646,1]
	[40652,1]
	[40654,1]
	[40643,1]
	[40645,1]
	[40639,1]
	[40641,1]
	[40731,2]
	[40751,6]
	[40722,1]
	[40713,1]
	[40730,1]
	[40692,2]
	[40678,1]
	[40659,1]
	[40647,1]
	[40706,1]
	[40712,2]
	[40742,2]
	[40888,6]
	[40994,3]
	[41011,1]
	[41014,2]
	[41013,1]
	[41003,1]
	[41004,1]
	[41008,4]
	[40964,2]
	[40996,2]
	[40956,3]
	[40952,4]
	[40957,2]
	[40995,3]
	[40983,1]
	[41006,1]
	[41032,2]
	[41018,2]
	[41016,1]
	[41021,1]
	[40989,2]
	[41024,1]
	[41025,1]
	[41015,2]
	[41028,1]
	[40973,3]
	[40987,2]
	[40986,2]
	[40977,4]
	[40988,2]
	[40954,3]
	[40968,2]
	[41001,1]
	[40999,2]
	[41017,1]
	[41020,1]
	[40974,1]
	[40990,1]
	[40971,5]
	[40969,1]
	[40949,1]
	[40976,1]
	[40998,3]
	[41010,2]
	[41022,1]
	[41046,1]
	[41029,1]
	[41037,1]
	[40991,1]
	[41426,1]
	[41567,1]
	[41549,2]
	[41518,2]
	[41522,2]
	[41498,1]
	[41523,1]
	[41511,1]
	[41525,1]
	[41376,1]
	[41045,1]
	[42465,1]
	[42432,1]
	[42479,1]
	[42467,2]
	[42436,1]
	[42443,1]
	[42178,1]
	[42476,1]
	[42738,1]
	[42842,1]
	[43404,2]
	[43402,2]
	[43401,1]
	[43406,1]
	[43412,1]
	[43383,1]
	[43365,1]
	[43363,1]
	[43374,1]
	[42864,1]
	[42826,1]
	[43020,1]
	[43116,2]
	[44280,1]
	[44340,1]
	[44331,1]
	[44305,1]
	[44322,1]
	[43594,3]
	[43615,1]
	[43596,1]
	[43625,1]
	[44164,1]
	[44710,1]
	[45251,2]
	[45258,1]
	[45264,1]
	[45253,1]
	[44607,1]
	[44660,1]
	[45994,1]
	[45926,1]
	[45826,1]
	[45771,1]
	[45722,1]
	[45222,1]
	[45226,1]
	[45266,1]
	[45282,1]
	[45243,1]
	[45237,2]
	[45287,1]
	[45240,1]
	[45248,1]
	[45288,1]
	[45632,1]
	[46717,1]
	[46479,1]
	[46287,1]
	[46248,1]
	[46256,1]
	[46286,1]
	[46259,1]
	[46249,1]
	[46848,1]
	[47121,1]
	[47372,1]
	[47398,1]
	[47527,1]
	[262,10]
	[47838,1]
	[47640,1]
	[47064,1]
	[47072,2]
	[47110,2]
	[47114,1]
	[47109,1]
	[47058,1]
	[47162,1]
	[47700,1]
	[48444,1]
	[48091,1]
	[48043,1]
	[48004,1]
	[48021,3]
	[48024,1]
	[48067,2]
	[48035,2]
	[48799,1]
	[48596,1]
	[48616,1]
	[48701,1]
	[48633,1]
	[48801,1]
	[47853,1]
	[47861,1]
	[47880,1]
	[47832,1]
	[47830,1]
	[47831,1]
	[47868,1]
	[47939,1]
	[47875,1]
	[48186,1]
	[48566,1]
	[47878,1]
	[47088,1]
	[47036,1]
	[46932,1]
	[46902,1]
	[46904,1]
	[46940,1]
	[46857,2]
	[46850,1]
	[46906,1]
	[46964,1]
	[46941,1]
	[46918,1]
	[46946,1]
	[47573,1]
	[47231,1]
	[46081,1]
	[45975,1]
	[45966,1]
	[46015,1]
	[46051,1]
	[46687,2]
	[46713,1]
	[46710,1]
	[45776,1]
	[45205,2]
	[45058,1]
	[45742,1]
	[45744,1]
	[44935,1]
	[44417,1]
	[44131,1]
	[44108,1]
	[44097,1]
	[44329,1]
	[44838,1]
	[44841,1]
	[44844,1]
	[44828,1]
	[44782,1]
	[44616,1]
	[43528,1]
	[43272,1]
	[43307,1]
	[43316,1]
	[43312,1]
	[43317,2]
	[43490,1]
	[44014,2]
	[43997,1]
	[43993,1]
	[44007,1]
	[43990,1]
	[43991,1]
	[43306,1]
	[43211,1]
	[42353,1]
	[42782,1]
	[43009,1]
	[43036,1]
	[43039,2]
	[43048,1]
	[42999,1]
	[42150,1]
	[42141,1]
	[42107,1]
	[42131,1]
	[42132,1]
	[41203,3]
	[41194,2]
	[41198,1]
	[41204,1]
	[41206,1]
	[41199,1]
	[40859,2]
	[40828,4]
	[40858,4]
	[40861,6]
	[40853,11]
	[40862,2]
	[40871,7]
	[40881,5]
	[40864,4]
	[40884,2]
	[40882,3]
	[40913,1]
	[40863,5]
	[40840,4]
	[40825,3]
	[40835,3]
	[40898,1]
	[40852,4]
	[40843,6]
	[40854,4]
	[40870,5]
	[40886,4]
	[40857,4]
	[40887,1]
	[40874,4]
	[40885,2]
	[40855,2]
	[40867,3]
	[40872,1]
	[40877,1]
	[40875,2]
	[40851,3]
	[40829,4]
	[40897,1]
	[40879,3]
	[40889,1]
	[40866,3]
	[40865,1]
	[40876,1]
	[40880,4]
	[40873,2]
	[40869,2]
	[40893,2]
	[40902,1]
	[40901,2]
	[40834,2]
	[40844,2]
	[40896,1]
	[41124,1]
	[41152,1]
	[41218,1]
	[41187,1]
	[41166,1]
	[41168,1]
	[41219,1]
	[41200,2]
	[41132,1]
	[41314,1]
	[41983,1]
	[42173,1]
	[42171,1]
	[42184,2]
	[42170,1]
	[42181,2]
	[42172,1]
	[42168,1]
	[42167,1]
	[42162,1]
	[41933,1]
	[41660,1]
	[41469,2]
	[41576,1]
	[41706,1]
	[42674,1]
	[42857,1]
	[42898,1]
	[43019,1]
	[43033,1]
	[43063,1]
	[43065,1]
	[43011,1]
	[42507,1]
	[42318,1]
	[42339,1]
	[42586,1]
	[43026,1]
	[43852,1]
	[43946,1]
	[43987,1]
	[43960,1]
	[43286,1]
	[43303,1]
	[43309,1]
	[43304,2]
	[44897,1]
	[44908,1]
	[44909,1]
	[44884,1]
	[44922,1]
	[44888,1]
	[44658,1]
	[44571,1]
	[44243,3]
	[44237,1]
	[44246,1]
	[44247,1]
	[44263,1]
	[45680,1]
	[45883,1]
	[45886,1]
	[45357,1]
	[45164,1]
	[45176,1]
	[45208,1]
	[45561,1]
	[46708,1]
	[46729,1]
	[46364,1]
	[46065,1]
	[46010,1]
	[46069,1]
	[47280,1]
	[47378,1]
	[47661,1]
	[47675,1]
	[287,6]
	[47037,1]
	[47042,1]
	[47063,1]
	[288,1]
	[47127,1]
	[47152,1]
	[47542,1]
	[47720,1]
	[48301,1]
	[48671,1]
	[48632,1]
	[48111,1]
	[48028,1]
	[48026,1]
	[48019,1]
	[48056,1]
	[47979,1]
	[48181,1]
	[49012,1]
	[49000,1]
	[48704,1]
	[48766,1]
	[48758,1]
	[48749,1]
	[48783,1]
	[48781,1]
	[48796,1]
	[48746,1]
	[48771,1]
	[48756,1]
	[48779,1]
	[48835,1]
	[48793,1]
	[48967,1]
	[48780,1]
	[48261,1]
	[48281,2]
	[48267,1]
	[48295,1]
	[48300,1]
	[48258,1]
	[48252,1]
	[48669,1]
	[47316,1]
	[47340,1]
	[47350,1]
	[47377,1]
	[47356,1]
	[47395,1]
	[47319,1]
	[47849,1]
	[47988,1]
	[47394,1]
	[46395,1]
	[46403,1]
	[46401,1]
	[46369,1]
	[46353,1]
	[46411,1]
	[46383,1]
	[47040,1]
	[47051,1]
	[47049,1]
	[46209,1]
	[46114,1]
	[45511,1]
	[45407,1]
	[45420,1]
	[45814,1]
	[46136,1]
	[46131,1]
	[46126,1]
	[46176,1]
	[46174,1]
	[46166,1]
	[46102,1]
	[44541,1]
	[44585,1]
	[44617,1]
	[44805,1]
	[45223,1]
	[45215,1]
	[43577,1]
	[43585,1]
	[43581,1]
	[43607,1]
	[44283,1]
	[44276,1]
	[44277,1]
	[44262,1]
	[44282,1]
	[44312,1]
	[43570,1]
	[43467,1]
	[43433,1]
	[43415,1]
	[43437,1]
	[43438,1]
	[43008,1]
	[42676,1]
	[42575,1]
	[42299,1]
	[42298,1]
	[42455,1]
	[42426,1]
	[42442,1]
	[42482,1]
	[42433,1]
	[42194,1]
	[42196,1]
	[41934,1]
	[41833,1]
	[41730,1]
	[41513,1]
	[41558,1]
	[41564,1]
	[41527,1]
	[40997,2]
	[40955,2]
	[40978,1]
	[41007,2]
	[41005,1]
	[41000,1]
	[40927,1]
	[40727,1]
	[40719,1]
	[40708,1]
	[40736,2]
	[40735,1]
	[40739,2]
	[40743,1]
	[40738,2]
	[40762,2]
	[40754,1]
	[40756,5]
	[40757,3]
	[40749,2]
	[40745,1]
	[40791,2]
	[40783,2]
	[40746,1]
	[40740,1]
	[40748,1]
	[40732,1]
	[40724,1]
	[40725,1]
	[40729,1]
	[41081,1]
	[41101,3]
	[41077,1]
	[41068,3]
	[41097,1]
	[41100,5]
	[41122,2]
	[41126,1]
	[41130,8]
	[41118,2]
	[41113,2]
	[41104,3]
	[41121,4]
	[41106,1]
	[41108,4]
	[41089,3]
	[41084,3]
	[41075,2]
	[41087,2]
	[41105,4]
	[41095,3]
	[41099,2]
	[41098,1]
	[41114,3]
	[41120,3]
	[41139,1]
	[41102,1]
	[41115,1]
	[41127,1]
	[41103,7]
	[41083,1]
	[41140,3]
	[41142,2]
	[41148,1]
	[41117,3]
	[41151,1]
	[41138,1]
	[41143,1]
	[41125,1]
	[41094,1]
	[41079,5]
	[41116,5]
	[41071,2]
	[41078,1]
	[41109,3]
	[41080,1]
	[41135,4]
	[41165,1]
	[41158,1]
	[41163,1]
	[41129,1]
	[41074,1]
	[41093,4]
	[41062,1]
	[41076,1]
	[41111,1]
	[41065,1]
	[41059,1]
	[41072,1]
	[41064,1]
	[41088,1]
	[41123,2]
	[41131,2]
	[41147,1]
	[41153,1]
	[41133,1]
	[41144,1]
	[41110,1]
	[41069,1]
	[41092,1]
	[41112,1]
	[41159,1]
	[41157,1]
	[41161,1]
	[41146,1]
	[41086,1]
	[41082,1]
	[41107,1]
	[41090,1]
	[41357,1]
	[41350,1]
	[41295,1]
	[41282,1]
	[41228,1]
	[41217,1]
	[41233,1]
	[41921,1]
	[41922,2]
	[41926,1]
	[41931,1]
	[41466,1]
	[42871,2]
	[42886,1]
	[42873,1]
	[42881,1]
	[42890,1]
	[42911,1]
	[42915,1]
	[42925,1]
	[42927,1]
	[42314,1]
	[42288,1]
	[42285,1]
	[42404,1]
	[42705,1]
	[43878,1]
	[43879,1]
	[43876,1]
	[43094,1]
	[43161,1]
	[43199,1]
	[43914,1]
	[44773,1]
	[44762,1]
	[44775,1]
	[44070,1]
	[44090,1]
	[44034,1]
	[44005,1]
	[44595,1]
	[45618,1]
	[45586,1]
	[45588,1]
	[45603,1]
	[45199,1]
	[8332086,1]
	[8321931,1]
	[8383054,1]
	[8496952,1]
	[8576390,1]
	[8615707,1]
	[8602933,1]
	[8618398,1]
	[8664654,1]
	[16906904,1]

1664,
	[231,143]
	[233,218]
	[232,189]
	[229,45]
	[7,28]
	[234,194]
	[223,32]
	[236,112]
	[224,23]
	[13,28]
	[235,155]
	[5,25]
	[227,20]
	[3,37]
	[8,28]
	[230,82]
	[10,24]
	[15,28]
	[215,5]
	[2,432]
	[4,386]
	[228,33]
	[217,11]
	[14,18]
	[225,18]
	[222,35]
	[12,22]
	[220,21]
	[219,19]
	[9,26]
	[239,9]
	[237,55]
	[16,27]
	[238,27]
	[226,20]
	[221,26]
	[283,19]
	[281,32]
	[276,10]
	[275,16]
	[279,54]
	[271,6]
	[6,22]
	[270,12]
	[280,39]
	[285,8]
	[269,7]
	[278,37]
	[264,1]
	[266,8]
	[277,19]
	[267,7]
	[282,22]
	[284,8]
	[253,2]
	[273,5]
	[216,6]
	[274,2]
	[268,5]
	[256,2]
	[218,7]
	[11,17]
	[213,1]
	[240,5]
	[18,4]
	[272,2]
	[247,2]
	[249,2]
	[258,1]
	[246,1]
	[262,3]
	[241,1]
	[214,1]
	[17,2]
	[252,1]
	[265,2]
	[261,2]
	[263,1]
	[286,1]
	[254,1]
	[248,1]
	[287,1]
	[260,1]
	[8548202,1]

1688,
	[105,31]
	[96,19]
	[95,22]
	[106,38]
	[30,69]
	[123,7]
	[29,29]
	[76,27]
	[107,12]
	[94,15]
	[93,13]
	[31,35]
	[78,6]
	[97,3]
	[77,19]
	[104,14]
	[2,394]
	[66,1]
	[72,1]
	[101,1]
	[125,4]
	[39,2]
	[16,2]
	[74,1]
	[44,2]
	[60,1]
	[102,1]
	[84,1]
	[32,1]
	[63,1]
	[56,1]
	[53,1]
	[86,1]
	[33,1]
	[40,2]
	[81,1]
	[19,18]
	[75,6]
	[43,2]
	[87,1]
	[47,1]
	[79,2]
	[124,5]
	[108,1]
	[122,3]
	[20,8]
	[18,2]
	[17,1]
	[48,1]
	[12,2]
	[50,1]
	[113,1]
	[13,1]
	[8,1]
	[51,2]
	[91,1]
	[11,2]
	[24,1]
	[82,1]
	[68,1]
	[22,1]
	[7,1]
	[62,1]
	[4,1]
	[6,1]
	[49,1]
	[99,1]
	[98,1]
	[92,1]

1660,
	[100,1]
	[29,1]
	[75,1]
	[107,1]
	[18,1]
	[31,1]
	[6,1]
	[20,1]
	[25,1]

1796,
	[215,809]
	[214,1940]
	[212,2385]
	[210,3976]
	[209,4716]
	[208,1274]
	[1,439]
	[211,2983]
	[213,2901]
	[207,47]
	[255,443]
	[257,912]
	[256,1122]
	[259,541]
	[44424,1]
	[260,541]
	[219,14]
	[258,848]
	[44834,1]
	[44857,1]
	[44868,2]
	[217,69]
	[216,366]
	[263,61]
	[45659,1]
	[253,176]
	[254,216]
	[46312,1]
	[46324,1]
	[46332,1]
	[46317,1]
	[46318,1]
	[225,13]
	[221,27]
	[46357,1]
	[220,14]
	[222,32]
	[46450,1]
	[261,270]
	[47035,1]
	[46991,1]
	[47689,1]
	[47718,1]
	[229,15]
	[228,39]
	[226,16]
	[47756,1]
	[47873,1]
	[47915,1]
	[262,108]
	[49055,2]
	[49053,1]
	[49074,1]
	[232,25]
	[234,39]
	[49796,1]
	[49791,1]
	[252,47]
	[49736,1]
	[49775,4]
	[49809,1]
	[50492,1]
	[238,30]
	[240,23]
	[51209,1]
	[51152,1]
	[51185,1]
	[51194,1]
	[51215,1]
	[51207,1]
	[51190,1]
	[51320,1]
	[51686,1]
	[223,5]
	[244,43]
	[247,11]
	[52209,1]
	[52481,1]
	[52408,1]
	[52463,1]
	[52466,1]
	[52427,1]
	[52473,2]
	[52479,1]
	[52475,1]
	[51668,1]
	[51398,1]
	[51397,1]
	[51371,1]
	[51353,1]
	[251,44]
	[51297,1]
	[51279,1]
	[51292,1]
	[51273,1]
	[50120,1]
	[49780,3]
	[49789,1]
	[49772,1]
	[49764,1]
	[49766,1]
	[250,18]
	[49747,1]
	[49724,1]
	[249,26]
	[248,10]
	[49070,1]
	[49054,1]
	[48877,1]
	[48709,1]
	[48374,1]
	[48461,1]
	[48489,1]
	[245,23]
	[48365,1]
	[48282,1]
	[47848,1]
	[47881,1]
	[47900,2]
	[47910,1]
	[47608,1]
	[47209,3]
	[239,27]
	[241,25]
	[46635,1]
	[46528,1]
	[46513,1]
	[46530,1]
	[46533,1]
	[46534,2]
	[45830,1]
	[233,25]
	[45224,1]
	[45138,1]
	[45155,1]
	[45146,1]
	[45160,1]
	[45126,1]
	[45130,1]
	[44941,1]
	[227,33]
	[44243,1]
	[43712,2]
	[43692,2]
	[43704,3]
	[43701,1]
	[43579,1]
	[43421,1]
	[43355,2]
	[43166,2]
	[43176,1]
	[43172,2]
	[43174,1]
	[43188,1]
	[43199,2]
	[43184,1]
	[43180,1]
	[43149,3]
	[43150,4]
	[43165,2]
	[43163,1]
	[43154,3]
	[43168,4]
	[43175,1]
	[43153,1]
	[43156,2]
	[43109,1]
	[43123,1]
	[43088,3]
	[43081,1]
	[43047,1]
	[43039,2]
	[43038,5]
	[43041,2]
	[43028,7]
	[206,7]
	[42970,2]
	[42966,2]
	[42927,1]
	[42869,3]
	[42867,2]
	[42865,3]
	[42787,2]
	[42781,1]
	[42790,2]
	[42808,2]
	[42818,5]
	[42822,2]
	[42831,4]
	[42825,1]
	[42824,2]
	[42819,4]
	[42815,1]
	[42834,1]
	[42828,2]
	[42821,2]
	[42848,1]
	[42838,3]
	[42840,1]
	[42858,3]
	[42899,1]
	[42955,2]
	[42959,2]
	[42960,1]
	[42946,1]
	[42941,2]
	[43008,9]
	[43014,9]
	[43029,6]
	[43006,2]
	[43007,4]
	[43035,2]
	[43015,10]
	[43016,9]
	[43030,10]
	[43040,6]
	[43025,8]
	[43026,4]
	[43001,3]
	[42999,2]
	[43003,2]
	[43011,4]
	[43010,2]
	[43023,4]
	[43019,7]
	[43012,9]
	[43031,5]
	[43024,6]
	[43021,9]
	[43004,3]
	[43000,1]
	[43033,8]
	[43050,1]
	[43034,5]
	[43017,6]
	[42973,2]
	[42913,2]
	[42859,2]
	[42826,3]
	[42811,3]
	[42817,1]
	[42827,2]
	[42810,2]
	[42812,2]
	[42845,3]
	[42881,2]
	[42932,3]
	[42937,3]
	[42952,1]
	[42978,1]
	[42982,1]
	[43036,3]
	[43032,3]
	[43059,1]
	[43053,1]
	[43013,3]
	[42993,2]
	[42989,1]
	[43020,4]
	[43057,3]
	[43062,3]
	[43037,4]
	[43042,4]
	[43049,2]
	[43054,2]
	[43022,5]
	[42957,1]
	[42950,3]
	[42919,2]
	[42916,1]
	[42921,2]
	[42912,1]
	[42904,1]
	[42896,1]
	[42803,1]
	[42814,2]
	[42801,5]
	[42846,1]
	[42857,2]
	[42923,1]
	[42915,2]
	[42902,1]
	[42908,1]
	[42933,1]
	[42961,2]
	[43103,1]
	[43194,1]
	[43191,1]
	[43218,4]
	[43202,1]
	[43185,1]
	[43189,2]
	[43206,2]
	[43214,3]
	[43208,1]
	[43237,1]
	[43290,2]
	[43336,2]
	[43926,1]
	[44452,1]
	[44632,1]
	[44630,1]
	[44633,1]
	[44594,1]
	[44606,2]
	[44796,1]
	[45283,1]
	[224,19]
	[45284,1]
	[45472,1]
	[46019,1]
	[46016,1]
	[235,14]
	[237,24]
	[46446,1]
	[46678,1]
	[46760,1]
	[47429,1]
	[47413,1]
	[47427,1]
	[47417,1]
	[47419,1]
	[47517,2]
	[47834,1]
	[48076,1]
	[48112,1]
	[48121,1]
	[218,42]
	[48134,1]
	[48091,1]
	[48736,1]
	[48746,1]
	[246,30]
	[49462,1]
	[49467,1]
	[49484,2]
	[49478,1]
	[49498,1]
	[49517,1]
	[50212,1]
	[50208,1]
	[50213,1]
	[50744,1]
	[50855,1]
	[50820,1]
	[50806,1]
	[50796,1]
	[50781,1]
	[50725,1]
	[50752,1]
	[50753,1]
	[50737,1]
	[50729,1]
	[50728,1]
	[51437,1]
	[51934,1]
	[52136,1]
	[52147,1]
	[52089,1]
	[52129,1]
	[51944,1]
	[51611,1]
	[51307,1]
	[51337,1]
	[51335,1]
	[51357,1]
	[51374,1]
	[50883,1]
	[50788,1]
	[50773,2]
	[50583,1]
	[50250,1]
	[50022,1]
	[50065,2]
	[50076,1]
	[50070,1]
	[49876,1]
	[242,4]
	[49613,1]
	[49389,1]
	[49357,1]
	[49348,1]
	[49350,1]
	[49352,1]
	[48841,1]
	[48631,1]
	[48618,1]
	[48611,1]
	[48647,1]
	[48622,1]
	[231,19]
	[48251,1]
	[47921,1]
	[47920,1]
	[47924,2]
	[47929,1]
	[47942,1]
	[47928,1]
	[47395,1]
	[47257,1]
	[47260,1]
	[47297,1]
	[47115,2]
	[46699,1]
	[46593,1]
	[46599,2]
	[46605,1]
	[46602,1]
	[46629,1]
	[46631,1]
	[45966,1]
	[45969,1]
	[45939,2]
	[45928,1]
	[45929,1]
	[45365,1]
	[45213,1]
	[45240,1]
	[45209,1]
	[44280,1]
	[43986,1]
	[43964,1]
	[43920,1]
	[43837,3]
	[43829,3]
	[43830,4]
	[43838,5]
	[43833,2]
	[43821,5]
	[43834,6]
	[43826,7]
	[43129,1]
	[43027,4]
	[42996,2]
	[42956,1]
	[42841,4]
	[42842,1]
	[42875,1]
	[42893,1]
	[42873,2]
	[42872,3]
	[42878,1]
	[42879,1]
	[42939,1]
	[42940,1]
	[42924,1]
	[42962,1]
	[43098,1]
	[43075,1]
	[43079,2]
	[43100,2]
	[43106,1]
	[43080,1]
	[43086,2]
	[43087,1]
	[43094,3]
	[43093,1]
	[43099,1]
	[43072,1]
	[43055,2]
	[43068,1]
	[43063,1]
	[43073,2]
	[43078,1]
	[43113,1]
	[43122,2]
	[43119,1]
	[43132,2]
	[43137,2]
	[43186,2]
	[43207,1]
	[43242,1]
	[43245,2]
	[43291,1]
	[43277,1]
	[43280,3]
	[43302,2]
	[43305,1]
	[43316,11]
	[43322,9]
	[43311,5]
	[43337,7]
	[43346,3]
	[43320,3]
	[43363,2]
	[43343,3]
	[43338,2]
	[43341,2]
	[43354,3]
	[43356,2]
	[43181,1]
	[43182,1]
	[43183,1]
	[43097,1]
	[43102,1]
	[43155,1]
	[43136,3]
	[43125,3]
	[43124,1]
	[43151,4]
	[43146,1]
	[43144,1]
	[43148,2]
	[43252,1]
	[43248,1]
	[43257,1]
	[43284,1]
	[43285,1]
	[43289,2]
	[43313,4]
	[43307,2]
	[43329,2]
	[43324,2]
	[43347,6]
	[43345,5]
	[43314,6]
	[43317,4]
	[43312,3]
	[43323,3]
	[43319,4]
	[43339,3]
	[43315,2]
	[43362,3]
	[43348,4]
	[43342,4]
	[43334,2]
	[43333,3]
	[43340,6]
	[43367,1]
	[43328,2]
	[43350,2]
	[43330,2]
	[43327,3]
	[43326,2]
	[43308,1]
	[43303,2]
	[43271,1]
	[43233,1]
	[43201,1]
	[43197,1]
	[43211,2]
	[43141,3]
	[43131,1]
	[43135,1]
	[43118,1]
	[43139,1]
	[43193,1]
	[43226,1]
	[43215,1]
	[43258,1]
	[43264,1]
	[43306,1]
	[43310,2]
	[43432,1]
	[43431,1]
	[43438,1]
	[43441,1]
	[43478,1]
	[43502,1]
	[43536,1]
	[43721,2]
	[43722,3]
	[43718,2]
	[43707,1]
	[43672,3]
	[43690,1]
	[43655,2]
	[43660,2]
	[43653,2]
	[43677,1]
	[43824,3]
	[43825,1]
	[43816,3]
	[43842,9]
	[43857,5]
	[43862,4]
	[43832,4]
	[43846,8]
	[236,5]
	[44321,1]
	[44683,1]
	[44858,1]
	[44863,2]
	[45003,1]
	[44998,1]
	[45000,1]
	[45005,1]
	[45007,2]
	[45020,2]
	[44989,1]
	[45014,1]
	[44983,1]
	[44980,1]
	[45083,1]
	[45678,2]
	[45692,1]
	[46425,1]
	[46415,1]
	[46416,1]
	[46410,1]
	[46419,1]
	[46432,1]
	[46785,1]
	[46916,1]
	[47103,1]
	[47128,1]
	[47782,1]
	[47754,1]
	[48242,1]
	[48240,1]
	[48399,1]
	[48387,1]
	[48356,1]
	[48708,1]
	[49050,1]
	[49038,1]
	[49624,1]
	[49640,2]
	[49751,1]
	[49745,1]
	[265,2]
	[49788,1]
	[49716,1]
	[50058,1]
	[50379,1]
	[50397,1]
	[50469,1]
	[50819,1]
	[51144,1]
	[51191,2]
	[51159,1]
	[51203,1]
	[51212,1]
	[52020,1]
	[52589,1]
	[52597,1]
	[52609,1]
	[52632,1]
	[52633,1]
	[264,4]
	[52622,1]
	[52586,1]
	[52576,1]
	[52621,1]
	[243,6]
	[52452,1]
	[52328,1]
	[52215,1]
	[52216,1]
	[52223,1]
	[52177,1]
	[52231,2]
	[52222,1]
	[52179,1]
	[52218,1]
	[52205,1]
	[52171,1]
	[52193,1]
	[52232,1]
	[52183,1]
	[52092,1]
	[52001,1]
	[51971,1]
	[51839,1]
	[51511,1]
	[50849,1]
	[50824,1]
	[50897,1]
	[50859,1]
	[50829,1]
	[50862,1]
	[50863,1]
	[50890,1]
	[50176,1]
	[49465,1]
	[49443,1]
	[49423,1]
	[49379,1]
	[48790,1]
	[48733,1]
	[48062,1]
	[48059,1]
	[47491,1]
	[47457,2]
	[47375,1]
	[47344,1]
	[47354,1]
	[47337,1]
	[47347,1]
	[47343,1]
	[45952,1]
	[45831,1]
	[45813,1]
	[45128,1]
	[44948,1]
	[44717,1]
	[44438,1]
	[44439,1]
	[44505,1]
	[44501,1]
	[44500,1]
	[44522,1]
	[44532,2]
	[44563,1]
	[44573,1]
	[44568,2]
	[44085,1]
	[43925,1]
	[43644,2]
	[43650,4]
	[43695,3]
	[43697,2]
	[43734,1]
	[43736,2]
	[43746,1]
	[43748,1]
	[43785,1]
	[43784,1]
	[43797,1]
	[43793,1]
	[43794,2]
	[43806,1]
	[43859,3]
	[43852,8]
	[43849,4]
	[43822,5]
	[43823,5]
	[43831,4]
	[43827,3]
	[43809,2]
	[43853,3]
	[43851,5]
	[43871,2]
	[43879,1]
	[43854,4]
	[43839,1]
	[43847,1]
	[43815,1]
	[43843,3]
	[43819,3]
	[43844,6]
	[43835,4]
	[43869,3]
	[43783,1]
	[43757,1]
	[43754,1]
	[43756,1]
	[43761,1]
	[43709,1]
	[43681,1]
	[43679,2]
	[43696,2]
	[43637,2]
	[43659,2]
	[43639,1]
	[43658,2]
	[43654,2]
	[43687,1]
	[43662,1]
	[43646,3]
	[43682,1]
	[43699,1]
	[43698,1]
	[43739,1]
	[43747,1]
	[43774,1]
	[43811,1]
	[43812,1]
	[43820,1]
	[43865,2]
	[43872,2]
	[43850,2]
	[43874,1]
	[43771,1]
	[43767,1]
	[43715,2]
	[43708,2]
	[43713,3]
	[43664,2]
	[43611,1]
	[43638,1]
	[43643,1]
	[43671,1]
	[43648,3]
	[43649,3]
	[43656,1]
	[43737,2]
	[43751,1]
	[43800,1]
	[43799,1]
	[43840,3]
	[43848,2]
	[43845,1]
	[43841,2]
	[43828,1]
	[43855,1]
	[43817,1]
	[43813,1]
	[45539,1]
	[43892,1]
	[43885,2]
	[43870,1]
	[43876,1]
	[43864,1]
	[43866,2]
	[43888,1]
	[43863,1]
	[44109,1]
	[45035,1]
	[44981,1]
	[44972,1]
	[44929,1]
	[44940,1]
	[44906,1]
	[44892,1]
	[45534,2]
	[45588,1]
	[46187,1]
	[46199,1]
	[46197,1]
	[230,4]
	[46862,1]
	[47091,1]
	[47658,1]
	[47895,1]
	[48353,1]
	[48424,1]
	[48437,1]
	[49027,1]
	[49180,1]
	[49188,1]
	[49184,1]
	[49882,1]
	[49872,1]
	[49846,1]
	[49815,1]
	[49847,1]
	[49859,1]
	[49885,1]
	[49886,1]
	[49897,1]
	[50544,1]
	[50532,1]
	[51161,1]
	[51205,1]
	[51183,1]
	[51160,1]
	[51162,1]
	[51154,1]
	[51431,1]
	[52440,1]
	[52497,1]
	[52517,1]
	[52525,1]
	[52511,1]
	[52496,1]
	[52489,1]
	[52354,1]
	[52401,1]
	[52387,1]
	[52382,1]
	[51886,1]
	[51134,1]
	[50946,1]
	[50987,1]
	[50998,1]
	[51015,1]
	[51003,1]
	[50981,1]
	[50988,2]
	[50268,1]
	[49594,3]
	[49593,3]
	[49592,1]
	[49536,1]
	[48887,1]
	[48814,1]
	[48048,1]
	[47968,1]
	[47330,1]
	[47333,1]
	[47332,2]
	[47335,1]
	[47359,1]
	[47314,1]
	[47313,1]
	[46997,1]
	[46634,1]
	[46679,1]
	[46515,1]
	[46037,1]
	[46079,1]
	[46084,1]
	[45426,1]
	[44754,2]
	[44739,1]
	[44759,1]
	[44780,1]
	[44769,1]
	[44757,1]
	[44622,1]
	[44261,1]
	[43935,1]
	[43732,1]
	[43688,2]
	[43731,1]
	[43728,1]
	[43710,1]
	[43691,1]
	[43678,2]
	[43665,1]
	[43642,1]
	[43706,1]
	[43720,1]
	[43694,1]
	[43700,1]
	[43680,1]
	[43667,1]
	[43594,1]
	[43586,1]
	[43605,1]
	[43603,1]
	[43589,1]
	[43578,1]
	[43546,1]
	[43555,1]
	[43540,1]
	[43503,1]
	[43496,1]
	[43495,2]
	[43492,1]
	[43482,2]
	[43522,1]
	[43481,1]
	[43486,1]
	[43485,1]
	[43476,1]
	[43489,1]
	[43479,1]
	[43427,1]
	[43426,1]
	[43425,1]
	[43413,2]
	[43387,1]
	[43360,1]
	[43331,3]
	[43325,4]
	[43309,5]
	[43300,1]
	[43301,1]
	[43366,1]
	[43351,1]
	[43288,1]
	[43293,2]
	[43292,1]
	[43332,2]
	[43318,2]
	[43358,3]
	[43273,1]
	[43270,1]
	[43262,1]
	[43228,1]
	[43167,1]
	[43178,1]
	[43112,1]
	[43160,2]
	[43157,3]
	[43152,1]
	[43162,1]
	[43177,1]
	[43140,1]
	[43164,1]
	[43224,1]
	[43234,1]
	[43276,1]
	[43304,1]
	[43335,2]
	[43359,2]
	[43370,1]
	[43321,2]
	[43369,1]
	[43171,1]
	[43130,1]
	[43105,2]
	[43085,1]
	[42929,1]
	[42882,2]
	[42886,1]
	[42894,2]
	[42891,2]
	[42892,3]
	[42889,1]
	[42871,1]
	[42883,1]
	[43895,1]
	[43883,1]
	[43906,1]
	[43908,1]
	[43974,1]
	[43975,1]
	[43996,1]
	[43991,1]
	[44075,1]
	[44773,1]
	[45377,1]
	[45528,1]
	[45533,1]
	[45535,1]
	[45524,1]
	[45527,2]
	[45532,1]
	[45626,1]
	[45805,1]
	[46213,1]
	[46247,1]
	[46208,1]
	[46190,1]
	[46330,1]
	[46842,1]
	[46847,1]
	[46858,1]
	[46857,1]
	[46853,1]
	[46837,1]
	[46829,1]
	[47584,1]
	[47582,1]
	[47568,1]
	[47567,1]
	[47519,1]
	[48213,2]
	[48224,1]
	[48474,1]
	[48929,2]
	[48927,1]
	[48933,1]
	[48935,1]
	[48922,1]
	[48886,2]
	[48912,1]
	[50098,1]
	[50178,1]
	[50352,1]
	[50335,1]
	[50325,1]
	[50331,1]
	[50343,1]
	[50344,1]
	[50345,1]
	[50389,1]
	[51088,1]
	[51083,1]
	[51065,1]
	[51443,1]
	[51762,1]
	[51735,1]
	[51722,1]
	[51760,1]
	[51766,1]
	[51773,1]
	[51749,1]
	[51866,1]
	[52021,1]
	[52010,1]
	[52014,1]
	[51992,1]
	[51958,1]
	[51957,1]
	[51925,1]
	[51931,1]
	[51930,1]
	[51882,1]
	[51878,1]
	[51171,1]
	[50461,1]
	[50454,1]
	[50450,1]
	[50449,1]
	[50419,1]
	[50407,1]
	[50439,1]
	[50443,1]
	[50476,1]
	[50457,1]
	[50418,1]
	[50429,1]
	[50401,1]
	[50382,1]
	[50252,1]
	[49712,1]
	[49723,1]
	[49006,1]
	[49056,1]
	[49112,1]
	[48471,1]
	[48469,1]
	[48470,1]
	[48477,1]
	[48490,1]
	[48513,1]
	[48516,1]
	[48402,1]
	[47939,1]
	[47912,1]
	[47899,1]
	[47882,1]
	[47679,1]
	[47210,1]
	[47196,1]
	[47212,2]
	[47228,1]
	[47218,1]
	[47225,1]
	[46491,1]
	[46497,1]
	[46487,1]
	[45778,1]
	[45790,1]
	[45109,1]
	[45103,1]
	[44655,1]
	[44465,1]
	[44396,1]
	[44415,1]
	[44361,1]
	[44381,1]
	[44390,1]
	[44397,1]
	[43143,1]
	[42997,4]
	[42975,1]
	[42901,1]
	[42876,1]
	[42863,1]
	[42830,2]
	[42806,4]
	[42800,2]
	[42792,1]
	[42791,1]
	[42809,2]
	[42782,1]
	[42805,2]
	[42823,2]
	[42926,1]
	[42990,1]
	[43046,1]
	[43056,1]
	[43018,7]
	[43002,3]
	[43048,1]
	[43061,1]
	[43009,4]
	[42995,3]
	[42985,1]
	[43070,1]
	[42988,2]
	[42935,1]
	[42833,3]
	[42802,1]
	[42799,1]
	[42855,3]
	[42930,2]
	[43058,1]
	[43071,1]
	[42994,1]
	[43045,1]
	[42984,1]
	[42907,1]
	[42850,1]
	[42843,1]
	[42829,1]
	[42816,1]
	[42852,1]
	[42854,1]
	[42862,1]
	[42934,1]
	[42991,1]
	[43052,1]
	[43005,1]
	[43513,1]
	[43977,1]
	[44580,1]
	[45144,2]
	[45246,1]
	[45265,1]
	[45260,1]
	[45252,1]
	[45932,1]
	[45945,1]
	[46479,1]
	[46673,1]
	[46713,1]
	[46744,1]
	[46752,1]
	[47502,1]
	[47510,1]
	[47563,1]
	[47551,1]
	[48198,1]
	[48217,1]
	[48201,1]
	[48210,1]
	[48214,1]
	[48864,1]
	[48905,1]
	[48901,1]
	[48898,1]
	[48900,1]
	[48858,1]
	[49538,1]
	[49621,1]
	[49951,1]
	[49950,1]
	[50086,1]
	[50108,1]
	[50071,1]
	[50031,1]
	[51387,1]
	[51453,1]
	[51471,1]
	[51491,1]
	[51482,1]
	[51460,1]
	[51470,1]
	[52134,1]
	[52145,1]
	[52155,1]
	[52206,1]
	[52170,1]
	[52181,1]
	[52196,1]
	[52201,1]
	[51620,1]
	[50967,1]
	[50955,1]
	[50954,1]
	[50950,2]
	[50933,1]
	[50932,1]
	[50921,1]
	[50608,1]
	[50254,1]
	[50036,1]
	[49513,1]
	[49463,1]
	[49414,1]
	[49486,1]
	[49514,1]
	[49359,1]
	[48281,1]

1792,
	[212,126]
	[207,15]
	[208,74]
	[210,225]
	[209,264]
	[12,23]
	[7,30]
	[5,19]
	[206,24]
	[2,483]
	[211,174]
	[204,16]
	[4,526]
	[216,21]
	[3,32]
	[258,47]
	[261,19]
	[243,6]
	[15,35]
	[256,58]
	[259,26]
	[9,26]
	[254,15]
	[247,5]
	[214,114]
	[257,41]
	[239,4]
	[16,11]
	[213,136]
	[13,30]
	[240,3]
	[196,25]
	[10,37]
	[244,2]
	[14,26]
	[11,32]
	[198,36]
	[255,21]
	[253,11]
	[195,18]
	[250,5]
	[8,23]
	[242,4]
	[251,2]
	[245,4]
	[201,20]
	[6,26]
	[227,3]
	[194,13]
	[199,26]
	[205,20]
	[215,45]
	[200,24]
	[203,19]
	[197,19]
	[193,6]
	[202,21]
	[222,2]
	[17,7]
	[252,6]
	[262,7]
	[248,8]
	[237,5]
	[249,6]
	[246,6]
	[241,3]
	[235,2]
	[234,4]
	[221,1]
	[219,2]
	[217,2]
	[263,2]
	[260,30]
	[224,4]
	[218,4]
	[233,1]
	[231,1]
	[230,2]
	[192,2]
	[226,1]
	[238,1]
	[18,1]
	[236,1]

1812,
	[2,456]
	[61,13]
	[64,4]
	[177,3]
	[16,161]
	[14,2]
	[15,24]
	[79,2]
	[57,2]
	[133,4]
	[117,11]
	[78,3]
	[116,3]
	[132,13]
	[191,26]
	[193,5]
	[17,30]
	[175,5]
	[192,14]
	[176,3]
	[190,12]
	[118,3]
	[140,1]
	[21,1]
	[174,2]
	[48,3]
	[157,2]
	[101,2]
	[70,2]
	[136,1]
	[189,3]
	[145,1]
	[13,1]
	[5,2]
	[180,1]
	[194,5]
	[130,8]
	[63,4]
	[60,11]
	[62,4]
	[197,1]
	[115,9]
	[196,1]
	[59,4]
	[45,8]
	[47,2]
	[125,2]
	[76,3]
	[12,3]
	[91,1]
	[119,3]
	[46,7]
	[28,1]
	[131,7]
	[44,3]
	[114,2]
	[8,1]
	[6,1]
	[106,1]
	[26,1]
	[129,1]
	[29,1]
	[73,1]
	[56,1]
	[94,1]
	[77,4]
	[97,1]
	[3,1]
	[178,1]
	[55,1]
	[143,1]
	[172,1]
	[86,1]
	[170,1]
	[139,1]
	[100,1]
	[179,1]
	[142,2]
	[188,1]

1772,
	[91,1]
	[107,1]
	[9,1]
	[3,2]
	[10,1]
	[44,1]
	[47,1]
	[95,1]
	[108,1]
	[109,1]

len(carl_order):
30
Printing carl assignment order:
1812,2,0.24332977588046958
1688,2,0.2309495896834701
1792,4,0.08740554156171285
1664,4,0.07672978551557032
1772,3,0.06060606060606061
1812,17,0.03264480716452405
1772,10,0.03225806451612903
1660,31,0.02702702702702703
1660,107,0.015873015873015872
1688,125,0.015263875494662632
1668,1,0.014861621011013838
1796,1,0.01473945742680634
1792,15,0.013585874231092624
1772,109,0.013182674199623353
1664,9,0.01225071225071225
1664,16,0.011949868842902944
1812,197,0.009416543574593796
1792,16,0.005854177754124534
1792,263,0.0049789699822484264
1664,287,0.0044814556307010995
1796,263,0.004216160148471631
1668,286,0.003837433998177983
1668,287,0.003342618384401114
1796,264,0.002170374389582203
1796,265,0.001087547580206634
1668,288,0.0005589714924538849
1668,49012,2.3599204072378468e-05
1796,52633,2.2241795486557318e-05
1664,8548202,1.1698759288083702e-07
1668,16906904,1.0749349054356653e-07
bin_width: 3403195
assigning lease 2 to address 1812
Average Cache Occupancy Per Bin: [0.0,0.0,0.02,0.05,0.05]
Total cost: 0
assigning lease 2 to address 1688
Average Cache Occupancy Per Bin: [0.04,0.06,0.04,0.05,0.05]
Total cost: 169472.0
assigning lease 4 to address 1792
Average Cache Occupancy Per Bin: [0.04,0.06,0.24,0.40,0.40]
Total cost: 169472.0
assigning lease 4 to address 1664
Average Cache Occupancy Per Bin: [0.37,0.44,0.36,0.40,0.40]
Total cost: 1279744.0
assigning lease 3 to address 1772
Average Cache Occupancy Per Bin: [0.37,0.44,0.36,0.40,0.40]
Total cost: 1279744.0
assigning lease 17 to address 1812
Average Cache Occupancy Per Bin: [0.37,0.44,0.46,0.64,0.59]
Total cost: 1279744.0
assigning lease 10 to address 1772
Average Cache Occupancy Per Bin: [0.37,0.44,0.46,0.64,0.59]
Total cost: 1279744.0
assigning lease 31 to address 1660
Average Cache Occupancy Per Bin: [0.38,0.45,0.47,0.64,0.59]
Total cost: 1295104.0
assigning lease 107 to address 1660
Average Cache Occupancy Per Bin: [0.38,0.46,0.47,0.64,0.59]
Total cost: 1312768.0
assigning lease 125 to address 1688
Average Cache Occupancy Per Bin: [1.40,1.32,0.85,0.64,0.59]
Total cost: 4766720.0
assigning lease 1 to address 1668
Average Cache Occupancy Per Bin: [2.28,2.17,1.25,0.64,0.59]
Total cost: 7766272.0
assigning lease 1 to address 1796
Average Cache Occupancy Per Bin: [2.28,2.17,1.74,1.51,1.47]
Total cost: 7766272.0
assigning lease 15 to address 1792
Average Cache Occupancy Per Bin: [2.28,2.17,2.11,2.17,2.13]
Total cost: 7766272.0
assigning lease 109 to address 1772
Average Cache Occupancy Per Bin: [2.28,2.17,2.12,2.18,2.15]
Total cost: 7766272.0
assigning lease 9 to address 1664
Average Cache Occupancy Per Bin: [2.59,2.51,2.26,2.18,2.15]
Total cost: 8846592.0
assigning lease 16 to address 1664
Average Cache Occupancy Per Bin: [3.01,2.95,2.44,2.18,2.15]
Total cost: 10245376.0
assigning lease 197 to address 1812
Average Cache Occupancy Per Bin: [3.01,2.95,2.86,2.99,2.96]
Total cost: 10245376.0
assigning lease 16 to address 1792
Average Cache Occupancy Per Bin: [3.01,2.95,2.89,3.05,3.02]
Total cost: 10245376.0
assigning lease 263 to address 1792
Average Cache Occupancy Per Bin: [3.01,2.95,9.00,14.1,14.0]
Total cost: 10245376.0
assigning lease 287 to address 1664
Average Cache Occupancy Per Bin: [15.3,16.6,14.2,14.1,14.0]
Total cost: 52137216.0
assigning lease 263 to address 1796
Average Cache Occupancy Per Bin: [15.3,16.6,122.,205.,205.]
Total cost: 52137216.0
assigning lease 286 to address 1668
Average Cache Occupancy Per Bin: [225.,226.,214.,205.,205.]
Total cost: 766315520.0
assigning lease 287 to address 1668
Average Cache Occupancy Per Bin: [225.,226.,214.,205.,205.]
Total cost: 766499840.0
assigning lease 264 to address 1796
Average Cache Occupancy Per Bin: [225.,226.,214.,205.,205.]
Total cost: 766499840.0
assigning lease 265 to address 1796
Average Cache Occupancy Per Bin: [225.,226.,214.,205.,205.]
Total cost: 766499840.0
assigning lease 288 to address 1668
Average Cache Occupancy Per Bin: [225.,226.,214.,205.,205.]
Total cost: 766684160.0
addr: 1668 ri: 49012
bin target: 1742435840
	bin: 0.0 current capacity: 225.2836408139998  avg impact: 2262.107846303253
	bin: 1.0 current capacity: 226.53490734442192  avg impact: 2372.0468136559907
	bin: 2.0 current capacity: 214.82931421796283  avg impact: 1000.3065002152389
num_full_bins: 0
printing bin ranks sorted:
	bin: 1.0 rank: 0.12034547168805497
	selecting this^ bin
	bin: 0.0 rank: 0.12674743145184408
	bin: 2.0 rank: 0.29707963081125044
acceptable_ratio: 0.12034547168805497
Assigning 1668 dual lease lease 49012 * 0.12034547168805497. Bin saturation: [497.,512.,335.,206.,208.]
addr: 1796 ri: 52633
bin target: 1742435840
	bin: 1.0 current capacity: 512.0  avg impact: 0.0
	bin: 2.0 current capacity: 335.21167181899324  avg impact: 1327.8188572797033
	bin: 3.0 current capacity: 206.75303630900436  avg impact: 2449.1438333683495
	bin: 4.0 current capacity: 208.07412058469885  avg impact: 2435.909850596278
num_full_bins: 1
printing bin ranks sorted:
	bin: 3.0 rank: 0.12463415154804701
	bin: 4.0 rank: 0.12476893565700069
	bin: 2.0 rank: 0.13314190200852566
acceptable_ratio: 0
addr: 1664 ri: 8548202
bin target: 1742435840
	bin: 1.0 current capacity: 512.0  avg impact: 0.0
	bin: 4.0 current capacity: 208.07412058469885  avg impact: 643.0034834912486
num_full_bins: 1
printing bin ranks sorted:
	bin: 4.0 rank: 0.472665992048918
acceptable_ratio: 0
addr: 1668 ri: 16906904
bin target: 1742435840
	bin: 0.0 current capacity: 497.518076586615  avg impact: 2262.107846303253
	bin: 1.0 current capacity: 512.0  avg impact: 2372.0468136559907
	bin: 2.0 current capacity: 335.21167181899324  avg impact: 1623.3877353486944
	bin: 3.0 current capacity: 206.75303630900436  avg impact: 1895.7111443805013
	bin: 4.0 current capacity: 208.07412058469885  avg impact: 4512.146394197218
num_full_bins: 1
printing bin ranks sorted:
	bin: 1.0 rank: 0.0
	bin: 0.0 rank: 0.006401959763789087
	bin: 4.0 rank: 0.06735727364833746
	bin: 2.0 rank: 0.10890086473582582
	bin: 3.0 rank: 0.16101976537714938
acceptable_ratio: 0
Final saturation:
	0.0,1693151030.6491852
	1.0,1742435840.0
	2.0,1140790685.4760387
	3.0,703620899.401622
	4.0,708116806.8032442
DUMP LEASES
0, 684, 120, bf74, 0.879654528311945 
0, 680, 11f, 0, 1 
0, 698, 7d, 0, 1 
0, 67c, 6b, 0, 1 
0, 704, 109, 0, 1 
0, 700, 107, 0, 1 
0, 714, c5, 0, 1 
0, 6ec, 6d, 0, 1 
Dump dual leases

