sample rate: 0.00390625
1712,
	[264,89]
	[267,537]
	[270,452]
	[269,650]
	[272,242]
	[274,99]
	[271,475]
	[273,198]
	[276,22]
	[1,474]
	[268,678]
	[266,332]
	[47245,2]
	[47255,1]
	[242,20]
	[245,49]
	[246,45]
	[248,30]
	[47024,1]
	[46814,1]
	[275,40]
	[46761,1]
	[46796,1]
	[46786,1]
	[46812,1]
	[234,2]
	[46802,1]
	[46789,1]
	[277,5]
	[46780,1]
	[46757,1]
	[249,17]
	[46976,1]
	[47118,1]
	[222,3796]
	[228,207]
	[46920,1]
	[224,3355]
	[221,2486]
	[46461,1]
	[223,3056]
	[46315,1]
	[265,150]
	[46289,1]
	[46277,2]
	[46287,1]
	[46325,1]
	[258,1]
	[46319,1]
	[46330,1]
	[229,69]
	[46283,1]
	[46824,1]
	[46916,1]
	[220,2026]
	[46470,1]
	[225,1988]
	[247,45]
	[45868,2]
	[45903,1]
	[45909,1]
	[45874,1]
	[45883,1]
	[45913,1]
	[45914,1]
	[45850,1]
	[46107,1]
	[46583,1]
	[226,1255]
	[46545,1]
	[46448,1]
	[46248,1]
	[227,726]
	[46113,1]
	[45959,1]
	[45411,1]
	[45392,2]
	[45383,1]
	[45344,1]
	[45769,1]
	[45802,1]
	[46044,1]
	[46022,1]
	[46020,1]
	[219,994]
	[244,52]
	[243,50]
	[45080,1]
	[44853,1]
	[44839,1]
	[44867,2]
	[44870,1]
	[44873,1]
	[44864,1]
	[44865,1]
	[44861,1]
	[45302,1]
	[45528,1]
	[45532,1]
	[44981,1]
	[44357,1]
	[44270,1]
	[44239,1]
	[44232,1]
	[218,417]
	[44918,1]
	[44888,1]
	[44135,1]
	[43993,1]
	[241,17]
	[43894,1]
	[43755,1]
	[43736,1]
	[43707,1]
	[43775,1]
	[44439,1]
	[44393,1]
	[44407,1]
	[43268,1]
	[43256,1]
	[43254,1]
	[43237,2]
	[43234,3]
	[43243,1]
	[43269,1]
	[43287,1]
	[43315,1]
	[43407,1]
	[43932,2]
	[217,211]
	[43940,1]
	[43915,1]
	[43873,1]
	[42892,1]
	[42804,1]
	[42807,1]
	[42801,1]
	[42774,1]
	[42791,1]
	[42772,1]
	[42848,1]
	[43545,1]
	[43551,1]
	[43524,1]
	[43511,1]
	[43512,1]
	[43368,1]
	[43225,1]
	[43181,1]
	[42400,1]
	[42399,2]
	[42346,1]
	[42576,2]
	[43061,1]
	[43058,1]
	[43102,1]
	[43099,1]
	[250,12]
	[41916,1]
	[41917,1]
	[41940,1]
	[41939,1]
	[41951,2]
	[41841,1]
	[42256,1]
	[42558,2]
	[42552,1]
	[42560,1]
	[42547,1]
	[42567,1]
	[41432,1]
	[41398,1]
	[41392,1]
	[42159,2]
	[42167,1]
	[42176,1]
	[42088,1]
	[40962,1]
	[41704,1]
	[41698,1]
	[41673,2]
	[41632,1]
	[41178,1]
	[41161,3]
	[41144,1]
	[41136,1]
	[41143,1]
	[41169,1]
	[41137,1]
	[251,6]
	[40019,1]
	[39987,1]
	[40332,1]
	[230,21]
	[40671,1]
	[40720,1]
	[40717,1]
	[40727,1]
	[39676,1]
	[40255,1]
	[40293,1]
	[40266,1]
	[40268,1]
	[40267,1]
	[40269,2]
	[40241,1]
	[240,5]
	[39349,1]
	[39633,1]
	[39797,1]
	[39794,1]
	[39759,1]
	[39776,1]
	[39779,1]
	[39773,1]
	[39757,1]
	[39786,1]
	[39755,1]
	[39768,1]
	[39426,1]
	[39305,1]
	[39080,2]
	[39213,1]
	[39378,1]
	[39375,2]
	[39354,1]
	[39352,1]
	[39388,1]
	[39403,2]
	[39401,1]
	[39124,4]
	[39121,3]
	[39106,3]
	[39144,1]
	[39131,1]
	[39125,1]
	[39108,1]
	[39109,2]
	[39120,3]
	[38960,13]
	[38918,4]
	[38922,3]
	[38894,5]
	[38899,4]
	[38898,1]
	[38907,4]
	[38886,2]
	[38861,1]
	[38882,6]
	[38876,2]
	[38878,5]
	[38875,3]
	[38863,1]
	[38884,4]
	[38879,3]
	[38874,4]
	[38869,3]
	[38888,2]
	[38893,4]
	[38895,1]
	[38935,5]
	[38943,4]
	[38915,2]
	[38957,12]
	[38946,2]
	[38951,10]
	[38953,9]
	[38941,2]
	[38908,1]
	[38914,1]
	[38934,5]
	[38891,1]
	[38905,2]
	[38896,4]
	[38900,4]
	[38906,4]
	[38868,2]
	[38866,1]
	[38854,1]
	[38942,9]
	[38911,3]
	[38986,15]
	[38988,10]
	[38979,5]
	[38984,11]
	[38999,7]
	[39012,10]
	[39028,10]
	[39022,7]
	[38992,9]
	[39038,4]
	[39008,6]
	[39011,12]
	[39014,9]
	[39002,5]
	[39030,5]
	[39052,3]
	[39053,1]
	[39049,3]
	[39051,6]
	[39088,1]
	[39074,3]
	[231,12]
	[39094,1]
	[39085,2]
	[39035,3]
	[38982,14]
	[38980,4]
	[39015,6]
	[39020,9]
	[39010,10]
	[39042,9]
	[39007,8]
	[39016,9]
	[232,5]
	[39062,2]
	[39078,2]
	[39054,3]
	[39039,4]
	[39073,3]
	[39018,5]
	[39046,2]
	[39041,4]
	[38971,8]
	[38976,14]
	[38954,9]
	[38996,8]
	[38997,11]
	[38950,7]
	[38948,10]
	[38973,7]
	[38963,7]
	[38977,6]
	[38962,8]
	[38974,9]
	[38952,9]
	[38958,6]
	[38964,9]
	[38991,11]
	[38989,10]
	[39029,12]
	[39037,6]
	[39026,8]
	[39032,6]
	[39021,7]
	[39005,6]
	[38978,9]
	[39009,7]
	[38965,11]
	[38968,13]
	[38993,8]
	[38955,11]
	[38966,8]
	[38983,13]
	[38985,6]
	[38961,5]
	[39000,9]
	[39004,10]
	[39027,3]
	[39036,4]
	[39044,8]
	[39013,3]
	[38975,7]
	[38949,3]
	[39033,6]
	[38987,5]
	[38995,7]
	[38969,12]
	[38945,4]
	[38981,6]
	[38970,12]
	[38994,10]
	[39019,8]
	[38972,9]
	[38998,8]
	[39040,5]
	[38967,7]
	[38956,9]
	[38937,2]
	[39031,2]
	[39025,10]
	[39006,4]
	[39017,6]
	[38990,5]
	[38959,4]
	[39001,8]
	[39024,2]
	[39023,9]
	[38944,2]
	[38939,2]
	[39043,5]
	[39045,8]
	[39048,6]
	[39063,1]
	[39059,1]
	[39065,1]
	[39066,3]
	[39055,2]
	[39079,3]
	[39107,1]
	[39129,2]
	[39138,1]
	[39104,2]
	[39119,1]
	[39123,2]
	[39115,2]
	[39067,3]
	[39056,2]
	[39076,1]
	[39072,1]
	[39075,2]
	[39047,4]
	[39110,1]
	[39099,1]
	[39112,2]
	[39096,1]
	[38901,4]
	[38851,1]
	[38877,2]
	[38867,2]
	[38913,2]
	[38932,2]
	[38917,2]
	[38904,2]
	[38880,4]
	[38892,2]
	[38902,2]
	[38872,2]
	[39134,1]
	[39206,1]
	[39209,2]
	[39163,1]
	[39196,2]
	[39162,1]
	[39622,1]
	[39600,1]
	[39614,1]
	[39619,1]
	[39990,1]
	[40066,1]
	[40098,1]
	[40099,1]
	[40083,1]
	[40106,1]
	[40117,1]
	[40116,1]
	[40115,1]
	[40126,1]
	[40121,1]
	[40556,1]
	[40509,1]
	[40539,1]
	[40510,1]
	[40511,1]
	[40243,1]
	[40428,1]
	[40882,1]
	[40987,1]
	[41004,1]
	[41008,1]
	[40968,1]
	[41005,1]
	[40973,1]
	[40306,1]
	[40335,1]
	[41409,1]
	[41457,1]
	[41487,1]
	[41506,1]
	[41493,1]
	[41500,1]
	[41494,1]
	[41283,1]
	[40992,1]
	[40831,1]
	[40854,1]
	[40853,1]
	[40985,1]
	[41258,1]
	[233,1]
	[42004,1]
	[42005,1]
	[41989,2]
	[41984,1]
	[41986,1]
	[41981,1]
	[41960,1]
	[41973,1]
	[41970,1]
	[41964,1]
	[41255,1]
	[41234,1]
	[41260,1]
	[239,1]
	[252,2]
	[42367,1]
	[41794,1]
	[41670,1]
	[41685,1]
	[42432,1]
	[42885,1]
	[42882,2]
	[42879,1]
	[42889,1]
	[42893,1]
	[42161,1]
	[42212,1]
	[42215,1]
	[42448,1]
	[42827,1]
	[43345,1]
	[43327,1]
	[43339,2]
	[43134,1]
	[42673,1]
	[42670,1]
	[42646,1]
	[42616,1]
	[255,2]
	[42619,1]
	[42648,1]
	[42952,1]
	[43762,1]
	[43778,1]
	[43697,1]
	[43404,1]
	[43271,1]
	[43059,1]
	[43036,1]
	[43032,1]
	[43071,2]
	[43070,1]
	[43075,1]
	[43076,1]
	[43428,1]
	[44211,1]
	[43607,1]
	[43598,1]
	[43609,1]
	[43558,1]
	[43776,1]
	[44650,1]
	[44707,1]
	[44736,1]
	[44743,1]
	[44054,1]
	[44052,1]
	[44010,1]
	[43992,1]
	[43999,1]
	[43978,1]
	[44444,1]
	[44857,1]
	[44858,1]
	[45036,1]
	[45140,1]
	[44438,1]
	[279,1]
	[44505,1]
	[44522,1]
	[278,2]
	[44534,1]
	[44569,1]
	[44587,1]
	[44776,1]
	[45097,1]
	[45891,1]
	[45905,1]
	[45709,1]
	[45265,1]
	[45212,1]
	[45213,1]
	[45249,1]
	[45280,1]
	[45281,1]
	[46062,1]
	[45726,1]
	[45763,1]
	[45736,1]
	[45735,2]
	[262,1]
	[45722,1]
	[45753,1]
	[46009,1]
	[46056,1]
	[46420,1]
	[46613,2]
	[46871,1]
	[46874,1]
	[46593,1]
	[46299,1]
	[46136,1]
	[46199,1]
	[46187,1]
	[46178,2]
	[46139,1]
	[46180,1]
	[46662,1]
	[46648,1]
	[46665,1]
	[46614,1]
	[47016,1]
	[47144,2]
	[47139,1]
	[47117,1]
	[47113,1]
	[47124,1]
	[47122,1]
	[47169,1]
	[47155,1]
	[47101,1]
	[47109,1]
	[47329,1]
	[46813,1]
	[46839,1]
	[46769,2]
	[46777,1]
	[46708,1]
	[46684,1]
	[46687,1]
	[46634,1]
	[46765,1]
	[46251,1]
	[46211,1]
	[46233,1]
	[46208,1]
	[46243,1]
	[46212,1]
	[46204,1]
	[46247,1]
	[46239,1]
	[46746,1]
	[46864,1]
	[46865,1]
	[46696,2]
	[46326,1]
	[46124,1]
	[45786,1]
	[45790,2]
	[45809,1]
	[45779,2]
	[45770,1]
	[45878,1]
	[45797,1]
	[45778,1]
	[45863,1]
	[45381,1]
	[45340,1]
	[45310,1]
	[45307,1]
	[45295,1]
	[45294,1]
	[45306,1]
	[253,2]
	[45311,1]
	[45970,1]
	[45924,1]
	[45834,1]
	[45552,1]
	[45195,1]
	[44842,1]
	[44807,1]
	[44836,1]
	[44846,1]
	[44831,1]
	[45507,1]
	[45524,1]
	[45160,1]
	[44384,1]
	[44394,1]
	[44418,1]
	[44419,1]
	[45089,1]
	[45009,1]
	[43965,1]
	[43935,1]
	[43920,1]
	[44580,1]
	[44591,1]
	[43881,1]
	[261,1]
	[43484,1]
	[43410,1]
	[43420,1]
	[43433,1]
	[43452,1]
	[44114,1]
	[43678,1]
	[43499,1]
	[254,1]
	[43338,1]
	[43008,1]
	[42992,1]
	[42996,1]
	[43018,1]
	[43735,1]
	[43757,1]
	[43533,1]
	[260,1]
	[42578,1]
	[43279,1]
	[43246,1]
	[43261,1]
	[42535,1]
	[42466,1]
	[42286,1]
	[42076,1]
	[42061,1]
	[257,1]
	[42047,1]
	[42733,1]
	[42750,1]
	[42781,1]
	[42784,1]
	[42764,1]
	[42602,1]
	[41985,1]
	[41633,1]
	[41647,1]
	[41817,1]
	[41815,2]
	[42361,2]
	[42357,1]
	[42352,1]
	[42315,1]
	[42353,1]
	[263,1]
	[41181,1]
	[41221,1]
	[41245,1]
	[41519,1]
	[41872,1]
	[41826,1]
	[41867,1]
	[41681,1]
	[41108,1]
	[41225,1]
	[41361,1]
	[41360,1]
	[41371,1]
	[41369,1]
	[40265,1]
	[40232,1]
	[40250,1]
	[40920,1]
	[40929,1]
	[40914,1]
	[40951,1]
	[39836,1]
	[40442,1]
	[259,1]
	[40473,1]
	[40486,1]
	[39591,1]
	[39666,1]
	[39919,1]
	[39964,1]
	[40001,1]
	[39953,2]
	[39959,1]
	[39968,1]
	[39960,1]
	[39954,1]
	[39983,1]
	[39410,1]
	[39538,1]
	[39558,1]
	[39580,1]
	[39579,1]
	[39584,2]
	[39549,1]
	[39567,1]
	[39575,1]
	[39597,1]
	[39188,1]
	[39226,1]
	[39191,1]
	[39190,1]
	[39170,1]
	[39173,1]
	[39176,1]
	[38890,2]
	[38897,2]
	[38881,2]
	[38889,2]
	[39117,2]
	[39101,1]
	[39111,4]
	[39114,2]
	[39095,2]
	[39087,2]
	[39071,1]
	[39061,2]
	[39060,1]
	[39070,1]
	[39130,2]
	[39122,2]
	[39132,2]
	[39118,2]
	[39116,1]
	[39135,1]
	[39090,1]
	[38931,2]
	[38947,3]
	[39034,4]
	[38930,2]
	[38924,2]
	[38926,5]
	[38940,1]
	[39003,2]
	[38933,1]
	[38925,1]
	[39057,6]
	[39068,1]
	[39069,3]
	[39092,1]
	[39050,1]
	[39077,1]
	[38920,1]
	[38921,2]
	[38916,1]
	[38903,1]
	[38864,2]
	[38873,2]
	[38912,1]
	[38885,1]
	[38865,1]
	[7898557,1]
	[-4370,21]

1708,
	[4,345]
	[256,6]
	[2,386]
	[268,33]
	[269,31]
	[271,26]
	[243,3]
	[242,6]
	[12,18]
	[212,23]
	[270,25]
	[6,26]
	[7,27]
	[15,26]
	[253,3]
	[10,27]
	[267,29]
	[213,19]
	[274,7]
	[219,71]
	[14,18]
	[273,11]
	[266,18]
	[259,3]
	[257,4]
	[210,18]
	[275,3]
	[225,101]
	[221,172]
	[223,192]
	[249,1]
	[246,2]
	[252,3]
	[222,220]
	[208,17]
	[3,28]
	[262,5]
	[255,4]
	[226,60]
	[224,154]
	[16,35]
	[220,134]
	[265,10]
	[261,2]
	[260,3]
	[211,25]
	[13,21]
	[263,2]
	[9,17]
	[207,13]
	[216,14]
	[217,28]
	[248,1]
	[11,28]
	[218,42]
	[202,2]
	[5,18]
	[8,24]
	[264,3]
	[215,18]
	[209,14]
	[229,7]
	[227,21]
	[214,20]
	[228,12]
	[18,8]
	[17,3]
	[206,7]
	[205,2]
	[204,2]
	[235,1]
	[254,3]
	[258,2]
	[272,6]
	[244,1]
	[276,2]
	[234,1]
	[247,1]
	[245,1]
	[241,1]
	[230,1]
	[-4370,13]

1728,
	[2,332]
	[84,23]
	[77,32]
	[30,86]
	[13,1]
	[66,3]
	[32,1]
	[23,1]
	[79,1]
	[26,2]
	[105,19]
	[83,34]
	[8,9]
	[75,9]
	[106,17]
	[21,1]
	[6,2]
	[92,1]
	[51,1]
	[82,20]
	[45,2]
	[113,5]
	[104,9]
	[61,1]
	[110,1]
	[73,1]
	[112,13]
	[85,13]
	[27,1]
	[68,1]
	[31,42]
	[116,1]
	[76,33]
	[117,1]
	[29,30]
	[86,2]
	[107,8]
	[78,3]
	[114,5]
	[111,7]
	[36,2]
	[5,1]
	[3,1]
	[87,2]
	[7,1]
	[22,1]
	[4,1]
	[44,2]
	[20,1]
	[25,2]
	[48,2]
	[94,1]
	[11,1]
	[37,2]
	[53,1]
	[60,1]
	[33,1]
	[39,1]
	[42,1]
	[15,1]
	[120,1]

1704,
	[20,2]
	[27,1]
	[51,1]
	[19,1]
	[7,1]
	[8,1]
	[26,2]
	[62,1]
	[14,1]

1828,
	[281,316]
	[279,134]
	[278,102]
	[280,234]
	[283,544]
	[285,672]
	[289,273]
	[288,366]
	[286,625]
	[290,170]
	[282,463]
	[287,516]
	[284,586]
	[1,671]
	[848,1]
	[277,65]
	[249,24]
	[276,40]
	[269,27]
	[853,5]
	[291,82]
	[55825,1]
	[242,2068]
	[245,392]
	[246,195]
	[244,840]
	[247,69]
	[54940,1]
	[252,23]
	[250,30]
	[54755,1]
	[54847,1]
	[54912,2]
	[55422,1]
	[243,1509]
	[292,31]
	[861,4]
	[239,2920]
	[240,2912]
	[241,2721]
	[268,18]
	[257,18]
	[54938,1]
	[259,14]
	[260,28]
	[54794,1]
	[54797,1]
	[264,29]
	[262,28]
	[54658,1]
	[54668,1]
	[261,26]
	[54641,1]
	[54647,1]
	[266,14]
	[54661,1]
	[54606,1]
	[55183,1]
	[55148,1]
	[233,784]
	[231,281]
	[235,1440]
	[255,9]
	[54309,1]
	[270,37]
	[272,22]
	[54167,1]
	[271,36]
	[274,19]
	[54006,1]
	[54028,1]
	[53999,1]
	[54502,1]
	[53911,2]
	[265,16]
	[53887,1]
	[54586,2]
	[234,1161]
	[238,2680]
	[232,492]
	[230,126]
	[53487,1]
	[53490,1]
	[53531,1]
	[849,3]
	[53492,2]
	[53494,1]
	[53551,1]
	[833,2]
	[293,14]
	[248,39]
	[54157,1]
	[236,1940]
	[715,13]
	[237,2316]
	[54174,1]
	[254,19]
	[53243,1]
	[253,16]
	[53052,1]
	[53045,1]
	[53646,1]
	[53103,1]
	[53172,1]
	[53150,1]
	[53662,1]
	[53099,1]
	[53136,1]
	[858,4]
	[53131,1]
	[53191,1]
	[275,22]
	[53189,1]
	[53156,1]
	[53208,1]
	[53564,1]
	[53885,1]
	[53832,1]
	[53815,1]
	[53740,1]
	[256,15]
	[52683,1]
	[53339,1]
	[52731,1]
	[229,49]
	[716,12]
	[267,13]
	[804,1]
	[273,35]
	[52223,1]
	[52198,1]
	[837,1]
	[52147,1]
	[842,2]
	[52673,1]
	[52409,1]
	[52708,1]
	[228,13]
	[53158,1]
	[52591,1]
	[52056,1]
	[51530,1]
	[862,4]
	[51606,1]
	[52788,1]
	[52337,1]
	[52335,1]
	[52345,1]
	[51857,1]
	[51507,1]
	[51252,1]
	[851,1]
	[51255,1]
	[51298,1]
	[51297,1]
	[51287,1]
	[51377,1]
	[51334,1]
	[51339,1]
	[51346,1]
	[51990,1]
	[51893,1]
	[258,21]
	[50830,1]
	[51426,1]
	[50892,1]
	[50893,1]
	[51469,1]
	[51540,1]
	[51500,1]
	[51503,1]
	[51496,1]
	[263,19]
	[294,2]
	[50291,1]
	[50235,1]
	[51003,1]
	[51395,1]
	[50890,1]
	[705,7]
	[50900,1]
	[50907,1]
	[50902,1]
	[50910,1]
	[50888,1]
	[50713,2]
	[50462,1]
	[49731,1]
	[49733,2]
	[49728,1]
	[49739,1]
	[50513,1]
	[703,2]
	[50530,1]
	[50812,2]
	[49839,1]
	[734,1]
	[251,17]
	[49453,1]
	[49491,1]
	[841,1]
	[49485,1]
	[49585,1]
	[50230,1]
	[706,3]
	[50222,1]
	[50105,1]
	[49100,1]
	[49039,1]
	[49053,1]
	[49049,1]
	[49619,1]
	[49027,1]
	[49045,1]
	[49614,1]
	[49613,1]
	[49043,1]
	[49295,1]
	[49338,1]
	[49433,1]
	[49716,1]
	[50185,1]
	[49711,1]
	[49710,1]
	[49704,1]
	[50179,2]
	[50166,1]
	[49650,1]
	[49608,1]
	[49435,1]
	[725,4]
	[48670,1]
	[48585,1]
	[48744,1]
	[708,8]
	[49064,1]
	[689,1]
	[49084,1]
	[49080,1]
	[726,10]
	[47937,2]
	[47945,2]
	[718,10]
	[48609,1]
	[48650,1]
	[48680,1]
	[48709,1]
	[49177,1]
	[48734,1]
	[48736,1]
	[48776,1]
	[48760,1]
	[48769,1]
	[47987,1]
	[47628,1]
	[47933,1]
	[803,2]
	[48382,1]
	[48386,1]
	[48390,1]
	[48398,1]
	[48401,1]
	[48415,1]
	[48388,1]
	[48407,1]
	[700,3]
	[48268,1]
	[48242,1]
	[48018,1]
	[47536,2]
	[47399,1]
	[47844,1]
	[47807,2]
	[47783,1]
	[47794,1]
	[47804,1]
	[47788,3]
	[47758,1]
	[47743,1]
	[47748,1]
	[722,5]
	[47557,1]
	[47511,1]
	[47802,1]
	[47145,1]
	[47064,2]
	[46702,5]
	[46647,2]
	[46786,2]
	[47024,2]
	[47216,2]
	[47254,1]
	[47274,1]
	[47263,2]
	[47287,1]
	[47265,2]
	[710,10]
	[46358,2]
	[46741,1]
	[46801,1]
	[46839,1]
	[46875,1]
	[46881,1]
	[47334,2]
	[46872,1]
	[46897,1]
	[47385,1]
	[46932,1]
	[46948,1]
	[46956,1]
	[47030,1]
	[46670,2]
	[46669,2]
	[46678,5]
	[724,12]
	[46649,2]
	[46654,2]
	[47178,1]
	[46668,2]
	[46537,7]
	[46543,7]
	[46484,6]
	[46478,6]
	[46938,1]
	[46400,2]
	[699,2]
	[46389,3]
	[46387,1]
	[46388,4]
	[46365,4]
	[46356,3]
	[46815,2]
	[46340,6]
	[46325,2]
	[46305,5]
	[46300,4]
	[709,7]
	[46277,1]
	[46754,2]
	[46342,4]
	[46835,2]
	[46366,2]
	[46367,3]
	[46381,4]
	[46357,3]
	[46854,1]
	[46364,3]
	[46385,2]
	[46416,2]
	[46414,4]
	[46871,1]
	[46362,2]
	[46363,2]
	[46408,2]
	[712,6]
	[46829,1]
	[46350,3]
	[696,2]
	[46290,1]
	[46291,3]
	[46289,2]
	[46211,1]
	[46199,1]
	[46171,1]
	[46165,1]
	[46193,1]
	[46198,1]
	[46674,1]
	[46213,1]
	[46194,2]
	[46178,1]
	[46168,1]
	[46175,1]
	[46221,1]
	[46286,1]
	[46355,5]
	[46866,1]
	[46399,4]
	[46421,6]
	[46417,4]
	[46418,3]
	[46423,4]
	[46426,2]
	[46424,3]
	[46410,1]
	[713,10]
	[46844,1]
	[46369,2]
	[46411,2]
	[46374,2]
	[46297,2]
	[46295,2]
	[46260,1]
	[46261,1]
	[46226,1]
	[46187,1]
	[46174,1]
	[46651,2]
	[707,10]
	[46218,1]
	[46239,1]
	[46689,3]
	[46217,1]
	[697,3]
	[46167,1]
	[46197,2]
	[46200,1]
	[46204,1]
	[46707,5]
	[46243,1]
	[46232,1]
	[46322,2]
	[46312,1]
	[46334,3]
	[46348,4]
	[46352,2]
	[46392,1]
	[46380,1]
	[46372,1]
	[46373,2]
	[695,2]
	[46406,1]
	[46443,2]
	[46425,1]
	[46861,1]
	[46359,6]
	[46361,1]
	[46798,1]
	[46270,2]
	[46271,1]
	[46240,1]
	[46205,2]
	[46215,1]
	[46186,1]
	[46667,2]
	[46189,1]
	[46153,1]
	[46170,1]
	[46172,1]
	[46185,1]
	[46160,1]
	[46180,1]
	[46662,2]
	[46666,3]
	[46143,1]
	[46140,1]
	[46208,1]
	[46673,1]
	[46182,1]
	[46196,1]
	[46258,1]
	[46329,3]
	[46337,2]
	[46847,1]
	[46422,2]
	[46415,1]
	[46440,1]
	[46435,2]
	[721,9]
	[46428,3]
	[46413,2]
	[46396,2]
	[46419,1]
	[46434,2]
	[46907,1]
	[46445,2]
	[46438,2]
	[46395,2]
	[723,5]
	[46916,2]
	[46432,1]
	[46441,1]
	[46481,3]
	[46524,6]
	[46520,1]
	[46538,5]
	[46549,7]
	[46544,5]
	[46522,6]
	[46547,3]
	[46590,3]
	[46586,5]
	[46600,4]
	[46605,2]
	[719,15]
	[46632,2]
	[47112,1]
	[46687,3]
	[46700,2]
	[46733,3]
	[46724,4]
	[46723,2]
	[46746,5]
	[46753,2]
	[46745,3]
	[46752,4]
	[46743,3]
	[46716,3]
	[47198,1]
	[46594,3]
	[46569,2]
	[46562,4]
	[46588,1]
	[46513,3]
	[46510,6]
	[46501,3]
	[46982,1]
	[46498,2]
	[46489,2]
	[46539,7]
	[46561,5]
	[46592,7]
	[46633,2]
	[46701,3]
	[46698,5]
	[46711,2]
	[47185,1]
	[46731,6]
	[46708,3]
	[46719,4]
	[46699,4]
	[47183,1]
	[46706,5]
	[46715,3]
	[46704,7]
	[46732,4]
	[46739,1]
	[47221,1]
	[47220,1]
	[46737,4]
	[46671,5]
	[46712,1]
	[46676,2]
	[47151,1]
	[47148,1]
	[46635,3]
	[46643,2]
	[46623,3]
	[46634,2]
	[46563,2]
	[46551,4]
	[46514,10]
	[46516,3]
	[482,1]
	[46500,3]
	[484,1]
	[46998,1]
	[46531,6]
	[46529,5]
	[46533,5]
	[46981,1]
	[46504,4]
	[46530,4]
	[46991,2]
	[727,5]
	[47032,2]
	[46611,5]
	[46734,6]
	[47203,1]
	[47206,1]
	[46717,5]
	[46735,6]
	[46710,3]
	[490,1]
	[47219,1]
	[46761,2]
	[46714,3]
	[46709,2]
	[46690,4]
	[47141,1]
	[46616,2]
	[46614,2]
	[46615,3]
	[47069,3]
	[46542,4]
	[46527,3]
	[46497,3]
	[46528,5]
	[46494,3]
	[46499,4]
	[46946,1]
	[46482,3]
	[46503,3]
	[729,3]
	[46550,3]
	[46571,3]
	[46612,5]
	[46625,2]
	[47122,2]
	[46681,2]
	[46738,3]
	[46740,3]
	[46748,6]
	[47232,2]
	[46767,2]
	[728,6]
	[46755,3]
	[46763,2]
	[46728,5]
	[46721,2]
	[46730,3]
	[46672,3]
	[46578,5]
	[475,2]
	[46573,3]
	[46576,2]
	[46548,6]
	[46526,2]
	[46995,1]
	[46534,2]
	[47009,1]
	[46572,4]
	[46567,2]
	[46619,2]
	[46618,6]
	[46604,4]
	[46770,3]
	[46765,2]
	[46759,3]
	[46762,1]
	[46758,4]
	[46664,3]
	[46653,1]
	[46655,5]
	[47102,1]
	[46609,3]
	[46598,3]
	[46608,1]
	[46495,4]
	[46509,2]
	[46952,2]
	[46488,6]
	[46521,6]
	[46519,6]
	[46535,4]
	[46541,3]
	[46579,1]
	[720,5]
	[46722,4]
	[46691,4]
	[46742,7]
	[46695,3]
	[46656,2]
	[46637,4]
	[46617,4]
	[46610,3]
	[46575,1]
	[46545,4]
	[46525,2]
	[46518,3]
	[46480,2]
	[46452,1]
	[46409,2]
	[46393,1]
	[46360,2]
	[46344,2]
	[46331,4]
	[46298,1]
	[46323,4]
	[46953,1]
	[46552,2]
	[46553,1]
	[46486,4]
	[46496,3]
	[46532,1]
	[46502,4]
	[46505,2]
	[46506,5]
	[711,4]
	[46394,2]
	[46335,1]
	[46311,4]
	[46306,2]
	[46315,2]
	[46804,3]
	[46803,3]
	[46318,1]
	[717,8]
	[46347,1]
	[46386,2]
	[46456,1]
	[46464,1]
	[46999,1]
	[46994,2]
	[46540,3]
	[46997,1]
	[46512,2]
	[46992,2]
	[46492,1]
	[46491,2]
	[46472,1]
	[46934,1]
	[46338,2]
	[46310,1]
	[46791,1]
	[46319,1]
	[46333,1]
	[46796,3]
	[46339,3]
	[46343,4]
	[46324,2]
	[46898,2]
	[46473,4]
	[46474,1]
	[46479,4]
	[46974,2]
	[46554,3]
	[714,5]
	[46580,5]
	[46583,2]
	[46584,3]
	[46926,1]
	[46449,1]
	[46463,1]
	[46371,1]
	[46805,4]
	[46332,1]
	[46346,3]
	[473,1]
	[46403,2]
	[46977,1]
	[47087,1]
	[46684,3]
	[46694,5]
	[46749,1]
	[46807,3]
	[46814,3]
	[47314,1]
	[47301,1]
	[46825,4]
	[46819,2]
	[46703,2]
	[46645,1]
	[46597,4]
	[46570,2]
	[47040,1]
	[46559,2]
	[46556,1]
	[46568,1]
	[46566,2]
	[46558,1]
	[46837,1]
	[46980,1]
	[47012,2]
	[47089,1]
	[47555,1]
	[47113,1]
	[47605,1]
	[47123,1]
	[47155,1]
	[47131,1]
	[48044,1]
	[48034,1]
	[47529,1]
	[48006,2]
	[47524,1]
	[47872,1]
	[47039,1]
	[48021,1]
	[48002,1]
	[47966,1]
	[47946,1]
	[47939,1]
	[47921,1]
	[47895,1]
	[47885,1]
	[47876,1]
	[48288,3]
	[47827,1]
	[48066,1]
	[48289,1]
	[48755,1]
	[48272,1]
	[48244,1]
	[47749,1]
	[47776,1]
	[48310,1]
	[48784,2]
	[48821,1]
	[48819,1]
	[48861,1]
	[48859,2]
	[48866,1]
	[48888,1]
	[48907,1]
	[48914,2]
	[48936,1]
	[49797,1]
	[49346,1]
	[49415,1]
	[49412,1]
	[49434,1]
	[49422,1]
	[49428,1]
	[49421,1]
	[49437,1]
	[49380,1]
	[49141,1]
	[48683,1]
	[48656,2]
	[852,3]
	[50163,1]
	[49712,1]
	[49700,1]
	[49691,1]
	[49664,1]
	[49652,1]
	[49655,1]
	[49017,1]
	[48982,1]
	[48928,1]
	[854,3]
	[49918,1]
	[50051,1]
	[50155,1]
	[50597,1]
	[49984,1]
	[49961,1]
	[49411,1]
	[49458,1]
	[49432,1]
	[49994,1]
	[50120,1]
	[50164,1]
	[50645,1]
	[51154,1]
	[50684,1]
	[50717,2]
	[50716,1]
	[50735,1]
	[50739,1]
	[50762,1]
	[50379,1]
	[50140,1]
	[50658,1]
	[50061,1]
	[50096,1]
	[50102,1]
	[850,2]
	[50133,1]
	[51177,1]
	[51176,1]
	[51227,1]
	[51226,1]
	[51705,1]
	[51220,1]
	[50456,1]
	[50441,1]
	[50434,1]
	[857,2]
	[50425,1]
	[51240,1]
	[51539,1]
	[51548,1]
	[51523,3]
	[51483,1]
	[51474,1]
	[50814,1]
	[50821,1]
	[50815,1]
	[50808,1]
	[50803,1]
	[50836,1]
	[50833,2]
	[50769,1]
	[50774,1]
	[50916,1]
	[51923,3]
	[51920,1]
	[51922,1]
	[51915,1]
	[51924,1]
	[51229,1]
	[847,2]
	[51250,1]
	[51280,1]
	[51295,1]
	[51355,1]
	[52040,1]
	[52364,1]
	[52458,1]
	[52492,1]
	[733,1]
	[52560,1]
	[52605,1]
	[52031,1]
	[51906,1]
	[51916,1]
	[52896,1]
	[53019,1]
	[53039,1]
	[52744,1]
	[52570,1]
	[52381,1]
	[856,1]
	[52405,1]
	[52339,1]
	[52302,1]
	[52282,1]
	[52230,1]
	[52947,1]
	[52758,1]
	[53307,1]
	[53308,1]
	[53301,1]
	[839,1]
	[52623,1]
	[52643,1]
	[52646,1]
	[52627,1]
	[53206,1]
	[52628,1]
	[53773,1]
	[53682,1]
	[53523,1]
	[53226,1]
	[53080,1]
	[53167,1]
	[53213,1]
	[53201,2]
	[53205,1]
	[865,3]
	[53370,1]
	[54026,1]
	[54375,1]
	[54401,1]
	[53756,1]
	[53724,1]
	[54291,1]
	[53750,1]
	[54296,1]
	[54317,1]
	[53745,1]
	[53717,1]
	[53725,1]
	[53931,1]
	[54462,1]
	[867,1]
	[54878,1]
	[54435,1]
	[54217,1]
	[54222,1]
	[54249,1]
	[54183,2]
	[54226,1]
	[54729,1]
	[54154,1]
	[54101,1]
	[54684,1]
	[54110,1]
	[54070,1]
	[54287,1]
	[54863,1]
	[2,1]
	[54425,1]
	[54997,1]
	[55009,1]
	[54427,1]
	[54974,1]
	[54446,1]
	[54443,1]
	[54460,1]
	[54421,1]
	[55036,1]
	[54479,1]
	[54772,2]
	[55264,1]
	[54928,1]
	[54945,1]
	[55504,1]
	[55540,1]
	[55077,1]
	[55556,1]
	[55697,1]
	[55409,1]
	[55426,1]
	[55414,1]
	[55395,1]
	[55381,1]
	[859,1]
	[55432,1]
	[55964,1]
	[55387,1]
	[55966,1]
	[55449,1]
	[55605,1]
	[55646,1]
	[55737,1]
	[55643,1]
	[55609,1]
	[55430,1]
	[55992,1]
	[55372,1]
	[55357,1]
	[55205,1]
	[55175,1]
	[55746,1]
	[55151,1]
	[54588,1]
	[814,1]
	[54594,1]
	[54565,1]
	[55157,1]
	[54570,1]
	[54610,1]
	[54562,1]
	[54577,1]
	[55154,1]
	[54589,1]
	[846,2]
	[55123,1]
	[54187,1]
	[54162,1]
	[54160,2]
	[54745,1]
	[54186,1]
	[54267,1]
	[54304,1]
	[54313,1]
	[54887,1]
	[54321,1]
	[54836,1]
	[54574,1]
	[53930,1]
	[53929,1]
	[53856,1]
	[53878,1]
	[863,1]
	[53882,1]
	[53858,1]
	[54563,1]
	[54189,1]
	[775,2]
	[53504,1]
	[53486,1]
	[855,2]
	[53333,1]
	[53343,1]
	[53277,1]
	[53253,1]
	[860,1]
	[53918,1]
	[702,1]
	[53271,1]
	[52763,1]
	[53328,1]
	[52727,1]
	[52730,1]
	[52729,1]
	[53143,1]
	[53902,1]
	[53434,1]
	[53466,1]
	[52399,1]
	[52490,1]
	[52477,1]
	[52478,1]
	[52686,1]
	[52109,1]
	[52088,1]
	[52089,1]
	[52078,1]
	[52072,1]
	[53170,1]
	[52698,3]
	[52697,1]
	[52713,1]
	[52688,1]
	[52389,1]
	[52175,1]
	[52010,1]
	[51390,2]
	[51965,1]
	[52096,1]
	[52091,1]
	[52099,1]
	[52522,1]
	[51839,1]
	[51698,2]
	[50976,1]
	[50931,1]
	[50942,1]
	[843,1]
	[51681,1]
	[51359,1]
	[50603,1]
	[50617,1]
	[51173,1]
	[50837,1]
	[51372,1]
	[51358,1]
	[51381,1]
	[51367,1]
	[51356,1]
	[50786,1]
	[50596,1]
	[50825,1]
	[50265,1]
	[50300,1]
	[50276,1]
	[50273,1]
	[50849,1]
	[50799,1]
	[49634,1]
	[49640,1]
	[49682,1]
	[49886,1]
	[50213,1]
	[50211,1]
	[50210,1]
	[50199,1]
	[50216,1]
	[50205,1]
	[50186,1]
	[49881,1]
	[49882,1]
	[49170,1]
	[49136,1]
	[50325,1]
	[49894,1]
	[49900,1]
	[49924,1]
	[49950,1]
	[50055,1]
	[749,1]
	[49183,1]
	[49741,1]
	[49737,1]
	[49720,1]
	[49690,1]
	[49689,1]
	[49673,1]
	[49641,1]
	[49577,1]
	[49145,1]
	[48559,1]
	[48611,1]
	[49746,1]
	[49296,1]
	[49307,1]
	[49239,1]
	[49213,1]
	[49162,1]
	[48516,1]
	[48461,1]
	[48594,1]
	[48587,1]
	[48586,1]
	[48568,1]
	[48548,1]
	[48553,1]
	[48247,1]
	[48103,1]
	[704,1]
	[48201,1]
	[48206,1]
	[48235,1]
	[48249,1]
	[48245,1]
	[48155,1]
	[48158,1]
	[47590,1]
	[47913,1]
	[47915,1]
	[48392,1]
	[47925,1]
	[47935,1]
	[48387,1]
	[47940,1]
	[47167,1]
	[47071,1]
	[47593,1]
	[47188,1]
	[47430,1]
	[47437,1]
	[47431,1]
	[47370,1]
	[47266,1]
	[46868,1]
	[46883,1]
	[47373,2]
	[46876,1]
	[46873,1]
	[46874,1]
	[46882,1]
	[46646,1]
	[46693,3]
	[46725,2]
	[46750,4]
	[46744,2]
	[46757,1]
	[46810,3]
	[46816,3]
	[46828,2]
	[46817,3]
	[46831,3]
	[46843,1]
	[46853,1]
	[46846,1]
	[46813,1]
	[46806,2]
	[47270,1]
	[47250,2]
	[46697,2]
	[46638,2]
	[46640,1]
	[46628,1]
	[46591,3]
	[47049,1]
	[48499,1]
	[46613,3]
	[46602,1]
	[46621,3]
	[46629,1]
	[46626,2]
	[47101,1]
	[47091,1]
	[46660,1]
	[731,2]
	[46727,2]
	[46775,2]
	[46772,1]
	[47267,1]
	[46785,1]
	[47278,1]
	[46820,2]
	[46823,4]
	[47271,1]
	[46811,2]
	[46824,4]
	[47190,1]
	[46688,1]
	[47099,1]
	[46603,2]
	[47083,1]
	[46607,2]
	[47073,1]
	[46593,2]
	[47218,2]
	[47228,1]
	[46783,2]
	[47282,1]
	[47280,1]
	[46782,3]
	[46760,1]
	[46769,1]
	[46778,2]
	[46800,1]
	[46809,1]
	[46822,1]
	[46812,2]
	[46793,4]
	[46658,1]
	[47085,1]
	[47086,1]
	[46589,3]
	[46585,2]
	[730,2]
	[46686,2]
	[46747,3]
	[46780,1]
	[47253,1]
	[47261,1]
	[46784,1]
	[46720,2]
	[701,2]
	[46582,1]
	[47111,1]
	[47074,1]
	[47104,1]
	[46680,2]
	[46833,2]
	[47300,1]
	[46564,3]
	[46557,3]
	[47020,1]
	[46457,1]
	[46299,1]
	[46773,1]
	[46296,2]
	[46316,1]
	[46313,1]
	[46353,1]
	[46375,1]
	[46404,2]
	[46437,1]
	[46940,3]
	[46950,1]
	[46546,3]
	[46523,1]
	[46517,3]
	[46971,1]
	[46475,1]
	[46368,1]
	[46317,1]
	[46382,2]
	[46354,4]
	[46320,1]
	[46797,1]
	[46284,1]
	[46581,1]
	[46574,1]
	[47079,2]
	[46560,1]
	[46469,1]
	[46453,1]
	[46273,1]
	[46314,1]
	[46326,1]
	[46886,1]
	[46490,1]
	[46507,2]
	[46970,1]
	[46972,1]
	[46466,2]
	[46454,1]
	[46879,1]
	[46390,1]
	[46327,1]
	[46483,3]
	[46536,2]
	[47093,1]
	[46648,2]
	[47182,1]
	[47193,2]
	[46682,2]
	[47173,1]
	[47189,1]
	[46555,1]
	[46993,1]
	[47036,1]
	[46565,2]
	[46596,2]
	[46595,1]
	[47117,1]
	[47227,2]
	[47222,1]
	[46679,1]
	[46677,2]
	[46599,1]
	[46515,2]
	[47027,1]
	[47004,1]
	[46983,1]
	[46511,1]
	[47063,1]
	[46639,1]
	[46642,2]
	[47160,1]
	[46751,2]
	[46771,1]
	[47241,2]
	[46696,1]
	[46663,1]
	[46659,1]
	[46685,1]
	[732,1]
	[46470,1]
	[46467,2]
	[46465,1]
	[46487,2]
	[47038,1]
	[46606,1]
	[46631,1]
	[46644,1]
	[46726,1]
	[46713,2]
	[46764,1]
	[47251,1]
	[46622,1]
	[46508,2]
	[46959,1]
	[46975,1]
	[694,1]
	[46955,1]
	[46461,1]
	[46431,1]
	[46405,1]
	[46795,1]
	[46787,1]
	[46268,1]
	[818,1]
	[46985,1]
	[47224,1]
	[47229,1]
	[47298,1]
	[47380,1]
	[47871,1]
	[47864,1]
	[47068,1]
	[46954,1]
	[47002,1]
	[47234,1]
	[845,1]
	[752,1]
	[47849,1]
	[47836,1]
	[48329,1]
	[48333,1]
	[47838,1]
	[47853,1]
	[47878,1]
	[47879,1]
	[47737,1]
	[767,1]
	[47135,1]
	[47521,1]
	[48427,1]
	[48251,1]
	[48200,1]
	[48131,1]
	[48617,1]
	[48138,1]
	[48143,1]
	[48616,1]
	[48136,1]
	[47975,1]
	[47936,1]
	[820,1]
	[48574,1]
	[48571,1]
	[48576,1]
	[49041,1]
	[48555,1]
	[49066,1]
	[48126,1]
	[48378,1]
	[48646,1]
	[49149,1]
	[49622,1]
	[49155,1]
	[49180,1]
	[49202,1]
	[49204,1]
	[48958,1]
	[1107981,1]
	[6288560,1]
	[304976,1]
	[255440,1]
	[306777,1]
	[2613303,1]

1844,
	[2,373]
	[26,17]
	[27,15]
	[42,110]
	[132,1]
	[39,30]
	[4,3]
	[25,7]
	[41,57]
	[43,148]
	[108,9]
	[44,63]
	[40,42]
	[13,3]
	[28,6]
	[106,5]
	[59,1]
	[15,1]
	[14,2]
	[17,3]
	[24,1]
	[148,3]
	[234,1]
	[45,8]
	[149,7]
	[230,1]
	[159,1]
	[12,5]
	[216,1]
	[233,1]
	[235,1]
	[172,1]
	[38,7]
	[109,4]
	[29,3]
	[64,12]
	[65,10]
	[232,1]
	[236,1]
	[195,1]
	[66,11]
	[112,1]
	[154,1]
	[67,4]
	[105,2]
	[115,1]
	[194,1]
	[190,2]
	[104,2]
	[103,1]
	[156,2]
	[22,1]
	[31,1]
	[35,1]
	[36,1]
	[8,1]
	[111,1]
	[157,1]
	[37,4]
	[21,1]
	[73,2]
	[3,1]
	[136,1]
	[23,2]
	[32,1]
	[5,1]
	[85,1]
	[9,1]
	[81,1]
	[145,1]
	[52,1]
	[10,2]
	[19,1]
	[147,2]
	[34,1]
	[20,1]
	[68,2]
	[69,1]
	[206,1]
	[152,1]
	[150,1]
	[107,4]
	[191,1]
	[193,1]
	[151,1]
	[227,2]
	[72,1]
	[163,1]
	[543,1]
	[231,1]
	[188,1]

1824,
	[4,399]
	[284,36]
	[265,2]
	[2,466]
	[1,17]
	[270,7]
	[224,19]
	[285,39]
	[12,28]
	[271,6]
	[227,30]
	[286,25]
	[246,10]
	[5,28]
	[281,19]
	[282,20]
	[280,12]
	[288,7]
	[226,30]
	[245,19]
	[244,40]
	[14,29]
	[247,7]
	[260,1]
	[279,16]
	[850,1]
	[287,30]
	[283,33]
	[230,39]
	[278,6]
	[225,15]
	[289,5]
	[290,8]
	[8,32]
	[240,168]
	[243,74]
	[235,107]
	[6,27]
	[11,29]
	[277,2]
	[841,1]
	[233,74]
	[3,60]
	[266,4]
	[241,149]
	[238,172]
	[539,1]
	[237,159]
	[231,44]
	[234,75]
	[13,20]
	[570,1]
	[272,6]
	[9,34]
	[236,126]
	[487,1]
	[10,39]
	[16,22]
	[239,146]
	[273,5]
	[267,3]
	[15,15]
	[216,2]
	[223,13]
	[291,4]
	[268,4]
	[242,118]
	[721,1]
	[232,54]
	[276,4]
	[229,38]
	[252,2]
	[251,4]
	[7,36]
	[475,2]
	[228,28]
	[220,5]
	[18,4]
	[486,2]
	[472,2]
	[222,10]
	[474,2]
	[485,1]
	[499,1]
	[725,1]
	[218,4]
	[479,3]
	[17,6]
	[480,2]
	[221,6]
	[250,2]
	[275,7]
	[529,1]
	[481,2]
	[853,1]
	[269,4]
	[467,1]
	[569,1]
	[263,2]
	[255,1]
	[292,1]
	[261,2]
	[264,2]
	[274,3]
	[561,1]
	[258,3]
	[706,1]
	[477,2]
	[262,1]
	[722,1]
	[470,1]
	[248,1]
	[482,1]
	[718,1]
	[708,1]
	[730,1]
	[476,1]
	[217,1]
	[466,1]
	[744,1]
	[478,1]
	[-4370,8]

1820,
	[17,2]
	[18,1]
	[35,1]
	[31,1]
	[34,1]
	[16,1]
	[32,1]
	[22,1]
	[21,1]
	[25,1]

1948,
	[250,488]
	[247,236]
	[249,414]
	[248,331]
	[252,575]
	[255,227]
	[253,491]
	[251,523]
	[243,60]
	[221,24]
	[245,133]
	[246,185]
	[737,1]
	[244,67]
	[254,328]
	[1,565]
	[238,20]
	[201,1201]
	[199,557]
	[48277,2]
	[202,1712]
	[203,1832]
	[204,2234]
	[206,2359]
	[200,822]
	[47743,1]
	[47769,2]
	[47758,1]
	[47755,1]
	[48280,1]
	[257,50]
	[228,11]
	[47830,1]
	[256,113]
	[48354,1]
	[48367,1]
	[47903,1]
	[235,19]
	[236,22]
	[240,24]
	[242,40]
	[241,23]
	[47848,1]
	[205,2289]
	[47718,1]
	[208,1836]
	[209,1125]
	[210,692]
	[198,339]
	[47055,1]
	[47083,1]
	[226,12]
	[258,26]
	[47060,1]
	[47064,1]
	[259,8]
	[47088,1]
	[47066,1]
	[230,25]
	[225,14]
	[231,18]
	[237,13]
	[207,1971]
	[197,203]
	[46563,1]
	[46159,1]
	[222,24]
	[229,16]
	[232,11]
	[45928,3]
	[45924,1]
	[46333,1]
	[212,146]
	[211,465]
	[605,6]
	[45210,1]
	[45215,1]
	[45217,1]
	[45199,1]
	[216,13]
	[214,20]
	[219,12]
	[223,24]
	[227,8]
	[45003,1]
	[44983,2]
	[44987,1]
	[44979,1]
	[45409,1]
	[196,98]
	[44317,1]
	[44296,1]
	[44794,1]
	[44315,1]
	[44273,1]
	[44299,1]
	[44297,1]
	[213,68]
	[217,20]
	[218,17]
	[220,14]
	[44059,1]
	[626,5]
	[44061,1]
	[44470,1]
	[44051,1]
	[195,47]
	[43780,1]
	[43717,1]
	[43314,2]
	[43318,1]
	[43333,1]
	[43262,1]
	[615,12]
	[43122,1]
	[616,10]
	[43103,1]
	[43112,2]
	[43126,1]
	[43142,1]
	[43141,1]
	[42901,1]
	[42651,1]
	[42562,1]
	[42464,1]
	[42423,1]
	[42155,1]
	[42141,2]
	[42139,1]
	[624,5]
	[42094,1]
	[42095,1]
	[42495,1]
	[610,10]
	[608,9]
	[42050,1]
	[41283,1]
	[41099,4]
	[41091,2]
	[613,13]
	[41508,1]
	[41494,1]
	[40684,1]
	[40253,1]
	[40273,3]
	[40313,2]
	[40717,1]
	[40306,1]
	[40304,1]
	[40371,1]
	[40384,1]
	[40771,1]
	[40387,1]
	[40393,1]
	[609,6]
	[617,11]
	[40299,1]
	[40272,2]
	[39877,2]
	[39878,3]
	[40287,1]
	[39889,3]
	[39880,4]
	[39876,7]
	[40259,1]
	[40300,2]
	[40305,1]
	[39887,4]
	[39906,6]
	[39931,5]
	[39932,6]
	[40323,1]
	[39912,6]
	[39918,6]
	[39923,6]
	[39930,7]
	[40333,1]
	[39921,10]
	[39925,7]
	[39936,6]
	[39946,1]
	[194,9]
	[39928,7]
	[39942,3]
	[39937,2]
	[625,6]
	[40325,2]
	[39935,4]
	[39907,3]
	[611,13]
	[215,24]
	[39920,11]
	[39914,6]
	[40321,1]
	[39910,11]
	[39915,5]
	[39899,9]
	[39916,8]
	[39929,4]
	[40330,1]
	[39908,7]
	[39893,2]
	[39847,4]
	[39849,4]
	[39832,3]
	[40205,1]
	[39754,2]
	[39763,1]
	[39701,2]
	[39688,1]
	[39737,3]
	[39736,3]
	[40140,1]
	[39742,2]
	[40141,2]
	[623,3]
	[40121,2]
	[39709,3]
	[40142,2]
	[39753,1]
	[39747,1]
	[620,11]
	[39773,1]
	[39806,5]
	[39796,2]
	[39898,5]
	[40296,2]
	[39934,4]
	[618,6]
	[39922,9]
	[39895,3]
	[40320,3]
	[39902,9]
	[39911,6]
	[39924,4]
	[39904,6]
	[39933,3]
	[603,9]
	[39913,2]
	[39926,4]
	[40319,5]
	[39882,4]
	[39896,3]
	[40310,1]
	[39881,2]
	[39886,3]
	[632,1]
	[612,10]
	[39854,1]
	[39852,2]
	[39811,1]
	[39812,4]
	[39762,1]
	[39745,2]
	[40105,2]
	[40116,2]
	[39703,2]
	[39696,2]
	[39690,3]
	[40084,3]
	[39800,2]
	[39786,2]
	[39788,4]
	[39825,2]
	[39824,4]
	[622,4]
	[39874,2]
	[40302,2]
	[40332,1]
	[40286,1]
	[614,11]
	[39879,1]
	[40318,1]
	[39905,7]
	[592,1]
	[39927,4]
	[40335,1]
	[39919,3]
	[39939,2]
	[40349,1]
	[40329,2]
	[39917,3]
	[40343,1]
	[39801,2]
	[39798,1]
	[39728,1]
	[39714,3]
	[40131,1]
	[39724,3]
	[39727,3]
	[39729,4]
	[40134,1]
	[39720,1]
	[39725,3]
	[39721,1]
	[39710,2]
	[39716,2]
	[39687,2]
	[39682,2]
	[39764,1]
	[39771,2]
	[40199,1]
	[40221,1]
	[40251,1]
	[40242,1]
	[39839,2]
	[39865,1]
	[39868,3]
	[39892,4]
	[40301,2]
	[39860,2]
	[40270,2]
	[39803,3]
	[39752,2]
	[39735,1]
	[40167,1]
	[39758,1]
	[39744,1]
	[40163,1]
	[39702,3]
	[39689,2]
	[39679,1]
	[39681,3]
	[39691,2]
	[39678,1]
	[40078,5]
	[39705,1]
	[39699,1]
	[39686,3]
	[40149,1]
	[40126,2]
	[39718,3]
	[39700,1]
	[39711,2]
	[39719,1]
	[40120,2]
	[39723,3]
	[39708,1]
	[39704,1]
	[39684,1]
	[40074,2]
	[39717,2]
	[39804,4]
	[39795,2]
	[39826,2]
	[39835,4]
	[39857,3]
	[39844,2]
	[39843,1]
	[39856,1]
	[414,1]
	[39862,1]
	[39863,4]
	[39969,1]
	[39978,2]
	[40407,1]
	[40006,2]
	[40010,3]
	[40263,2]
	[40271,2]
	[40265,1]
	[621,6]
	[40274,1]
	[40324,1]
	[41082,1]
	[41223,1]
	[41233,1]
	[41637,1]
	[41224,1]
	[630,3]
	[41799,1]
	[41887,1]
	[41885,1]
	[42133,1]
	[42125,1]
	[42532,3]
	[42146,2]
	[42138,1]
	[42134,1]
	[42123,2]
	[604,3]
	[42550,1]
	[224,19]
	[42886,1]
	[42397,1]
	[42377,1]
	[43024,1]
	[43035,1]
	[43021,1]
	[43037,1]
	[234,17]
	[43259,1]
	[43763,1]
	[744,2]
	[43510,1]
	[44000,1]
	[43986,1]
	[44374,1]
	[43977,1]
	[43981,1]
	[43972,1]
	[44143,1]
	[711,1]
	[239,7]
	[44225,1]
	[763,2]
	[44230,1]
	[44218,1]
	[44249,1]
	[44522,1]
	[44889,1]
	[44833,1]
	[44812,2]
	[44815,1]
	[44959,1]
	[727,1]
	[44999,1]
	[44930,1]
	[45787,1]
	[46283,1]
	[45834,1]
	[45849,1]
	[46336,1]
	[45832,1]
	[45820,1]
	[45827,1]
	[46523,1]
	[46525,1]
	[46521,1]
	[46548,1]
	[46586,1]
	[46631,1]
	[46808,2]
	[46860,1]
	[46881,1]
	[46879,1]
	[46878,1]
	[751,4]
	[47395,1]
	[47410,1]
	[46948,1]
	[46952,1]
	[46962,1]
	[47592,1]
	[47701,1]
	[47893,1]
	[48600,1]
	[48607,1]
	[48595,1]
	[48599,1]
	[260,2]
	[48585,1]
	[48583,1]
	[48262,1]
	[48264,1]
	[48248,1]
	[757,2]
	[48279,2]
	[48781,1]
	[48762,1]
	[48266,1]
	[48268,1]
	[48171,1]
	[48148,1]
	[48143,1]
	[47345,1]
	[739,1]
	[47349,1]
	[47856,1]
	[47333,1]
	[47331,1]
	[47339,2]
	[47839,1]
	[47317,1]
	[47340,1]
	[47185,1]
	[46573,1]
	[46388,1]
	[46426,1]
	[46933,1]
	[46600,1]
	[46608,1]
	[45520,1]
	[45515,1]
	[45510,1]
	[755,2]
	[45961,1]
	[754,1]
	[45314,1]
	[45179,1]
	[45173,1]
	[45127,1]
	[45129,1]
	[44759,1]
	[44615,1]
	[44420,1]
	[44430,1]
	[44869,1]
	[44620,1]
	[44171,1]
	[44180,1]
	[44184,1]
	[43604,1]
	[44023,1]
	[43555,1]
	[43566,1]
	[43994,1]
	[43374,1]
	[43404,1]
	[43469,1]
	[42936,1]
	[708,1]
	[42542,1]
	[42530,1]
	[42526,1]
	[42527,1]
	[42512,1]
	[42514,1]
	[42505,1]
	[41567,1]
	[41135,1]
	[41134,1]
	[40793,1]
	[40745,1]
	[40669,1]
	[40681,2]
	[40665,1]
	[40677,1]
	[40682,1]
	[41081,1]
	[40192,1]
	[40525,2]
	[40110,2]
	[40123,1]
	[40119,1]
	[40108,1]
	[40128,1]
	[40112,3]
	[40127,1]
	[40111,2]
	[40066,10]
	[40071,1]
	[40069,4]
	[40060,7]
	[40082,2]
	[40077,4]
	[40479,1]
	[40478,1]
	[40054,4]
	[40419,4]
	[39959,2]
	[39948,1]
	[40258,1]
	[39853,3]
	[40267,1]
	[39841,3]
	[39840,2]
	[39842,1]
	[40262,1]
	[39821,2]
	[40245,1]
	[39837,1]
	[39833,3]
	[39864,2]
	[39897,3]
	[40307,1]
	[39980,1]
	[39990,2]
	[40075,2]
	[40486,1]
	[40050,5]
	[40497,2]
	[40488,2]
	[40070,3]
	[40091,4]
	[40088,2]
	[40083,4]
	[606,5]
	[40047,4]
	[40025,2]
	[40002,2]
	[40011,3]
	[40014,2]
	[40018,2]
	[40015,3]
	[40416,1]
	[40009,4]
	[40048,6]
	[415,1]
	[40043,5]
	[40038,5]
	[40030,1]
	[40033,1]
	[40042,5]
	[40040,3]
	[40044,6]
	[40036,6]
	[629,3]
	[40462,3]
	[40045,4]
	[40456,3]
	[40041,4]
	[40445,1]
	[40031,3]
	[40003,2]
	[39975,1]
	[39972,1]
	[39964,1]
	[39951,1]
	[39938,2]
	[607,7]
	[39827,3]
	[39834,2]
	[39850,2]
	[619,8]
	[39820,2]
	[39845,1]
	[39848,3]
	[39855,1]
	[40279,2]
	[602,4]
	[39861,2]
	[39822,2]
	[39817,3]
	[40228,1]
	[39810,2]
	[39791,1]
	[39794,2]
	[39789,1]
	[39792,2]
	[39785,2]
	[39783,3]
	[39816,3]
	[39805,1]
	[39815,2]
	[39781,2]
	[39765,1]
	[39778,3]
	[39775,2]
	[39776,2]
	[39780,3]
	[39846,1]
	[40016,3]
	[40432,2]
	[627,1]
	[40099,3]
	[40491,2]
	[40433,1]
	[40000,2]
	[40388,1]
	[39875,3]
	[39866,1]
	[39872,1]
	[39858,1]
	[40266,2]
	[40269,1]
	[39873,2]
	[40315,1]
	[39953,2]
	[40056,5]
	[40064,5]
	[40079,4]
	[40106,2]
	[40104,1]
	[40521,1]
	[40092,5]
	[40096,3]
	[40101,2]
	[40087,4]
	[40098,1]
	[40485,2]
	[40093,3]
	[40095,2]
	[40490,1]
	[40094,3]
	[40081,2]
	[40089,3]
	[40501,1]
	[40097,1]
	[40502,2]
	[40049,2]
	[40057,2]
	[40052,5]
	[40076,4]
	[40061,4]
	[40019,3]
	[39977,1]
	[39891,2]
	[40314,2]
	[39900,4]
	[39962,1]
	[39979,2]
	[40090,1]
	[40107,1]
	[40503,1]
	[631,2]
	[40100,1]
	[40086,1]
	[40062,1]
	[40046,3]
	[40053,4]
	[40475,2]
	[40504,1]
	[40250,1]
	[40726,1]
	[40731,1]
	[40336,1]
	[40328,2]
	[40389,1]
	[41092,2]
	[41100,1]
	[41086,1]
	[41096,1]
	[41259,1]
	[41317,1]
	[41893,1]
	[41990,1]
	[42388,1]
	[41974,1]
	[41960,1]
	[41966,1]
	[41928,1]
	[41932,3]
	[41895,1]
	[42281,1]
	[41857,1]
	[42061,1]
	[42056,1]
	[42707,1]
	[42704,1]
	[42709,1]
	[42710,1]
	[42700,1]
	[43109,1]
	[42702,2]
	[43120,1]
	[42715,1]
	[42717,1]
	[43153,1]
	[42838,1]
	[42945,1]
	[723,1]
	[750,2]
	[43445,1]
	[43436,1]
	[743,2]
	[43313,1]
	[43680,1]
	[43697,1]
	[44102,1]
	[43818,1]
	[43842,1]
	[44006,1]
	[758,2]
	[44480,1]
	[44656,1]
	[44752,1]
	[44980,1]
	[44986,1]
	[44993,1]
	[44992,1]
	[45704,1]
	[673,1]
	[45817,1]
	[45923,1]
	[45922,1]
	[45915,1]
	[261,2]
	[45929,1]
	[45894,1]
	[45948,2]
	[746,1]
	[46433,1]
	[46625,1]
	[46616,1]
	[233,7]
	[680,1]
	[46855,1]
	[46835,1]
	[47343,1]
	[46832,1]
	[46813,1]
	[46829,1]
	[47538,1]
	[48286,1]
	[47771,1]
	[48276,1]
	[47787,1]
	[47767,1]
	[47778,1]
	[48546,1]
	[742,1]
	[48687,1]
	[49185,1]
	[48699,1]
	[748,4]
	[756,2]
	[48667,1]
	[48659,1]
	[49134,1]
	[637,1]
	[48388,1]
	[48886,1]
	[48366,1]
	[48357,2]
	[48847,1]
	[48345,1]
	[48344,1]
	[48843,1]
	[753,3]
	[48311,1]
	[48288,1]
	[48289,1]
	[48291,1]
	[48271,1]
	[745,1]
	[47379,1]
	[47363,2]
	[47382,1]
	[47388,1]
	[47387,1]
	[47854,1]
	[47405,1]
	[47408,1]
	[47406,1]
	[47348,1]
	[47291,1]
	[47172,1]
	[46801,1]
	[46414,1]
	[46454,1]
	[46472,1]
	[46448,1]
	[46478,1]
	[47000,1]
	[46538,1]
	[47072,1]
	[46395,1]
	[46387,1]
	[46397,1]
	[45734,1]
	[46254,1]
	[46252,1]
	[45744,1]
	[45748,1]
	[45731,1]
	[45493,1]
	[45481,1]
	[45483,1]
	[45500,1]
	[45724,1]
	[44775,2]
	[44758,1]
	[44764,1]
	[45079,2]
	[675,1]
	[660,1]
	[44952,1]
	[44534,1]
	[44537,2]
	[44540,1]
	[44539,1]
	[44380,1]
	[43884,1]
	[655,1]
	[43655,1]
	[43640,1]
	[44052,1]
	[44062,1]
	[43636,1]
	[43650,1]
	[44046,1]
	[42959,1]
	[42937,1]
	[43437,1]
	[43111,1]
	[42701,1]
	[42066,1]
	[42075,1]
	[42080,1]
	[41925,1]
	[41842,1]
	[41851,1]
	[41821,1]
	[41611,1]
	[41290,1]
	[41256,1]
	[40758,1]
	[40767,1]
	[40763,1]
	[40762,1]
	[600,3]
	[39692,1]
	[39597,1]
	[39595,1]
	[39567,1]
	[39602,1]
	[39749,1]
	[39743,1]
	[40190,1]
	[40218,2]
	[39779,1]
	[39766,1]
	[40172,1]
	[39808,1]
	[39830,1]
	[39813,3]
	[40239,1]
	[40207,1]
	[39818,1]
	[40219,1]
	[40203,1]
	[40247,2]
	[40034,2]
	[40012,2]
	[40427,1]
	[601,1]
	[40412,1]
	[39957,2]
	[39828,1]
	[40303,1]
	[39884,1]
	[39870,1]
	[39885,1]
	[40285,2]
	[39883,1]
	[40290,1]
	[39960,1]
	[40029,3]
	[40072,3]
	[40455,2]
	[40065,3]
	[40022,1]
	[40020,2]
	[40021,3]
	[40028,3]
	[40443,1]
	[40444,1]
	[40032,3]
	[40035,2]
	[40024,2]
	[40442,1]
	[40448,1]
	[40058,5]
	[40051,4]
	[40067,1]
	[40481,2]
	[40063,4]
	[40476,2]
	[40459,1]
	[40005,1]
	[39954,1]
	[40252,1]
	[39851,2]
	[39829,1]
	[40359,1]
	[39988,2]
	[40222,1]
	[40394,1]
	[39999,2]
	[40406,1]
	[40498,1]
	[599,3]
	[40467,2]
	[40471,3]
	[40055,1]
	[40457,1]
	[40026,1]
	[40039,2]
	[40380,1]
	[40375,1]
	[40374,1]
	[39961,1]
	[40232,1]
	[39869,1]
	[39871,1]
	[39958,1]
	[40001,1]
	[40059,1]
	[40007,1]
	[40027,1]
	[40037,2]
	[40477,1]
	[40469,1]
	[40458,1]
	[40451,1]
	[40484,1]
	[40463,1]
	[40264,1]
	[40428,1]
	[40449,1]
	[40417,1]
	[39991,1]
	[40377,1]
	[39941,1]
	[39909,4]
	[39890,1]
	[40229,1]
	[39799,1]
	[40209,2]
	[40334,1]
	[40710,1]
	[40721,1]
	[40720,1]
	[40757,1]
	[40831,1]
	[40832,1]
	[40834,1]
	[40855,1]
	[40887,1]
	[41623,1]
	[41106,1]
	[762,1]
	[41778,1]
	[41771,1]
	[628,1]
	[41791,2]
	[41800,2]
	[41797,1]
	[42017,1]
	[42372,1]
	[43158,1]
	[42732,2]
	[42739,1]
	[42749,1]
	[42808,1]
	[42867,1]
	[43411,1]
	[42981,1]
	[42985,1]
	[43449,1]
	[43553,1]
	[43646,1]
	[43664,1]
	[43644,1]
	[44068,1]
	[43773,1]
	[43887,1]
	[43885,1]
	[43876,1]
	[44970,1]
	[44566,1]
	[44562,2]
	[44568,1]
	[44563,1]
	[44564,2]
	[44718,1]
	[44799,1]
	[44804,1]
	[45290,1]
	[44802,1]
	[45320,1]
	[764,1]
	[760,2]
	[706,1]
	[45476,1]
	[45471,1]
	[45606,1]
	[45692,1]
	[45683,1]
	[45686,1]
	[45707,2]
	[46205,1]
	[752,1]
	[46595,1]
	[46363,1]
	[46323,1]
	[46427,1]
	[46445,1]
	[46937,1]
	[749,1]
	[46406,1]
	[46123,1]
	[46518,1]
	[46810,1]
	[46806,1]
	[47028,1]
	[47035,1]
	[47032,1]
	[47030,1]
	[47050,1]
	[47536,1]
	[47018,1]
	[47026,1]
	[47003,1]
	[47521,1]
	[47478,1]
	[47686,1]
	[47698,1]
	[47900,1]
	[47983,1]
	[48006,1]
	[48025,1]
	[48022,1]
	[48527,1]
	[48062,1]
	[48676,1]
	[48328,2]
	[48335,1]
	[48352,1]
	[48338,1]
	[48320,1]
	[48853,1]
	[47914,1]
	[47447,1]
	[47416,2]
	[47913,2]
	[47889,1]
	[47413,1]
	[47791,1]
	[46876,1]
	[47278,1]
	[46501,1]
	[46515,1]
	[46519,1]
	[46533,1]
	[46550,1]
	[46541,1]
	[47099,1]
	[46593,1]
	[46585,1]
	[46389,1]
	[46814,1]
	[45790,1]
	[45719,1]
	[45715,1]
	[46224,1]
	[735,1]
	[45599,1]
	[45526,1]
	[45536,1]
	[45517,1]
	[734,1]
	[45337,1]
	[44823,1]
	[44826,1]
	[44810,1]
	[44801,1]
	[44806,1]
	[44594,1]
	[44592,1]
	[44572,1]
	[44406,1]
	[44409,1]
	[43989,1]
	[44365,1]
	[44364,1]
	[43855,1]
	[44348,1]
	[43837,1]
	[43828,1]
	[43807,1]
	[43592,1]
	[43580,1]
	[43556,1]
	[43524,1]
	[43323,1]
	[42814,1]
	[42695,1]
	[42568,1]
	[42560,1]
	[42581,1]
	[42941,1]
	[42931,1]
	[42534,1]
	[42523,1]
	[42544,1]
	[42961,1]
	[42954,1]
	[41958,1]
	[41881,1]
	[41760,1]
	[41751,1]
	[41765,1]
	[41762,1]
	[41761,1]
	[41813,1]
	[41805,1]
	[41794,1]
	[41094,1]
	[41060,1]
	[41479,1]
	[40901,1]
	[40899,1]
	[40895,1]
	[40896,1]
	[40146,1]
	[40165,1]
	[40166,1]
	[40187,1]
	[40587,1]
	[40179,2]
	[40364,1]
	[39947,1]
	[40360,1]
	[598,1]
	[39901,1]
	[40317,2]
	[39807,1]
	[39793,2]
	[39787,2]
	[39768,1]
	[589,1]
	[39739,1]
	[39732,1]
	[40152,1]
	[39859,1]
	[39888,1]
	[40311,1]
	[40309,1]
	[40342,2]
	[39944,1]
	[39945,1]
	[40210,1]
	[39772,1]
	[39750,1]
	[39733,1]
	[39665,1]
	[39683,1]
	[39693,1]
	[40196,1]
	[40322,1]
	[39894,1]

1964,
	[2,401]
	[17,1]
	[38,15]
	[37,4]
	[33,6]
	[43,113]
	[16,1]
	[36,24]
	[44,59]
	[40,50]
	[116,2]
	[42,86]
	[7,4]
	[41,65]
	[78,2]
	[19,3]
	[34,18]
	[39,22]
	[35,15]
	[115,5]
	[76,6]
	[75,9]
	[158,5]
	[199,2]
	[74,10]
	[194,1]
	[45,11]
	[114,5]
	[70,1]
	[118,1]
	[73,5]
	[153,1]
	[6,1]
	[159,3]
	[63,1]
	[14,1]
	[15,2]
	[28,2]
	[12,1]
	[157,4]
	[160,2]
	[124,1]
	[71,6]
	[155,3]
	[154,2]
	[112,1]
	[111,1]
	[72,3]
	[117,1]
	[99,1]
	[13,3]
	[29,1]
	[56,1]
	[170,1]
	[93,1]
	[22,2]
	[5,1]
	[26,2]
	[30,2]
	[156,2]
	[77,2]
	[210,1]
	[21,1]
	[23,1]
	[67,1]
	[4,1]
	[3,1]
	[24,1]
	[85,1]

1944,
	[253,15]
	[2,423]
	[4,453]
	[256,7]
	[241,11]
	[244,9]
	[246,9]
	[185,3]
	[247,18]
	[251,38]
	[1,16]
	[248,17]
	[192,22]
	[250,29]
	[254,17]
	[245,8]
	[193,23]
	[6,34]
	[1250,1]
	[199,58]
	[209,63]
	[10,18]
	[249,26]
	[232,1]
	[206,127]
	[208,89]
	[203,119]
	[255,10]
	[12,28]
	[252,24]
	[240,6]
	[225,1]
	[207,107]
	[187,9]
	[205,136]
	[8,18]
	[3,43]
	[197,37]
	[414,4]
	[191,22]
	[242,6]
	[212,6]
	[198,40]
	[195,24]
	[189,15]
	[200,56]
	[9,24]
	[201,75]
	[204,108]
	[625,1]
	[992,1]
	[243,10]
	[196,17]
	[202,89]
	[211,19]
	[16,22]
	[613,1]
	[403,2]
	[5,24]
	[194,24]
	[213,3]
	[13,26]
	[399,1]
	[812,1]
	[810,1]
	[11,17]
	[188,9]
	[1030,2]
	[409,4]
	[190,14]
	[806,2]
	[7,29]
	[210,23]
	[1015,2]
	[15,15]
	[14,18]
	[1000,1]
	[628,1]
	[17,6]
	[392,1]
	[820,1]
	[218,2]
	[229,2]
	[228,1]
	[236,2]
	[405,1]
	[408,1]
	[231,3]
	[1199,1]
	[238,5]
	[239,7]
	[221,1]
	[223,1]
	[504,1]
	[257,1]
	[234,3]
	[410,2]
	[227,2]
	[620,1]
	[489,1]
	[222,3]
	[220,1]
	[1009,1]
	[18,4]
	[404,3]
	[846,1]
	[823,1]
	[411,1]
	[402,1]
	[426,1]
	[412,2]
	[815,1]
	[417,2]
	[993,1]
	[215,1]
	[1002,2]
	[498,2]
	[510,1]
	[258,2]
	[623,1]
	[503,1]
	[183,1]
	[184,4]
	[401,1]
	[617,1]
	[1017,1]
	[1033,1]
	[413,2]
	[986,1]
	[237,1]
	[235,2]
	[233,2]
	[507,1]
	[1222,1]
	[1244,1]
	[226,1]
	[826,1]
	[395,1]
	[997,1]
	[497,2]
	[230,1]
	[1034,1]
	[400,1]
	[791,1]
	[396,1]

1940,
	[19,1]
	[18,1]
	[29,1]
	[36,1]
	[35,1]
	[6,1]
	[12,1]
	[17,1]
	[20,1]
	[26,1]
	[32,1]
	[41,1]
	[42,1]
	[5,1]
	[11,1]

len(carl_order):
59
Printing carl assignment order:
1728,2,0.20724094881398253
1964,2,0.19753694581280787
1844,2,0.1782982791586998
1944,4,0.0863262856615271
1708,4,0.07470472440944882
1824,4,0.0735650136665365
1940,42,0.04297994269340974
1820,35,0.041044776119402986
1704,27,0.04072398190045249
1704,62,0.03389830508474576
1964,45,0.022086306489976216
1844,45,0.02150956630167946
1948,1,0.02066191259828122
1828,1,0.01985618323321398
1712,1,0.01748432312799705
1728,120,0.01633463360267484
1964,78,0.016319444444444445
1964,210,0.015692821368948246
1844,68,0.01544837980406933
1944,7,0.014648930796430376
1824,10,0.013364243829264967
1844,236,0.012980611238908972
1708,16,0.012802659359417816
1824,11,0.012478485370051634
1824,12,0.012200435729847494
1944,13,0.01167766090212159
1824,14,0.010855117412494461
1944,16,0.01034612490594432
1824,16,0.008369147251752997
1944,258,0.004887856418480697
1708,276,0.0047083244743350156
1824,292,0.004292390122064215
1948,258,0.004292079752629267
1712,276,0.00403360725137646
1948,259,0.003980099502487562
1828,293,0.003728386509724564
1844,543,0.003257328990228013
1712,277,0.002972651605231867
1824,570,0.002710975076519458
1944,417,0.002631578947368421
1824,744,0.0025575447570332483
1824,853,0.002533783783783784
1944,510,0.002491280518186348
1944,1250,0.00248209346854833
1712,278,0.0011926058437686344
1948,261,0.0009995002498750624
1828,294,0.0008525149190110827
1712,279,0.0005970149253731343
1948,632,0.00029310550712680614
1828,867,0.00022281998212845918
1948,764,0.00022237712594670646
1712,47329,2.4517273509998693e-05
1948,49185,2.4451745921088365e-05
1828,55992,2.1090918757306992e-05
1828,306777,2.0667249023816938e-06
1828,1107981,4.16040525675525e-07
1828,2613303,3.3215484793286753e-07
1828,6288560,2.7208981575982303e-07
1712,7898557,5.789482289209466e-09
bin_width: 5158499
assigning lease 2 to address 1728
Average Cache Occupancy Per Bin: [0.06,0.01,0.0,0.0,0.0]
Total cost: 318976.0
assigning lease 2 to address 1964
Average Cache Occupancy Per Bin: [0.06,0.01,0.0,0.03,0.06]
Total cost: 318976.0
assigning lease 2 to address 1844
Average Cache Occupancy Per Bin: [0.06,0.04,0.06,0.05,0.06]
Total cost: 318976.0
assigning lease 4 to address 1944
Average Cache Occupancy Per Bin: [0.06,0.04,0.06,0.25,0.39]
Total cost: 318976.0
assigning lease 4 to address 1708
Average Cache Occupancy Per Bin: [0.41,0.19,0.06,0.25,0.39]
Total cost: 2140416.0
assigning lease 4 to address 1824
Average Cache Occupancy Per Bin: [0.41,0.35,0.39,0.39,0.39]
Total cost: 2140416.0
assigning lease 42 to address 1940
Average Cache Occupancy Per Bin: [0.41,0.35,0.39,0.39,0.41]
Total cost: 2140416.0
assigning lease 35 to address 1820
Average Cache Occupancy Per Bin: [0.41,0.35,0.40,0.40,0.41]
Total cost: 2140416.0
assigning lease 27 to address 1704
Average Cache Occupancy Per Bin: [0.42,0.36,0.40,0.40,0.41]
Total cost: 2173184.0
assigning lease 62 to address 1704
Average Cache Occupancy Per Bin: [0.42,0.36,0.40,0.40,0.41]
Total cost: 2179328.0
assigning lease 45 to address 1964
Average Cache Occupancy Per Bin: [0.42,0.36,0.40,0.77,1.21]
Total cost: 2179328.0
assigning lease 45 to address 1844
Average Cache Occupancy Per Bin: [0.42,0.63,1.09,1.09,1.21]
Total cost: 2179328.0
assigning lease 1 to address 1948
Average Cache Occupancy Per Bin: [0.42,0.63,1.09,1.57,2.08]
Total cost: 2179328.0
assigning lease 1 to address 1828
Average Cache Occupancy Per Bin: [0.42,1.04,1.96,1.96,2.08]
Total cost: 2179328.0
assigning lease 1 to address 1712
Average Cache Occupancy Per Bin: [1.28,1.52,1.96,1.96,2.08]
Total cost: 6649856.0
assigning lease 120 to address 1728
Average Cache Occupancy Per Bin: [2.20,2.03,1.96,1.96,2.08]
Total cost: 11369472.0
assigning lease 78 to address 1964
Average Cache Occupancy Per Bin: [2.20,2.03,1.96,2.01,2.17]
Total cost: 11369472.0
assigning lease 210 to address 1964
Average Cache Occupancy Per Bin: [2.20,2.03,1.96,2.06,2.27]
Total cost: 11369472.0
assigning lease 68 to address 1844
Average Cache Occupancy Per Bin: [2.20,2.06,2.02,2.10,2.27]
Total cost: 11369472.0
assigning lease 7 to address 1944
Average Cache Occupancy Per Bin: [2.20,2.06,2.02,2.21,2.46]
Total cost: 11369472.0
assigning lease 10 to address 1824
Average Cache Occupancy Per Bin: [2.20,2.23,2.39,2.39,2.46]
Total cost: 11369472.0
assigning lease 236 to address 1844
Average Cache Occupancy Per Bin: [2.20,2.33,2.49,2.49,2.46]
Total cost: 11369472.0
assigning lease 16 to address 1708
Average Cache Occupancy Per Bin: [2.90,2.73,2.49,2.49,2.46]
Total cost: 14968320.0
assigning lease 11 to address 1824
Average Cache Occupancy Per Bin: [2.90,2.76,2.55,2.52,2.46]
Total cost: 14968320.0
assigning lease 12 to address 1824
Average Cache Occupancy Per Bin: [2.90,2.79,2.61,2.55,2.46]
Total cost: 14968320.0
assigning lease 13 to address 1944
Average Cache Occupancy Per Bin: [2.90,2.79,2.61,2.76,2.82]
Total cost: 14968320.0
assigning lease 14 to address 1824
Average Cache Occupancy Per Bin: [2.90,2.84,2.72,2.81,2.82]
Total cost: 14968320.0
assigning lease 16 to address 1944
Average Cache Occupancy Per Bin: [2.90,2.84,2.72,2.91,2.98]
Total cost: 14968320.0
assigning lease 16 to address 1824
Average Cache Occupancy Per Bin: [2.90,2.89,2.84,2.97,2.98]
Total cost: 14968320.0
assigning lease 258 to address 1944
Average Cache Occupancy Per Bin: [2.90,2.89,2.84,9.29,13.4]
Total cost: 14968320.0
assigning lease 276 to address 1708
Average Cache Occupancy Per Bin: [14.2,9.07,2.85,9.43,13.5]
Total cost: 73746432.0
assigning lease 292 to address 1824
Average Cache Occupancy Per Bin: [14.2,14.9,15.5,15.3,13.6]
Total cost: 73746432.0
assigning lease 258 to address 1948
Average Cache Occupancy Per Bin: [14.2,14.9,15.5,118.,196.]
Total cost: 73746432.0
assigning lease 276 to address 1712
Average Cache Occupancy Per Bin: [215.,120.,15.6,118.,197.]
Total cost: 1110725120.0
assigning lease 259 to address 1948
Average Cache Occupancy Per Bin: [215.,120.,15.6,118.,197.]
Total cost: 1110725120.0
assigning lease 293 to address 1828
Average Cache Occupancy Per Bin: [215.,221.,230.,212.,197.]
Total cost: 1110725120.0
assigning lease 543 to address 1844
Average Cache Occupancy Per Bin: [215.,221.,230.,212.,197.]
Total cost: 1110725120.0
assigning lease 277 to address 1712
Average Cache Occupancy Per Bin: [215.,221.,230.,212.,197.]
Total cost: 1111003136.0
assigning lease 570 to address 1824
Average Cache Occupancy Per Bin: [215.,221.,230.,212.,197.]
Total cost: 1111003136.0
assigning lease 417 to address 1944
Average Cache Occupancy Per Bin: [215.,221.,230.,212.,197.]
Total cost: 1111003136.0
assigning lease 744 to address 1824
Average Cache Occupancy Per Bin: [215.,221.,230.,212.,197.]
Total cost: 1111003136.0
assigning lease 853 to address 1824
Average Cache Occupancy Per Bin: [215.,222.,230.,212.,197.]
Total cost: 1111003136.0
assigning lease 510 to address 1944
Average Cache Occupancy Per Bin: [215.,222.,230.,212.,197.]
Total cost: 1111003136.0
assigning lease 1250 to address 1944
Average Cache Occupancy Per Bin: [215.,222.,230.,212.,198.]
Total cost: 1111003136.0
assigning lease 278 to address 1712
Average Cache Occupancy Per Bin: [215.,222.,230.,212.,198.]
Total cost: 1111279872.0
assigning lease 261 to address 1948
Average Cache Occupancy Per Bin: [215.,222.,230.,212.,198.]
Total cost: 1111279872.0
assigning lease 294 to address 1828
Average Cache Occupancy Per Bin: [215.,222.,230.,213.,198.]
Total cost: 1111279872.0
assigning lease 279 to address 1712
Average Cache Occupancy Per Bin: [215.,222.,230.,213.,198.]
Total cost: 1111556096.0
assigning lease 632 to address 1948
Average Cache Occupancy Per Bin: [215.,222.,230.,225.,222.]
Total cost: 1111556096.0
assigning lease 867 to address 1828
Average Cache Occupancy Per Bin: [215.,237.,265.,241.,222.]
Total cost: 1111556096.0
assigning lease 764 to address 1948
Average Cache Occupancy Per Bin: [215.,237.,265.,245.,230.]
Total cost: 1111556096.0
addr: 1712 ri: 47329
bin target: 2641151488
	bin: 0.0 current capacity: 215.48052951061928  avg impact: 2186.400519996224
	bin: 1.0 current capacity: 237.08547467005423  avg impact: 1108.4749544392662
num_full_bins: 0
printing bin ranks sorted:
	bin: 0.0 rank: 0.13561992314651153
	selecting this^ bin
	bin: 1.0 rank: 0.24801149022714206
acceptable_ratio: 0.13561992314651153
Assigning 1712 dual lease lease 47329 * 0.13561992314651153. Bin saturation: [512.,387.,266.,246.,233.]
addr: 1948 ri: 49185
bin target: 2641151488
	bin: 0.0 current capacity: 512.0  avg impact: 0.0
	bin: 3.0 current capacity: 246.06340420943093  avg impact: 1230.1757453088583
	bin: 4.0 current capacity: 233.89541225146718  avg impact: 2281.00222797368
num_full_bins: 1
printing bin ranks sorted:
	bin: 4.0 rank: 0.12192210263450116
	bin: 3.0 rank: 0.21617772647907377
acceptable_ratio: 0
addr: 1828 ri: 55992
bin target: 2641151488
	bin: 0.0 current capacity: 512.0  avg impact: 0.0
	bin: 1.0 current capacity: 387.4167628009404  avg impact: 1122.8508075701866
	bin: 2.0 current capacity: 266.9310311200779  avg impact: 2540.5703480799357
	bin: 3.0 current capacity: 246.06340420943093  avg impact: 1153.1608462073948
num_full_bins: 1
printing bin ranks sorted:
	bin: 2.0 rank: 0.09646218577066198
	bin: 1.0 rank: 0.11095261842368337
	bin: 3.0 rank: 0.23061535315320672
acceptable_ratio: 0
addr: 1828 ri: 306777
bin target: 2641151488
	bin: 0.0 current capacity: 512.0  avg impact: 0.0
	bin: 1.0 current capacity: 387.4167628009404  avg impact: 1122.8508075701866
	bin: 2.0 current capacity: 266.9310311200779  avg impact: 2540.5703480799357
	bin: 3.0 current capacity: 246.06340420943093  avg impact: 1225.1977763298976
num_full_bins: 1
printing bin ranks sorted:
	bin: 2.0 rank: 0.09646218577066198
	bin: 1.0 rank: 0.11095261842368337
	bin: 3.0 rank: 0.2170560548903272
acceptable_ratio: 0
addr: 1828 ri: 1107981
bin target: 2641151488
	bin: 0.0 current capacity: 512.0  avg impact: 0.0
	bin: 1.0 current capacity: 387.4167628009404  avg impact: 1122.8508075701866
	bin: 2.0 current capacity: 266.9310311200779  avg impact: 2540.5703480799357
	bin: 3.0 current capacity: 246.06340420943093  avg impact: 1344.4814423730625
num_full_bins: 1
printing bin ranks sorted:
	bin: 2.0 rank: 0.09646218577066198
	bin: 1.0 rank: 0.11095261842368337
	bin: 3.0 rank: 0.19779863626914818
acceptable_ratio: 0
addr: 1828 ri: 2613303
bin target: 2641151488
	bin: 0.0 current capacity: 512.0  avg impact: 0.0
	bin: 1.0 current capacity: 387.4167628009404  avg impact: 1122.8508075701866
	bin: 2.0 current capacity: 266.9310311200779  avg impact: 2540.5703480799357
	bin: 3.0 current capacity: 246.06340420943093  avg impact: 1493.8901878240163
num_full_bins: 1
printing bin ranks sorted:
	bin: 2.0 rank: 0.09646218577066198
	bin: 1.0 rank: 0.11095261842368337
	bin: 3.0 rank: 0.17801616073128462
acceptable_ratio: 0
addr: 1828 ri: 6288560
bin target: 2641151488
	bin: 0.0 current capacity: 512.0  avg impact: 0.0
	bin: 1.0 current capacity: 387.4167628009404  avg impact: 1122.8508075701866
	bin: 2.0 current capacity: 266.9310311200779  avg impact: 2540.5703480799357
	bin: 3.0 current capacity: 246.06340420943093  avg impact: 1676.2815757064216
num_full_bins: 1
printing bin ranks sorted:
	bin: 2.0 rank: 0.09646218577066198
	bin: 1.0 rank: 0.11095261842368337
	bin: 3.0 rank: 0.15864673312924626
acceptable_ratio: 0
addr: 1712 ri: 7898557
bin target: 2641151488
	bin: 0.0 current capacity: 512.0  avg impact: 2186.400519996224
	bin: 1.0 current capacity: 387.4167628009404  avg impact: 1498.1065833297632
	bin: 2.0 current capacity: 266.9310311200779  avg impact: 2351.7994300279984
	bin: 3.0 current capacity: 246.06340420943093  avg impact: 1175.8997150139992
	bin: 4.0 current capacity: 233.89541225146718  avg impact: 4703.598860055997
num_full_bins: 1
printing bin ranks sorted:
	bin: 0.0 rank: 0.0
	bin: 4.0 rank: 0.05912591528802734
	bin: 1.0 rank: 0.08316046307076162
	bin: 2.0 rank: 0.10420487638140322
	bin: 3.0 rank: 0.22615584679124023
acceptable_ratio: 0
Final saturation:
	0.0,2641151488.0
	1.0,1998488983.491888
	2.0,1376963457.1018906
	3.0,1269317824.5509453
	4.0,1206549250.2037811
DUMP LEASES
0, 6b0, 117, b8e1, 0.8643800768534885 
0, 6ac, 114, 0, 1 
0, 6c0, 78, 0, 1 
0, 6a8, 3e, 0, 1 
0, 724, 363, 0, 1 
0, 734, 21f, 0, 1 
0, 720, 355, 0, 1 
0, 71c, 23, 0, 1 
0, 79c, 2fc, 0, 1 
0, 7ac, d2, 0, 1 
0, 798, 4e2, 0, 1 
0, 794, 2a, 0, 1 
Dump dual leases

