Dump predicted miss count (no contention misses): 1905353
Dump formated leases
0, 5f0, 1fd, 0, 1
0, 5f4, 6d7, 0, 1
0, 5f8, 382d4, 0, 1
0, 604, 3, 0, 1
0, 614, 729, 0, 1
0, 638, 8, 0, 1
0, 63c, 585e6, 0, 1
0, 640, 770, 0, 1
0, 644, 779, 5f02d, 0.08742525040129034
0, 64c, 725, 0, 1
0, 660, 3, 0, 1
0, 66c, 122, 0, 1
0, 67c, 778, 0, 1
0, 680, 2ce, 0, 1
0, 694, b4b, 0, 1
0, 6c4, 2, 0, 1
0, 6c8, 3, 0, 1
0, 6cc, 720, 0, 1
0, 6d8, 2, 0, 1
0, 6ec, 6df, 0, 1
0, 710, 3, 0, 1
0, 714, 39882, 0, 1
0, 718, 32e, 0, 1
0, 71c, 56234, 0, 1
0, 724, 6e4, 0, 1
0, 738, 2, 0, 1
0, 744, 3, 0, 1
0, 754, 2ec, 0, 1
0, 758, 2e6, 0, 1
0, 768, 69d, 0, 1
