sample rate: 0.00390625
1632,
	[32,1]
	[1,604]
	[3,614]
	[94,1]
	[118,1]
	[124,1]
	[134,1]
	[137,1]
	[205,1]
	[226,1]
	[236,1]
	[241,1]
	[245,1]
	[251,1]
	[262,1]
	[280,1]
	[242,1]
	[314,2]
	[324,1]
	[348,1]
	[426,1]
	[427,1]
	[445,2]
	[455,1]
	[464,1]
	[473,1]
	[483,1]
	[489,1]
	[494,1]
	[2,449]
	[502,1]
	[511,2]
	[463,1]
	[530,2]
	[591,1]
	[602,1]
	[555,1]
	[615,1]
	[639,1]
	[650,1]
	[660,1]
	[672,1]
	[671,1]
	[619,1]
	[726,1]
	[645,1]
	[751,1]
	[757,1]
	[760,1]
	[825,1]
	[827,1]
	[828,1]
	[789,1]
	[837,1]
	[802,1]
	[861,2]
	[855,1]
	[862,1]
	[866,4]
	[887,2]
	[902,1]
	[969,1]
	[980,1]
	[984,1]
	[994,1]
	[1005,1]
	[970,1]
	[985,1]
	[1033,1]
	[1032,1]
	[1041,1]
	[1045,1]
	[995,1]
	[1052,1]
	[1056,2]
	[1018,1]
	[1068,1]
	[1065,1]
	[1030,1]
	[1008,1]
	[1092,2]
	[1104,1]
	[1119,1]
	[1170,1]
	[1187,1]
	[1199,1]
	[1202,1]
	[1203,1]
	[1219,3]
	[1231,1]
	[1233,3]
	[1235,1]
	[1236,1]
	[1251,1]
	[1252,1]
	[1265,2]
	[1268,1]
	[1299,1]
	[1301,1]
	[1313,3]
	[1316,1]
	[1329,1]
	[1332,2]
	[1347,1]
	[1408,1]
	[1412,1]
	[1407,3]
	[1394,1]
	[1391,1]
	[1393,2]
	[1410,2]
	[1456,2]
	[1470,1]
	[1473,1]
	[1493,1]
	[1492,1]
	[1508,1]
	[1509,1]
	[1522,1]
	[1524,1]
	[1526,1]
	[1540,3]
	[1544,2]
	[1557,2]
	[1556,1]
	[1515,1]
	[1578,3]
	[1589,1]
	[1593,1]
	[1596,1]
	[1610,1]
	[1613,1]
	[1627,2]
	[1631,4]
	[1582,1]
	[1640,1]
	[1690,2]
	[1650,1]
	[1693,3]
	[1619,1]
	[1706,1]
	[1728,1]
	[1727,1]
	[1732,1]
	[1731,1]
	[1747,1]
	[1804,1]
	[1791,2]
	[1790,1]
	[1776,2]
	[1792,1]
	[1796,1]
	[1815,1]
	[1833,4]
	[1844,1]
	[1848,1]
	[1866,1]
	[1865,2]
	[1883,1]
	[1885,2]
	[1888,1]
	[1889,1]
	[1946,1]
	[1947,1]
	[1950,1]
	[1955,1]
	[1969,1]
	[1968,1]
	[1921,1]
	[1988,2]
	[1991,1]
	[1992,1]
	[2003,2]
	[2006,2]
	[2052,1]
	[2055,2]
	[2000,1]
	[2067,1]
	[2075,1]
	[2094,2]
	[2043,1]
	[2110,1]
	[2113,1]
	[2112,1]
	[2128,1]
	[2132,2]
	[2133,1]
	[2146,1]
	[2147,1]
	[2150,1]
	[2142,1]
	[2105,1]
	[2151,2]
	[2149,1]
	[2135,3]
	[2082,1]
	[2154,1]
	[2156,1]
	[2155,2]
	[2169,2]
	[2171,1]
	[2175,1]
	[2127,1]
	[2191,1]
	[2194,1]
	[54,1]
	[2195,1]
	[2208,1]
	[2211,2]
	[50,2]
	[2207,1]
	[2212,2]
	[2215,3]
	[2210,1]
	[2216,1]
	[2226,1]
	[2277,1]
	[2281,2]
	[2278,1]
	[2282,1]
	[2298,1]
	[2302,1]
	[2299,1]
	[2318,1]
	[2322,3]
	[2271,1]
	[2335,1]
	[2338,1]
	[2401,1]
	[2404,1]
	[2405,1]
	[2408,1]
	[2425,2]
	[2421,1]
	[2375,1]
	[2429,3]
	[2443,2]
	[2451,3]
	[2400,1]
	[2447,1]
	[2464,1]
	[2471,1]
	[2437,1]
	[2383,1]
	[2490,3]
	[2436,1]
	[2491,2]
	[2506,1]
	[2507,1]
	[2510,1]
	[2509,1]
	[2524,1]
	[2481,1]
	[2530,1]
	[2544,1]
	[2528,1]
	[2480,1]
	[2515,2]
	[2516,2]
	[2536,1]
	[2537,1]
	[2540,2]
	[2486,1]
	[2489,1]
	[2558,1]
	[2511,1]
	[2559,2]
	[2562,1]
	[53,1]
	[2513,1]
	[2566,2]
	[2632,1]
	[2635,1]
	[2661,1]
	[2680,1]
	[2682,3]
	[2685,1]
	[2684,1]
	[2703,1]
	[2710,1]
	[2749,1]
	[2756,1]
	[2704,1]
	[2801,1]
	[2797,1]
	[2806,3]
	[2825,1]
	[2827,1]
	[2831,1]
	[2830,1]
	[2832,3]
	[2804,1]
	[2873,1]
	[2836,1]
	[2881,1]
	[2897,2]
	[2896,1]
	[2900,1]
	[2901,1]
	[2905,2]
	[2924,1]
	[2928,1]
	[2875,1]
	[2996,6]
	[2995,3]
	[2945,1]
	[2991,1]
	[2949,1]
	[2999,1]
	[3016,1]
	[3023,1]
	[3024,2]
	[3010,2]
	[2948,1]
	[3063,1]
	[3068,1]
	[3085,1]
	[3090,1]
	[3094,1]
	[3095,1]
	[3109,1]
	[3120,2]
	[3092,1]
	[3138,2]
	[3142,1]
	[3192,1]
	[3189,2]
	[3209,2]
	[3211,1]
	[3212,2]
	[3217,1]
	[3215,1]
	[3236,1]
	[3191,1]
	[3240,1]
	[3244,2]
	[3198,1]
	[3245,1]
	[3262,1]
	[3266,2]
	[3268,1]
	[3223,1]
	[3269,1]
	[3288,2]
	[3291,2]
	[3290,1]
	[3296,1]
	[3314,1]
	[3319,4]
	[3293,1]
	[3337,2]
	[3340,1]
	[3298,1]
	[3366,1]
	[3370,2]
	[3322,1]
	[3369,1]
	[3374,2]
	[3324,1]
	[3373,1]
	[3371,1]
	[3391,1]
	[3438,1]
	[3439,1]
	[3462,1]
	[3467,2]
	[3471,1]
	[3472,1]
	[3490,1]
	[3497,1]
	[3515,2]
	[3518,1]
	[3469,1]
	[3519,1]
	[3567,1]
	[3568,3]
	[3570,2]
	[3556,1]
	[3554,1]
	[3542,1]
	[3543,2]
	[3495,1]
	[3566,2]
	[3563,1]
	[3520,1]
	[3571,2]
	[3586,1]
	[3589,2]
	[3590,1]
	[3593,1]
	[3594,1]
	[3597,3]
	[3546,1]
	[3592,1]
	[3666,1]
	[3663,1]
	[3669,1]
	[3670,1]
	[3690,2]
	[3691,1]
	[3694,1]
	[3700,1]
	[3716,2]
	[49,1]
	[3724,1]
	[3677,1]
	[3743,1]
	[3746,1]
	[3748,1]
	[3750,1]
	[3744,1]
	[3754,1]
	[3821,1]
	[3823,1]
	[3818,1]
	[3825,2]
	[3827,3]
	[3844,1]
	[3802,1]
	[3846,2]
	[3850,1]
	[3851,1]
	[3853,1]
	[3871,1]
	[3875,1]
	[3878,2]
	[3879,1]
	[3836,1]
	[3950,3]
	[3955,2]
	[3974,1]
	[3975,1]
	[3979,1]
	[3980,4]
	[3984,1]
	[3981,1]
	[4001,1]
	[4003,1]
	[4006,1]
	[4007,1]
	[3998,1]
	[3964,2]
	[4012,1]
	[4034,1]
	[4032,1]
	[3987,1]
	[4084,3]
	[4033,1]
	[4104,2]
	[4055,1]
	[4061,1]
	[4110,2]
	[4105,1]
	[4128,2]
	[4134,3]
	[4137,1]
	[4136,1]
	[4091,1]
	[4156,2]
	[4155,1]
	[4142,2]
	[4115,1]
	[4112,1]
	[4114,1]
	[4086,1]
	[4138,2]
	[4094,1]
	[4095,1]
	[4159,1]
	[4167,2]
	[4169,1]
	[4171,1]
	[4192,3]
	[4147,2]
	[4194,1]
	[4191,1]
	[4221,2]
	[4226,1]
	[4172,1]
	[4230,1]
	[4231,1]
	[4224,1]
	[4228,1]
	[4247,1]
	[4298,2]
	[4255,2]
	[4304,1]
	[4300,1]
	[4326,2]
	[4330,1]
	[4120,1]
	[4335,1]
	[4308,1]
	[4357,3]
	[4359,3]
	[4363,1]
	[4364,2]
	[4380,1]
	[4383,2]
	[4432,2]
	[4431,1]
	[4436,1]
	[4437,2]
	[4457,1]
	[4416,1]
	[4414,1]
	[4461,1]
	[4413,2]
	[4462,1]
	[4468,1]
	[4415,1]
	[4484,1]
	[4487,1]
	[4486,1]
	[4483,1]
	[4491,1]
	[4493,1]
	[4449,1]
	[4496,1]
	[4497,1]
	[4517,1]
	[4469,1]
	[4518,1]
	[4572,1]
	[4520,1]
	[4591,1]
	[4593,1]
	[4592,1]
	[4404,1]
	[4595,1]
	[4596,1]
	[4545,1]
	[4594,2]
	[4602,1]
	[4618,1]
	[4621,1]
	[4620,2]
	[4625,1]
	[4617,1]
	[4582,1]
	[4630,1]
	[4631,1]
	[4647,2]
	[4651,2]
	[4654,1]
	[4649,2]
	[4607,1]
	[4659,1]
	[4675,2]
	[4678,1]
	[4684,2]
	[4638,2]
	[4686,1]
	[4692,1]
	[4691,2]
	[4677,1]
	[4663,1]
	[4637,1]
	[4688,3]
	[4645,2]
	[4693,1]
	[4696,1]
	[4687,2]
	[4699,1]
	[4694,2]
	[4722,2]
	[4719,1]
	[4730,1]
	[4726,1]
	[4681,1]
	[4731,1]
	[4752,1]
	[4801,2]
	[4799,1]
	[4804,1]
	[4802,1]
	[4764,1]
	[4807,1]
	[4754,1]
	[4833,1]
	[4839,2]
	[4840,2]
	[4788,1]
	[4787,1]
	[4842,1]
	[4844,1]
	[4846,1]
	[4834,1]
	[4866,2]
	[4871,1]
	[4873,1]
	[4822,1]
	[4877,1]
	[4869,1]
	[4830,1]
	[4902,1]
	[4901,1]
	[4905,1]
	[4956,1]
	[4906,1]
	[4954,1]
	[4932,1]
	[4982,1]
	[4981,1]
	[4933,1]
	[4987,2]
	[4937,1]
	[4990,1]
	[4939,1]
	[4984,1]
	[5011,1]
	[5014,6]
	[4964,1]
	[4966,1]
	[5018,2]
	[5019,1]
	[4971,1]
	[5024,2]
	[5022,1]
	[5046,2]
	[5051,1]
	[5050,1]
	[5005,1]
	[5099,1]
	[5127,1]
	[5128,1]
	[5131,2]
	[5132,1]
	[5078,1]
	[5126,1]
	[5130,1]
	[27,1]
	[5135,1]
	[5137,1]
	[5158,1]
	[5163,2]
	[5114,1]
	[5192,1]
	[5195,1]
	[5200,1]
	[5198,2]
	[5193,2]
	[5203,1]
	[5204,2]
	[5225,1]
	[5229,1]
	[5231,1]
	[5238,2]
	[5190,1]
	[5237,1]
	[5236,1]
	[5178,1]
	[5184,1]
	[5304,1]
	[5308,1]
	[5314,2]
	[5317,1]
	[5316,5]
	[5258,2]
	[5337,2]
	[5344,2]
	[5298,2]
	[5349,1]
	[5350,1]
	[5347,1]
	[5340,1]
	[5326,2]
	[5265,1]
	[5312,1]
	[5305,1]
	[5335,1]
	[5338,2]
	[5388,1]
	[5389,1]
	[5384,1]
	[5393,1]
	[5416,1]
	[5288,1]
	[5418,1]
	[5417,1]
	[5424,1]
	[5425,1]
	[5379,1]
	[5428,1]
	[5369,1]
	[5429,1]
	[5351,1]
	[5459,1]
	[5414,1]
	[5454,1]
	[5409,1]
	[5464,1]
	[5404,1]
	[5440,1]
	[5490,1]
	[5441,1]
	[5485,1]
	[5538,1]
	[5542,1]
	[5570,1]
	[5574,3]
	[5527,1]
	[5572,1]
	[5579,1]
	[5575,1]
	[5602,1]
	[5606,1]
	[5609,1]
	[5611,1]
	[5558,1]
	[5604,1]
	[5612,1]
	[5559,2]
	[5616,2]
	[5637,2]
	[5645,1]
	[5643,2]
	[5639,1]
	[5646,1]
	[5644,1]
	[5642,1]
	[5651,1]
	[5694,1]
	[5718,2]
	[5573,1]
	[5721,1]
	[5722,1]
	[5724,1]
	[5685,1]
	[5725,1]
	[5672,1]
	[5726,1]
	[5678,1]
	[5730,1]
	[5755,2]
	[5756,1]
	[5758,1]
	[5759,2]
	[5762,2]
	[5763,2]
	[5713,1]
	[5757,1]
	[5768,1]
	[5789,2]
	[5791,2]
	[5792,1]
	[5796,1]
	[5744,1]
	[5750,1]
	[5797,3]
	[5801,3]
	[5798,1]
	[5802,1]
	[5799,2]
	[5823,2]
	[5794,1]
	[5828,1]
	[5830,1]
	[5784,1]
	[5781,2]
	[5785,1]
	[5782,1]
	[5834,1]
	[5833,1]
	[5836,1]
	[5904,2]
	[5909,1]
	[5856,1]
	[5912,2]
	[5907,1]
	[5915,2]
	[5866,1]
	[5917,1]
	[5935,1]
	[5896,2]
	[5938,1]
	[5943,2]
	[5942,1]
	[5939,1]
	[5892,1]
	[5945,1]
	[5979,2]
	[5932,1]
	[5980,1]
	[5987,1]
	[5988,1]
	[6013,2]
	[6058,2]
	[6063,1]
	[6062,2]
	[6008,1]
	[6014,2]
	[6068,1]
	[6060,3]
	[6087,1]
	[6074,2]
	[6071,1]
	[6059,3]
	[6044,1]
	[5992,1]
	[6036,1]
	[5994,1]
	[6037,1]
	[6043,1]
	[6032,2]
	[6027,1]
	[6022,1]
	[6053,1]
	[6056,1]
	[6011,1]
	[6017,1]
	[6023,1]
	[6069,1]
	[6089,1]
	[6092,1]
	[6096,1]
	[6097,2]
	[6100,3]
	[6150,1]
	[6093,1]
	[6145,1]
	[6174,2]
	[6178,1]
	[6182,1]
	[6136,1]
	[6188,1]
	[6137,1]
	[6184,1]
	[6165,1]
	[6216,1]
	[6215,1]
	[6220,1]
	[6222,1]
	[6224,2]
	[6167,1]
	[6225,1]
	[6248,1]
	[6245,1]
	[6206,1]
	[6259,1]
	[6261,1]
	[6252,2]
	[6257,1]
	[6211,1]
	[6282,1]
	[6285,1]
	[6293,1]
	[6236,1]
	[6287,1]
	[6238,1]
	[6286,1]
	[6241,1]
	[6295,1]
	[6367,1]
	[6371,1]
	[6372,2]
	[6375,1]
	[6322,1]
	[6376,2]
	[6369,1]
	[6379,1]
	[6327,1]
	[6405,1]
	[6406,1]
	[6408,1]
	[6355,1]
	[6413,2]
	[6362,1]
	[6359,1]
	[6410,1]
	[6418,3]
	[6361,1]
	[6419,1]
	[6391,1]
	[6442,1]
	[6444,2]
	[6446,1]
	[6398,1]
	[6235,1]
	[6443,1]
	[6455,2]
	[6454,1]
	[6483,1]
	[6481,1]
	[6530,1]
	[6531,1]
	[6528,1]
	[6480,1]
	[6560,1]
	[6565,3]
	[6515,1]
	[6569,1]
	[6570,1]
	[6519,1]
	[6521,1]
	[6564,1]
	[6549,1]
	[6598,1]
	[6604,2]
	[6548,1]
	[6606,1]
	[6605,1]
	[6558,1]
	[6610,1]
	[6609,1]
	[6676,1]
	[6683,1]
	[6689,1]
	[6687,1]
	[6690,1]
	[6678,1]
	[6679,1]
	[6712,1]
	[6716,2]
	[6719,1]
	[6720,1]
	[6724,1]
	[6723,1]
	[6726,2]
	[6725,3]
	[6365,1]
	[6730,2]
	[6749,1]
	[6752,2]
	[6755,5]
	[6757,1]
	[6760,2]
	[6709,1]
	[6765,4]
	[6711,2]
	[6758,1]
	[6763,1]
	[6759,2]
	[6714,1]
	[6768,1]
	[6786,1]
	[6772,1]
	[6773,1]
	[6698,1]
	[6744,1]
	[6741,1]
	[6680,1]
	[6727,1]
	[6776,2]
	[6715,1]
	[6801,1]
	[6804,2]
	[6809,2]
	[6813,2]
	[6802,1]
	[6815,1]
	[6811,1]
	[6766,1]
	[6816,1]
	[6812,1]
	[6761,1]
	[6840,1]
	[6839,1]
	[6841,1]
	[6799,1]
	[6853,2]
	[6849,1]
	[6848,1]
	[6876,1]
	[6745,1]
	[6882,2]
	[6887,1]
	[6846,1]
	[6892,3]
	[6837,1]
	[6881,1]
	[6890,1]
	[6917,1]
	[6866,1]
	[6920,1]
	[6921,3]
	[6924,1]
	[6913,1]
	[6923,1]
	[6476,1]
	[6929,3]
	[6875,1]
	[6878,1]
	[6930,1]
	[7000,1]
	[51,1]
	[7004,1]
	[6957,1]
	[6961,1]
	[7003,1]
	[6964,1]
	[7013,1]
	[6953,1]
	[6989,1]
	[6992,1]
	[7048,2]
	[6998,2]
	[6993,2]
	[6999,1]
	[7053,1]
	[7051,1]
	[7050,1]
	[7081,2]
	[7075,1]
	[7035,1]
	[7082,3]
	[7077,1]
	[7085,1]
	[7031,1]
	[7118,1]
	[7164,1]
	[7109,1]
	[7121,1]
	[7169,1]
	[7170,1]
	[7167,1]
	[7199,1]
	[7200,1]
	[7204,1]
	[7206,2]
	[7153,1]
	[7205,3]
	[7175,1]
	[6877,1]
	[7201,1]
	[7210,2]
	[7209,1]
	[7156,1]
	[7028,1]
	[7243,1]
	[25,1]
	[7194,1]
	[7245,1]
	[7189,1]
	[7252,1]
	[7226,1]
	[7277,1]
	[7281,2]
	[7279,2]
	[7331,1]
	[7330,1]
	[7334,1]
	[7336,1]
	[7286,1]
	[7280,1]
	[7360,2]
	[7361,2]
	[7359,1]
	[7289,1]
	[7364,1]
	[7316,1]
	[7311,1]
	[7368,1]
	[7363,1]
	[7374,2]
	[7318,1]
	[7376,1]
	[7320,1]
	[7398,1]
	[7403,2]
	[7404,1]
	[7074,1]
	[7408,3]
	[7357,1]
	[7409,1]
	[7434,1]
	[7437,2]
	[7443,1]
	[7446,1]
	[7450,1]
	[7448,1]
	[7440,1]
	[7497,2]
	[7488,1]
	[7520,2]
	[7523,3]
	[7524,2]
	[7479,1]
	[7529,2]
	[7533,2]
	[7485,1]
	[7557,1]
	[7151,1]
	[7468,1]
	[7507,1]
	[7515,1]
	[7496,1]
	[7491,1]
	[7452,1]
	[7499,3]
	[7447,1]
	[7445,1]
	[7532,2]
	[7531,2]
	[7542,2]
	[7545,1]
	[7546,2]
	[7541,1]
	[7547,1]
	[7487,1]
	[7571,1]
	[7575,7]
	[7526,2]
	[7579,1]
	[7582,1]
	[7583,1]
	[7186,1]
	[7588,1]
	[7530,1]
	[7615,1]
	[7667,3]
	[7669,1]
	[7673,1]
	[7677,1]
	[7617,1]
	[7678,2]
	[7619,1]
	[7670,1]
	[7664,1]
	[7626,1]
	[7702,1]
	[7707,1]
	[7708,2]
	[7711,1]
	[7712,1]
	[7660,1]
	[7715,1]
	[7703,1]
	[7717,1]
	[7710,1]
	[7721,1]
	[7662,2]
	[7718,1]
	[7746,1]
	[7749,1]
	[7754,1]
	[7753,1]
	[7699,1]
	[7755,1]
	[7759,2]
	[7761,1]
	[7640,1]
	[7340,1]
	[7757,1]
	[7760,1]
	[7764,1]
	[7789,2]
	[7792,2]
	[7786,2]
	[7842,2]
	[7846,1]
	[7797,2]
	[7845,1]
	[7844,1]
	[7850,1]
	[7852,1]
	[7832,1]
	[7879,1]
	[7884,1]
	[7889,1]
	[7891,1]
	[7840,1]
	[7893,1]
	[7888,2]
	[7831,1]
	[7877,1]
	[7895,1]
	[7837,1]
	[7923,3]
	[7920,1]
	[7876,2]
	[7928,1]
	[7927,1]
	[7929,1]
	[7934,1]
	[7933,1]
	[7935,1]
	[7886,1]
	[7881,1]
	[7967,2]
	[7969,1]
	[7972,1]
	[7975,1]
	[7976,1]
	[8022,1]
	[8017,1]
	[8023,1]
	[7970,2]
	[7968,1]
	[8028,1]
	[7971,1]
	[8052,1]
	[8055,1]
	[8059,1]
	[8064,1]
	[8051,1]
	[8062,2]
	[8016,1]
	[8019,1]
	[8013,1]
	[8065,1]
	[8018,1]
	[8072,1]
	[8066,1]
	[8053,1]
	[8100,1]
	[8104,2]
	[8099,2]
	[8056,1]
	[8103,2]
	[8109,2]
	[8112,1]
	[8107,1]
	[8139,1]
	[8143,1]
	[8093,1]
	[8144,2]
	[8152,1]
	[7868,1]
	[8155,2]
	[8154,1]
	[8156,1]
	[8140,1]
	[8157,1]
	[8227,1]
	[8228,1]
	[8230,2]
	[8186,3]
	[8232,1]
	[7995,1]
	[8191,2]
	[8185,1]
	[8244,3]
	[8188,1]
	[8184,1]
	[8316,1]
	[8319,2]
	[8320,1]
	[8314,1]
	[8324,3]
	[8278,1]
	[8329,1]
	[8279,1]
	[8274,1]
	[8328,1]
	[8363,3]
	[8183,1]
	[8371,5]
	[8369,1]
	[8364,1]
	[8325,2]
	[8373,1]
	[8318,1]
	[8372,1]
	[8385,1]
	[8356,2]
	[8357,2]
	[8339,1]
	[8342,1]
	[8330,2]
	[8272,1]
	[8275,2]
	[8358,1]
	[8407,2]
	[8409,2]
	[8412,2]
	[8415,1]
	[8417,1]
	[8405,1]
	[8413,1]
	[8419,1]
	[8361,1]
	[8452,2]
	[8453,2]
	[8406,3]
	[8457,1]
	[8460,3]
	[8454,2]
	[8458,1]
	[8456,1]
	[8455,1]
	[8461,2]
	[8207,1]
	[8493,1]
	[8494,1]
	[8447,1]
	[8497,1]
	[8500,1]
	[8501,3]
	[8498,1]
	[8507,1]
	[8450,2]
	[8504,1]
	[8537,2]
	[8536,2]
	[8539,2]
	[8541,2]
	[8544,2]
	[8545,1]
	[8591,1]
	[8594,1]
	[8540,1]
	[8593,1]
	[8584,1]
	[8600,1]
	[8542,1]
	[8596,1]
	[8538,1]
	[8626,1]
	[8630,2]
	[8639,2]
	[8628,1]
	[8642,1]
	[8644,2]
	[8629,1]
	[8634,1]
	[8592,1]
	[8645,1]
	[8668,1]
	[8672,1]
	[8627,1]
	[8675,1]
	[8678,1]
	[8679,1]
	[8680,3]
	[8684,1]
	[8686,1]
	[8689,1]
	[8632,1]
	[8690,1]
	[8717,1]
	[8720,1]
	[8718,2]
	[8723,1]
	[8674,1]
	[8726,1]
	[8719,2]
	[8774,1]
	[8769,1]
	[8779,1]
	[8781,1]
	[8778,1]
	[8803,1]
	[8811,2]
	[8459,1]
	[8819,1]
	[8818,1]
	[8820,1]
	[8822,1]
	[8823,2]
	[8825,1]
	[8852,1]
	[8855,2]
	[8854,3]
	[8857,2]
	[8860,1]
	[8864,1]
	[8809,1]
	[8862,1]
	[8868,1]
	[8870,1]
	[8871,2]
	[8807,1]
	[8867,1]
	[8892,1]
	[8896,1]
	[8716,1]
	[8899,5]
	[8894,1]
	[8898,1]
	[8895,2]
	[8903,1]
	[8904,2]
	[8908,2]
	[8905,1]
	[8911,1]
	[8907,1]
	[8914,1]
	[8916,1]
	[8850,1]
	[8858,1]
	[8939,1]
	[8944,2]
	[8891,1]
	[8942,1]
	[8952,2]
	[8959,1]
	[8957,1]
	[8953,1]
	[8984,1]
	[9030,1]
	[8981,1]
	[9033,3]
	[8980,1]
	[9043,2]
	[9042,1]
	[8993,1]
	[8989,1]
	[9049,1]
	[9072,2]
	[9076,2]
	[9078,3]
	[9079,1]
	[9083,1]
	[8964,1]
	[9089,1]
	[9082,1]
	[9088,2]
	[9036,1]
	[9086,1]
	[8789,1]
	[9029,1]
	[9034,1]
	[9116,1]
	[9120,1]
	[9132,1]
	[9134,1]
	[9129,1]
	[9133,2]
	[8755,1]
	[9084,1]
	[9138,2]
	[9139,2]
	[9137,1]
	[9167,1]
	[9210,4]
	[9218,2]
	[59,1]
	[9221,3]
	[9223,2]
	[9224,2]
	[9216,2]
	[9165,2]
	[9175,2]
	[9220,3]
	[9229,1]
	[9237,1]
	[9222,2]
	[9207,2]
	[9208,1]
	[9196,3]
	[9148,1]
	[9188,1]
	[9126,1]
	[9128,1]
	[9124,1]
	[9212,3]
	[9215,1]
	[9211,2]
	[9214,1]
	[9225,2]
	[9213,1]
	[9172,1]
	[9166,1]
	[9227,1]
	[9232,1]
	[9226,1]
	[9231,1]
	[9257,2]
	[9261,1]
	[9262,3]
	[9266,1]
	[9263,1]
	[9315,1]
	[9314,2]
	[9256,1]
	[9307,1]
	[9320,1]
	[9322,1]
	[9264,1]
	[9349,3]
	[9300,1]
	[9354,2]
	[9353,3]
	[9357,1]
	[9364,2]
	[9304,1]
	[9310,1]
	[9361,1]
	[9359,1]
	[9355,2]
	[9360,1]
	[9400,2]
	[9397,1]
	[9403,2]
	[9405,1]
	[9409,1]
	[9413,2]
	[9408,1]
	[9350,1]
	[9443,3]
	[9444,1]
	[9445,2]
	[9404,2]
	[9442,1]
	[9424,1]
	[9450,1]
	[9506,2]
	[9500,1]
	[9533,2]
	[9536,2]
	[9537,2]
	[9541,2]
	[9542,1]
	[9491,1]
	[9494,1]
	[9535,1]
	[52,1]
	[9553,2]
	[9549,2]
	[9487,1]
	[9627,1]
	[9630,2]
	[9628,2]
	[9634,1]
	[9635,1]
	[9637,2]
	[9638,1]
	[9629,1]
	[9641,1]
	[9640,1]
	[9586,1]
	[9677,2]
	[9675,1]
	[9623,1]
	[9681,2]
	[9682,5]
	[9687,1]
	[9692,1]
	[9679,1]
	[9717,1]
	[9723,4]
	[9721,1]
	[9727,3]
	[9726,1]
	[9731,1]
	[9722,1]
	[9724,1]
	[9683,1]
	[9674,1]
	[9762,1]
	[9765,2]
	[9760,1]
	[9814,3]
	[9812,1]
	[9818,3]
	[9486,1]
	[9823,1]
	[9767,2]
	[9820,2]
	[9829,1]
	[9778,1]
	[9857,1]
	[9853,1]
	[9861,2]
	[9859,2]
	[9819,2]
	[9816,2]
	[9811,1]
	[9869,1]
	[9903,2]
	[9904,2]
	[9905,2]
	[9910,2]
	[9913,1]
	[9912,1]
	[9917,1]
	[9918,1]
	[9632,1]
	[9921,1]
	[9922,1]
	[9916,1]
	[9919,1]
	[9948,2]
	[9954,3]
	[9998,1]
	[10005,2]
	[10009,1]
	[10007,2]
	[10008,1]
	[10006,3]
	[9951,1]
	[10014,1]
	[10015,1]
	[10039,1]
	[10043,2]
	[10049,1]
	[10048,1]
	[10051,2]
	[10054,2]
	[10058,1]
	[10053,1]
	[10063,4]
	[10059,1]
	[10061,1]
	[9997,1]
	[10002,1]
	[10089,3]
	[10091,1]
	[10038,1]
	[10090,2]
	[10044,3]
	[10093,1]
	[10094,1]
	[10097,3]
	[10098,3]
	[10045,2]
	[10087,1]
	[10103,5]
	[10046,3]
	[10104,2]
	[10110,1]
	[10032,2]
	[10086,1]
	[10068,1]
	[10111,1]
	[10069,1]
	[10121,1]
	[10123,1]
	[10136,1]
	[10139,2]
	[10137,2]
	[10143,3]
	[10146,1]
	[10147,2]
	[10140,1]
	[10153,1]
	[10099,1]
	[10154,1]
	[10159,2]
	[10157,1]
	[10095,1]
	[10183,1]
	[10187,4]
	[10188,1]
	[9977,1]
	[10191,4]
	[10138,1]
	[10148,1]
	[10195,1]
	[10192,2]
	[10196,1]
	[10197,1]
	[10194,1]
	[10141,1]
	[10205,1]
	[10199,1]
	[10206,3]
	[10142,1]
	[10203,2]
	[10207,1]
	[10235,2]
	[10240,1]
	[10237,1]
	[10190,1]
	[10244,1]
	[10248,1]
	[10249,1]
	[10254,1]
	[10239,1]
	[10300,1]
	[10250,1]
	[10329,4]
	[10333,3]
	[10337,1]
	[10330,1]
	[10341,3]
	[10294,1]
	[10346,1]
	[10339,1]
	[10347,1]
	[10423,1]
	[10427,1]
	[10431,1]
	[10430,1]
	[10422,1]
	[10381,2]
	[10223,1]
	[10163,1]
	[10436,1]
	[10428,1]
	[10429,1]
	[10385,1]
	[10437,1]
	[10476,7]
	[10421,1]
	[10481,1]
	[10480,1]
	[10474,2]
	[10013,1]
	[10485,1]
	[10433,1]
	[10473,1]
	[10475,1]
	[10486,1]
	[10435,1]
	[10483,1]
	[10491,1]
	[10490,1]
	[10425,1]
	[10516,1]
	[10520,1]
	[10522,2]
	[10523,2]
	[10524,1]
	[10519,1]
	[10529,2]
	[10532,2]
	[10517,1]
	[10482,1]
	[10530,1]
	[10538,1]
	[10533,1]
	[10472,1]
	[10541,1]
	[10617,3]
	[10619,3]
	[10622,1]
	[10615,2]
	[10628,1]
	[10625,1]
	[10631,1]
	[10633,1]
	[10577,1]
	[10627,1]
	[10632,1]
	[10584,1]
	[10611,1]
	[10663,1]
	[10665,1]
	[10667,2]
	[10670,2]
	[10664,1]
	[10673,2]
	[10674,1]
	[10675,1]
	[10624,1]
	[10679,1]
	[10620,1]
	[10634,1]
	[10612,1]
	[10708,1]
	[10711,1]
	[10721,2]
	[10723,1]
	[10717,1]
	[10716,1]
	[10720,1]
	[10666,1]
	[10728,1]
	[10671,1]
	[10719,1]
	[10754,1]
	[10758,2]
	[10762,2]
	[10756,2]
	[10812,3]
	[10760,2]
	[10816,5]
	[10810,1]
	[10815,2]
	[10814,1]
	[10811,2]
	[10813,2]
	[10757,1]
	[10822,1]
	[10809,1]
	[10823,1]
	[10848,1]
	[10851,2]
	[10855,2]
	[10857,3]
	[10805,1]
	[10856,1]
	[10859,1]
	[10865,3]
	[10862,1]
	[10861,1]
	[10808,1]
	[10867,1]
	[10804,1]
	[10869,1]
	[10871,1]
	[10873,1]
	[10763,1]
	[10900,1]
	[10904,2]
	[10910,1]
	[10896,1]
	[62,1]
	[10906,2]
	[10903,1]
	[10911,1]
	[10858,1]
	[10915,1]
	[10918,1]
	[10919,1]
	[10917,1]
	[10853,1]
	[10948,1]
	[10953,1]
	[10949,3]
	[10909,1]
	[10946,2]
	[10507,1]
	[10959,1]
	[10958,2]
	[10950,1]
	[10961,1]
	[10962,1]
	[11006,1]
	[11008,1]
	[11000,2]
	[11002,2]
	[11010,2]
	[11013,1]
	[10998,1]
	[11012,1]
	[11038,1]
	[11041,1]
	[11045,3]
	[11047,1]
	[11050,1]
	[10994,1]
	[11056,2]
	[11058,2]
	[11060,3]
	[11059,3]
	[10995,1]
	[11073,1]
	[10997,1]
	[11042,1]
	[11032,1]
	[11021,1]
	[11025,1]
	[10972,1]
	[11019,1]
	[11020,2]
	[11003,1]
	[11051,1]
	[11054,1]
	[11057,2]
	[11053,1]
	[11062,1]
	[11015,1]
	[10986,1]
	[11067,3]
	[11061,2]
	[11069,3]
	[11072,1]
	[11065,1]
	[11074,1]
	[11102,1]
	[11148,1]
	[11153,1]
	[11156,3]
	[11110,2]
	[11152,1]
	[11150,1]
	[11161,2]
	[11165,1]
	[11114,1]
	[11167,1]
	[11170,1]
	[11172,2]
	[11252,1]
	[11257,1]
	[11256,1]
	[11200,1]
	[11251,2]
	[11260,2]
	[11261,1]
	[11206,1]
	[11205,1]
	[11258,3]
	[11266,4]
	[11204,1]
	[11270,3]
	[11221,1]
	[11271,1]
	[11212,1]
	[11209,1]
	[11213,1]
	[11301,2]
	[11254,1]
	[11309,2]
	[11314,1]
	[11306,1]
	[11315,2]
	[11323,1]
	[11278,1]
	[11358,1]
	[11362,2]
	[11366,1]
	[11163,1]
	[11308,1]
	[11371,3]
	[11320,1]
	[11354,1]
	[11360,1]
	[11368,1]
	[11376,1]
	[11327,1]
	[11380,1]
	[11410,1]
	[11460,1]
	[11457,1]
	[11464,3]
	[11470,1]
	[11415,1]
	[11467,2]
	[11455,1]
	[11418,1]
	[11468,3]
	[11473,1]
	[11416,1]
	[11475,1]
	[11471,2]
	[11422,1]
	[11504,1]
	[11508,1]
	[11512,1]
	[11513,1]
	[11511,1]
	[11510,1]
	[11461,1]
	[11517,1]
	[11507,1]
	[11509,1]
	[11518,3]
	[11465,1]
	[11516,2]
	[11521,1]
	[11472,1]
	[11522,2]
	[11466,1]
	[11505,1]
	[75,1]
	[11527,2]
	[11523,1]
	[11530,1]
	[11558,1]
	[11562,1]
	[11519,1]
	[11563,2]
	[11571,3]
	[11573,1]
	[11577,1]
	[11575,1]
	[11574,1]
	[11561,1]
	[11572,1]
	[11581,1]
	[11567,1]
	[11515,1]
	[11618,3]
	[11612,1]
	[11622,2]
	[11570,1]
	[11662,1]
	[11673,2]
	[11619,1]
	[11661,1]
	[11678,1]
	[11676,3]
	[11614,1]
	[11615,1]
	[11621,1]
	[11616,1]
	[11681,1]
	[11680,1]
	[11659,1]
	[11713,3]
	[11716,1]
	[11669,3]
	[11717,1]
	[11665,1]
	[11714,1]
	[11721,3]
	[11723,4]
	[11724,1]
	[11718,1]
	[11447,1]
	[11732,1]
	[11666,1]
	[11702,1]
	[11766,2]
	[11769,1]
	[11770,1]
	[11765,1]
	[11772,2]
	[11774,1]
	[61,1]
	[11773,1]
	[11719,2]
	[11722,1]
	[11775,2]
	[11779,1]
	[11762,1]
	[11786,1]
	[11780,1]
	[11815,2]
	[11818,2]
	[11828,1]
	[11830,1]
	[11831,3]
	[11826,1]
	[11873,1]
	[11823,1]
	[11879,2]
	[11822,1]
	[11884,1]
	[11816,1]
	[11913,1]
	[11916,4]
	[11919,1]
	[11868,1]
	[11921,1]
	[11877,1]
	[11923,1]
	[11922,1]
	[11929,1]
	[11928,1]
	[11931,1]
	[11871,1]
	[11936,2]
	[11925,1]
	[12017,1]
	[12016,2]
	[12018,1]
	[12023,1]
	[11974,2]
	[12022,1]
	[12021,3]
	[12026,2]
	[11979,1]
	[11970,1]
	[12030,1]
	[12027,1]
	[11969,1]
	[11973,1]
	[11972,1]
	[12035,1]
	[12036,2]
	[11966,1]
	[12064,1]
	[12068,1]
	[12072,2]
	[12073,1]
	[12067,1]
	[12077,1]
	[12024,2]
	[12063,1]
	[12080,1]
	[12029,1]
	[12025,1]
	[12082,1]
	[12069,1]
	[12084,1]
	[11844,1]
	[12086,1]
	[12083,1]

1616,
	[30,2]
	[82,1]
	[27,1]
	[36,1]
	[46,1]
	[22,1]
	[2,1]
	[31,1]
	[4,1]
	[12,2]
	[21,1]
	[77,1]
	[42,1]
	[147,1]
	[43,1]
	[79,1]
	[56,1]
	[100,1]
	[70,1]

1648,
	[2,604]
	[126,1]
	[41,1]
	[38,1]
	[102,1]
	[52,1]
	[76,1]
	[42,1]
	[95,1]
	[86,1]
	[100,2]
	[114,1]
	[54,1]
	[115,1]
	[46,1]
	[83,1]
	[119,1]
	[79,1]
	[101,1]
	[50,1]
	[331,1]
	[72,1]
	[58,1]
	[67,1]
	[68,1]
	[78,1]
	[61,1]
	[71,1]
	[57,1]
	[88,1]
	[665,1]
	[109,1]
	[89,1]
	[66,2]
	[91,1]
	[128,1]

1628,
	[2,404]
	[95,2]
	[1121,1]
	[156,5]
	[241,1]
	[1490,1]
	[47,6]
	[28,3]
	[109,5]
	[179,4]
	[210,3]
	[97,3]
	[62,4]
	[227,2]
	[53,1]
	[105,6]
	[2312,1]
	[98,4]
	[114,4]
	[65,4]
	[112,7]
	[119,11]
	[63,5]
	[89,3]
	[46,2]
	[54,1]
	[124,1]
	[41,1]
	[120,2]
	[96,3]
	[3137,1]
	[72,4]
	[3193,1]
	[59,5]
	[3373,1]
	[3397,1]
	[288,2]
	[292,1]
	[99,2]
	[3627,1]
	[130,5]
	[125,4]
	[106,2]
	[34,8]
	[102,4]
	[121,8]
	[133,15]
	[126,6]
	[31,3]
	[151,1]
	[116,5]
	[287,1]
	[4263,1]
	[117,2]
	[40,5]
	[4322,1]
	[86,4]
	[203,4]
	[78,3]
	[93,1]
	[158,3]
	[61,3]
	[51,3]
	[137,2]
	[45,2]
	[4787,1]
	[134,4]
	[188,3]
	[202,4]
	[26,1]
	[141,3]
	[113,4]
	[82,1]
	[83,6]
	[58,2]
	[37,7]
	[193,2]
	[139,2]
	[218,3]
	[75,2]
	[36,1]
	[260,1]
	[127,4]
	[160,1]
	[275,1]
	[79,2]
	[144,2]
	[213,2]
	[140,10]
	[5637,1]
	[107,5]
	[219,1]
	[108,1]
	[81,2]
	[153,2]
	[115,5]
	[132,2]
	[205,1]
	[88,2]
	[176,2]
	[100,3]
	[85,3]
	[397,1]
	[87,3]
	[209,1]
	[147,5]
	[101,4]
	[43,5]
	[162,3]
	[146,3]
	[161,3]
	[214,1]
	[66,1]
	[216,1]
	[6743,1]
	[298,1]
	[178,3]
	[67,4]
	[155,1]
	[229,3]
	[6860,1]
	[167,2]
	[52,3]
	[225,2]
	[196,1]
	[306,1]
	[235,1]
	[33,1]
	[201,4]
	[60,2]
	[295,1]
	[154,5]
	[55,6]
	[49,2]
	[224,3]
	[223,2]
	[190,2]
	[194,3]
	[136,6]
	[44,2]
	[104,2]
	[150,1]
	[240,2]
	[177,2]
	[131,6]
	[165,5]
	[29,1]
	[300,1]
	[56,4]
	[149,1]
	[425,1]
	[138,4]
	[183,2]
	[168,4]
	[8645,1]
	[184,1]
	[192,1]
	[91,1]
	[217,2]
	[164,3]
	[123,1]
	[253,1]
	[8889,1]
	[280,1]
	[590,1]
	[412,1]
	[173,3]
	[185,2]
	[206,2]
	[169,6]
	[122,4]
	[148,2]
	[170,1]
	[435,1]
	[9244,1]
	[111,2]
	[247,1]
	[257,1]
	[74,2]
	[453,1]
	[9606,1]
	[327,1]
	[128,1]
	[142,4]
	[118,2]
	[57,1]
	[211,1]
	[10068,1]
	[284,1]
	[269,1]
	[9,1]
	[152,1]
	[64,1]
	[10460,1]
	[171,1]
	[68,1]
	[605,1]
	[258,2]
	[226,1]
	[243,1]
	[10928,1]
	[35,1]
	[204,1]
	[230,1]
	[71,1]
	[357,1]
	[103,1]
	[242,1]
	[50,1]
	[110,1]
	[338,1]
	[585,1]
	[70,1]
	[172,1]
	[11844,1]
	[11838,1]
	[12149,1]

1660,
	[521,1]
	[2052,1]
	[1,3]
	[4722,1]
	[4723,1]
	[4639,1]
	[5094,1]
	[6060,1]
	[6093,1]
	[5974,1]
	[6878,1]
	[6913,1]
	[7304,1]
	[9693,1]
	[9811,1]
	[10949,1]

1584,
	[836,1]
	[1533942,1]

1580,
	[142,1]
	[111,1]

1680,
	[66,1]
	[83,1]
	[55,1]
	[38,1]

len(carl_order):
22
Printing carl assignment order:
1648,2,0.4711388455538221
1628,2,0.2172043010752688
1660,1,0.16666666666666666
1632,3,0.1439675274203299
1616,4,0.024390243902439025
1616,100,0.02142857142857143
1616,147,0.02127659574468085
1680,83,0.01652892561983471
1648,128,0.011784511784511785
1580,142,0.007905138339920948
1628,260,0.006858533791523482
1628,300,0.006336405529953917
1628,306,0.004629629629629629
1648,665,0.002702702702702703
1628,338,0.0018034265103697023
1628,453,0.001687289088863892
1628,605,0.0007372818874416319
1584,836,0.0005980861244019139
1628,12149,0.0001673488456416085
1660,10949,0.00016409403682270186
1632,12086,0.00014215624561264136
1584,1533942,6.522706192526805e-07
bin_width: 311474
assigning lease 2 to address 1648
Average Cache Occupancy Per Bin: [0.20,0.23,0.22,0.22,0.16]
Total cost: 62976.0
assigning lease 2 to address 1628
Average Cache Occupancy Per Bin: [0.42,0.51,0.55,0.55,0.53]
Total cost: 133632.0
assigning lease 1 to address 1660
Average Cache Occupancy Per Bin: [0.43,0.52,0.55,0.55,0.53]
Total cost: 134144.0
assigning lease 3 to address 1632
Average Cache Occupancy Per Bin: [2.40,2.41,2.45,2.41,2.41]
Total cost: 749824.0
assigning lease 4 to address 1616
Average Cache Occupancy Per Bin: [2.44,2.42,2.45,2.43,2.42]
Total cost: 761600.0
assigning lease 100 to address 1616
Average Cache Occupancy Per Bin: [2.68,2.48,2.45,2.68,2.56]
Total cost: 837632.0
assigning lease 147 to address 1616
Average Cache Occupancy Per Bin: [2.68,2.48,2.45,2.71,2.56]
Total cost: 837632.0
assigning lease 83 to address 1680
Average Cache Occupancy Per Bin: [2.68,2.53,2.52,2.71,2.64]
Total cost: 837632.0
assigning lease 128 to address 1648
Average Cache Occupancy Per Bin: [2.82,3.00,3.01,3.40,3.30]
Total cost: 879360.0
assigning lease 142 to address 1580
Average Cache Occupancy Per Bin: [2.93,3.10,3.01,3.40,3.30]
Total cost: 915712.0
assigning lease 260 to address 1628
Average Cache Occupancy Per Bin: [9.88,13.3,15.4,16.0,18.4]
Total cost: 3079680.0
assigning lease 300 to address 1628
Average Cache Occupancy Per Bin: [10.2,13.5,15.6,16.4,18.7]
Total cost: 3194112.0
assigning lease 306 to address 1628
Average Cache Occupancy Per Bin: [10.2,13.5,15.7,16.4,18.7]
Total cost: 3207936.0
assigning lease 665 to address 1648
Average Cache Occupancy Per Bin: [10.2,13.5,15.7,16.6,19.2]
Total cost: 3207936.0
assigning lease 338 to address 1628
Average Cache Occupancy Per Bin: [10.5,13.6,15.8,16.8,19.4]
Total cost: 3281664.0
assigning lease 453 to address 1628
Average Cache Occupancy Per Bin: [11.3,13.9,16.1,17.5,20.1]
Total cost: 3546624.0
assigning lease 605 to address 1628
Average Cache Occupancy Per Bin: [12.5,14.3,16.5,18.1,20.9]
Total cost: 3896832.0
assigning lease 836 to address 1584
Average Cache Occupancy Per Bin: [13.1,14.3,16.5,18.1,21.6]
Total cost: 4110848.0
assigning lease 12149 to address 1628
Average Cache Occupancy Per Bin: [30.0,24.9,33.3,47.2,66.2]
Total cost: 9350656.0
assigning lease 10949 to address 1660
Average Cache Occupancy Per Bin: [32.1,55.6,50.6,63.2,75.2]
Total cost: 10008832.0
addr: 1632 ri: 12086
bin target: 159474688
	bin: 0.0 current capacity: 32.13376397387904  avg impact: 1099.6146580452944
	bin: 1.0 current capacity: 55.62033428151307  avg impact: 2378.4072892119407
	bin: 2.0 current capacity: 50.67250557028837  avg impact: 3304.85369565357
	bin: 3.0 current capacity: 63.294400174653425  avg impact: 4157.424581184946
	bin: 4.0 current capacity: 75.20535261370131  avg impact: 4930.344465348632
num_full_bins: 0
printing bin ranks sorted:
	bin: 4.0 rank: 0.08859312984238156
	selecting this^ bin
	bin: 3.0 rank: 0.10792874075359818
	bin: 2.0 rank: 0.13959089778662023
	bin: 1.0 rank: 0.19188457241472018
	bin: 0.0 rank: 0.4363949066295138
acceptable_ratio: 0.08859312984238156
Assigning 1632 dual lease lease 12086 * 0.08859312984238156. Bin saturation: [129.,266.,343.,431.,512.]
addr: 1584 ri: 1533942
bin target: 159474688
	bin: 4.0 current capacity: 512.0  avg impact: 1260.0574558390106
num_full_bins: 1
printing bin ranks sorted:
	bin: 4.0 rank: 0.0
acceptable_ratio: 0
Final saturation:
	0.0,40352100.87516235
	1.0,82955144.53977452
	2.0,106978809.62463136
	3.0,134436431.8595035
	4.0,159474688.0
DUMP LEASES
0, 660, 3, 2f36, 0.9114068701576185 
0, 650, 93, 0, 1 
0, 670, 299, 0, 1 
0, 65c, 2f75, 0, 1 
0, 67c, 2ac5, 0, 1 
0, 630, 344, 0, 1 
0, 62c, 8e, 0, 1 
0, 690, 53, 0, 1 
Dump dual leases

