sample rate: 0.00390625
1432,
	[325,1]
	[269,11]
	[268,193]
	[272,2]
	[270,11]
	[1,6]
	[60398,1]
	[60464,1]
	[60465,1]
	[60463,1]
	[60529,1]
	[60594,2]
	[60662,1]
	[60726,1]
	[60789,1]
	[60857,1]
	[60919,1]
	[61115,1]
	[61244,1]

1444,
	[69,3]
	[65,2]
	[86,1]

1520,
	[274,14]
	[1,5]
	[272,194]
	[273,12]
	[275,2]
	[276,1]
	[26520,1]
	[10897,1]
	[19837,1]
	[54808,1]
	[49697,1]
	[8903,1]
	[41692,1]
	[33178,1]
	[64068,1]
	[51012,1]
	[20589,1]
	[25559,1]
	[56177,1]
	[61122,1]
	[17917,1]
	[15046,1]

1540,
	[70,1]
	[66,2]

1516,
	[38,1]

1524,
	[67,1]

1620,
	[44,1]
	[155,4]
	[1,8]
	[536,1]
	[608,1]
	[416,1]
	[18803,1]
	[55098,1]
	[48520,1]
	[72164,1]
	[120619,1]

1624,
	[15,1]
	[17,2]
	[30,1]
	[33,2]
	[168,1]
	[2,2]
	[1105,2]
	[21,1]
	[610,1]
	[154,1]
	[54,1]
	[160,4]
	[14,1]
	[22,1]
	[3832,1]
	[18601,1]
	[20515,1]
	[46685,1]
	[70634,1]
	[60082,1]
	[78784,1]
	[86340,1]
	[82517,1]
	[113808,1]
	[112303,1]

1648,
	[154,1]
	[1,4]
	[3,6]
	[155,1]
	[178,1]
	[15896,1]
	[32389,1]
	[121719,1]
	[127994,1]

1660,
	[2,5]

1748,
	[287,2]
	[271,71]
	[270,1356]
	[436,4]
	[539,299]
	[538,21485]
	[542,420]
	[540,4253]
	[536,238]
	[431,1]
	[423,2]
	[320,2]
	[456,2]
	[537,109]
	[530,1]
	[2,39]
	[541,101]
	[503,1]
	[123486,1]
	[388,2]
	[332,3]
	[487,3]
	[377,3]
	[369,3]
	[490,2]
	[352,2]
	[484,2]
	[465,1]
	[407,1]
	[397,2]
	[404,5]
	[272,126]
	[421,2]
	[544,51]
	[543,13]
	[430,3]
	[491,3]
	[526,3]
	[400,2]
	[360,2]
	[115720,1]
	[402,2]
	[115704,1]
	[115692,1]
	[362,3]
	[440,7]
	[1,27]
	[336,3]
	[285,2]
	[508,2]
	[273,7]
	[340,1]
	[520,2]
	[535,10]
	[325,3]
	[523,4]
	[317,4]
	[517,4]
	[482,2]
	[274,26]
	[420,4]
	[113291,1]
	[323,4]
	[337,3]
	[454,2]
	[513,4]
	[411,3]
	[354,4]
	[532,5]
	[511,3]
	[324,4]
	[291,3]
	[304,2]
	[403,2]
	[501,3]
	[107094,1]
	[288,2]
	[331,3]
	[364,6]
	[372,1]
	[321,1]
	[311,2]
	[521,1]
	[357,1]
	[342,3]
	[319,2]
	[278,2]
	[386,3]
	[453,3]
	[458,3]
	[306,2]
	[371,1]
	[390,1]
	[103350,1]
	[343,3]
	[466,3]
	[528,3]
	[475,1]
	[97929,1]
	[338,3]
	[461,1]
	[370,2]
	[344,1]
	[470,3]
	[478,1]
	[380,3]
	[432,1]
	[96579,1]
	[303,1]
	[439,1]
	[316,2]
	[96272,1]
	[356,1]
	[429,2]
	[281,2]
	[433,3]
	[415,1]
	[469,1]
	[473,2]
	[394,1]
	[446,4]
	[435,3]
	[418,1]
	[477,2]
	[474,2]
	[314,1]
	[529,1]
	[525,2]
	[328,1]
	[533,3]
	[309,3]
	[383,2]
	[434,2]
	[349,1]
	[300,2]
	[283,2]
	[282,1]
	[348,2]
	[424,2]
	[318,1]
	[413,1]
	[518,2]
	[426,4]
	[489,2]
	[472,1]
	[467,1]
	[277,2]
	[451,1]
	[330,2]
	[498,2]
	[414,1]
	[480,1]
	[444,1]
	[534,1]
	[295,3]
	[457,2]
	[481,1]
	[346,2]
	[412,5]
	[368,2]
	[393,2]
	[405,1]
	[492,1]
	[510,2]
	[296,1]
	[385,2]
	[449,1]
	[483,3]
	[367,2]
	[334,2]
	[468,1]
	[359,2]
	[363,1]
	[378,3]
	[505,2]
	[527,2]
	[476,3]
	[276,2]
	[269,6]
	[284,1]
	[417,1]
	[516,2]
	[387,1]
	[392,1]
	[312,1]
	[427,1]
	[504,2]
	[310,3]
	[464,1]
	[302,2]
	[515,1]
	[409,1]
	[398,1]
	[353,1]
	[326,2]
	[463,1]
	[361,1]
	[441,1]
	[289,1]
	[341,2]
	[315,1]
	[290,3]
	[384,3]
	[500,2]
	[448,2]
	[416,2]
	[275,1]
	[401,1]
	[298,2]
	[333,2]
	[450,2]
	[379,1]
	[365,2]
	[499,2]
	[395,2]
	[524,2]
	[280,2]
	[37100,1]
	[438,1]
	[294,2]
	[408,1]
	[486,1]
	[347,1]
	[376,1]
	[28202,1]
	[442,1]
	[292,1]
	[279,1]
	[366,1]
	[507,2]
	[531,2]
	[351,2]
	[286,1]
	[406,1]
	[350,2]
	[373,1]
	[459,1]
	[493,1]
	[339,1]
	[494,1]
	[10718,1]
	[297,1]
	[514,1]
	[497,1]

1752,
	[538,20566]
	[1,417]
	[540,3915]
	[2,374]
	[539,268]
	[536,39]
	[537,119]
	[116284,6]
	[116286,4]
	[116282,1]
	[124308,1]
	[124293,1]
	[116016,6]
	[116014,1]
	[116013,1]
	[116012,1]
	[542,374]
	[116018,5]
	[124026,1]
	[124016,1]
	[116017,1]
	[116020,2]
	[124022,1]
	[116015,1]
	[115748,4]
	[115746,5]
	[115750,1]
	[115747,1]
	[123757,1]
	[115476,4]
	[115478,4]
	[123500,1]
	[115474,1]
	[115446,1]
	[115454,1]
	[123504,1]
	[115479,1]
	[115482,1]
	[115480,1]
	[115210,5]
	[115208,13]
	[115205,2]
	[115206,1]
	[123169,1]
	[115184,1]
	[115180,1]
	[123219,1]
	[115211,1]
	[115212,1]
	[115207,1]
	[114938,6]
	[114940,6]
	[114939,1]
	[114936,3]
	[114937,1]
	[122913,1]
	[122986,1]
	[122911,1]
	[122899,1]
	[114941,1]
	[114942,3]
	[114668,3]
	[541,113]
	[114670,8]
	[114672,7]
	[114665,1]
	[114646,1]
	[114674,1]
	[114400,3]
	[114398,2]
	[114401,1]
	[114402,2]
	[122365,1]
	[114370,2]
	[114366,2]
	[114368,1]
	[114373,1]
	[114374,1]
	[114376,1]
	[114405,1]
	[114404,1]
	[114134,4]
	[114130,3]
	[114132,8]
	[114133,2]
	[122197,1]
	[113864,7]
	[113862,3]
	[121864,1]
	[113860,2]
	[113865,1]
	[113840,1]
	[113837,1]
	[113838,1]
	[121874,1]
	[113866,1]
	[113594,3]
	[113596,3]
	[113592,2]
	[113593,2]
	[113588,1]
	[113570,1]
	[113324,8]
	[121313,1]
	[113325,1]
	[113322,3]
	[113326,3]
	[121289,1]
	[113319,1]
	[113292,1]
	[113294,1]
	[121318,1]
	[113293,1]
	[113058,1]
	[113060,1]
	[113064,1]
	[113070,1]
	[113072,1]
	[113076,1]
	[113081,1]
	[113088,1]
	[544,44]
	[113098,1]
	[112809,1]
	[112834,2]
	[112836,2]
	[112835,1]
	[112828,4]
	[112826,2]
	[112827,1]
	[112824,1]
	[112822,1]
	[112552,5]
	[112551,2]
	[112554,3]
	[120596,1]
	[112550,3]
	[107967,1]
	[107968,1]
	[107996,3]
	[107994,4]
	[107998,2]
	[107992,1]
	[107690,2]
	[107686,2]
	[107683,1]
	[107684,2]
	[107704,2]
	[107700,1]
	[107692,1]
	[107688,1]
	[115687,1]
	[107682,1]
	[107678,1]
	[107407,2]
	[107404,3]
	[107408,4]
	[107138,5]
	[107137,1]
	[115165,1]
	[107134,2]
	[107136,3]
	[115134,1]
	[107111,1]
	[106865,1]
	[106864,2]
	[106866,3]
	[106860,1]
	[114866,1]
	[106841,1]
	[106840,1]
	[106868,4]
	[106870,5]
	[106872,6]
	[106869,1]
	[106600,2]
	[106594,1]
	[106566,2]
	[106568,2]
	[106570,1]
	[106572,1]
	[106598,3]
	[106597,2]
	[106602,1]
	[114638,1]
	[106326,1]
	[106328,2]
	[106330,5]
	[106332,3]
	[106303,2]
	[106305,1]
	[106306,1]
	[106060,1]
	[106058,2]
	[106056,1]
	[106062,5]
	[106034,1]
	[106036,1]
	[106064,1]
	[105788,3]
	[105790,2]
	[105792,3]
	[105786,1]
	[105764,1]
	[113791,1]
	[105794,1]
	[105526,2]
	[105522,2]
	[105524,2]
	[105520,1]
	[105490,2]
	[105492,1]
	[105494,1]
	[105496,1]
	[105254,4]
	[105256,5]
	[105252,4]
	[105250,3]
	[105228,1]
	[104986,2]
	[104982,3]
	[104984,6]
	[104981,1]
	[104980,2]
	[104988,1]
	[104958,1]
	[104960,1]
	[104714,1]
	[112710,1]
	[104712,2]
	[104716,2]
	[104710,2]
	[112771,1]
	[104690,1]
	[104448,8]
	[104450,3]
	[112503,1]
	[104444,5]
	[104442,1]
	[104446,1]
	[104414,1]
	[112505,1]
	[104144,3]
	[104146,2]
	[104168,3]
	[104166,2]
	[104170,2]
	[104172,1]
	[104163,1]
	[104162,1]
	[104164,2]
	[104160,1]
	[103888,2]
	[103867,1]
	[103891,1]
	[103890,1]
	[103892,7]
	[111900,1]
	[111917,1]
	[103894,1]
	[111922,1]
	[103796,1]
	[99302,2]
	[99335,1]
	[99336,7]
	[107377,1]
	[99334,1]
	[99332,2]
	[99060,2]
	[99040,1]
	[99038,1]
	[99062,2]
	[99066,7]
	[99068,1]
	[99064,3]
	[98792,1]
	[98764,3]
	[98766,1]
	[98768,2]
	[98772,1]
	[98797,1]
	[98798,5]
	[98800,1]
	[98796,2]
	[106776,1]
	[106764,1]
	[98528,4]
	[98526,3]
	[98524,1]
	[98258,3]
	[98256,5]
	[98254,1]
	[98232,1]
	[106258,1]
	[98260,3]
	[98262,1]
	[97988,2]
	[97964,1]
	[106044,1]
	[97992,1]
	[97990,4]
	[97987,1]
	[97718,2]
	[97720,2]
	[105748,1]
	[97714,1]
	[97684,1]
	[97689,1]
	[97690,1]
	[97697,1]
	[105737,1]
	[97450,2]
	[97452,3]
	[97448,1]
	[97426,1]
	[105430,1]
	[97182,3]
	[97178,1]
	[97180,6]
	[105217,1]
	[97156,1]
	[96912,6]
	[96914,2]
	[96913,1]
	[543,23]
	[96910,1]
	[96644,3]
	[96642,5]
	[96614,2]
	[96612,1]
	[96342,9]
	[96344,3]
	[96072,3]
	[96074,3]
	[96070,1]
	[95805,1]
	[95802,6]
	[95804,3]
	[95800,1]
	[103844,1]
	[95799,1]
	[95530,2]
	[95524,2]
	[95528,1]
	[95526,1]
	[95522,8]
	[95523,1]
	[95518,1]
	[95250,1]
	[95252,1]
	[95254,1]
	[95282,5]
	[95284,1]
	[103284,1]
	[95155,1]
	[90720,2]
	[90694,1]
	[90696,2]
	[90726,5]
	[90728,2]
	[90724,1]
	[90727,1]
	[90454,5]
	[90452,3]
	[90428,5]
	[90456,1]
	[90185,1]
	[90186,2]
	[90190,2]
	[90188,5]
	[90187,1]
	[89916,1]
	[89886,3]
	[89884,2]
	[89882,1]
	[89888,1]
	[97907,1]
	[89914,1]
	[89646,5]
	[89648,4]
	[89645,1]
	[89624,2]
	[89650,3]
	[89652,1]
	[89380,4]
	[89376,2]
	[89382,2]
	[89378,2]
	[97446,1]
	[89381,1]
	[89110,2]
	[89108,5]
	[89107,1]
	[89104,1]
	[97134,1]
	[89081,1]
	[89084,1]
	[89111,1]
	[89112,1]
	[89113,1]
	[88842,1]
	[96904,1]
	[88840,4]
	[88844,1]
	[88839,2]
	[88810,5]
	[88811,1]
	[88812,1]
	[88572,4]
	[96577,1]
	[88570,3]
	[88568,2]
	[88574,1]
	[88548,3]
	[88544,1]
	[88302,4]
	[88306,1]
	[88304,2]
	[88303,1]
	[96371,1]
	[88300,1]
	[88298,1]
	[88278,1]
	[88034,3]
	[88032,3]
	[88033,1]
	[88037,1]
	[88030,2]
	[88008,2]
	[87764,3]
	[87766,5]
	[87762,2]
	[87732,3]
	[87464,1]
	[87490,1]
	[87524,1]
	[87548,1]
	[87578,1]
	[87632,1]
	[95647,1]
	[95739,1]
	[87690,1]
	[87748,1]
	[87472,7]
	[87476,2]
	[87474,4]
	[95563,1]
	[87468,1]
	[87200,1]
	[87197,1]
	[87198,1]
	[87196,1]
	[87194,2]
	[86922,5]
	[86920,4]
	[86656,1]
	[82336,1]
	[82285,1]
	[82280,1]
	[82282,1]
	[82260,1]
	[82256,1]
	[82232,2]
	[82228,1]
	[82202,1]
	[82144,2]
	[82146,1]
	[82120,1]
	[81844,1]
	[81846,6]
	[81848,3]
	[89588,1]
	[81574,2]
	[81554,1]
	[81552,1]
	[81581,1]
	[81578,3]
	[81580,1]
	[81306,2]
	[81303,1]
	[81284,1]
	[81280,1]
	[81308,2]
	[81311,1]
	[81312,1]
	[81310,1]
	[81038,2]
	[81036,2]
	[81008,3]
	[81006,1]
	[89031,1]
	[81010,2]
	[81014,1]
	[81042,2]
	[80770,2]
	[80768,1]
	[80772,3]
	[80744,1]
	[80746,1]
	[80771,1]
	[80502,4]
	[88479,1]
	[80504,3]
	[80503,1]
	[80234,1]
	[80232,4]
	[80230,1]
	[80226,1]
	[80207,1]
	[80208,1]
	[79962,3]
	[79964,2]
	[79959,1]
	[79930,1]
	[79932,4]
	[79664,4]
	[79660,1]
	[79662,4]
	[87676,1]
	[79392,4]
	[79390,5]
	[79394,2]
	[87438,1]
	[79391,1]
	[79124,3]
	[79120,1]
	[79122,4]
	[78852,3]
	[78850,4]
	[78854,4]
	[78590,1]
	[78616,1]
	[78624,2]
	[78630,1]
	[78640,1]
	[78642,1]
	[78648,1]
	[78646,1]
	[86669,1]
	[78350,2]
	[78349,1]
	[78374,1]
	[78372,3]
	[78371,1]
	[78370,1]
	[78368,4]
	[78366,1]
	[78069,1]
	[78068,1]
	[78096,3]
	[78094,3]
	[78098,2]
	[86160,1]
	[77999,1]
	[73510,1]
	[73538,6]
	[73540,3]
	[73542,1]
	[73238,2]
	[73226,1]
	[73250,1]
	[73244,3]
	[73246,1]
	[73245,1]
	[73240,1]
	[73236,1]
	[72966,2]
	[72962,1]
	[72940,1]
	[72968,2]
	[72698,4]
	[72692,1]
	[72696,1]
	[72670,1]
	[72672,1]
	[72429,1]
	[72428,1]
	[72426,1]
	[72401,1]
	[72430,2]
	[72162,1]
	[72158,1]
	[72160,1]
	[72128,1]
	[72126,1]
	[72125,1]
	[72130,1]
	[72134,2]
	[71888,3]
	[71884,1]
	[71892,1]
	[71886,1]
	[71863,1]
	[79941,1]
	[79937,1]
	[71624,3]
	[71620,3]
	[71618,1]
	[7436975,1]
	[71354,1]
	[79332,1]
	[71350,2]
	[71352,3]
	[71346,2]
	[71353,1]
	[71344,1]
	[71324,1]
	[71086,1]
	[71081,1]
	[71082,3]
	[71079,1]
	[71084,1]
	[71080,1]
	[71078,1]
	[71049,1]
	[71052,1]
	[70780,4]
	[70782,3]
	[70776,1]
	[78836,1]
	[70509,1]
	[70510,9]
	[70508,6]
	[70512,1]
	[70506,2]
	[70239,1]
	[78263,1]
	[70238,2]
	[70240,3]
	[70236,1]
	[70242,1]
	[69970,5]
	[69968,3]
	[69966,1]
	[69964,1]
	[69971,1]
	[69972,1]
	[78031,1]
	[69967,1]
	[69702,1]
	[69726,2]
	[69722,2]
	[69448,2]
	[77474,1]
	[69452,4]
	[69450,3]
	[77464,1]
	[77479,1]
	[69454,1]
	[69396,1]
	[64868,1]
	[64898,2]
	[64896,4]
	[64892,1]
	[64620,2]
	[64622,1]
	[64598,1]
	[64625,1]
	[64628,1]
	[64626,1]
	[64624,2]
	[64354,2]
	[64322,1]
	[64326,3]
	[64328,1]
	[64333,1]
	[64330,1]
	[64359,1]
	[64088,5]
	[64086,4]
	[64084,1]
	[64060,1]
	[63816,5]
	[63818,2]
	[63793,1]
	[63820,1]
	[63548,3]
	[63543,1]
	[63544,2]
	[63524,1]
	[63523,1]
	[63278,1]
	[63280,1]
	[71333,1]
	[63276,3]
	[63246,2]
	[63248,1]
	[63250,1]
	[62978,8]
	[62980,1]
	[62708,5]
	[62707,1]
	[62710,3]
	[62706,1]
	[62704,1]
	[62438,1]
	[62437,1]
	[62439,1]
	[62440,1]
	[62436,1]
	[62170,4]
	[62168,7]
	[62169,1]
	[70212,1]
	[62166,1]
	[70142,1]
	[61898,6]
	[61900,3]
	[69953,1]
	[69948,1]
	[61630,3]
	[61628,3]
	[61624,1]
	[61626,2]
	[61358,7]
	[61360,3]
	[61359,1]
	[61088,1]
	[61080,3]
	[60809,1]
	[60810,1]
	[60812,1]
	[60816,1]
	[68880,1]
	[60844,1]
	[60842,2]
	[56280,1]
	[56254,1]
	[56282,1]
	[64344,1]
	[56284,1]
	[55990,1]
	[63980,1]
	[56016,1]
	[56014,1]
	[55747,2]
	[55744,2]
	[55740,1]
	[55748,2]
	[55746,1]
	[55750,1]
	[55476,1]
	[55474,1]
	[55446,3]
	[55444,1]
	[55448,1]
	[55206,2]
	[55204,1]
	[63228,1]
	[55208,2]
	[55210,1]
	[55202,1]
	[55180,1]
	[54940,1]
	[54937,1]
	[54936,4]
	[54938,2]
	[54914,1]
	[54913,1]
	[54667,1]
	[54670,2]
	[54665,1]
	[62665,1]
	[54668,1]
	[54669,1]
	[54666,1]
	[54400,1]
	[54402,1]
	[54404,1]
	[54399,1]
	[54368,1]
	[54366,1]
	[54100,1]
	[62099,1]
	[54096,3]
	[62109,1]
	[53826,3]
	[53824,2]
	[53831,1]
	[53828,1]
	[53556,6]
	[53558,1]
	[53559,1]
	[53284,2]
	[53286,5]
	[61316,1]
	[53020,2]
	[53080,1]
	[53132,1]
	[53192,1]
	[52918,2]
	[52914,2]
	[52916,2]
	[61000,1]
	[52920,1]
	[52644,1]
	[52642,2]
	[52646,1]
	[52640,2]
	[52638,2]
	[52370,3]
	[60453,1]
	[52368,2]
	[52372,2]
	[52220,1]
	[47782,1]
	[47758,2]
	[47757,1]
	[55825,1]
	[47706,2]
	[47677,1]
	[47680,1]
	[47406,2]
	[47408,2]
	[47407,1]
	[47136,1]
	[47133,1]
	[47110,1]
	[47114,1]
	[47138,1]
	[47140,1]
	[46870,2]
	[46866,1]
	[46844,1]
	[46868,2]
	[46598,2]
	[54616,1]
	[46596,1]
	[46568,1]
	[46298,1]
	[46300,5]
	[46299,1]
	[46028,4]
	[46030,2]
	[46029,2]
	[54056,1]
	[45758,2]
	[45760,1]
	[45488,5]
	[45490,4]
	[45487,1]
	[45220,3]
	[45218,2]
	[45217,2]
	[53258,1]
	[44946,2]
	[53004,1]
	[44948,2]
	[44678,2]
	[44408,2]
	[52420,1]
	[44407,2]
	[44410,2]
	[44146,1]
	[52172,1]
	[44174,1]
	[44178,1]
	[44184,2]
	[44188,1]
	[52237,1]
	[43890,1]
	[43914,4]
	[43916,1]
	[43912,5]
	[43910,1]
	[43640,2]
	[43641,1]
	[43638,1]
	[39054,1]
	[39080,1]
	[39082,1]
	[47149,1]
	[38780,2]
	[38772,2]
	[38524,3]
	[38526,2]
	[38522,1]
	[38502,3]
	[38500,2]
	[38257,1]
	[38260,1]
	[38256,3]
	[38254,1]
	[46268,1]
	[37984,2]
	[37986,2]
	[37988,1]
	[37960,1]
	[37720,1]
	[37712,1]
	[37686,3]
	[37688,1]
	[37418,2]
	[37412,1]
	[37416,1]
	[37415,1]
	[37148,1]
	[37141,1]
	[37144,3]
	[36876,3]
	[36874,3]
	[36873,1]
	[36875,1]
	[44860,1]
	[36607,1]
	[36602,1]
	[36604,1]
	[36606,2]
	[36068,3]
	[36064,1]
	[35796,1]
	[35794,1]
	[35798,1]
	[35528,2]
	[35522,1]
	[35524,3]
	[35526,1]
	[35258,2]
	[35284,1]
	[35280,1]
	[34984,1]
	[35010,1]
	[35012,2]
	[34969,1]
	[30456,1]
	[30186,2]
	[30182,1]
	[29882,1]
	[29886,2]
	[29614,4]
	[29613,1]
	[29344,3]
	[29346,1]
	[29074,4]
	[29076,1]
	[28804,3]
	[28534,1]
	[28266,3]
	[28264,1]
	[28262,1]
	[27994,1]
	[27996,1]
	[27995,1]
	[27726,2]
	[27724,4]
	[27454,2]
	[27456,2]
	[27184,4]
	[27186,1]
	[26914,3]
	[26916,4]
	[34971,1]
	[26915,1]
	[26910,1]
	[26642,3]
	[26644,1]
	[26640,1]
	[26370,1]
	[26368,1]
	[26372,1]
	[26402,1]
	[26398,1]
	[26308,1]
	[21816,1]
	[21814,1]
	[21820,1]
	[21819,1]
	[21572,1]
	[21551,1]
	[21304,1]
	[21302,1]
	[21278,1]
	[21036,1]
	[21034,1]
	[21002,1]
	[20730,1]
	[20734,1]
	[20464,2]
	[20192,2]
	[20189,1]
	[20190,1]
	[28263,1]
	[19922,1]
	[19920,1]
	[27935,1]
	[19654,1]
	[19380,2]
	[19386,1]
	[19384,1]
	[19112,1]
	[18845,1]
	[18842,1]
	[18844,1]
	[18576,1]
	[26693,1]
	[18634,2]
	[18358,1]
	[18088,3]
	[18086,1]
	[18090,1]
	[17818,2]
	[17816,2]
	[17768,1]
	[17561,1]
	[13207,2]
	[12932,1]
	[12936,1]
	[12666,1]
	[12664,1]
	[12662,1]
	[12396,1]
	[12394,1]
	[12126,1]
	[12122,1]
	[11854,2]
	[11587,1]
	[11586,4]
	[11584,1]
	[11314,1]
	[11044,1]
	[10774,1]
	[18829,1]
	[18811,1]
	[10504,2]
	[9966,1]
	[9963,2]
	[9702,1]
	[9456,2]
	[9157,1]
	[17220,1]
	[9184,1]
	[8968,1]
	[8901,1]
	[4598,2]
	[4054,2]
	[3781,1]
	[3782,1]
	[3514,1]
	[3512,1]
	[3244,2]
	[3242,1]
	[2972,1]
	[2702,1]
	[2704,1]
	[1621,1]
	[1624,1]
	[1084,1]
	[1082,2]
	[1081,1]
	[812,1]
	[417,1]

1764,
	[77,38]
	[94,39]
	[35,49]
	[86,33]
	[111,16]
	[17,16]
	[85,17]
	[112,25]
	[104,17]
	[65,19]
	[60,35]
	[9,48]
	[43,32]
	[78,26]
	[128,1]
	[120,27]
	[70,11]
	[93,4]
	[26,58]
	[51,22]
	[10,24]
	[69,52]
	[44,19]
	[119,6]
	[34,1]
	[59,5]
	[103,40]
	[25,14]
	[36,7]
	[121,12]
	[71,1]
	[52,33]
	[18,29]
	[2,1]
	[37,2]
	[129,7]
	[66,6]
	[61,10]
	[87,8]
	[45,2]
	[113,6]
	[79,6]
	[53,3]
	[95,9]
	[130,5]
	[138,1]
	[62,3]
	[107,1]
	[96,3]
	[88,1]
	[126,1]
	[100,1]
	[67,1]
	[82,1]

1772,
	[38,3]
	[54,2]
	[117,1]
	[48,3]
	[13,2]
	[39,1]
	[68,3]
	[5,3]
	[103,1]
	[61,3]
	[10,3]
	[118,1]
	[73,3]
	[11,1]
	[55,2]
	[70,5]
	[14,2]
	[15,2]
	[47,1]
	[3,4]
	[64,2]
	[46,1]
	[20,2]
	[21,3]
	[33,1]
	[45,3]
	[32,1]
	[78,1]
	[84,4]
	[29,2]
	[24,2]
	[1,1]
	[44,2]
	[63,3]
	[50,3]
	[18,1]
	[57,2]
	[59,2]
	[77,1]
	[72,2]
	[107,1]
	[8,3]
	[43,1]
	[37,2]
	[101,1]
	[23,1]
	[62,1]
	[35,2]
	[67,2]
	[102,1]
	[91,1]
	[92,1]
	[49,1]
	[19,1]
	[110,1]
	[75,1]
	[114,2]
	[34,1]
	[9,1]
	[81,1]
	[17,1]
	[65,1]
	[25,1]
	[56,1]

1736,
	[71,2]
	[105,2]
	[45,1]
	[50,1]
	[114,1]
	[38,1]
	[13,1]
	[7,1]
	[66,1]
	[19,1]
	[90,1]

1708,
	[50,1]

len(carl_order):
38
Printing carl assignment order:
1660,2,0.5
1620,1,0.38095238095238093
1648,1,0.23529411764705882
1648,3,0.23076923076923078
1624,2,0.03125
1516,38,0.02631578947368421
1432,1,0.025210084033613446
1772,118,0.020554066130473638
1520,1,0.020491803278688523
1708,50,0.02
1736,114,0.0163727959697733
1764,138,0.01567662823995888
1524,67,0.014925373134328358
1540,70,0.01485148514851485
1752,1,0.014828248346490292
1444,86,0.014184397163120567
1752,2,0.013499368345064067
1624,33,0.010778443113772455
1432,272,0.0034974615198646144
1520,276,0.003436955751121249
1620,155,0.0026441036488630354
1624,168,0.002616822429906542
1648,178,0.0025466893039049238
1748,544,0.0019201478336071005
1752,544,0.001735577164270586
1432,325,0.0012578616352201257
1620,608,0.0008928571428571428
1624,1105,0.00023766141170878554
1624,3832,3.333666700003334e-05
1520,64068,2.8953721096043112e-05
1648,32389,1.7801354683091383e-05
1432,61244,1.6562774690660605e-05
1620,120619,1.6017221716789892e-05
1624,113808,1.5338623113157624e-05
1752,124308,1.2882459836466e-05
1748,123486,1.1264530160779505e-05
1648,127994,1.081461053883797e-05
1752,7436975,1.3674901373192572e-07
bin_width: 3020817
assigning lease 2 to address 1660
Average Cache Occupancy Per Bin: [0.00,0.0,0.0,0.0,0.0]
Total cost: 2560.0
assigning lease 1 to address 1620
Average Cache Occupancy Per Bin: [0.00,0.0,0.0,0.0,0.0]
Total cost: 7936.0
assigning lease 1 to address 1648
Average Cache Occupancy Per Bin: [0.00,0.0,0.0,0.0,0.0]
Total cost: 12288.0
assigning lease 3 to address 1648
Average Cache Occupancy Per Bin: [0.00,0.0,0.0,0.0,0.0]
Total cost: 18944.0
assigning lease 2 to address 1624
Average Cache Occupancy Per Bin: [0.01,0.0,0.0,0.0,0.0]
Total cost: 35328.0
assigning lease 38 to address 1516
Average Cache Occupancy Per Bin: [0.01,0.0,0.0,0.0,0.0]
Total cost: 45056.0
assigning lease 1 to address 1432
Average Cache Occupancy Per Bin: [0.03,0.0,0.0,0.0,0.0]
Total cost: 105984.0
assigning lease 118 to address 1772
Average Cache Occupancy Per Bin: [0.11,0.07,0.11,0.13,0.07]
Total cost: 352256.0
assigning lease 1 to address 1520
Average Cache Occupancy Per Bin: [0.13,0.07,0.11,0.13,0.07]
Total cost: 414720.0
assigning lease 50 to address 1708
Average Cache Occupancy Per Bin: [0.13,0.07,0.11,0.13,0.07]
Total cost: 414720.0
assigning lease 114 to address 1736
Average Cache Occupancy Per Bin: [0.14,0.08,0.14,0.14,0.07]
Total cost: 432896.0
assigning lease 138 to address 1764
Average Cache Occupancy Per Bin: [1.09,1.05,1.05,1.05,0.95]
Total cost: 3308032.0
assigning lease 67 to address 1524
Average Cache Occupancy Per Bin: [1.10,1.05,1.05,1.05,0.95]
Total cost: 3325184.0
assigning lease 70 to address 1540
Average Cache Occupancy Per Bin: [1.11,1.05,1.05,1.05,0.95]
Total cost: 3376896.0
assigning lease 1 to address 1752
Average Cache Occupancy Per Bin: [1.58,1.53,1.54,1.54,1.42]
Total cost: 4778752.0
assigning lease 86 to address 1444
Average Cache Occupancy Per Bin: [1.61,1.53,1.54,1.54,1.42]
Total cost: 4887040.0
assigning lease 2 to address 1752
Average Cache Occupancy Per Bin: [2.07,2.01,2.02,2.01,1.87]
Total cost: 6264064.0
assigning lease 33 to address 1624
Average Cache Occupancy Per Bin: [2.14,2.01,2.02,2.01,1.87]
Total cost: 6477824.0
assigning lease 272 to address 1432
Average Cache Occupancy Per Bin: [7.40,2.01,2.02,2.01,1.87]
Total cost: 22361344.0
assigning lease 276 to address 1520
Average Cache Occupancy Per Bin: [12.9,2.01,2.02,2.01,1.87]
Total cost: 38971392.0
assigning lease 155 to address 1620
Average Cache Occupancy Per Bin: [13.0,2.01,2.02,2.01,1.87]
Total cost: 39455488.0
assigning lease 168 to address 1624
Average Cache Occupancy Per Bin: [13.2,2.01,2.02,2.01,1.87]
Total cost: 40140288.0
assigning lease 178 to address 1648
Average Cache Occupancy Per Bin: [13.3,2.01,2.02,2.01,1.87]
Total cost: 40441856.0
assigning lease 544 to address 1748
Average Cache Occupancy Per Bin: [259.,263.,259.,261.,260.]
Total cost: 783521024.0
addr: 1752 ri: 544
bin target: 1546658304
	bin: 1.0 current capacity: 263.57105908765743  avg impact: 252.5991716810386
	bin: 2.0 current capacity: 259.74786026429274  avg impact: 255.25517368314598
	bin: 3.0 current capacity: 261.0219208909378  avg impact: 251.5469742126054
num_full_bins: 0
printing bin ranks sorted:
	bin: 1.0 rank: 0.9834907187504088
	selecting this^ bin
	bin: 2.0 rank: 0.9882351691285738
	bin: 3.0 rank: 0.9977384140464264
acceptable_ratio: 0.9834907187504088
Assigning 1752 dual lease lease 544 * 0.9834907187504088. Bin saturation: [496.,512.,510.,508.,498.]
assigning lease 325 to address 1432
Average Cache Occupancy Per Bin: [496.,512.,510.,508.,498.]
Total cost: 1500308785.0797777
assigning lease 608 to address 1620
Average Cache Occupancy Per Bin: [496.,512.,510.,508.,498.]
Total cost: 1501168945.0797777
assigning lease 1105 to address 1624
Average Cache Occupancy Per Bin: [498.,512.,510.,508.,498.]
Total cost: 1504400433.0797777
assigning lease 3832 to address 1624
Average Cache Occupancy Per Bin: [500.,512.,510.,508.,498.]
Total cost: 1512079665.0797777
addr: 1520 ri: 64068
bin target: 1546658304
	bin: 0.0 current capacity: 500.5532162589716  avg impact: 46.830753402142534
	bin: 1.0 current capacity: 512.0  avg impact: 0.0
num_full_bins: 1
printing bin ranks sorted:
	bin: 0.0 rank: 0.2444287761662347
acceptable_ratio: 0
assigning lease 32389 to address 1648
Average Cache Occupancy Per Bin: [510.,512.,510.,508.,498.]
Total cost: 1540841521.0797777
addr: 1432 ri: 61244
bin target: 1546658304
	bin: 0.0 current capacity: 510.07443386334813  avg impact: 71.63256297882327
	bin: 1.0 current capacity: 512.0  avg impact: 0.0
num_full_bins: 1
printing bin ranks sorted:
	bin: 0.0 rank: 0.026881156510079385
acceptable_ratio: 0
addr: 1620 ri: 120619
bin target: 1546658304
	bin: 0.0 current capacity: 510.07443386334813  avg impact: 26.45442739497295
	bin: 1.0 current capacity: 512.0  avg impact: 0.0
num_full_bins: 1
printing bin ranks sorted:
	bin: 0.0 rank: 0.07278804821221631
acceptable_ratio: 0
addr: 1624 ri: 113808
bin target: 1546658304
	bin: 0.0 current capacity: 510.07443386334813  avg impact: 55.24960432889513
	bin: 1.0 current capacity: 512.0  avg impact: 0.0
num_full_bins: 1
printing bin ranks sorted:
	bin: 0.0 rank: 0.034852125368883595
acceptable_ratio: 0
addr: 1752 ri: 124308
bin target: 1546658304
	bin: 0.0 current capacity: 510.07443386334813  avg impact: 3873.054136016846
	bin: 1.0 current capacity: 512.0  avg impact: 3373.4835575938564
	bin: 2.0 current capacity: 510.7889544946904  avg impact: 2844.458907639887
	bin: 3.0 current capacity: 508.41603535878363  avg impact: 2292.0650671656044
	bin: 4.0 current capacity: 498.692429865474  avg impact: 1148.555993957926
num_full_bins: 1
printing bin ranks sorted:
	bin: 1.0 rank: 0.0
	bin: 2.0 rank: 0.00042575602061146545
	bin: 0.0 rank: 0.0004971699514203464
	bin: 3.0 rank: 0.0015636400085484333
	bin: 4.0 rank: 0.011586348601662891
acceptable_ratio: 0
addr: 1748 ri: 123486
bin target: 1546658304
	bin: 0.0 current capacity: 510.07443386334813  avg impact: 39.69689524390256
	bin: 1.0 current capacity: 512.0  avg impact: 35.549630447657044
	bin: 2.0 current capacity: 510.7889544946904  avg impact: 16.25101023994502
num_full_bins: 1
printing bin ranks sorted:
	bin: 1.0 rank: 0.0
	bin: 0.0 rank: 0.04850671884591865
	bin: 2.0 rank: 0.07452124436749424
acceptable_ratio: 0
addr: 1648 ri: 127994
bin target: 1546658304
	bin: 0.0 current capacity: 510.07443386334813  avg impact: 15.672369428535394
	bin: 1.0 current capacity: 512.0  avg impact: 0.0
num_full_bins: 1
printing bin ranks sorted:
	bin: 0.0 rank: 0.12286375365462616
acceptable_ratio: 0
addr: 1752 ri: 7436975
bin target: 1546658304
	bin: 0.0 current capacity: 510.07443386334813  avg impact: 3873.054136016846
	bin: 1.0 current capacity: 512.0  avg impact: 3373.4835575938564
	bin: 2.0 current capacity: 510.7889544946904  avg impact: 2844.458907639887
	bin: 3.0 current capacity: 508.41603535878363  avg impact: 2911.7791220057356
	bin: 4.0 current capacity: 498.692429865474  avg impact: 1148.555993957926
num_full_bins: 1
printing bin ranks sorted:
	bin: 1.0 rank: 0.0
	bin: 2.0 rank: 0.00042575602061146545
	bin: 0.0 rank: 0.0004971699514203464
	bin: 3.0 rank: 0.0012308504495174863
	bin: 4.0 rank: 0.011586348601662891
acceptable_ratio: 0
Final saturation:
	0.0,1540841521.0797777
	1.0,1546658304.0
	2.0,1542999957.1497872
	3.0,1535831802.6844146
	4.0,1506458569.9089317
DUMP LEASES
0, 598, 145, 0, 1 
0, 5a4, 56, 0, 1 
0, 5f0, 114, 0, 1 
0, 604, 46, 0, 1 
0, 5ec, 26, 0, 1 
0, 5f4, 43, 0, 1 
0, 654, 260, 0, 1 
0, 658, ef8, 0, 1 
0, 670, 7e85, 0, 1 
0, 67c, 2, 0, 1 
0, 6d4, 220, 0, 1 
0, 6d8, 2, 220, 0.016509281249591168 
0, 6e4, 8a, 0, 1 
0, 6ec, 76, 0, 1 
0, 6c8, 72, 0, 1 
0, 6ac, 32, 0, 1 
Dump dual leases

