sample rate: 0.00390625
1392,
	[328,1]
	[270,211]
	[271,1]
	[4,1]
	[398,3]
	[1,7]
	[347,1]
	[3,1]
	[275,1]
	[273,1]
	[9894,1]
	[45646,1]
	[6457,1]
	[42117,1]
	[40290,1]
	[20138,1]
	[24652,1]
	[29040,1]
	[37837,1]
	[47345,1]
	[62374,1]
	[14616,1]
	[10329,1]

1404,
	[65,7]

1464,
	[2,6]

1448,
	[2,1]
	[1,4]
	[3,6]
	[135,2]
	[158,1]
	[154,1]
	[545,1]
	[9678,1]
	[3046,1]
	[14575,1]
	[14401,1]
	[17805,1]
	[13666,1]
	[29390,1]
	[28500,1]
	[27081,1]
	[34885,1]
	[52266,1]
	[69445,1]
	[66888,1]
	[95113,1]
	[110409,1]
	[104440,1]
	[116217,1]
	[124743,1]

1444,
	[144,6]
	[145,1]
	[124,1]
	[152,2]
	[837,1]

1540,
	[271,6]
	[272,209]
	[349,2]
	[529,2]
	[540,4778]
	[542,353]
	[2,288]
	[539,262]
	[544,14]
	[541,96]
	[270,1421]
	[421,1]
	[534,1]
	[293,4]
	[543,3]
	[290,4]
	[1,25]
	[268,196]
	[269,41]
	[343,2]
	[538,21372]
	[537,106]
	[284,4]
	[373,2]
	[123486,1]
	[442,3]
	[312,3]
	[461,8]
	[122996,1]
	[384,1]
	[436,2]
	[401,3]
	[521,1]
	[502,4]
	[319,2]
	[518,2]
	[480,1]
	[463,4]
	[369,7]
	[353,2]
	[324,2]
	[441,2]
	[500,3]
	[530,1]
	[120798,1]
	[520,2]
	[367,4]
	[115954,1]
	[450,1]
	[115962,1]
	[505,4]
	[3,1]
	[316,5]
	[325,1]
	[491,2]
	[425,3]
	[380,1]
	[345,3]
	[303,2]
	[443,2]
	[514,3]
	[114634,1]
	[434,1]
	[417,3]
	[485,2]
	[114334,1]
	[385,1]
	[454,2]
	[453,4]
	[295,2]
	[276,3]
	[327,3]
	[464,1]
	[306,3]
	[329,1]
	[416,3]
	[112234,1]
	[519,2]
	[497,1]
	[408,1]
	[364,3]
	[488,1]
	[279,2]
	[304,4]
	[315,2]
	[467,4]
	[338,5]
	[326,3]
	[352,2]
	[321,5]
	[387,1]
	[105160,1]
	[375,1]
	[511,3]
	[446,1]
	[277,1]
	[413,4]
	[482,1]
	[535,4]
	[424,2]
	[429,2]
	[103534,1]
	[357,3]
	[313,2]
	[406,1]
	[282,2]
	[522,2]
	[509,2]
	[398,2]
	[339,2]
	[97708,1]
	[472,4]
	[487,4]
	[294,1]
	[333,3]
	[348,2]
	[358,1]
	[96362,1]
	[489,2]
	[397,1]
	[308,1]
	[278,3]
	[402,1]
	[90462,1]
	[90166,1]
	[496,2]
	[305,1]
	[507,2]
	[394,1]
	[432,1]
	[493,5]
	[323,2]
	[341,1]
	[470,3]
	[379,2]
	[289,1]
	[386,2]
	[407,1]
	[419,2]
	[320,2]
	[302,1]
	[274,1]
	[409,4]
	[474,1]
	[382,1]
	[508,2]
	[81220,1]
	[331,5]
	[490,3]
	[451,1]
	[444,2]
	[354,1]
	[322,4]
	[498,1]
	[428,2]
	[78878,1]
	[430,1]
	[376,2]
	[504,2]
	[526,1]
	[351,3]
	[391,2]
	[355,2]
	[71540,1]
	[516,3]
	[337,4]
	[378,3]
	[359,3]
	[517,1]
	[524,3]
	[69692,1]
	[340,1]
	[528,1]
	[335,2]
	[422,1]
	[503,2]
	[440,4]
	[64304,1]
	[63996,1]
	[275,2]
	[457,1]
	[63510,1]
	[476,2]
	[63268,1]
	[296,1]
	[415,1]
	[533,2]
	[525,3]
	[283,3]
	[458,1]
	[291,2]
	[317,2]
	[435,1]
	[310,1]
	[330,2]
	[405,2]
	[426,1]
	[456,2]
	[495,2]
	[478,1]
	[420,2]
	[52430,1]
	[468,2]
	[281,1]
	[288,2]
	[285,2]
	[445,3]
	[469,2]
	[501,2]
	[368,2]
	[439,2]
	[381,1]
	[466,2]
	[531,1]
	[300,1]
	[393,2]
	[484,1]
	[396,1]
	[43786,1]
	[43808,1]
	[473,1]
	[465,2]
	[499,1]
	[494,1]
	[372,1]
	[390,1]
	[427,1]
	[318,1]
	[523,1]
	[399,2]
	[377,1]
	[452,2]
	[438,1]
	[371,2]
	[314,1]
	[506,2]
	[286,1]
	[475,1]
	[280,2]
	[492,2]
	[344,1]
	[455,1]
	[26634,1]
	[26068,1]
	[336,1]
	[513,2]
	[19598,1]
	[287,1]
	[433,1]
	[374,1]
	[512,1]
	[383,1]
	[448,1]
	[301,1]
	[307,1]
	[11279,1]
	[460,1]

1556,
	[6,2]
	[35,60]
	[69,53]
	[60,43]
	[43,42]
	[86,35]
	[77,36]
	[111,29]
	[113,10]
	[10,35]
	[25,14]
	[52,31]
	[18,30]
	[51,25]
	[85,14]
	[104,17]
	[70,14]
	[65,16]
	[112,23]
	[9,40]
	[17,30]
	[78,22]
	[71,3]
	[59,5]
	[44,22]
	[120,20]
	[119,11]
	[45,3]
	[93,3]
	[94,34]
	[79,7]
	[34,1]
	[37,1]
	[26,43]
	[128,1]
	[103,42]
	[36,1]
	[82,1]
	[66,9]
	[95,9]
	[121,14]
	[87,5]
	[96,3]
	[129,8]
	[130,5]
	[53,3]
	[61,5]
	[122,2]
	[27,2]
	[62,3]
	[67,1]
	[118,1]

1544,
	[540,3975]
	[1,432]
	[2,90]
	[539,163]
	[116968,7]
	[116969,1]
	[116696,1]
	[116695,1]
	[542,65]
	[124721,1]
	[116698,9]
	[541,57]
	[116697,2]
	[116426,9]
	[116425,1]
	[116424,1]
	[538,21175]
	[116096,1]
	[116036,2]
	[537,119]
	[116004,1]
	[115940,1]
	[115938,1]
	[115908,1]
	[123946,1]
	[115844,1]
	[115779,1]
	[115748,1]
	[115476,9]
	[115444,2]
	[123461,1]
	[115204,1]
	[115206,3]
	[115205,1]
	[115208,8]
	[115207,1]
	[123258,1]
	[114938,6]
	[122929,1]
	[122903,1]
	[114936,2]
	[114937,1]
	[114666,2]
	[114668,1]
	[114636,3]
	[114634,1]
	[544,1]
	[114671,1]
	[114670,5]
	[114398,1]
	[114400,5]
	[114399,1]
	[114368,1]
	[122462,1]
	[114130,7]
	[114128,7]
	[122161,1]
	[114098,3]
	[114132,4]
	[113862,9]
	[113860,3]
	[113858,1]
	[121925,1]
	[113830,2]
	[113590,3]
	[113591,1]
	[113592,1]
	[121565,1]
	[113560,1]
	[113556,1]
	[113559,1]
	[113594,3]
	[113323,1]
	[113324,7]
	[113322,3]
	[113321,1]
	[121279,1]
	[113054,7]
	[121066,1]
	[113052,4]
	[113051,2]
	[112786,5]
	[112782,2]
	[112787,1]
	[112784,7]
	[112376,1]
	[108224,1]
	[108220,5]
	[108222,1]
	[108219,1]
	[108216,1]
	[108182,1]
	[108184,1]
	[108180,1]
	[107911,1]
	[107940,1]
	[107941,1]
	[107942,5]
	[115927,1]
	[107642,1]
	[107672,2]
	[107674,11]
	[107374,1]
	[107402,4]
	[107403,6]
	[107404,8]
	[115413,1]
	[107104,2]
	[107132,1]
	[107134,2]
	[107136,9]
	[107135,1]
	[106833,2]
	[106835,1]
	[106867,5]
	[114928,1]
	[106866,1]
	[106596,1]
	[106594,3]
	[106598,4]
	[106597,1]
	[106328,9]
	[106325,1]
	[106298,2]
	[114351,1]
	[106326,1]
	[106056,3]
	[106028,2]
	[106058,1]
	[106060,4]
	[105790,5]
	[105788,2]
	[105760,3]
	[105756,2]
	[105520,5]
	[105518,3]
	[105490,2]
	[105522,2]
	[105252,5]
	[105250,6]
	[105222,1]
	[104982,11]
	[104980,4]
	[104952,1]
	[104978,1]
	[113031,1]
	[104714,4]
	[104712,1]
	[104713,1]
	[104680,1]
	[112681,1]
	[104684,2]
	[104444,6]
	[104442,8]
	[104439,1]
	[104443,1]
	[104414,2]
	[104172,7]
	[104171,3]
	[104173,2]
	[104174,1]
	[104144,1]
	[112221,1]
	[103832,1]
	[99612,2]
	[99609,1]
	[99608,2]
	[99610,1]
	[99606,3]
	[99570,1]
	[99572,1]
	[99300,6]
	[99298,1]
	[99030,1]
	[99064,3]
	[99063,2]
	[98794,11]
	[98762,1]
	[98792,1]
	[106825,1]
	[98793,2]
	[98523,2]
	[98524,5]
	[98491,1]
	[98492,1]
	[106502,1]
	[98525,2]
	[98526,10]
	[98255,4]
	[98256,6]
	[98257,1]
	[98253,1]
	[98254,2]
	[97985,1]
	[97986,1]
	[97954,3]
	[97952,2]
	[97956,2]
	[97988,4]
	[97718,7]
	[97685,1]
	[97686,1]
	[97716,1]
	[97448,6]
	[97446,3]
	[97447,1]
	[97449,2]
	[97450,8]
	[97180,4]
	[97178,2]
	[97148,1]
	[97179,2]
	[96909,1]
	[96910,3]
	[104949,1]
	[96908,2]
	[96878,3]
	[96877,1]
	[96879,1]
	[96880,1]
	[96912,3]
	[96640,3]
	[96642,6]
	[96639,1]
	[104679,1]
	[96610,2]
	[96372,3]
	[96370,2]
	[104419,1]
	[96371,1]
	[96339,1]
	[96104,5]
	[96103,1]
	[96102,7]
	[96101,1]
	[96072,1]
	[95832,3]
	[95833,1]
	[95834,5]
	[95802,1]
	[95801,1]
	[95800,1]
	[95532,7]
	[95530,6]
	[95531,1]
	[95529,1]
	[95218,1]
	[90968,5]
	[90964,3]
	[90962,5]
	[90963,1]
	[90960,1]
	[90690,7]
	[90689,1]
	[90420,2]
	[90421,2]
	[90422,4]
	[98419,1]
	[98216,1]
	[90150,2]
	[90154,3]
	[90185,1]
	[90184,6]
	[90183,1]
	[89914,1]
	[89916,9]
	[89915,1]
	[89917,1]
	[89616,3]
	[89644,2]
	[89646,4]
	[97649,1]
	[89374,4]
	[89376,2]
	[89379,1]
	[89378,2]
	[89108,4]
	[89106,3]
	[89077,1]
	[89073,1]
	[89074,2]
	[89078,2]
	[89109,1]
	[88838,6]
	[88836,2]
	[88834,1]
	[88840,2]
	[88841,1]
	[88569,1]
	[88567,1]
	[88568,3]
	[88541,1]
	[88570,3]
	[88300,7]
	[88296,1]
	[88298,2]
	[88303,1]
	[88302,2]
	[96303,1]
	[88030,2]
	[88028,1]
	[88032,2]
	[87998,4]
	[96067,1]
	[87761,1]
	[87760,6]
	[87762,4]
	[87732,1]
	[95771,1]
	[87490,5]
	[87492,2]
	[87462,1]
	[87222,2]
	[87223,1]
	[87220,1]
	[87192,1]
	[86950,6]
	[86952,4]
	[94975,1]
	[86949,2]
	[86922,2]
	[82390,1]
	[82424,1]
	[82456,1]
	[82486,1]
	[82516,1]
	[82548,1]
	[82578,1]
	[82580,2]
	[82640,1]
	[82669,1]
	[82400,7]
	[90482,1]
	[82399,1]
	[82128,1]
	[82131,2]
	[82130,11]
	[82129,1]
	[81858,8]
	[81856,1]
	[81562,1]
	[81528,2]
	[81468,2]
	[81467,1]
	[81436,1]
	[81403,1]
	[81340,1]
	[81308,2]
	[81033,1]
	[81034,1]
	[81036,5]
	[81004,2]
	[88829,1]
	[88817,1]
	[80767,2]
	[80766,3]
	[80734,2]
	[80768,9]
	[88751,1]
	[80498,6]
	[80496,3]
	[80228,2]
	[80226,1]
	[80196,5]
	[88266,1]
	[80230,1]
	[79960,9]
	[79961,1]
	[79958,3]
	[79959,1]
	[79690,7]
	[87728,1]
	[79688,1]
	[79658,1]
	[79422,5]
	[79420,3]
	[79390,1]
	[79421,1]
	[79152,6]
	[79150,2]
	[79118,2]
	[78850,6]
	[86914,1]
	[78848,3]
	[78847,1]
	[78580,4]
	[78578,4]
	[78310,2]
	[78308,4]
	[78307,1]
	[78309,1]
	[73748,2]
	[73744,3]
	[73740,2]
	[73502,10]
	[73202,1]
	[73201,1]
	[81224,1]
	[73232,2]
	[73234,2]
	[73233,1]
	[73235,1]
	[81008,1]
	[72934,1]
	[72964,14]
	[80965,1]
	[72961,1]
	[72663,1]
	[72664,1]
	[72692,1]
	[72694,2]
	[72693,1]
	[72696,4]
	[72396,3]
	[72391,1]
	[72392,2]
	[80450,1]
	[3,1]
	[72426,4]
	[72156,3]
	[72154,2]
	[72126,1]
	[72158,2]
	[71888,5]
	[71886,4]
	[71858,2]
	[71885,1]
	[71618,4]
	[71616,4]
	[71588,1]
	[71350,2]
	[71348,4]
	[71316,2]
	[71320,1]
	[71080,2]
	[71078,5]
	[79140,1]
	[70810,4]
	[70808,3]
	[70809,1]
	[70780,1]
	[70540,1]
	[70538,2]
	[78540,1]
	[70270,3]
	[70267,1]
	[70268,3]
	[70240,1]
	[78317,1]
	[69968,4]
	[69966,3]
	[69965,1]
	[69967,1]
	[69699,1]
	[69696,4]
	[77706,1]
	[69698,3]
	[69227,1]
	[65136,2]
	[65138,5]
	[65132,2]
	[65134,2]
	[65133,1]
	[65131,2]
	[65130,1]
	[65128,1]
	[64860,6]
	[64859,1]
	[64590,1]
	[64624,5]
	[64354,5]
	[72395,1]
	[72401,1]
	[64052,1]
	[64084,2]
	[64086,1]
	[63816,7]
	[63815,1]
	[63814,2]
	[71855,1]
	[63514,2]
	[63512,1]
	[63513,1]
	[63515,1]
	[63548,1]
	[63278,5]
	[71307,1]
	[63279,1]
	[63008,7]
	[63006,3]
	[63007,1]
	[62975,1]
	[62976,1]
	[63009,1]
	[62740,3]
	[70737,1]
	[62738,3]
	[62708,1]
	[62737,1]
	[62470,6]
	[62468,2]
	[62438,3]
	[62435,1]
	[62168,3]
	[62165,3]
	[62166,2]
	[70205,1]
	[61898,5]
	[61896,3]
	[61895,1]
	[61894,1]
	[61628,5]
	[61625,1]
	[61626,2]
	[61356,1]
	[61355,1]
	[61358,1]
	[61089,1]
	[61088,6]
	[61085,1]
	[61086,4]
	[61087,1]
	[56526,1]
	[56522,2]
	[56524,2]
	[56521,1]
	[56520,2]
	[56518,1]
	[56250,7]
	[55980,1]
	[55982,2]
	[63995,1]
	[55710,1]
	[55714,1]
	[55744,4]
	[55743,1]
	[55474,1]
	[55472,2]
	[55444,1]
	[55476,4]
	[55204,2]
	[55203,1]
	[55206,2]
	[54936,3]
	[54934,3]
	[54667,1]
	[54638,3]
	[54633,2]
	[54636,3]
	[54635,1]
	[54634,2]
	[54398,3]
	[54396,2]
	[62417,1]
	[54128,4]
	[54126,2]
	[54098,1]
	[53858,3]
	[53856,4]
	[53828,1]
	[53586,2]
	[53588,1]
	[53284,3]
	[53286,3]
	[53285,1]
	[53014,1]
	[53013,2]
	[53016,1]
	[52744,2]
	[52746,3]
	[52476,8]
	[52473,1]
	[60475,1]
	[47980,1]
	[48012,1]
	[48042,2]
	[48040,1]
	[48070,1]
	[47831,1]
	[47832,6]
	[47560,1]
	[543,1]
	[47562,4]
	[47288,1]
	[47290,5]
	[47291,1]
	[46959,1]
	[46960,1]
	[46900,3]
	[46868,1]
	[46596,7]
	[46594,1]
	[54639,1]
	[46564,1]
	[54643,1]
	[46326,4]
	[46324,1]
	[46294,2]
	[46058,3]
	[46056,1]
	[45788,2]
	[45786,1]
	[45756,1]
	[45754,2]
	[45486,3]
	[45484,7]
	[45216,4]
	[44946,5]
	[44944,2]
	[44676,3]
	[44674,5]
	[44672,1]
	[44407,1]
	[44404,3]
	[44406,1]
	[44133,2]
	[44134,1]
	[44136,2]
	[43866,3]
	[43864,2]
	[39303,1]
	[39304,1]
	[39302,2]
	[39299,1]
	[39062,4]
	[38792,2]
	[38794,1]
	[38493,1]
	[38522,1]
	[38524,2]
	[38254,2]
	[38256,1]
	[37956,1]
	[37955,1]
	[37952,3]
	[37954,2]
	[45714,1]
	[37714,2]
	[37716,1]
	[37444,3]
	[37446,1]
	[37176,1]
	[37173,1]
	[37146,1]
	[36905,1]
	[36604,3]
	[36602,2]
	[36333,1]
	[36332,4]
	[36061,1]
	[36062,1]
	[35794,6]
	[35792,2]
	[35522,1]
	[35524,2]
	[35252,3]
	[35254,1]
	[30692,1]
	[30687,1]
	[30690,1]
	[30420,5]
	[30150,2]
	[30152,2]
	[30184,4]
	[29914,5]
	[29915,1]
	[29643,1]
	[29644,2]
	[29612,1]
	[29376,3]
	[29344,1]
	[29374,4]
	[29106,2]
	[28804,2]
	[28802,4]
	[28530,1]
	[28532,3]
	[28534,2]
	[28264,1]
	[28261,1]
	[28262,2]
	[27994,3]
	[27990,1]
	[27991,1]
	[27724,3]
	[35789,1]
	[27722,2]
	[27721,1]
	[27453,1]
	[27452,1]
	[27184,1]
	[35235,1]
	[27182,2]
	[26913,1]
	[26911,2]
	[34683,1]
	[26642,1]
	[26644,2]
	[26640,1]
	[26324,1]
	[22082,2]
	[22084,1]
	[22078,1]
	[21810,3]
	[21540,2]
	[21542,1]
	[21272,1]
	[21270,1]
	[29284,1]
	[21034,2]
	[20764,1]
	[20762,1]
	[20734,1]
	[20492,1]
	[20464,2]
	[20224,2]
	[20222,1]
	[19922,2]
	[19920,1]
	[19923,1]
	[19652,1]
	[19650,1]
	[19381,1]
	[19382,2]
	[19380,1]
	[19112,3]
	[19110,1]
	[18842,2]
	[18840,1]
	[18570,1]
	[18572,3]
	[18300,1]
	[18032,2]
	[26035,1]
	[13502,1]
	[13504,1]
	[13536,1]
	[13264,4]
	[21328,1]
	[12992,2]
	[12720,2]
	[12426,1]
	[12392,1]
	[12122,1]
	[12120,1]
	[19899,1]
	[11582,4]
	[11310,2]
	[19373,1]
	[11042,1]
	[11040,2]
	[10772,2]
	[10769,1]
	[10770,3]
	[10502,2]
	[10500,1]
	[10232,1]
	[10230,1]
	[18269,1]
	[9962,1]
	[9692,2]
	[17708,1]
	[9422,1]
	[8974,1]
	[4591,1]
	[12396,1]
	[4322,1]
	[4053,1]
	[3512,1]
	[3240,2]
	[2700,1]
	[2429,1]
	[2430,1]
	[1890,1]
	[1620,1]
	[1349,1]
	[1350,2]
	[810,1]

1588,
	[46,2]
	[31,2]
	[43,2]
	[39,2]
	[54,1]
	[36,3]
	[10,1]
	[3,3]
	[48,1]
	[35,4]
	[24,4]
	[16,1]
	[53,2]
	[61,3]
	[7,2]
	[45,1]
	[65,1]
	[13,1]
	[84,1]
	[12,2]
	[22,2]
	[60,4]
	[72,1]
	[14,1]
	[8,2]
	[28,1]
	[98,3]
	[15,1]
	[80,1]
	[37,2]
	[71,1]
	[56,1]
	[26,1]
	[42,1]
	[63,2]
	[77,1]
	[81,2]
	[44,2]
	[33,1]
	[49,1]
	[20,3]
	[38,1]
	[105,1]
	[55,1]
	[78,1]
	[88,1]
	[34,3]
	[70,1]
	[21,1]
	[68,2]
	[2,2]
	[5,1]
	[57,1]
	[40,1]
	[27,1]
	[64,1]
	[96,1]
	[50,1]
	[92,1]
	[30,1]
	[17,1]
	[58,1]

1528,
	[14,1]
	[12,1]
	[71605,1]
	[35,1]

len(carl_order):
28
Printing carl assignment order:
1464,2,0.5
1448,3,0.11827956989247312
1528,14,0.037037037037037035
1392,1,0.029045643153526972
1528,35,0.023809523809523808
1588,105,0.023151429246397355
1556,130,0.015778357559945336
1544,1,0.015536773961517713
1404,65,0.015384615384615385
1444,152,0.0062932662051604785
1540,2,0.005284216568466902
1392,275,0.0034553365753775276
1544,2,0.0032879114455850655
1392,398,0.0023889154323936935
1540,544,0.0019312097126126253
1544,542,0.0017457401685556366
1444,837,0.00145985401459854
1448,158,0.0011379800853485065
1544,544,0.0005788712011577424
1448,545,0.00013599891200870393
1392,62374,3.3717103130243985e-05
1448,3046,2.2213336887467235e-05
1448,29390,2.174953238505372e-05
1448,34885,2.0220402386007482e-05
1448,124743,1.737464734895459e-05
1528,71605,1.397233477714126e-05
1544,124721,1.3140933920082885e-05
1540,123486,1.2674686683930464e-05
bin_width: 3020472
assigning lease 2 to address 1464
Average Cache Occupancy Per Bin: [0.00,0.0,0.0,0.0,0.0]
Total cost: 3072.0
assigning lease 3 to address 1448
Average Cache Occupancy Per Bin: [0.00,0.0,0.0,0.0,0.0]
Total cost: 26880.0
assigning lease 14 to address 1528
Average Cache Occupancy Per Bin: [0.01,0.0,0.00,0.00,0.00]
Total cost: 30464.0
assigning lease 1 to address 1392
Average Cache Occupancy Per Bin: [0.03,0.0,0.00,0.00,0.00]
Total cost: 92160.0
assigning lease 35 to address 1528
Average Cache Occupancy Per Bin: [0.03,0.0,0.00,0.00,0.00]
Total cost: 92160.0
assigning lease 105 to address 1588
Average Cache Occupancy Per Bin: [0.08,0.06,0.09,0.05,0.09]
Total cost: 263168.0
assigning lease 130 to address 1556
Average Cache Occupancy Per Bin: [0.94,0.97,1.11,1.07,1.06]
Total cost: 2839808.0
assigning lease 1 to address 1544
Average Cache Occupancy Per Bin: [1.40,1.46,1.60,1.55,1.50]
Total cost: 4239104.0
assigning lease 65 to address 1404
Average Cache Occupancy Per Bin: [1.44,1.46,1.60,1.55,1.50]
Total cost: 4355584.0
assigning lease 152 to address 1444
Average Cache Occupancy Per Bin: [1.57,1.46,1.60,1.55,1.50]
Total cost: 4762368.0
assigning lease 2 to address 1540
Average Cache Occupancy Per Bin: [2.55,2.45,2.59,2.55,2.57]
Total cost: 7716864.0
assigning lease 275 to address 1392
Average Cache Occupancy Per Bin: [7.85,2.45,2.59,2.55,2.57]
Total cost: 23719936.0
assigning lease 2 to address 1544
Average Cache Occupancy Per Bin: [8.30,2.92,3.06,3.02,3.01]
Total cost: 25095936.0
assigning lease 398 to address 1392
Average Cache Occupancy Per Bin: [8.48,2.92,3.06,3.02,3.01]
Total cost: 25631744.0
assigning lease 544 to address 1540
Average Cache Occupancy Per Bin: [262.,260.,259.,258.,264.]
Total cost: 793847040.0
addr: 1544 ri: 542
bin target: 1546481664
	bin: 1.0 current capacity: 260.37471229662117  avg impact: 256.1487449643632
	bin: 2.0 current capacity: 259.25899793144913  avg impact: 253.52591780357508
num_full_bins: 0
printing bin ranks sorted:
	bin: 1.0 rank: 0.9823405058587591
	selecting this^ bin
	bin: 2.0 rank: 0.9969040019978063
acceptable_ratio: 0.9823405058587591
Assigning 1544 dual lease lease 542 * 0.9823405058587591. Bin saturation: [501.,512.,508.,506.,495.]
assigning lease 837 to address 1444
Average Cache Occupancy Per Bin: [501.,512.,508.,506.,495.]
Total cost: 1515949687.3832655
assigning lease 158 to address 1448
Average Cache Occupancy Per Bin: [502.,512.,508.,506.,495.]
Total cost: 1516849527.3832655
addr: 1544 ri: 544
bin target: 1546481664
	bin: 0.0 current capacity: 502.1895675190055  avg impact: 243.35998347278175
	bin: 1.0 current capacity: 512.0  avg impact: 256.21112461893375
	bin: 2.0 current capacity: 508.30777627491926  avg impact: 253.58728039856024
	bin: 3.0 current capacity: 506.7499176310693  avg impact: 252.42690016659648
	bin: 4.0 current capacity: 495.7189067539354  avg impact: 235.39225392587647
num_full_bins: 1
printing bin ranks sorted:
	bin: 1.0 rank: 0.0
	bin: 2.0 rank: 0.01455997209038922
	bin: 3.0 rank: 0.02079842665526439
	bin: 0.0 rank: 0.0403124307496995
	bin: 4.0 rank: 0.06916579868083243
acceptable_ratio: 0
assigning lease 545 to address 1448
Average Cache Occupancy Per Bin: [502.,512.,508.,506.,495.]
Total cost: 1518731895.3832655
addr: 1392 ri: 62374
bin target: 1546481664
	bin: 0.0 current capacity: 502.81277077995276  avg impact: 32.678209233523766
	bin: 1.0 current capacity: 512.0  avg impact: 0.0
num_full_bins: 1
printing bin ranks sorted:
	bin: 0.0 rank: 0.28114237088066263
acceptable_ratio: 0
assigning lease 3046 to address 1448
Average Cache Occupancy Per Bin: [506.,512.,508.,506.,495.]
Total cost: 1530256503.3832655
addr: 1448 ri: 29390
bin target: 1546481664
	bin: 0.0 current capacity: 506.6282698145407  avg impact: 31.17491041135293
	bin: 1.0 current capacity: 512.0  avg impact: 0.0
num_full_bins: 1
printing bin ranks sorted:
	bin: 0.0 rank: 0.17230940248357682
acceptable_ratio: 0
addr: 1448 ri: 34885
bin target: 1546481664
	bin: 0.0 current capacity: 506.6282698145407  avg impact: 35.366467227638594
	bin: 1.0 current capacity: 512.0  avg impact: 0.0
num_full_bins: 1
printing bin ranks sorted:
	bin: 0.0 rank: 0.15188766666695222
acceptable_ratio: 0
addr: 1448 ri: 124743
bin target: 1546481664
	bin: 0.0 current capacity: 506.6282698145407  avg impact: 74.39112827399161
	bin: 1.0 current capacity: 512.0  avg impact: 0.0
num_full_bins: 1
printing bin ranks sorted:
	bin: 0.0 rank: 0.07220928503294805
acceptable_ratio: 0
addr: 1528 ri: 71605
bin target: 1546481664
	bin: 1.0 current capacity: 512.0  avg impact: 0.0
	bin: 3.0 current capacity: 506.7499176310693  avg impact: 6.065912877192703
num_full_bins: 1
printing bin ranks sorted:
	bin: 3.0 rank: 0.8655057326442239
acceptable_ratio: 0
addr: 1544 ri: 124721
bin target: 1546481664
	bin: 0.0 current capacity: 506.6282698145407  avg impact: 3135.2467826220536
	bin: 1.0 current capacity: 512.0  avg impact: 3318.177747054103
	bin: 2.0 current capacity: 508.30777627491926  avg impact: 2753.375403579308
	bin: 3.0 current capacity: 506.7499176310693  avg impact: 2059.8295047926285
	bin: 4.0 current capacity: 495.7189067539354  avg impact: 1106.5150612222196
num_full_bins: 1
printing bin ranks sorted:
	bin: 1.0 rank: 0.0
	bin: 2.0 rank: 0.0013409808630820768
	bin: 0.0 rank: 0.0017133356822925444
	bin: 3.0 rank: 0.0025487946243683167
	bin: 4.0 rank: 0.014713846938586638
acceptable_ratio: 0
addr: 1540 ri: 123486
bin target: 1546481664
	bin: 0.0 current capacity: 506.6282698145407  avg impact: 69.86826429776538
	bin: 1.0 current capacity: 512.0  avg impact: 27.061921448038586
	bin: 2.0 current capacity: 508.30777627491926  avg impact: 38.41078083160512
	bin: 3.0 current capacity: 506.7499176310693  avg impact: 39.95179561340082
	bin: 4.0 current capacity: 495.7189067539354  avg impact: 18.62871763088683
num_full_bins: 1
printing bin ranks sorted:
	bin: 1.0 rank: 0.0
	bin: 0.0 rank: 0.07688369303931694
	bin: 2.0 rank: 0.09612467242641184
	bin: 3.0 rank: 0.13141042319433813
	bin: 4.0 rank: 0.8739782076609582
acceptable_ratio: 0
Final saturation:
	0.0,1530256503.3832655
	1.0,1546481664.0
	2.0,1535329405.620658
	3.0,1530623937.2069511
	4.0,1497305077.7208729
DUMP LEASES
0, 570, 18e, 0, 1 
0, 57c, 41, 0, 1 
0, 5b8, 2, 0, 1 
0, 5a8, be6, 0, 1 
0, 5a4, 345, 0, 1 
0, 604, 220, 0, 1 
0, 614, 82, 0, 1 
0, 608, 2, 21e, 0.017659494141240906 
0, 634, 69, 0, 1 
0, 5f8, 23, 0, 1 
Dump dual leases

