sample rate: 0.00390625
1484,
	[1,915]
	[3,903]
	[-242630,1]
	[-251836,1]
	[-249320,1]
	[-250601,1]
	[-252224,1]
	[-247931,1]
	[-248806,1]
	[-247739,1]
	[-236088,1]
	[-241667,1]
	[-232246,1]
	[-233748,1]
	[-234876,1]
	[-226144,1]
	[-228129,1]
	[-238374,1]
	[-241795,1]
	[-246159,1]
	[-253688,1]
	[-254027,1]
	[-267117,1]
	[-263898,1]
	[-268482,1]
	[-263086,1]
	[-262654,1]
	[-265474,1]
	[-268520,1]
	[-272556,1]
	[-269813,1]
	[-267436,1]
	[-265172,1]
	[-270051,1]
	[-270413,1]
	[-264193,1]
	[-275025,1]
	[-273862,1]
	[-275739,1]
	[-261232,1]
	[-261227,1]
	[-271077,1]
	[-268885,1]
	[-273451,1]
	[-276602,1]
	[-288644,1]
	[-283470,1]
	[-288991,1]
	[-288932,1]
	[-288826,1]
	[-295259,1]
	[-297115,1]
	[-296259,1]
	[-303880,1]
	[-305495,1]
	[-294775,1]
	[-298106,1]
	[-294938,1]
	[-296275,1]
	[-303433,1]
	[-306505,1]
	[-308869,1]
	[-303260,1]
	[-313702,1]
	[-313897,1]
	[-307560,1]
	[-306213,1]
	[-323490,1]
	[-323196,1]
	[-319881,1]
	[-320574,1]
	[-320662,1]
	[-319004,1]
	[-314828,1]
	[-316981,1]
	[-314029,1]
	[-310695,1]
	[-307688,1]
	[-313730,1]
	[-304183,1]
	[-308857,1]
	[-298426,1]
	[-289301,1]
	[-290721,1]
	[-282200,1]
	[-290116,1]
	[-281880,1]
	[-283080,1]
	[-282118,1]
	[-284371,1]
	[-282601,1]
	[-288526,1]
	[-293656,1]
	[-294272,1]
	[-296990,1]
	[-292981,1]
	[-302221,1]
	[-301795,1]
	[-289820,1]
	[-291624,1]
	[-289803,1]
	[-290187,1]
	[-290600,1]
	[-282135,1]
	[-280460,1]
	[-276332,1]
	[-286626,1]
	[-277591,1]
	[-280166,1]
	[-276377,1]
	[-288493,1]
	[-281462,1]
	[-275578,1]
	[-286496,1]
	[-286621,1]
	[-279625,1]
	[-280064,1]
	[-295440,1]
	[-293485,1]
	[-292771,1]
	[-290873,1]
	[-280929,1]
	[-280792,1]
	[-279430,1]
	[-282503,1]
	[-271387,1]
	[-267446,1]
	[-267727,1]
	[-274400,1]
	[-256952,1]
	[-253281,1]
	[-253136,1]
	[-251597,1]
	[-246296,1]
	[-244606,1]
	[-241500,1]
	[-238602,1]
	[-235613,1]
	[-235523,1]
	[-232223,1]
	[-223272,1]
	[-222390,1]
	[-215504,1]
	[-215333,1]
	[-214914,1]
	[-212410,1]
	[-206166,1]
	[-193643,1]
	[-193342,1]
	[-190989,1]
	[-189683,1]
	[-182010,1]
	[-181207,1]
	[-170648,1]
	[-165154,1]
	[-164104,1]
	[-161219,1]
	[-157067,1]
	[-144287,1]
	[-144136,1]
	[-144189,1]
	[-142186,1]
	[-140863,1]
	[-139848,1]
	[-137646,1]
	[-134744,1]
	[-134577,1]
	[-133050,1]
	[-118130,1]
	[-115393,1]
	[-111667,1]
	[-110453,1]
	[-98283,1]
	[-98627,1]
	[-94192,1]
	[-81358,1]
	[-80322,1]
	[-78753,1]
	[-73932,1]
	[-58573,1]
	[-55408,1]
	[-48119,1]
	[-47837,1]
	[-44879,1]
	[-41704,1]
	[-40234,1]
	[-36806,1]
	[-36266,1]
	[-33893,1]
	[-33739,1]

1476,
	[2,1089]
	[3,1]
	[-243223,1]
	[-249314,1]

1448,
	[1,91]
	[3,88]

1596,
	[83,71]
	[263,7]

1604,
	[-24510,1]
	[-24325,1]
	[-24274,1]
	[-23579,1]
	[-23132,1]
	[-23363,1]
	[-23239,1]
	[-23355,1]
	[-23475,1]
	[-23535,1]
	[-23524,1]
	[-23287,1]
	[-23910,1]
	[-23721,1]
	[-22750,1]
	[-22597,1]
	[-22281,1]
	[-22743,1]
	[-22387,1]
	[-22072,1]
	[-22641,1]
	[-22337,1]
	[-22185,1]
	[-22141,1]
	[-22584,1]
	[-22884,1]
	[-23066,1]
	[-23157,1]
	[-23442,1]
	[-23792,1]
	[-23998,1]
	[-24853,1]
	[-25009,1]
	[-24798,1]
	[-24677,1]
	[-24888,1]
	[-24722,1]
	[-24358,1]
	[-23946,1]
	[-24186,1]
	[-24164,1]
	[-25548,1]
	[-25325,1]
	[-24942,1]
	[-24511,2]
	[-25107,1]
	[-24752,1]
	[-25023,1]
	[-25398,1]
	[-25825,1]
	[-26255,1]
	[-26460,1]
	[-26291,1]
	[-25996,1]
	[-24293,1]
	[-24628,1]
	[-25438,1]
	[-25604,1]
	[-25840,1]
	[-26478,1]
	[-26571,1]
	[-26346,1]
	[-25962,1]
	[-25403,1]
	[-25626,1]
	[-25634,1]
	[-26099,1]
	[-26285,1]
	[-26284,1]
	[-26204,1]
	[-26164,1]
	[-26144,1]
	[-25700,1]
	[-25690,1]
	[-25395,1]
	[-25658,1]
	[-25592,1]
	[-25771,1]
	[-25882,1]
	[-25763,1]
	[-26081,1]
	[-26062,1]
	[-26574,1]
	[-26892,1]
	[-27051,1]
	[-26371,1]
	[-25975,1]
	[-27164,1]
	[-26916,1]
	[-26792,1]
	[-27122,1]
	[-28166,1]
	[-27303,1]
	[-27497,1]
	[-27594,1]
	[-27403,1]
	[-28004,1]
	[-29244,1]
	[-29634,1]
	[-31101,1]
	[-33796,1]
	[-33550,1]
	[-38164,1]
	[-41673,1]
	[-42540,1]
	[-44849,1]
	[-46103,1]
	[-46714,1]
	[-46351,1]
	[-47438,1]
	[-53651,1]
	[-53476,1]
	[-53694,1]
	[-64447,1]
	[-66161,1]
	[-66194,1]
	[-70730,1]
	[-73207,1]
	[-73094,1]
	[-75544,1]
	[-75308,1]
	[-75847,1]
	[-76505,1]
	[-77269,1]
	[-79151,1]
	[-85174,1]
	[-86086,1]
	[-91353,1]
	[-90592,1]
	[-90076,1]
	[-90125,1]
	[-92152,1]
	[-92806,1]
	[-98079,1]
	[-100054,1]
	[-102036,1]
	[-102374,1]
	[-103740,1]
	[-105141,1]
	[-114874,1]
	[-115090,1]
	[-117111,1]
	[-117891,1]
	[-130620,1]
	[-134976,1]
	[-137493,1]
	[-138686,1]
	[-141716,1]
	[-147763,1]
	[-147550,1]
	[-147043,1]
	[-147302,1]
	[-151449,1]
	[-150896,1]
	[-152283,1]
	[-153540,1]
	[-155045,1]
	[-159551,1]
	[-162552,1]

1664,
	[3,857]
	[4,88]
	[1,908]
	[-169281,1]
	[-166150,1]
	[-164435,1]
	[-170309,1]
	[-182767,1]
	[-187860,1]
	[-197802,1]
	[-194359,1]
	[-206948,1]
	[-212516,1]
	[-208107,1]
	[-207150,1]
	[-224438,1]
	[-241842,1]
	[-239622,1]
	[-238424,1]
	[-240027,1]
	[-230534,1]
	[-238556,1]
	[-277218,1]
	[-270697,1]
	[-266432,1]
	[-265129,1]
	[-251846,1]
	[-242189,1]
	[-237016,1]
	[-228565,1]
	[-225770,1]
	[-225439,1]
	[-227462,1]
	[-214421,1]
	[-213297,1]
	[-201787,1]
	[-198073,1]
	[-197349,1]
	[-211042,1]
	[-190665,1]
	[-189961,1]
	[-181137,1]
	[-179729,1]
	[-179760,1]
	[-176522,1]
	[-193963,1]
	[-191564,1]
	[-195141,1]
	[-189061,1]
	[-193644,1]
	[-207343,1]
	[-205950,1]
	[-209250,1]
	[-207586,1]
	[-222280,1]
	[-219405,1]
	[-215296,1]
	[-215098,1]
	[-205946,1]
	[-194438,1]
	[-176482,1]
	[-228514,1]
	[-223150,1]
	[-223087,1]
	[-222701,1]
	[-250413,1]
	[-248148,1]
	[-260117,1]
	[-249841,1]
	[-248979,1]
	[-281576,1]
	[-283756,1]
	[-285977,1]
	[-280826,1]
	[-277366,1]
	[-278085,1]
	[-280606,1]
	[-288525,1]
	[-276902,1]
	[-282812,1]
	[-273128,1]
	[-270860,1]

1684,
	[2,932]
	[1150,93]

1668,
	[-169076,1]
	[-168037,1]
	[-159742,1]
	[-164169,1]
	[-169047,1]
	[-168843,1]
	[-169512,1]
	[-170249,1]
	[-182028,1]
	[-175130,1]
	[-183996,1]
	[-180979,1]
	[-183986,1]
	[-195890,1]
	[-196652,1]
	[-212068,1]
	[-211656,1]
	[-213748,1]
	[-207917,1]
	[-217516,1]
	[-223972,1]
	[-223640,1]
	[-224980,1]
	[-219710,1]
	[-226186,1]
	[-236006,1]
	[-245822,1]
	[-239170,1]
	[-240069,1]
	[-228874,1]
	[-238120,1]
	[-256912,1]
	[-251634,1]
	[-251541,1]
	[-261007,1]
	[-259714,1]
	[-267947,1]
	[-271487,1]
	[-270680,1]
	[-277312,1]
	[-272850,1]
	[-267410,1]
	[-266180,1]
	[-269843,1]
	[-276063,1]
	[-277089,1]
	[-276684,1]
	[-270507,1]
	[-264764,1]
	[-267056,1]
	[-272472,1]
	[-260781,1]
	[-250126,1]
	[-247836,1]
	[-246272,1]
	[-240033,1]
	[-240214,1]
	[-230869,1]
	[-230242,1]
	[-231025,1]
	[-226143,1]
	[-229061,1]
	[-224023,1]
	[-216031,1]
	[-214108,1]
	[-214770,1]
	[-209578,1]
	[-208875,1]
	[-207351,1]
	[-211018,1]
	[-209371,1]
	[-209646,1]
	[-208067,1]
	[-207704,1]
	[-204738,1]
	[-188163,1]
	[-190849,1]
	[-181659,1]
	[-179361,1]
	[-178057,1]
	[-182724,1]
	[-184884,1]
	[-183193,1]
	[-182104,1]
	[-188216,1]
	[-192926,1]
	[-190706,1]
	[-191070,1]
	[-191677,1]
	[-194818,1]
	[-198492,1]
	[-192393,1]
	[-190662,1]
	[-198982,1]
	[-197722,1]
	[-195511,1]
	[-198497,1]
	[-195800,1]
	[-190809,1]
	[-190088,1]
	[-193375,1]
	[-190766,1]
	[-193252,1]
	[-192624,1]
	[-202630,1]
	[-201610,1]
	[-209542,1]
	[-209079,1]
	[-212544,1]
	[-211473,1]
	[-207171,1]
	[-210178,1]
	[-214492,1]
	[-213829,1]
	[-214547,1]
	[-219899,1]
	[-226984,1]
	[-216358,1]
	[-216838,1]
	[-212939,1]
	[-216965,1]
	[-207907,1]
	[-205367,1]
	[-201083,1]
	[-200312,1]
	[-199353,1]
	[-185143,1]
	[-180631,1]
	[-176555,1]
	[-169372,1]
	[119514,1]
	[167535,1]
	[160722,1]
	[92465,1]
	[-221930,1]
	[-216831,1]
	[166463,1]
	[133253,1]
	[-255182,1]
	[-263803,1]
	[-258526,1]
	[-253238,1]
	[-249555,1]
	[-248530,1]
	[-276754,1]
	[-277276,1]
	[-268359,1]
	[-273172,1]
	[-279371,1]
	[-279143,1]
	[-299722,1]
	[-287886,1]
	[-280311,1]
	[-295214,1]
	[-276818,1]
	[-275822,1]
	[-268561,1]
	[-316604,1]

1800,
	[47,1129]
	[48,57]
	[97,152]
	[2063,91]
	[60,1]
	[2080,74]
	[2112,20]
	[49,5]
	[2073,1]
	[2111,3]
	[87,1]
	[93,1]
	[96,2]
	[109,1]
	[99,1]
	[81,1]
	[86,1]

1772,
	[2113,1007]
	[2160,1185]
	[2112,30]
	[2144,74]
	[2114,2]
	[2161,3]
	[2159,1]
	[2147,2]
	[2077,1]
	[2145,1]
	[-317783,1]
	[-303508,1]
	[-300372,1]
	[-311181,1]
	[-311027,1]
	[-281970,1]
	[-287399,1]
	[-288038,1]
	[-287660,1]
	[-313325,1]
	[-313395,1]
	[2152,1]
	[-319567,1]
	[-290879,1]
	[-292335,1]
	[-291166,1]
	[-299602,1]
	[-299268,1]
	[-295741,1]
	[-265361,1]
	[-264718,1]
	[-262672,1]
	[-262935,1]
	[-292264,1]
	[-315036,1]
	[-291691,1]
	[-297853,1]
	[-315506,1]
	[-322849,1]
	[-323207,1]
	[-339270,1]
	[-336636,1]
	[-347551,1]
	[-346854,1]
	[-318675,1]
	[-319183,1]
	[-326981,1]
	[-327344,1]
	[-323200,1]
	[-322857,1]
	[-293794,1]
	[-292953,1]
	[-293377,1]
	[-320990,1]
	[-320496,1]
	[-320895,1]
	[-320339,1]
	[-319900,1]
	[-321837,1]
	[-337858,1]
	[-309133,1]
	[-318554,1]
	[2071,1]
	[-331574,1]
	[-332757,1]
	[-331650,1]
	[-344039,1]
	[-319889,1]
	[-319607,1]
	[-319133,1]
	[-319519,1]
	[-319497,1]
	[-316185,1]
	[-316031,1]
	[-286248,1]
	[-285563,1]
	[-284163,1]
	[-283485,1]
	[2174,1]
	[-347031,1]
	[-346922,1]
	[-318395,1]
	[-318199,1]
	[-317821,1]
	[-314501,1]
	[-314159,1]
	[2066,1]
	[-357528,1]
	[-348520,1]
	[-348368,1]
	[-347997,1]
	[-345134,1]
	[-314012,1]
	[-310090,1]
	[-309939,1]
	[-309640,1]
	[-344001,1]
	[-315931,1]
	[-320560,1]
	[-320342,1]
	[-317724,1]
	[-328559,1]
	[-340399,1]
	[-312226,1]
	[-319358,1]
	[-318751,1]
	[-315638,1]
	[-315254,1]
	[-325645,1]
	[-347989,1]
	[2173,1]
	[-349247,1]
	[-320626,1]
	[-319877,1]
	[-316299,1]
	[-336703,1]
	[-307240,1]
	[-307213,1]
	[-302756,1]
	[-303180,1]
	[-316771,1]
	[-347925,1]
	[-334363,1]
	[-339871,1]
	[-352491,1]
	[-352117,1]
	[-349805,1]
	[-350584,1]
	[-320435,1]
	[-317554,1]
	[-318100,1]
	[-317826,1]
	[180,1]
	[1120,1]
	[2512,1]
	[-323918,1]
	[-325260,1]
	[-325985,1]
	[-326038,1]
	[-325709,1]
	[-334132,1]
	[-330677,1]
	[-301077,1]
	[-301055,1]
	[-266997,1]
	[-266124,1]
	[-266003,1]
	[-295628,1]
	[-315527,1]
	[-316003,1]
	[-326837,1]
	[-327061,1]
	[-315223,1]
	[-314809,1]
	[-314919,1]
	[-315228,1]
	[-318318,1]
	[-320480,1]
	[-336066,1]
	[-335503,1]
	[-307346,1]
	[-317073,1]
	[-317319,1]
	[-316682,1]
	[-315282,1]
	[-315370,1]
	[-292520,1]
	[-292842,1]
	[-288422,1]
	[-288304,1]
	[-260226,1]
	[-259163,1]
	[-259293,1]
	[-286755,1]
	[-284170,1]
	[-285519,1]
	[-252004,1]
	[-252781,1]
	[-273647,1]
	[-280106,1]
	[-250202,1]
	[-255992,1]
	[-270087,1]
	[-269969,1]
	[-269632,1]
	[-269709,1]
	[-269501,1]
	[-250074,1]
	[-261669,1]
	[-261145,1]
	[-269658,1]
	[-269443,1]
	[-277129,1]

1912,
	[2,1006]
	[97,303]
	[2063,226]
	[2095,71]
	[2111,6]
	[145,7]
	[49,5]
	[2015,3]
	[2027,1]
	[79,1]
	[171,1]
	[2128,1]
	[161,1]
	[2023,1]
	[2016,1]
	[2067,1]
	[88,1]
	[51,1]
	[2073,1]
	[3,2]
	[70,1]
	[2091,1]
	[2065,1]

1920,
	[2158,929]
	[2160,1185]
	[2129,90]
	[2154,1]
	[2136,1]
	[2182,1]
	[2152,1]
	[-257198,1]
	[-256729,1]
	[-255987,1]
	[-255620,1]
	[-249256,1]
	[-248979,1]
	[-313423,1]
	[-288411,1]
	[-287816,1]
	[2177,1]
	[-331126,1]
	[2151,1]
	[-344590,1]
	[-318630,1]
	[-318519,1]
	[-318224,1]
	[-317837,1]
	[-310092,1]
	[-310471,1]
	[-340438,1]
	[-363204,1]
	[-351041,1]
	[-351837,1]
	[-352321,1]
	[2161,1]
	[-357680,1]
	[-367598,1]
	[-383192,1]
	[-382882,1]
	[2191,1]
	[-383339,1]
	[-359173,1]
	[-359115,1]
	[-358828,1]
	[-358663,1]
	[-379624,1]
	[-373537,1]
	[-373173,1]
	[-373466,1]
	[-373684,1]
	[-385824,1]
	[-361647,1]
	[-360430,1]
	[2155,1]
	[-390203,1]
	[-383511,1]
	[-391579,1]
	[-373606,1]
	[-378868,1]
	[-385052,1]
	[-384902,1]
	[-376686,1]
	[-383163,1]
	[-383639,1]
	[-384968,1]
	[-360809,1]
	[-351907,1]
	[-351619,1]
	[-325909,1]
	[2133,1]
	[-351102,1]
	[-365458,1]
	[-365289,1]
	[-364973,1]
	[-339884,1]
	[-339296,1]
	[-331707,1]
	[-336840,1]
	[-301510,1]
	[-301284,1]
	[-313991,1]
	[-313873,1]
	[-315028,1]
	[-314005,1]
	[-313977,1]
	[-301684,1]
	[-294034,1]
	[-313845,1]
	[-314666,1]
	[-294816,1]
	[-294878,1]
	[-302916,1]
	[-302946,1]
	[-288577,1]
	[-288099,1]
	[-287893,1]
	[-279641,1]
	[-279597,1]
	[-264009,1]
	[-263270,1]
	[-262721,1]
	[-262690,1]
	[-263168,1]
	[-262913,1]
	[-255810,1]
	[-285519,1]
	[-262115,1]
	[-288502,1]
	[-293759,1]
	[-287154,1]
	[-305747,1]
	[-305715,1]
	[2185,1]
	[-328394,1]
	[-304249,1]
	[-304384,1]
	[2140,1]
	[-324418,1]
	[-323989,1]
	[-317353,1]
	[-317128,1]
	[-316776,1]
	[-316435,1]
	[-316158,1]
	[-292736,1]
	[-341277,1]
	[-323258,1]
	[-322297,1]
	[-322524,1]
	[2180,1]
	[-315517,1]
	[-315453,1]
	[-331647,1]
	[-339826,1]
	[-339462,1]
	[-324693,1]
	[76665,1]
	[328044,1]
	[234492,1]
	[309103,1]
	[-353396,1]
	[312741,1]
	[-356920,1]
	[-350792,1]
	[-355494,1]
	[-365493,1]
	[90001,1]
	[-338971,1]
	[-341900,1]
	[271520,1]
	[-344297,1]
	[-351141,1]
	[290142,1]
	[221096,1]
	[275653,1]
	[-351685,1]
	[-353400,1]
	[-354523,1]
	[-357148,1]
	[-350440,1]
	[-351943,1]
	[-333573,1]
	[-344443,1]
	[-345342,1]
	[140066,1]
	[139091,1]
	[-361323,1]
	[-370961,1]
	[-345074,1]
	[317927,1]
	[-352157,1]
	[-327690,1]
	[333509,1]
	[-301944,1]
	[197643,1]
	[224674,1]
	[-309304,1]
	[-312685,1]
	[-310294,1]
	[-287128,1]
	[-288345,1]
	[-280219,1]
	[-280431,1]
	[-257188,1]
	[-258479,1]
	[-260693,1]
	[-260178,1]
	[-262900,1]
	[-239871,1]
	[-239657,1]
	[-240775,1]
	[-237439,1]
	[-238752,1]
	[-234704,1]
	[-234554,1]

1976,
	[3,842]
	[1,909]
	[4,80]
	[-237016,1]
	[-228565,1]
	[-225770,1]
	[-225439,1]
	[-227462,1]
	[-214421,1]
	[-213297,1]
	[-201787,1]
	[-198073,1]
	[-197349,1]
	[-211042,1]
	[-190665,1]
	[-189961,1]
	[-181137,1]
	[-179729,1]
	[-179760,1]
	[-176522,1]
	[-193963,1]
	[-191564,1]
	[-195141,1]
	[-189061,1]
	[-193644,1]
	[-207343,1]
	[-205950,1]
	[-209250,1]
	[-207586,1]
	[-222280,1]
	[-219405,1]
	[-215296,1]
	[-215213,1]
	[-208081,1]
	[-208855,1]
	[-198806,1]
	[-191624,1]
	[-187662,1]
	[-205566,1]
	[-205622,1]
	[-205194,1]
	[-209180,1]
	[-210085,1]
	[-205567,1]
	[-212697,1]
	[-219162,1]
	[-207358,1]
	[-208760,1]
	[-205127,1]
	[-202475,1]
	[-204406,1]
	[-205402,1]
	[-212240,1]
	[-201449,1]
	[-193586,1]
	[-207364,1]
	[-204553,1]
	[-204738,1]
	[-209921,1]
	[-208899,1]
	[-215519,1]

1996,
	[2,959]
	[1150,89]

1980,
	[-240214,1]
	[-230869,1]
	[-230242,1]
	[-231025,1]
	[-226143,1]
	[-229061,1]
	[-224023,1]
	[-216031,1]
	[-214108,1]
	[-214770,1]
	[-209578,1]
	[-208875,1]
	[-207351,1]
	[-211018,1]
	[-209371,1]
	[-209646,1]
	[-208067,1]
	[-207704,1]
	[-204738,1]
	[-188163,1]
	[-190849,1]
	[-181659,1]
	[-179361,1]
	[-178057,1]
	[-182724,1]
	[-184884,1]
	[-183193,1]
	[-182104,1]
	[-188216,1]
	[-192926,1]
	[-190706,1]
	[-191070,1]
	[-191677,1]
	[-194818,1]
	[-198492,1]
	[-192393,1]
	[-190662,1]
	[-198982,1]
	[-197722,1]
	[-195511,1]
	[-198497,1]
	[-195800,1]
	[-190809,1]
	[-190088,1]
	[-193375,1]
	[-190766,1]
	[-193252,1]
	[-192624,1]
	[-202630,1]
	[-201610,1]
	[-209542,1]
	[-209079,1]
	[-212544,1]
	[-211473,1]
	[-207171,1]
	[-210178,1]
	[-214492,1]
	[-213829,1]
	[-214547,1]
	[-219899,1]
	[-226984,1]
	[-216358,1]
	[-216838,1]
	[-212939,1]
	[-216965,1]
	[-208930,1]
	[-211292,1]
	[-211305,1]
	[-214415,1]
	[-213622,1]
	[-200312,1]
	[-196822,1]
	[-195530,1]
	[-191884,1]
	[-207341,1]
	[-204723,1]
	[-206285,1]
	[-206002,1]
	[-205111,1]
	[-208146,1]
	[-210040,1]
	[-205802,1]
	[-205940,1]
	[-206143,1]
	[-217278,1]
	[-212864,1]
	[-216218,1]
	[-213863,1]
	[-210154,1]
	[-202247,1]
	[-205639,1]
	[-203493,1]
	[-209317,1]
	[-207038,1]
	[-210985,1]
	[-205724,1]
	[-204190,1]
	[-202103,1]
	[-187643,1]
	[-201385,1]
	[-204717,1]
	[-200861,1]
	[-204397,1]
	[-212641,1]
	[-207625,1]
	[-210131,1]
	[-213439,1]
	[-216155,1]
	[-219608,1]
	[-218123,1]
	[-216007,1]

len(carl_order):
30
Printing carl assignment order:
1448,1,0.5083798882681564
1448,3,0.5
1476,2,0.49862637362637363
1976,1,0.48120698782424565
1664,1,0.4699792960662526
1996,2,0.4575381679389313
1484,1,0.4561316051844467
1684,2,0.45463414634146343
1976,4,0.43946615824594853
1664,4,0.42663656884875845
1484,3,0.4138405132905591
1476,3,0.3333333333333333
1912,2,0.3061472915398661
1800,48,0.01628248603083513
1800,49,0.014084507042253521
1596,83,0.010966944701884461
1800,97,0.009509569377990431
1596,263,0.005555555555555556
1912,97,0.005234467467951389
1800,99,0.002617801047120419
1684,1150,0.0008710801393728223
1996,1150,0.0008710801393728223
1800,109,0.0005263157894736842
1912,2128,0.0005207997420187036
1800,2112,0.0005084773122265926
1772,2174,0.00043433740448755226
1920,2191,0.0004288445859096409
1772,2512,1.6810112963959116e-05
1920,333509,2.8199700621403316e-07
1668,167535,2.280911598253004e-07
bin_width: 915847
assigning lease 1 to address 1448
Average Cache Occupancy Per Bin: [0.05,0.0,0.0,0.0,0.0]
Total cost: 45824.0
assigning lease 3 to address 1448
Average Cache Occupancy Per Bin: [0.09,0.0,0.0,0.0,0.0]
Total cost: 90880.0
assigning lease 2 to address 1476
Average Cache Occupancy Per Bin: [0.70,0.0,0.0,0.0,0.0]
Total cost: 649984.0
assigning lease 1 to address 1976
Average Cache Occupancy Per Bin: [0.70,0.0,0.0,0.0,0.52]
Total cost: 649984.0
assigning lease 1 to address 1664
Average Cache Occupancy Per Bin: [0.71,0.52,0.00,0.0,0.52]
Total cost: 656640.0
assigning lease 2 to address 1996
Average Cache Occupancy Per Bin: [0.71,0.52,0.00,0.0,1.11]
Total cost: 656640.0
assigning lease 1 to address 1484
Average Cache Occupancy Per Bin: [1.27,0.52,0.00,0.0,1.11]
Total cost: 1170176.0
assigning lease 2 to address 1684
Average Cache Occupancy Per Bin: [1.27,1.09,0.00,0.0,1.11]
Total cost: 1172224.0
assigning lease 4 to address 1976
Average Cache Occupancy Per Bin: [1.27,1.09,0.00,0.0,1.70]
Total cost: 1172224.0
assigning lease 4 to address 1664
Average Cache Occupancy Per Bin: [1.28,1.69,0.01,0.0,1.70]
Total cost: 1180416.0
assigning lease 3 to address 1484
Average Cache Occupancy Per Bin: [1.89,1.69,0.01,0.0,1.70]
Total cost: 1739008.0
assigning lease 3 to address 1476
Average Cache Occupancy Per Bin: [1.89,1.69,0.01,0.0,1.70]
Total cost: 1739776.0
assigning lease 2 to address 1912
Average Cache Occupancy Per Bin: [1.89,1.69,0.01,0.80,1.80]
Total cost: 1739776.0
assigning lease 48 to address 1800
Average Cache Occupancy Per Bin: [1.89,4.11,17.9,0.80,1.80]
Total cost: 1739776.0
assigning lease 49 to address 1800
Average Cache Occupancy Per Bin: [1.89,4.12,18.0,0.80,1.80]
Total cost: 1739776.0
assigning lease 83 to address 1596
Average Cache Occupancy Per Bin: [3.70,4.12,18.0,0.80,1.80]
Total cost: 3397120.0
assigning lease 97 to address 1800
Average Cache Occupancy Per Bin: [3.70,4.51,22.3,0.80,1.80]
Total cost: 3397120.0
assigning lease 263 to address 1596
Average Cache Occupancy Per Bin: [4.06,4.51,22.3,0.80,1.80]
Total cost: 3719680.0
assigning lease 97 to address 1912
Average Cache Occupancy Per Bin: [4.06,4.51,22.3,15.5,3.79]
Total cost: 3719680.0
assigning lease 99 to address 1800
Average Cache Occupancy Per Bin: [4.06,4.52,22.4,15.5,3.79]
Total cost: 3719680.0
assigning lease 1150 to address 1684
Average Cache Occupancy Per Bin: [4.38,34.0,22.4,15.5,3.79]
Total cost: 4013568.0
assigning lease 1150 to address 1996
Average Cache Occupancy Per Bin: [4.38,34.0,22.4,15.5,32.3]
Total cost: 4013568.0
assigning lease 109 to address 1800
Average Cache Occupancy Per Bin: [4.38,34.0,22.9,15.5,32.3]
Total cost: 4013568.0
assigning lease 2128 to address 1912
Average Cache Occupancy Per Bin: [4.38,34.0,22.9,170.,51.1]
Total cost: 4013568.0
assigning lease 2112 to address 1800
Average Cache Occupancy Per Bin: [4.38,43.9,116.,170.,51.1]
Total cost: 4013568.0
addr: 1772 ri: 2174
bin target: 468913664
	bin: 2.0 current capacity: 116.93747099679314  avg impact: 1287.8313866835836
num_full_bins: 0
printing bin ranks sorted:
	bin: 2.0 rank: 0.30676572499181726
	selecting this^ bin
acceptable_ratio: 0.30676572499181726
Assigning 1772 dual lease lease 2174 * 0.30676572499181726. Bin saturation: [4.38,95.1,512.,180.,51.1]
addr: 1920 ri: 2191
bin target: 468913664
	bin: 2.0 current capacity: 512.0  avg impact: 3.0171677146947036
	bin: 3.0 current capacity: 180.62304612494376  avg impact: 1247.0666388599843
num_full_bins: 1
printing bin ranks sorted:
	bin: 2.0 rank: 0.0
	bin: 3.0 rank: 0.2657251373334685
acceptable_ratio: 0
addr: 1772 ri: 2512
bin target: 468913664
	bin: 2.0 current capacity: 512.0  avg impact: 1299.1688262340763
num_full_bins: 1
printing bin ranks sorted:
	bin: 2.0 rank: 0.0
acceptable_ratio: 0
addr: 1920 ri: 333509
bin target: 468913664
	bin: 2.0 current capacity: 512.0  avg impact: 3.0171677146947036
	bin: 3.0 current capacity: 180.62304612494376  avg impact: 10415.54498950152
	bin: 4.0 current capacity: 51.119385661578846  avg impact: 6886.098311180797
num_full_bins: 1
printing bin ranks sorted:
	bin: 2.0 rank: 0.0
	bin: 3.0 rank: 0.031815613509333575
	bin: 4.0 rank: 0.0669291365750762
acceptable_ratio: 0
addr: 1668 ri: 167535
bin target: 468913664
	bin: 1.0 current capacity: 95.10643938287723  avg impact: 6463.153116186437
	bin: 2.0 current capacity: 512.0  avg impact: 889.7667841899356
num_full_bins: 1
printing bin ranks sorted:
	bin: 2.0 rank: 0.0
	bin: 1.0 rank: 0.06450312303031272
acceptable_ratio: 0
Final saturation:
	0.0,4013568.0
	1.0,87102947.18948996
	2.0,468913664.0
	3.0,165423074.92439136
	4.0,46817536.0
DUMP LEASES
0, 5cc, 3, 0, 1 
0, 5c4, 3, 0, 1 
0, 5a8, 3, 0, 1 
0, 63c, 107, 0, 1 
0, 644, 0, 0, 1 
0, 680, 4, 0, 1 
0, 694, 47e, 0, 1 
0, 684, 0, 0, 1 
0, 708, 840, 0, 1 
0, 6ec, 0, 87e, 0.6932342750081828 
0, 778, 850, 0, 1 
0, 780, 0, 0, 1 
0, 7b8, 4, 0, 1 
0, 7cc, 47e, 0, 1 
0, 7bc, 0, 0, 1 
Dump dual leases

