sample rate: 0.00390625
524,
	[5,26]
	[2,419]
	[4,351]
	[108,6]
	[145,1]
	[49,28]
	[1923,2]
	[47,22]
	[60,120]
	[55,27]
	[17,2]
	[53,19]
	[59,80]
	[58,95]
	[61,90]
	[63,51]
	[16,13]
	[62,35]
	[8,28]
	[50,11]
	[105,6]
	[1,60]
	[3,62]
	[57,56]
	[10,16]
	[44,7]
	[11,20]
	[1975,1]
	[109,2]
	[66,4]
	[7,27]
	[54,27]
	[18,4]
	[9,15]
	[48,20]
	[64,22]
	[73,2]
	[6,30]
	[42,5]
	[52,19]
	[56,32]
	[12,19]
	[72,2]
	[1916,1]
	[65,11]
	[2155,1]
	[13,16]
	[15,13]
	[51,22]
	[2170,1]
	[14,19]
	[1680,1]
	[2149,1]
	[2148,2]
	[2193,1]
	[46,16]
	[43,10]
	[45,17]
	[96,3]
	[1932,1]
	[69,2]
	[1648,2]
	[103,3]
	[2177,1]
	[104,2]
	[2472,1]
	[85,3]
	[1934,1]
	[1722,1]
	[1437,1]
	[1183,1]
	[86,1]
	[2174,1]
	[106,2]
	[2919,1]
	[97,1]
	[1194,1]
	[1921,1]
	[958,1]
	[1955,1]
	[981,1]
	[34,1]
	[87,1]
	[959,1]
	[1983,1]
	[1936,1]
	[2145,2]
	[82,1]
	[3128,1]
	[2978,1]
	[2203,1]
	[2129,1]
	[2204,1]
	[3894,1]
	[83,1]
	[107,3]
	[88,1]
	[27,1]
	[1972,1]
	[1933,1]
	[1656,1]
	[1173,1]
	[1985,1]
	[1439,1]
	[1919,1]
	[2166,1]
	[1186,1]
	[2144,1]
	[37,1]
	[2156,1]
	[110,1]
	[99,1]

544,
	[2,402]
	[42,37]
	[23,30]
	[19,105]
	[16,155]
	[8,39]
	[57,48]
	[22,26]
	[15,138]
	[27,5]
	[43,42]
	[14,96]
	[56,24]
	[58,16]
	[6,1]
	[59,5]
	[17,22]
	[25,25]
	[55,12]
	[20,37]
	[64,1]
	[4,3]
	[18,125]
	[35,3]
	[24,38]
	[29,3]
	[60,2]
	[9,14]
	[26,12]
	[10,12]
	[11,9]
	[46,1]
	[41,19]
	[40,3]
	[32,1]
	[44,6]
	[3,6]
	[7,4]
	[62,2]
	[63,1]
	[31,4]
	[5,1]
	[54,3]
	[12,4]
	[30,2]
	[61,1]
	[49,1]
	[52,1]

528,
	[104,223]
	[108,56]
	[105,293]
	[106,242]
	[95,31]
	[278,1]
	[59,3389]
	[62,1642]
	[65,375]
	[58,3127]
	[1,1088]
	[55,167]
	[3210,1]
	[69,77]
	[70,33]
	[61,2958]
	[64,1480]
	[60,3870]
	[63,1149]
	[57,1414]
	[56,849]
	[66,165]
	[2968,6]
	[301,25]
	[286,5]
	[2697,25]
	[68,51]
	[2921,9]
	[2705,23]
	[292,30]
	[2702,28]
	[2920,2]
	[67,73]
	[2685,16]
	[2691,13]
	[299,9]
	[107,127]
	[97,4]
	[81,25]
	[82,65]
	[4962,1]
	[80,5]
	[78,21]
	[2967,4]
	[312,13]
	[302,8]
	[310,14]
	[2954,15]
	[2948,5]
	[289,13]
	[2934,7]
	[2699,22]
	[2694,21]
	[3103,1]
	[4810,1]
	[71,20]
	[72,35]
	[2973,5]
	[2744,6]
	[93,34]
	[2707,16]
	[2764,1]
	[2741,2]
	[296,5]
	[2711,29]
	[2714,20]
	[2675,9]
	[2715,24]
	[2949,7]
	[3099,1]
	[4500,2]
	[2950,3]
	[2782,1]
	[2731,13]
	[102,21]
	[2718,23]
	[2766,1]
	[2754,2]
	[2730,7]
	[2703,29]
	[2966,4]
	[2727,8]
	[2979,2]
	[308,24]
	[2712,29]
	[305,10]
	[2706,21]
	[2663,4]
	[694,2]
	[2704,24]
	[3683,1]
	[92,41]
	[94,38]
	[4350,1]
	[2945,11]
	[2719,10]
	[2696,14]
	[2717,22]
	[2677,2]
	[2682,15]
	[2681,12]
	[2952,10]
	[314,14]
	[2941,7]
	[525,1]
	[3594,1]
	[3152,1]
	[85,24]
	[110,4]
	[2716,19]
	[2708,20]
	[2738,4]
	[293,24]
	[2732,3]
	[2701,20]
	[2943,8]
	[2673,6]
	[2939,8]
	[2889,1]
	[112,2]
	[73,34]
	[91,6]
	[103,84]
	[3767,2]
	[3768,2]
	[2713,19]
	[2951,11]
	[2955,10]
	[2688,13]
	[2690,11]
	[2656,1]
	[2693,20]
	[2936,3]
	[2698,31]
	[2751,4]
	[2994,2]
	[297,15]
	[2710,13]
	[2957,8]
	[316,12]
	[2962,6]
	[2935,8]
	[2720,12]
	[2683,17]
	[2927,10]
	[3231,1]
	[3542,1]
	[3957,1]
	[295,8]
	[4143,1]
	[2626,1]
	[2709,19]
	[2969,3]
	[2692,10]
	[2878,1]
	[2686,13]
	[2672,3]
	[2922,6]
	[2938,9]
	[2594,1]
	[2695,16]
	[2668,2]
	[83,7]
	[84,17]
	[113,3]
	[3792,1]
	[315,14]
	[2987,1]
	[2736,8]
	[2689,23]
	[3072,2]
	[96,11]
	[4226,1]
	[309,13]
	[3684,1]
	[1643,1]
	[2933,4]
	[313,9]
	[2679,4]
	[2959,8]
	[2671,6]
	[2910,1]
	[300,18]
	[4322,1]
	[680,1]
	[2724,5]
	[288,17]
	[2914,3]
	[2758,3]
	[2739,8]
	[2760,4]
	[2737,4]
	[2929,8]
	[290,3]
	[2946,6]
	[303,13]
	[2729,5]
	[2674,8]
	[2940,8]
	[111,4]
	[3585,1]
	[306,9]
	[2665,4]
	[2931,7]
	[2928,5]
	[2836,1]
	[2747,5]
	[2947,7]
	[2735,6]
	[2687,14]
	[529,4]
	[3433,1]
	[90,15]
	[2800,1]
	[2700,23]
	[304,4]
	[2722,13]
	[2911,3]
	[2932,8]
	[537,2]
	[4266,1]
	[3211,2]
	[2721,12]
	[2725,6]
	[2937,7]
	[2944,6]
	[2664,3]
	[2907,1]
	[4161,1]
	[4379,1]
	[4430,1]
	[291,11]
	[2684,17]
	[2897,2]
	[3866,1]
	[3895,2]
	[2749,6]
	[2997,1]
	[2726,9]
	[74,3]
	[3070,1]
	[294,9]
	[3412,1]
	[3856,1]
	[3060,1]
	[2923,7]
	[3081,1]
	[3769,1]
	[307,17]
	[2733,8]
	[2960,3]
	[3281,1]
	[3714,2]
	[2990,5]
	[2964,6]
	[3405,1]
	[3958,1]
	[3456,1]
	[3844,1]
	[3158,1]
	[2976,2]
	[2930,8]
	[3129,1]
	[491,1]
	[4006,1]
	[298,6]
	[86,6]
	[3571,2]
	[3611,1]
	[3150,1]
	[3952,1]
	[2974,4]
	[695,1]
	[2980,3]
	[2678,8]
	[3654,1]
	[2680,9]
	[89,1]
	[3669,2]
	[2975,2]
	[477,1]
	[3228,1]
	[3244,1]
	[2723,10]
	[317,4]
	[3043,1]
	[2818,2]
	[2890,1]
	[3246,1]
	[3784,2]
	[4331,1]
	[4446,1]
	[2988,1]
	[2983,5]
	[2670,2]
	[2905,1]
	[1645,1]
	[4947,1]
	[259,1]
	[3634,1]
	[2965,4]
	[2750,2]
	[2819,2]
	[2840,1]
	[325,1]
	[311,8]
	[2926,5]
	[3896,2]
	[527,1]
	[4380,1]
	[3339,1]
	[318,5]
	[2734,7]
	[2676,6]
	[2,2]
	[3245,2]
	[3862,1]
	[4547,1]
	[3423,3]
	[285,10]
	[2895,3]
	[2953,6]
	[2956,4]
	[4395,1]
	[3690,1]
	[3138,1]
	[280,2]
	[2667,3]
	[2743,6]
	[2649,1]
	[88,1]
	[4393,1]
	[521,3]
	[2657,2]
	[2894,2]
	[3069,1]
	[4108,1]
	[2961,5]
	[2942,6]
	[351,2]
	[357,1]
	[531,1]
	[4727,1]
	[2915,6]
	[2728,3]
	[3259,1]
	[4327,1]
	[2977,1]
	[2742,2]
	[2849,1]
	[4231,1]
	[692,2]
	[3089,1]
	[3230,2]
	[4484,1]
	[3554,1]
	[2850,1]
	[2925,5]
	[3748,1]
	[3180,1]
	[2881,1]
	[700,2]
	[2659,1]
	[284,8]
	[2913,5]
	[158,1]
	[2982,4]
	[4560,1]
	[2887,1]
	[2865,1]
	[109,2]
	[532,2]
	[4124,1]
	[2903,1]
	[3782,1]
	[3712,1]
	[2746,3]
	[3153,1]
	[3601,1]
	[4449,1]
	[3305,1]
	[2763,1]
	[2874,1]
	[3001,1]
	[3416,1]
	[4005,1]
	[3364,1]
	[3889,1]
	[2992,1]
	[2752,2]
	[2919,1]
	[3961,1]
	[321,1]
	[2917,2]
	[4154,1]
	[3309,2]
	[2748,2]
	[2978,1]
	[3424,1]
	[3657,1]
	[2958,3]
	[4601,1]
	[2616,1]
	[4364,1]
	[4781,1]
	[3964,1]
	[2860,1]
	[4840,1]
	[3996,1]
	[2971,4]
	[2986,2]
	[49,1]
	[2963,5]
	[2805,1]
	[497,1]
	[3100,1]
	[3491,1]
	[699,1]
	[2908,1]
	[2872,1]
	[3402,1]
	[1698,1]
	[75,1]
	[2984,1]
	[706,1]
	[2906,2]
	[2853,1]
	[3548,1]
	[3519,1]
	[3947,1]
	[2970,2]
	[2658,1]
	[3960,1]
	[3120,2]
	[3036,1]
	[2880,1]
	[4317,1]
	[3693,1]
	[3867,2]
	[3688,1]
	[3430,1]
	[2646,1]
	[2756,2]
	[3426,3]
	[3289,1]
	[3207,1]
	[3068,1]
	[3306,1]
	[2753,2]
	[4522,1]
	[4302,1]
	[3465,1]
	[2611,1]
	[4674,1]
	[3073,1]
	[45,1]
	[2916,3]
	[4162,1]
	[79,4]
	[76,1]
	[4026,1]
	[3557,1]
	[3729,1]
	[4338,1]
	[461,3]
	[2669,2]
	[517,1]
	[4188,1]
	[3128,1]
	[2617,1]
	[683,1]
	[4138,1]
	[3413,1]
	[3520,1]
	[3252,1]
	[2666,1]
	[2989,1]
	[3178,1]
	[2651,1]
	[2909,1]
	[687,1]
	[287,2]
	[2625,1]
	[3432,1]
	[3871,1]
	[2759,1]
	[3071,1]
	[4345,1]
	[4640,1]
	[4681,1]
	[326,1]
	[3209,1]
	[320,1]
	[4662,1]
	[216,1]
	[1673,1]
	[3183,1]
	[2838,1]
	[3011,1]
	[4063,1]
	[3235,1]
	[346,1]
	[4125,1]
	[4024,1]
	[3604,1]
	[3798,1]
	[4301,1]
	[3590,1]
	[3766,1]
	[2655,1]
	[2662,1]
	[3775,1]
	[3832,1]
	[3145,1]
	[3357,1]
	[2837,1]
	[3250,1]
	[3441,1]
	[696,1]
	[4020,1]
	[3236,1]
	[4250,1]
	[4570,1]
	[3838,1]
	[2924,3]
	[4120,1]
	[4095,1]
	[3122,1]
	[3151,1]
	[3649,1]
	[3421,1]
	[3778,1]
	[77,1]
	[2755,1]
	[283,1]
	[2761,1]
	[164,1]
	[401,1]
	[684,1]
	[2785,1]
	[3363,1]
	[3790,1]
	[4768,1]
	[1656,1]
	[322,1]
	[3082,1]
	[87,1]
	[3990,1]
	[2745,1]
	[4216,1]
	[2613,1]
	[2996,1]
	[4739,1]
	[3142,1]
	[2871,1]
	[3705,1]
	[3167,1]
	[3111,1]
	[3130,1]
	[515,1]
	[3091,1]
	[3454,1]
	[2995,1]
	[4205,1]
	[3034,1]
	[2981,1]
	[2898,1]
	[3002,1]
	[4310,1]
	[3965,1]
	[2886,1]
	[3874,1]
	[4541,1]
	[688,1]
	[437,1]
	[4002,1]

520,
	[2,3]
	[1,1]
	[4,1]
	[3,1]

588,
	[1917,1]
	[2,9]
	[1948,1]
	[131,1]
	[63,1]
	[32,1]

576,
	[1,6]
	[3,5]
	[5,4]
	[4,1]
	[957,1]
	[969,1]
	[6,2]
	[1945,1]
	[1920,1]
	[970,1]
	[1916,1]
	[1683,1]
	[1928,1]
	[979,1]
	[967,1]
	[1687,1]
	[1927,1]

len(carl_order):
26
Printing carl assignment order:
520,4,0.42857142857142855
588,2,0.32142857142857145
576,1,0.2
544,2,0.129928894634777
524,4,0.12300055157198014
576,6,0.12121212121212122
544,25,0.0470625561842314
544,26,0.047058823529411764
544,64,0.04457079970652971
528,1,0.042461850681028764
524,8,0.024135681669928244
524,66,0.020763577400130562
528,69,0.014017954309155565
524,110,0.012411847672778562
528,108,0.011664050953084764
588,63,0.0072992700729927005
588,131,0.004901960784313725
528,111,0.0015073861923424782
528,113,0.0011348161597821154
528,318,0.0009407698520487124
576,1945,0.0006750675067506751
524,145,0.0005714285714285715
588,1948,0.0005550929780738274
524,3894,0.0005507907781886852
528,322,0.0004210526315789474
528,4962,0.0003983095019317675
bin_width: 1507359
assigning lease 4 to address 520
Average Cache Occupancy Per Bin: [0.00,0.0,0.00,0.00,0.0]
Total cost: 1792.0
assigning lease 2 to address 588
Average Cache Occupancy Per Bin: [0.00,0.00,0.00,0.00,0.00]
Total cost: 2816.0
assigning lease 1 to address 576
Average Cache Occupancy Per Bin: [0.00,0.00,0.00,0.00,0.00]
Total cost: 3584.0
assigning lease 2 to address 544
Average Cache Occupancy Per Bin: [0.11,0.10,0.10,0.10,0.10]
Total cost: 168960.0
assigning lease 4 to address 524
Average Cache Occupancy Per Bin: [0.37,0.35,0.35,0.34,0.34]
Total cost: 562432.0
assigning lease 6 to address 576
Average Cache Occupancy Per Bin: [0.37,0.35,0.35,0.34,0.35]
Total cost: 562944.0
assigning lease 25 to address 544
Average Cache Occupancy Per Bin: [1.04,1.03,0.97,0.94,1.00]
Total cost: 1574144.0
assigning lease 26 to address 544
Average Cache Occupancy Per Bin: [1.05,1.04,0.98,0.94,1.01]
Total cost: 1590016.0
assigning lease 64 to address 544
Average Cache Occupancy Per Bin: [1.28,1.26,1.17,1.09,1.14]
Total cost: 1941504.0
assigning lease 1 to address 528
Average Cache Occupancy Per Bin: [2.15,2.13,2.04,1.96,2.02]
Total cost: 3240960.0
assigning lease 8 to address 524
Average Cache Occupancy Per Bin: [2.31,2.28,2.19,2.13,2.16]
Total cost: 3486976.0
assigning lease 66 to address 524
Average Cache Occupancy Per Bin: [4.01,3.92,3.73,3.80,3.68]
Total cost: 6051072.0
assigning lease 69 to address 528
Average Cache Occupancy Per Bin: [53.9,54.2,54.1,54.2,54.4]
Total cost: 81287936.0
assigning lease 110 to address 524
Average Cache Occupancy Per Bin: [54.0,54.3,54.3,54.3,54.5]
Total cost: 81456384.0
assigning lease 108 to address 528
Average Cache Occupancy Per Bin: [58.4,58.6,58.7,58.7,59.3]
Total cost: 88138240.0
assigning lease 63 to address 588
Average Cache Occupancy Per Bin: [58.4,58.6,58.7,58.7,59.3]
Total cost: 88153856.0
assigning lease 131 to address 588
Average Cache Occupancy Per Bin: [58.4,58.6,58.7,58.7,59.3]
Total cost: 88171264.0
assigning lease 111 to address 528
Average Cache Occupancy Per Bin: [58.7,58.8,59.0,58.9,59.5]
Total cost: 88498944.0
assigning lease 113 to address 528
Average Cache Occupancy Per Bin: [58.8,59.0,59.1,59.0,59.7]
Total cost: 88716288.0
assigning lease 318 to address 528
Average Cache Occupancy Per Bin: [73.3,74.3,73.6,74.1,75.7]
Total cost: 110506240.0
assigning lease 1945 to address 576
Average Cache Occupancy Per Bin: [73.3,75.3,74.7,74.4,76.3]
Total cost: 110506240.0
assigning lease 145 to address 524
Average Cache Occupancy Per Bin: [73.3,75.3,74.8,74.5,76.3]
Total cost: 110595840.0
assigning lease 1948 to address 588
Average Cache Occupancy Per Bin: [73.6,75.6,74.8,74.5,76.3]
Total cost: 111053056.0
assigning lease 3894 to address 524
Average Cache Occupancy Per Bin: [76.5,77.5,77.8,79.4,78.8]
Total cost: 115406080.0
assigning lease 322 to address 528
Average Cache Occupancy Per Bin: [76.7,77.7,78.0,79.6,79.1]
Total cost: 115758336.0
assigning lease 4962 to address 528
Average Cache Occupancy Per Bin: [224.,231.,227.,228.,237.]
Total cost: 338947072.0
Final saturation:
	0.0,338947072.0
	1.0,349605888.0
	2.0,342687488.0
	3.0,343819264.0
	4.0,358344448.0
DUMP LEASES
0, 20c, f36, 0, 1 
0, 220, 40, 0, 1 
0, 210, 1362, 0, 1 
0, 208, 4, 0, 1 
0, 24c, 79c, 0, 1 
0, 240, 799, 0, 1 
Dump dual leases

