sample rate: 0.00390625
1604,
	[2,7]
	[144241,2]
	[143677,1]
	[512,1]
	[143959,1]
	[143771,1]
	[608,1]
	[464,1]

1636,
	[2,17338]
	[689,1124]
	[2682,2]
	[690,2]
	[704,4]
	[699,2]
	[694,2]
	[292706,2]
	[292535,1]
	[2688,1]
	[292592,2]
	[697,4]
	[292634,1]
	[2687,1]
	[698,2]
	[691,1]
	[292549,1]
	[695,2]
	[2689,1]
	[292620,1]

1628,
	[3,16292]
	[1,17454]
	[5,15]
	[4,1138]
	[690,1139]
	[705,9]
	[697,3]
	[146164,3]
	[698,4]
	[693,2]
	[691,1]
	[146163,2]
	[704,3]
	[696,2]
	[694,2]
	[692,1]

1700,
	[2,17464]
	[3,959]
	[4,95]
	[3068,61]
	[168459,2]
	[146895,1]
	[161499,1]
	[159819,1]
	[3067,1]
	[178539,1]
	[173499,1]
	[185499,1]
	[149499,1]
	[192459,1]
	[186699,1]
	[155739,1]
	[158139,1]
	[188619,1]
	[183339,1]
	[148539,1]
	[2833,1]
	[148299,1]
	[168219,1]
	[181659,1]
	[175179,1]
	[160779,1]
	[173259,1]
	[160299,2]
	[171339,1]
	[169419,1]
	[191259,1]
	[159339,2]
	[189579,3]
	[182139,1]
	[154539,1]
	[180459,1]
	[173739,1]
	[157419,1]
	[165819,1]
	[170619,1]
	[162459,1]
	[179259,1]
	[174699,1]
	[163179,1]
	[3077,1]
	[2558,1]
	[168939,1]
	[3079,1]
	[178779,1]
	[149259,1]
	[146841,1]
	[153339,1]
	[185019,2]
	[157899,2]
	[166539,1]
	[181899,1]
	[175419,1]
	[156219,1]
	[147339,1]
	[162939,1]
	[150939,1]
	[182619,1]
	[180699,1]

1692,
	[1,17379]
	[3,16272]
	[2,81]
	[4,2097]
	[5,142]
	[147784,1]
	[193624,1]
	[185506,1]
	[192662,1]
	[167702,1]
	[160982,1]
	[184502,1]
	[160262,1]
	[163862,1]
	[152102,2]
	[177062,1]
	[158102,2]
	[188342,2]
	[161462,2]
	[336540,2]
	[193622,1]
	[171782,1]
	[174182,1]
	[175862,1]
	[190502,1]
	[336555,1]
	[161026,1]
	[148982,1]
	[160742,1]
	[191222,1]
	[150902,1]
	[187142,1]
	[166262,1]
	[167942,1]
	[174422,1]
	[183782,1]
	[182102,1]
	[184982,2]
	[161702,2]
	[148502,1]
	[179942,1]
	[176102,1]
	[183062,2]
	[166502,1]
	[150422,1]
	[166022,2]
	[169142,1]
	[153062,1]
	[193142,1]
	[186466,1]
	[183302,1]
	[190982,1]
	[176822,1]
	[175622,3]
	[151622,1]
	[172742,1]
	[160022,1]
	[148262,1]
	[149702,1]
	[163142,1]
	[191462,1]
	[163622,1]
	[179026,1]
	[167986,1]
	[190262,1]
	[168902,1]
	[159062,1]
	[162902,1]
	[168422,1]
	[173462,1]
	[154306,1]
	[179222,1]
	[181142,1]
	[186422,1]
	[184022,1]
	[172982,1]
	[188102,1]
	[182582,1]

1632,
	[146251,3]
	[146156,1]
	[146140,1]
	[146136,1]
	[145988,1]
	[145876,1]
	[145832,1]
	[145772,1]
	[145752,1]
	[145659,1]
	[145587,1]
	[145551,1]
	[293715,1]
	[304287,1]
	[307307,1]
	[307827,1]
	[311935,1]
	[332859,1]
	[336447,1]
	[337707,1]
	[146271,3]
	[146230,4]
	[146190,4]
	[146186,8]
	[146181,2]
	[146097,5]
	[145870,4]
	[145821,5]
	[145822,5]
	[145742,5]
	[145738,4]
	[145678,7]
	[145641,4]
	[145610,5]
	[145606,3]
	[145598,9]
	[145574,10]
	[145554,4]
	[292627,1]
	[296591,1]
	[297171,2]
	[298983,1]
	[304251,1]
	[313879,2]
	[316683,2]
	[316935,1]
	[328923,2]
	[334163,1]
	[334635,1]
	[146282,1]
	[146206,2]
	[146158,5]
	[146133,1]
	[146134,4]
	[146102,3]
	[146046,9]
	[146010,5]
	[145937,4]
	[145841,3]
	[145829,2]
	[145646,4]
	[145602,7]
	[145538,3]
	[145501,4]
	[145486,4]
	[292863,1]
	[295315,1]
	[295819,1]
	[300067,1]
	[302331,1]
	[303763,2]
	[309979,2]
	[311047,1]
	[313819,1]
	[316619,2]
	[316903,2]
	[320363,1]
	[320899,1]
	[325207,1]
	[326263,2]
	[327347,2]
	[330543,1]
	[335735,2]
	[146098,8]
	[146090,5]
	[146066,6]
	[145998,9]
	[145934,6]
	[145846,4]
	[145770,6]
	[145690,5]
	[145634,3]
	[145518,7]
	[145482,3]
	[298211,1]
	[301815,1]
	[307731,1]
	[308375,1]
	[309175,3]
	[328247,2]
	[328467,1]
	[331503,1]
	[333863,1]
	[335027,1]
	[335343,3]
	[336427,1]
	[146242,5]
	[146234,6]
	[146222,4]
	[146198,8]
	[146130,4]
	[145969,3]
	[145838,6]
	[145734,5]
	[145718,2]
	[145626,5]
	[145514,2]
	[296543,1]
	[298367,2]
	[310011,1]
	[317799,1]
	[318127,1]
	[320599,1]
	[337479,1]
	[144277,1]
	[146210,3]
	[146041,4]
	[145786,12]
	[145753,3]
	[145725,3]
	[145630,4]
	[145581,1]
	[294055,2]
	[296639,2]
	[300319,2]
	[301359,2]
	[306755,1]
	[311003,1]
	[313111,2]
	[319071,1]
	[321087,2]
	[323039,1]
	[323699,1]
	[326955,2]
	[334855,1]
	[146078,6]
	[146054,7]
	[145990,7]
	[145918,5]
	[145882,4]
	[145790,8]
	[145746,8]
	[145706,3]
	[292244,1]
	[292452,2]
	[293695,1]
	[295191,2]
	[298747,1]
	[313379,1]
	[317123,1]
	[321023,1]
	[328355,1]
	[329883,1]
	[146194,6]
	[146030,7]
	[145982,7]
	[145978,4]
	[145773,3]
	[145686,4]
	[145597,2]
	[145534,6]
	[145530,5]
	[145485,1]
	[293711,2]
	[295095,1]
	[295943,1]
	[299895,2]
	[305275,1]
	[313643,1]
	[319231,2]
	[330779,2]
	[146226,4]
	[146202,8]
	[146029,3]
	[145986,7]
	[145977,2]
	[145922,5]
	[145909,1]
	[145802,5]
	[145750,6]
	[145662,5]
	[145529,2]
	[145510,5]
	[145490,6]
	[298319,1]
	[308231,1]
	[308467,1]
	[310215,2]
	[318287,1]
	[318851,1]
	[321055,1]
	[322095,3]
	[324015,1]
	[328055,1]
	[332211,1]
	[336727,2]
	[146121,1]
	[146110,7]
	[145781,1]
	[145729,1]
	[145689,3]
	[145674,4]
	[145666,7]
	[145650,10]
	[145478,2]
	[294103,1]
	[295707,1]
	[296559,1]
	[305103,1]
	[307967,2]
	[310859,1]
	[311851,1]
	[320443,1]
	[322455,1]
	[327491,2]
	[328999,1]
	[329835,1]
	[334647,1]
	[144284,1]
	[146278,2]
	[146277,1]
	[145966,4]
	[145958,5]
	[145542,9]
	[295299,2]
	[296415,1]
	[298415,1]
	[305211,1]
	[306595,1]
	[312951,1]
	[313251,3]
	[316571,1]
	[321511,2]
	[324171,2]
	[332635,1]
	[334035,2]
	[146149,5]
	[146077,1]
	[145942,6]
	[145910,5]
	[145873,1]
	[145866,6]
	[145810,5]
	[145590,7]
	[145550,4]
	[292045,1]
	[303827,1]
	[307415,2]
	[308675,2]
	[311459,1]
	[325287,1]
	[325651,1]
	[332243,1]
	[337087,1]
	[144269,2]
	[146038,5]
	[145973,1]
	[145757,1]
	[145614,6]
	[145570,5]
	[299107,1]
	[300351,2]
	[313723,1]
	[315755,1]
	[316271,1]
	[318507,1]
	[324327,2]
	[325223,1]
	[325383,1]
	[334223,1]
	[146178,3]
	[146034,2]
	[145521,1]
	[295111,1]
	[297959,2]
	[298291,2]
	[298463,1]
	[304707,1]
	[306139,1]
	[306739,3]
	[308847,1]
	[309115,1]
	[310591,1]
	[311727,1]
	[312403,1]
	[314635,1]
	[326623,1]
	[328103,1]
	[329915,2]
	[330843,1]
	[331815,1]
	[146126,5]
	[146122,8]
	[146094,5]
	[145953,1]
	[145946,9]
	[145889,3]
	[145858,6]
	[145717,3]
	[145522,4]
	[145489,1]
	[293363,1]
	[300223,1]
	[313423,2]
	[317547,1]
	[144285,2]
	[146177,1]
	[146082,3]
	[145917,2]
	[145886,3]
	[145797,4]
	[145774,6]
	[145762,5]
	[145593,2]
	[145546,4]
	[291883,1]
	[297487,1]
	[321967,1]
	[324059,1]
	[324815,2]
	[334587,1]
	[335151,1]
	[146154,1]
	[146042,6]
	[145902,7]
	[145714,6]
	[145506,6]
	[300899,1]
	[304583,1]
	[306107,1]
	[310467,1]
	[320487,1]
	[325035,1]
	[337215,1]
	[146118,5]
	[146069,1]
	[145830,6]
	[145638,3]
	[145502,8]
	[295787,1]
	[297551,2]
	[298383,2]
	[303071,1]
	[303119,1]
	[304675,1]
	[309759,1]
	[323211,1]
	[330307,1]
	[335419,1]
	[336647,1]
	[338395,1]
	[145954,3]
	[145854,11]
	[145833,2]
	[292547,1]
	[294199,1]
	[299075,1]
	[302915,1]
	[303875,2]
	[304771,1]
	[308879,1]
	[308911,1]
	[309571,2]
	[311379,1]
	[321951,3]
	[324971,1]
	[325491,1]
	[329599,2]
	[146162,8]
	[146113,2]
	[146109,1]
	[146086,4]
	[146053,1]
	[146018,3]
	[145814,4]
	[145758,8]
	[145726,7]
	[145582,4]
	[145553,4]
	[145493,2]
	[306047,1]
	[307243,1]
	[307447,1]
	[310435,1]
	[312543,1]
	[318743,1]
	[321447,1]
	[323195,1]
	[326859,1]
	[328971,2]
	[331643,1]
	[331659,2]
	[331675,1]
	[146284,1]
	[145970,3]
	[145558,3]
	[292483,1]
	[292907,1]
	[299059,1]
	[301831,3]
	[304411,1]
	[315739,2]
	[330811,2]
	[144270,1]
	[146257,7]
	[145894,4]
	[145677,2]
	[145670,2]
	[294371,2]
	[296167,1]
	[304991,1]
	[308247,1]
	[309459,1]
	[317767,1]
	[318931,2]
	[320459,1]
	[321211,1]
	[322895,2]
	[326091,1]
	[328575,1]
	[328795,2]
	[331611,2]
	[332555,1]
	[146250,3]
	[145842,5]
	[291869,1]
	[292105,1]
	[294735,1]
	[307823,1]
	[308579,2]
	[314323,1]
	[317531,1]
	[321827,1]
	[322139,1]
	[322299,1]
	[322407,1]
	[327583,1]
	[329487,1]
	[331283,1]
	[334571,1]
	[146214,6]
	[145874,4]
	[145754,3]
	[292639,2]
	[293427,1]
	[294811,2]
	[297267,1]
	[298115,4]
	[309963,1]
	[312907,2]
	[313911,1]
	[327443,1]
	[327883,1]
	[332367,1]
	[332619,1]
	[335687,1]
	[146218,6]
	[146114,4]
	[146101,2]
	[146074,6]
	[145834,2]
	[145766,3]
	[295931,1]
	[296055,2]
	[298871,1]
	[304063,2]
	[304615,1]
	[328323,2]
	[331299,1]
	[335843,1]
	[146161,2]
	[146142,4]
	[146137,2]
	[145950,3]
	[145730,7]
	[292671,2]
	[294987,2]
	[299391,1]
	[300179,1]
	[302507,1]
	[306975,3]
	[316727,1]
	[318379,1]
	[323447,1]
	[335183,1]
	[336287,2]
	[337275,1]
	[144283,2]
	[145741,2]
	[299659,1]
	[300191,1]
	[302835,3]
	[303087,1]
	[311095,3]
	[316447,1]
	[318663,1]
	[319795,1]
	[323571,1]
	[328039,1]
	[330151,1]
	[336947,1]
	[146182,2]
	[146106,3]
	[145906,4]
	[145878,3]
	[145782,2]
	[145778,5]
	[145586,5]
	[292563,1]
	[293223,3]
	[296667,1]
	[298775,1]
	[305699,1]
	[308215,2]
	[311899,2]
	[315343,1]
	[323511,1]
	[326279,1]
	[328215,1]
	[329111,1]
	[333219,1]
	[336835,1]
	[146022,4]
	[145893,2]
	[145890,5]
	[145885,2]
	[145798,5]
	[145733,2]
	[301011,1]
	[301091,1]
	[309695,1]
	[309791,1]
	[317059,2]
	[324123,1]
	[333815,3]
	[335043,1]
	[336395,1]
	[337199,1]
	[338127,1]
	[145794,2]
	[294151,1]
	[298887,2]
	[299911,1]
	[301579,2]
	[306327,1]
	[310891,2]
	[321119,1]
	[330039,1]
	[146185,1]
	[145658,4]
	[145513,3]
	[293255,2]
	[302647,2]
	[304235,4]
	[315311,2]
	[316319,1]
	[321151,1]
	[325603,1]
	[328151,1]
	[330371,1]
	[331187,1]
	[334383,1]
	[146221,1]
	[146145,5]
	[297047,1]
	[324987,1]
	[145930,2]
	[145637,1]
	[292735,2]
	[299011,2]
	[305871,1]
	[309159,2]
	[320239,1]
	[322187,1]
	[323543,1]
	[328939,1]
	[332951,1]
	[333879,1]
	[146170,4]
	[146006,4]
	[145865,1]
	[145785,1]
	[145702,4]
	[145642,3]
	[145594,4]
	[297219,1]
	[303011,1]
	[308831,1]
	[314999,1]
	[328387,1]
	[333391,2]
	[333895,1]
	[146245,1]
	[145694,3]
	[145669,1]
	[145633,2]
	[145617,1]
	[145537,1]
	[292687,1]
	[294119,2]
	[297315,1]
	[297375,1]
	[302411,1]
	[303779,1]
	[306375,1]
	[327159,1]
	[327523,2]
	[330527,2]
	[330623,1]
	[336271,2]
	[336379,2]
	[337687,1]
	[146238,6]
	[145905,2]
	[145561,1]
	[294403,1]
	[313063,3]
	[319323,1]
	[325351,1]
	[333155,2]
	[146288,2]
	[145682,4]
	[145605,1]
	[145562,8]
	[294703,2]
	[295695,1]
	[297439,1]
	[297583,1]
	[301547,1]
	[306879,1]
	[311743,1]
	[314147,1]
	[316823,2]
	[324391,2]
	[326247,1]
	[330967,2]
	[144278,1]
	[145541,3]
	[145494,7]
	[308451,2]
	[311271,3]
	[315863,1]
	[316179,1]
	[319655,2]
	[321715,1]
	[323807,1]
	[323935,2]
	[324471,1]
	[325759,3]
	[332163,1]
	[146166,2]
	[145705,1]
	[145557,3]
	[292799,1]
	[294655,1]
	[298055,1]
	[300207,1]
	[309899,1]
	[310623,1]
	[324279,1]
	[328011,1]
	[329975,1]
	[144279,1]
	[146009,2]
	[145697,2]
	[292177,2]
	[294939,1]
	[295347,1]
	[296795,1]
	[300823,1]
	[304567,1]
	[309883,1]
	[314291,1]
	[319043,4]
	[322331,1]
	[329159,1]
	[331343,1]
	[332227,1]
	[334931,2]
	[145806,1]
	[293035,1]
	[294827,2]
	[300051,1]
	[302347,1]
	[310183,1]
	[316163,1]
	[316351,2]
	[317359,1]
	[322863,1]
	[329331,1]
	[145938,2]
	[145701,2]
	[300807,1]
	[313299,2]
	[315123,1]
	[316743,1]
	[322583,1]
	[325239,1]
	[146237,1]
	[146150,2]
	[146026,3]
	[296023,1]
	[297503,2]
	[301311,1]
	[305479,1]
	[307635,1]
	[315627,2]
	[318099,1]
	[337639,1]
	[338299,2]
	[145989,3]
	[145898,4]
	[145862,5]
	[145850,4]
	[145722,4]
	[301687,1]
	[301939,1]
	[313927,1]
	[319167,1]
	[319639,1]
	[324295,1]
	[328119,2]
	[328419,1]
	[330919,1]
	[332051,2]
	[145526,2]
	[298823,1]
	[301623,1]
	[301907,1]
	[305371,1]
	[305903,1]
	[312355,2]
	[315547,1]
	[320739,2]
	[330731,1]
	[336239,1]
	[336523,1]
	[336551,1]
	[146249,1]
	[146021,1]
	[145769,2]
	[293379,1]
	[294183,2]
	[313471,1]
	[316507,1]
	[318867,1]
	[320031,1]
	[320347,3]
	[321431,1]
	[331487,1]
	[331959,1]
	[338063,1]
	[295015,1]
	[302803,1]
	[303135,1]
	[305607,1]
	[322487,1]
	[327711,2]
	[331455,1]
	[146254,5]
	[145517,1]
	[296007,1]
	[304079,1]
	[306091,2]
	[308043,1]
	[308703,1]
	[311963,2]
	[319859,1]
	[331895,2]
	[333611,2]
	[334239,1]
	[335719,1]
	[146241,2]
	[146174,6]
	[146138,3]
	[146002,4]
	[145625,1]
	[145618,2]
	[302127,1]
	[306031,1]
	[313363,1]
	[314887,1]
	[323527,2]
	[323667,1]
	[326027,1]
	[327695,1]
	[329379,1]
	[145566,4]
	[145545,1]
	[292090,1]
	[298651,1]
	[315783,1]
	[146265,1]
	[146058,2]
	[145914,5]
	[145649,1]
	[293239,1]
	[293475,1]
	[295223,2]
	[303291,1]
	[303859,1]
	[306063,1]
	[307099,3]
	[309019,1]
	[317215,1]
	[321731,2]
	[328291,1]
	[328875,2]
	[330683,1]
	[335955,1]
	[145926,3]
	[145622,3]
	[145505,1]
	[292971,2]
	[295867,1]
	[296859,1]
	[305447,1]
	[307463,1]
	[312495,1]
	[314007,1]
	[314839,1]
	[324563,1]
	[327019,1]
	[331771,1]
	[335467,2]
	[298259,2]
	[306519,2]
	[317643,1]
	[333515,1]
	[146062,3]
	[145698,4]
	[292422,1]
	[293679,1]
	[296463,1]
	[310295,1]
	[310655,1]
	[317247,1]
	[330071,1]
	[146281,2]
	[146037,3]
	[146014,3]
	[145826,2]
	[145765,1]
	[298731,1]
	[300759,1]
	[301279,1]
	[303511,1]
	[309335,2]
	[310231,1]
	[310387,1]
	[328339,1]
	[332023,1]
	[333059,1]
	[293851,1]
	[295599,1]
	[296731,1]
	[297407,1]
	[299643,1]
	[311631,1]
	[314919,2]
	[315847,1]
	[324155,1]
	[325399,1]
	[326891,1]
	[330447,1]
	[146146,3]
	[145974,4]
	[298431,1]
	[302551,1]
	[323779,1]
	[325415,1]
	[326799,1]
	[327647,1]
	[331595,1]
	[336979,1]
	[145805,2]
	[309067,1]
	[309823,2]
	[319591,1]
	[320159,1]
	[330023,1]
	[146269,1]
	[146153,2]
	[295471,1]
	[305495,1]
	[310043,1]
	[322219,1]
	[325807,1]
	[327411,1]
	[328263,1]
	[336803,1]
	[146089,1]
	[294763,1]
	[320427,1]
	[321655,1]
	[323399,1]
	[327003,1]
	[330119,1]
	[336915,1]
	[146246,3]
	[146105,2]
	[293883,1]
	[293915,1]
	[294575,1]
	[296387,1]
	[306959,2]
	[310499,1]
	[314603,2]
	[335531,1]
	[146070,1]
	[292259,1]
	[295443,1]
	[303747,1]
	[306455,1]
	[308203,1]
	[311867,1]
	[313975,1]
	[316651,1]
	[316667,2]
	[145809,2]
	[145498,1]
	[300743,1]
	[315815,1]
	[326815,1]
	[329663,1]
	[329991,2]
	[330163,1]
	[336411,1]
	[337843,1]
	[294467,1]
	[302775,1]
	[303939,2]
	[305463,1]
	[306219,1]
	[307903,2]
	[313583,1]
	[313803,2]
	[317563,1]
	[325067,1]
	[331927,1]
	[146093,1]
	[145525,1]
	[292831,1]
	[293583,1]
	[299327,1]
	[302539,1]
	[306831,1]
	[307147,1]
	[307303,1]
	[312591,1]
	[314495,1]
	[316287,1]
	[319575,1]
	[329191,1]
	[294971,1]
	[297911,2]
	[298919,1]
	[312451,1]
	[312891,1]
	[317375,1]
	[317627,1]
	[320695,1]
	[332603,1]
	[337811,1]
	[146085,1]
	[145661,1]
	[313331,2]
	[316303,1]
	[320851,1]
	[329251,1]
	[330087,2]
	[334775,1]
	[334823,1]
	[145981,3]
	[301735,1]
	[303387,1]
	[320191,1]
	[321291,1]
	[322283,1]
	[324251,1]
	[325903,1]
	[334619,1]
	[335579,1]
	[336475,1]
	[145578,4]
	[292000,1]
	[296103,2]
	[301451,1]
	[303671,1]
	[304803,1]
	[313047,1]
	[315155,1]
	[337747,1]
	[146129,2]
	[146033,1]
	[296903,1]
	[308515,1]
	[311283,1]
	[313219,1]
	[314115,1]
	[318223,1]
	[321843,1]
	[324187,1]
	[324611,1]
	[330763,1]
	[333531,1]
	[336111,1]
	[294795,1]
	[302067,1]
	[309131,1]
	[318823,3]
	[320047,1]
	[321403,1]
	[322203,1]
	[323131,1]
	[326075,2]
	[327867,1]
	[336695,1]
	[146045,1]
	[295899,2]
	[306123,1]
	[315047,1]
	[326435,1]
	[145673,1]
	[301327,1]
	[306155,1]
	[310607,1]
	[313159,1]
	[315375,1]
	[316195,1]
	[319387,1]
	[323839,1]
	[324343,1]
	[325131,1]
	[326515,2]
	[329819,3]
	[145921,1]
	[145645,1]
	[145533,1]
	[309995,1]
	[327631,1]
	[327759,2]
	[330575,1]
	[335767,2]
	[336315,1]
	[146201,1]
	[145549,1]
	[294167,1]
	[305243,1]
	[307195,1]
	[308547,1]
	[313943,1]
	[317955,1]
	[318883,1]
	[324375,2]
	[326687,2]
	[331095,1]
	[331879,1]
	[334207,1]
	[145853,1]
	[145654,1]
	[293835,1]
	[300003,1]
	[313395,1]
	[318395,1]
	[318899,1]
	[331359,1]
	[334539,3]
	[334791,1]
	[312167,1]
	[312527,2]
	[315531,1]
	[321275,1]
	[321387,1]
	[322691,1]
	[324263,1]
	[324927,2]
	[328371,1]
	[330479,1]
	[337403,1]
	[144267,1]
	[145818,6]
	[298067,3]
	[304331,1]
	[310355,1]
	[318159,2]
	[332715,1]
	[332791,1]
	[145837,1]
	[296747,1]
	[299155,1]
	[309395,1]
	[311255,1]
	[315975,2]
	[325855,1]
	[330591,2]
	[333279,1]
	[338031,1]
	[145793,3]
	[145745,3]
	[145657,2]
	[292187,2]
	[293459,1]
	[296275,2]
	[300871,1]
	[301183,1]
	[304663,2]
	[306723,1]
	[308815,1]
	[308939,2]
	[309475,1]
	[310767,2]
	[317171,1]
	[324959,1]
	[334351,1]
	[335939,3]
	[144266,2]
	[146141,1]
	[145962,1]
	[294907,1]
	[295631,1]
	[309287,1]
	[313015,1]
	[314983,1]
	[328747,1]
	[292201,1]
	[294891,1]
	[299295,1]
	[304047,3]
	[307335,1]
	[314163,1]
	[317231,1]
	[319939,2]
	[324439,2]
	[330715,1]
	[337575,1]
	[146057,1]
	[145901,1]
	[145629,1]
	[301167,1]
	[302363,1]
	[307871,1]
	[314339,1]
	[334711,1]
	[145709,1]
	[145710,1]
	[298303,1]
	[300131,1]
	[301751,1]
	[307587,1]
	[310247,1]
	[325823,1]
	[329015,1]
	[329079,1]
	[334115,1]
	[335483,1]
	[338079,1]
	[145994,2]
	[145825,1]
	[300635,1]
	[303103,1]
	[322643,1]
	[323307,1]
	[326107,1]
	[146287,1]
	[146081,1]
	[145681,1]
	[298935,1]
	[304175,1]
	[304647,1]
	[309303,1]
	[313127,1]
	[315927,1]
	[326403,1]
	[327395,1]
	[329143,1]
	[329283,1]
	[333247,1]
	[141120,1]
	[297359,1]
	[300555,1]
	[305747,2]
	[321243,1]
	[321527,1]
	[321559,1]
	[146262,1]
	[145925,2]
	[145849,1]
	[291827,1]
	[298479,1]
	[301515,1]
	[305039,1]
	[305355,1]
	[306439,1]
	[316491,1]
	[316963,1]
	[323071,1]
	[324499,1]
	[326359,1]
	[329755,1]
	[331911,1]
	[307495,1]
	[312715,1]
	[316463,1]
	[326639,1]
	[327051,1]
	[328499,1]
	[332523,1]
	[145685,1]
	[293051,1]
	[296967,1]
	[304867,1]
	[318615,1]
	[319247,1]
	[320723,1]
	[324735,1]
	[326531,1]
	[331755,1]
	[334051,1]
	[308531,2]
	[311035,1]
	[312699,1]
	[314383,1]
	[332511,1]
	[145993,1]
	[145609,1]
	[300791,1]
	[327727,1]
	[329207,1]
	[333011,1]
	[337183,1]
	[146259,1]
	[294027,1]
	[302223,1]
	[315691,1]
	[320959,1]
	[333643,1]
	[292030,1]
	[292467,1]
	[299847,1]
	[312023,1]
	[316775,1]
	[320475,1]
	[333327,1]
	[337071,1]
	[337607,1]
	[146050,2]
	[318523,1]
	[325083,1]
	[325887,1]
	[295663,1]
	[302255,1]
	[315075,1]
	[326719,1]
	[334507,1]
	[334839,1]
	[337307,1]
	[291771,1]
	[294339,1]
	[295235,1]
	[295395,1]
	[313347,1]
	[317027,1]
	[318067,1]
	[323463,1]
	[335783,1]
	[337795,1]
	[299927,1]
	[300855,1]
	[310403,1]
	[315455,1]
	[333831,1]
	[337731,1]
	[145997,1]
	[145693,1]
	[308783,1]
	[310419,1]
	[311803,1]
	[312655,1]
	[316603,1]
	[321983,1]
	[330355,1]
	[294071,1]
	[304599,1]
	[305163,1]
	[315031,1]
	[324943,1]
	[325179,1]
	[326923,1]
	[334995,1]
	[335563,1]
	[337763,1]

1696,
	[1,66]
	[146179,1]
	[149613,1]
	[152692,1]
	[153204,1]
	[156068,1]
	[156324,1]
	[157924,1]
	[158740,1]
	[159444,1]
	[160468,1]
	[162446,1]
	[160548,1]
	[166589,1]
	[167885,1]
	[168349,1]
	[171245,1]
	[174148,1]
	[174276,1]
	[177284,1]
	[180868,1]
	[181236,1]
	[183389,1]
	[183885,1]
	[187780,1]
	[147691,2]
	[148139,1]
	[150555,1]
	[153106,4]
	[154306,1]
	[156395,1]
	[156587,1]
	[157250,1]
	[160091,3]
	[162114,1]
	[162859,1]
	[163659,1]
	[164242,2]
	[167275,3]
	[169963,1]
	[171963,1]
	[173762,1]
	[179362,2]
	[182427,1]
	[184466,1]
	[186204,1]
	[187714,1]
	[188530,1]
	[336555,1]
	[146801,1]
	[151451,1]
	[152395,1]
	[155355,1]
	[155499,1]
	[157003,1]
	[157922,2]
	[161771,2]
	[166690,1]
	[167611,2]
	[169090,1]
	[169150,1]
	[170283,1]
	[171650,1]
	[173842,2]
	[170866,1]
	[176283,1]
	[183755,1]
	[188667,1]
	[189442,3]
	[191195,1]
	[146547,1]
	[149499,1]
	[152690,1]
	[154750,1]
	[155971,1]
	[158110,1]
	[161067,1]
	[171899,2]
	[172811,1]
	[179867,1]
	[179899,1]
	[181691,2]
	[185275,1]
	[187164,1]
	[190827,2]
	[191442,1]
	[148818,2]
	[148923,3]
	[150123,1]
	[151227,1]
	[154466,2]
	[155067,1]
	[169579,1]
	[179522,1]
	[182027,1]
	[185922,1]
	[192322,1]
	[193675,3]
	[336570,1]
	[143986,1]
	[148850,1]
	[151723,1]
	[153739,2]
	[155746,2]
	[164971,1]
	[166146,2]
	[167491,1]
	[170770,1]
	[183899,2]
	[185410,1]
	[188475,1]
	[186226,1]
	[189795,1]
	[146486,1]
	[146713,1]
	[147550,1]
	[147595,1]
	[150571,1]
	[151794,1]
	[153931,1]
	[154843,1]
	[159163,1]
	[160587,1]
	[162235,2]
	[163515,1]
	[165202,1]
	[167579,3]
	[169602,1]
	[175411,1]
	[182987,1]
	[190315,1]
	[191778,1]
	[145906,2]
	[156915,1]
	[159659,1]
	[161330,1]
	[175155,1]
	[175339,1]
	[176002,2]
	[176210,2]
	[181442,1]
	[181963,1]
	[186386,1]
	[188882,1]
	[190923,2]
	[193458,1]
	[485726,1]
	[146728,1]
	[151435,2]
	[154386,1]
	[155650,1]
	[155819,1]
	[156795,1]
	[157164,2]
	[163314,1]
	[165762,2]
	[167995,1]
	[168866,1]
	[173051,3]
	[175171,1]
	[180315,1]
	[181938,2]
	[182146,2]
	[185618,1]
	[186130,1]
	[187171,1]
	[189084,1]
	[190275,1]
	[193282,1]
	[148091,1]
	[156075,1]
	[159419,1]
	[159675,1]
	[165627,1]
	[168722,1]
	[171234,1]
	[175875,1]
	[175915,1]
	[180290,2]
	[181506,1]
	[182418,1]
	[184275,2]
	[187595,1]
	[191051,1]
	[191883,2]
	[148786,1]
	[149291,3]
	[152738,1]
	[162050,1]
	[170978,1]
	[174562,2]
	[175682,1]
	[176802,1]
	[177259,1]
	[179470,1]
	[180226,1]
	[181266,1]
	[182434,2]
	[183186,1]
	[184699,1]
	[186738,1]
	[189275,1]
	[189691,1]
	[190690,3]
	[193404,1]
	[147602,2]
	[147915,1]
	[151186,1]
	[152987,2]
	[154242,1]
	[170994,1]
	[177755,2]
	[182050,1]
	[182994,1]
	[184907,1]
	[186098,1]
	[187602,1]
	[188002,1]
	[192370,2]
	[339511,5]
	[152203,1]
	[161058,1]
	[161266,3]
	[164350,1]
	[164539,1]
	[171698,1]
	[172875,1]
	[174915,2]
	[177419,1]
	[178235,1]
	[178786,2]
	[180098,2]
	[180258,1]
	[182371,1]
	[188411,1]
	[189378,1]
	[191035,1]
	[191666,1]
	[192546,1]
	[147634,1]
	[167715,1]
	[171499,1]
	[175291,1]
	[176043,1]
	[181826,1]
	[182555,1]
	[184850,2]
	[185666,1]
	[189227,1]
	[146623,1]
	[146815,1]
	[147009,1]
	[147371,2]
	[147842,1]
	[153331,2]
	[153915,2]
	[160850,1]
	[163644,2]
	[167762,1]
	[169522,3]
	[169762,2]
	[170450,1]
	[171922,1]
	[176242,2]
	[182322,1]
	[185042,1]
	[185563,3]
	[186211,2]
	[191106,2]
	[192098,1]
	[193490,2]
	[147394,1]
	[147522,2]
	[155570,1]
	[155762,1]
	[155794,1]
	[156875,1]
	[160171,1]
	[161170,1]
	[162386,1]
	[162946,2]
	[166706,1]
	[167314,1]
	[168763,1]
	[169675,2]
	[170738,2]
	[169426,1]
	[173475,1]
	[173491,2]
	[173724,2]
	[174482,1]
	[174603,1]
	[176075,1]
	[178194,1]
	[180754,1]
	[184155,2]
	[185195,1]
	[185442,1]
	[187870,1]
	[189762,1]
	[189899,1]
	[191186,1]
	[192258,1]
	[192834,2]
	[146344,1]
	[149819,1]
	[150562,1]
	[157275,2]
	[163538,1]
	[164706,3]
	[170482,1]
	[171387,2]
	[172284,1]
	[173570,1]
	[174274,1]
	[175522,1]
	[176110,1]
	[177147,3]
	[177550,2]
	[178035,2]
	[177106,2]
	[181026,1]
	[179986,4]
	[185778,2]
	[188155,1]
	[190990,1]
	[148002,1]
	[149154,2]
	[154546,1]
	[159467,2]
	[156706,2]
	[161506,2]
	[163579,1]
	[164866,1]
	[165611,3]
	[167787,1]
	[171595,2]
	[173307,1]
	[173506,3]
	[180859,1]
	[181922,2]
	[182034,2]
	[184139,1]
	[190418,1]
	[193563,1]
	[151579,1]
	[151714,2]
	[159042,1]
	[156466,2]
	[159874,1]
	[162850,1]
	[169259,2]
	[169298,1]
	[169314,2]
	[169330,1]
	[169547,2]
	[170299,1]
	[170851,2]
	[171115,2]
	[172146,1]
	[172354,1]
	[175458,1]
	[178587,1]
	[178690,1]
	[179819,1]
	[183170,2]
	[183691,1]
	[185298,1]
	[186322,1]
	[187227,2]
	[188075,1]
	[189550,1]
	[193698,1]
	[143524,1]
	[150267,1]
	[150430,1]
	[155275,1]
	[157651,1]
	[159394,2]
	[168043,1]
	[168107,1]
	[170434,1]
	[171931,1]
	[172331,1]
	[173371,2]
	[173858,2]
	[176187,1]
	[176898,1]
	[177010,1]
	[174946,1]
	[179890,3]
	[180786,1]
	[181595,2]
	[184402,2]
	[186811,1]
	[150363,1]
	[150530,1]
	[152459,2]
	[156610,2]
	[157323,1]
	[157451,2]
	[158835,1]
	[160683,1]
	[166379,2]
	[167506,2]
	[168802,2]
	[169266,2]
	[169323,1]
	[169499,1]
	[172162,1]
	[171106,1]
	[177739,2]
	[178066,3]
	[181931,2]
	[184306,1]
	[184802,1]
	[189627,1]
	[146480,1]
	[150626,1]
	[153154,1]
	[154866,1]
	[155955,1]
	[156370,1]
	[158155,1]
	[159550,2]
	[163019,1]
	[163906,3]
	[165147,2]
	[166674,2]
	[171275,1]
	[174290,2]
	[176595,2]
	[179106,3]
	[179602,1]
	[180267,2]
	[181115,1]
	[182802,1]
	[185371,1]
	[189435,1]
	[189515,1]
	[191004,1]
	[145426,1]
	[153474,1]
	[157938,2]
	[167595,1]
	[168514,2]
	[169995,1]
	[172555,1]
	[172715,1]
	[173538,1]
	[174747,2]
	[174850,1]
	[189890,2]
	[190347,3]
	[191346,1]
	[147611,2]
	[149426,1]
	[152802,2]
	[153595,1]
	[154658,1]
	[159186,1]
	[159586,2]
	[161971,1]
	[163323,2]
	[169411,2]
	[171010,1]
	[172562,1]
	[174211,3]
	[174684,1]
	[177970,2]
	[180123,1]
	[180619,1]
	[190354,1]
	[192347,1]
	[336430,2]
	[151778,1]
	[155371,2]
	[158434,2]
	[159723,2]
	[161410,1]
	[161986,1]
	[166002,1]
	[166818,1]
	[164146,2]
	[168962,1]
	[172418,2]
	[172866,2]
	[186290,1]
	[186827,1]
	[190162,1]
	[191470,1]
	[193227,1]
	[193803,1]
	[149186,1]
	[149755,1]
	[153755,2]
	[162146,1]
	[167051,2]
	[168195,1]
	[169355,1]
	[169651,1]
	[170844,2]
	[171675,1]
	[173950,1]
	[177890,1]
	[186315,1]
	[188674,3]
	[190051,1]
	[190515,1]
	[192018,1]
	[192562,2]
	[192962,3]
	[146873,3]
	[150770,1]
	[148066,1]
	[152482,1]
	[152699,1]
	[155251,1]
	[155403,2]
	[157794,1]
	[161602,1]
	[165234,2]
	[166107,1]
	[166275,1]
	[168379,1]
	[170034,3]
	[170507,1]
	[177963,1]
	[181698,1]
	[184322,1]
	[188146,4]
	[192915,1]
	[150466,1]
	[156802,3]
	[157803,1]
	[160930,2]
	[162635,1]
	[163602,1]
	[164050,1]
	[164779,1]
	[176907,1]
	[177115,2]
	[179570,1]
	[181234,1]
	[181884,1]
	[183378,2]
	[183826,1]
	[186242,1]
	[187291,1]
	[192082,1]
	[192274,1]
	[192931,1]
	[147122,1]
	[155291,1]
	[156555,1]
	[158386,2]
	[159324,1]
	[162675,1]
	[164018,1]
	[164219,1]
	[165474,1]
	[166162,1]
	[166667,1]
	[169771,1]
	[170706,1]
	[171410,4]
	[180866,1]
	[185874,1]
	[186338,1]
	[186523,1]
	[187035,1]
	[187835,1]
	[188779,3]
	[191042,1]
	[191419,1]
	[192684,1]
	[147970,1]
	[149314,1]
	[151074,1]
	[152162,1]
	[152450,1]
	[153634,1]
	[158763,1]
	[162098,1]
	[169042,1]
	[172130,1]
	[172139,1]
	[177515,1]
	[179554,1]
	[180139,1]
	[180802,1]
	[181195,2]
	[178306,3]
	[182411,1]
	[188050,2]
	[188371,1]
	[188738,1]
	[149570,1]
	[153643,1]
	[159650,2]
	[159963,1]
	[162955,1]
	[170210,1]
	[171883,1]
	[175467,2]
	[177707,1]
	[179195,2]
	[179643,1]
	[182059,1]
	[182171,1]
	[184091,1]
	[184610,3]
	[185810,1]
	[186910,1]
	[188754,1]
	[190750,1]
	[191595,3]
	[147315,2]
	[150670,1]
	[151746,2]
	[154203,2]
	[155147,1]
	[158498,1]
	[166370,1]
	[172834,1]
	[174866,1]
	[175474,1]
	[178370,2]
	[182955,1]
	[184531,1]
	[186859,1]
	[187003,1]
	[187404,1]
	[188507,1]
	[188907,1]
	[189426,2]
	[193275,1]
	[146917,2]
	[147586,1]
	[147979,1]
	[152386,1]
	[152604,2]
	[153666,1]
	[159602,1]
	[167470,1]
	[167922,1]
	[168306,1]
	[168642,1]
	[171790,1]
	[172603,1]
	[178210,2]
	[181003,2]
	[184194,1]
	[186258,1]
	[189618,1]
	[190524,1]
	[192571,1]
	[193451,1]
	[159315,2]
	[159906,1]
	[163891,1]
	[168050,1]
	[171602,1]
	[180322,1]
	[182731,1]
	[185755,2]
	[186571,1]
	[147362,1]
	[151106,1]
	[152930,2]
	[153084,1]
	[156514,1]
	[161755,1]
	[162066,2]
	[169490,1]
	[170427,3]
	[170667,2]
	[171355,1]
	[172827,1]
	[180354,1]
	[183227,1]
	[185986,1]
	[191506,1]
	[192011,2]
	[192482,1]
	[193003,1]
	[148203,1]
	[148427,2]
	[153266,1]
	[155419,1]
	[156475,1]
	[156699,1]
	[162075,1]
	[163291,1]
	[164124,1]
	[164914,1]
	[169714,1]
	[171643,2]
	[173362,1]
	[171826,1]
	[176674,1]
	[177586,3]
	[179058,1]
	[179099,1]
	[182075,1]
	[185435,1]
	[186347,1]
	[190667,1]
	[191762,1]
	[192091,1]
	[193739,2]
	[151467,1]
	[155138,2]
	[155731,1]
	[158866,1]
	[159714,1]
	[162482,1]
	[164443,1]
	[167419,1]
	[172626,1]
	[174226,3]
	[174475,1]
	[176427,1]
	[176930,1]
	[177091,2]
	[191163,1]
	[148907,1]
	[149484,1]
	[150059,2]
	[154226,1]
	[161554,1]
	[169938,1]
	[172322,1]
	[170626,3]
	[178354,1]
	[182939,2]
	[183602,1]
	[185890,1]
	[187323,1]
	[188299,1]
	[191323,1]
	[146183,3]
	[152619,2]
	[153202,1]
	[155710,1]
	[159947,1]
	[162162,2]
	[163755,1]
	[161026,2]
	[170203,1]
	[170219,2]
	[170235,1]
	[171730,1]
	[173403,1]
	[173522,2]
	[173666,1]
	[173794,1]
	[174786,1]
	[174875,1]
	[179595,1]
	[184075,1]
	[187579,1]
	[187884,1]
	[191179,1]
	[151554,1]
	[154683,1]
	[158299,1]
	[170043,1]
	[172914,1]
	[172923,1]
	[174763,2]
	[177915,1]
	[180795,2]
	[183315,1]
	[184242,1]
	[185307,1]
	[193554,1]
	[147154,1]
	[148291,1]
	[152835,1]
	[154510,1]
	[155026,2]
	[157515,2]
	[157884,1]
	[158146,2]
	[160562,1]
	[162290,1]
	[163122,2]
	[165755,1]
	[168139,1]
	[169707,2]
	[169891,1]
	[170171,2]
	[170530,3]
	[173067,1]
	[175970,1]
	[179419,1]
	[182690,1]
	[189602,1]
	[146626,1]
	[149778,1]
	[151531,1]
	[154059,1]
	[155771,1]
	[163186,2]
	[169339,2]
	[171084,1]
	[173202,1]
	[175195,2]
	[179506,1]
	[180011,2]
	[180507,1]
	[183075,1]
	[183707,1]
	[191251,1]
	[191475,1]
	[154270,1]
	[154379,1]
	[156146,1]
	[156738,1]
	[161522,2]
	[167230,1]
	[168018,1]
	[175755,1]
	[175803,1]
	[179138,1]
	[185506,1]
	[190795,2]
	[192251,1]
	[148658,1]
	[150331,1]
	[150843,1]
	[151906,1]
	[153707,1]
	[153963,1]
	[155563,1]
	[156379,1]
	[157083,2]
	[159571,1]
	[162274,1]
	[165315,1]
	[165714,1]
	[167746,2]
	[171915,1]
	[172466,1]
	[178875,2]
	[179346,1]
	[185419,1]
	[192354,1]
	[336460,1]
	[147282,1]
	[151870,1]
	[152683,1]
	[157426,1]
	[159003,2]
	[160466,1]
	[162315,1]
	[166907,1]
	[168684,1]
	[173323,2]
	[173771,2]
	[175323,1]
	[178898,1]
	[187074,1]
	[187195,1]
	[187266,1]
	[187298,1]
	[187395,1]
	[191067,1]
	[191675,1]
	[150091,1]
	[152555,1]
	[157339,2]
	[159555,1]
	[163051,1]
	[163698,1]
	[163835,1]
	[178795,1]
	[181323,1]
	[182066,1]
	[185950,1]
	[193467,2]
	[147723,1]
	[151675,1]
	[153387,1]
	[155235,1]
	[155394,1]
	[158699,1]
	[161138,1]
	[162507,1]
	[164402,2]
	[166139,2]
	[166866,2]
	[167650,1]
	[170642,2]
	[170939,3]
	[186050,1]
	[193010,1]
	[146222,1]
	[143298,1]
	[144706,2]
	[148386,2]
	[150204,1]
	[153243,1]
	[161835,2]
	[164507,1]
	[164955,1]
	[175891,1]
	[180475,1]
	[181395,2]
	[183218,1]
	[188835,1]
	[191378,1]
	[192987,1]
	[193179,1]
	[146722,1]
	[155378,1]
	[159515,1]
	[162722,1]
	[164802,1]
	[164923,1]
	[167067,1]
	[167282,1]
	[171611,1]
	[172002,2]
	[172315,3]
	[179950,1]
	[181771,1]
	[186779,1]
	[187243,1]
	[190898,2]
	[148284,1]
	[148875,1]
	[149826,1]
	[150219,1]
	[151058,1]
	[151979,1]
	[153355,1]
	[154930,1]
	[158466,2]
	[160219,2]
	[163003,1]
	[164851,1]
	[166459,2]
	[167778,1]
	[168066,1]
	[169947,1]
	[173004,1]
	[173035,1]
	[173826,1]
	[174082,2]
	[180195,1]
	[181707,1]
	[183963,2]
	[188955,1]
	[189643,1]
	[147426,1]
	[150475,1]
	[158050,1]
	[160082,1]
	[160555,2]
	[167522,1]
	[171714,1]
	[177218,2]
	[184658,1]
	[185515,3]
	[186370,1]
	[186715,1]
	[189659,1]
	[191058,1]
	[152651,2]
	[153170,2]
	[156190,1]
	[156226,1]
	[158539,1]
	[159403,1]
	[160866,1]
	[163099,1]
	[167186,2]
	[167330,1]
	[169458,1]
	[174066,1]
	[175771,1]
	[176379,1]
	[179275,2]
	[190331,1]
	[151506,2]
	[154571,1]
	[158350,1]
	[159858,1]
	[160674,1]
	[163595,1]
	[168770,1]
	[168827,1]
	[169211,1]
	[170835,1]
	[176018,1]
	[179115,1]
	[185099,1]
	[186162,1]
	[186451,1]
	[188386,1]
	[191090,2]
	[155899,1]
	[160811,1]
	[161586,1]
	[161731,1]
	[163339,1]
	[168955,1]
	[174962,1]
	[176450,1]
	[181227,1]
	[183282,1]
	[186875,1]
	[189938,1]
	[151362,1]
	[152011,1]
	[152043,1]
	[153835,2]
	[159310,1]
	[162971,2]
	[163586,1]
	[165275,1]
	[168034,1]
	[170395,1]
	[173266,4]
	[174123,1]
	[180482,1]
	[181259,1]
	[192242,1]
	[151666,1]
	[154171,1]
	[155675,1]
	[158066,1]
	[158626,1]
	[164466,1]
	[165042,1]
	[166658,1]
	[167244,2]
	[169250,1]
	[174267,1]
	[177579,1]
	[178750,1]
	[182274,1]
	[183986,1]
	[184203,1]
	[184995,1]
	[188131,1]
	[189315,1]
	[193106,1]
	[156043,2]
	[157554,1]
	[160619,1]
	[162451,1]
	[170779,1]
	[173531,1]
	[177835,1]
	[181970,1]
	[182402,1]
	[185251,1]
	[188306,3]
	[189324,1]
	[147555,1]
	[149202,1]
	[155131,1]
	[163922,1]
	[168204,2]
	[169083,1]
	[171075,1]
	[174322,1]
	[176299,1]
	[177874,1]
	[178626,1]
	[183346,2]
	[186795,1]
	[188059,1]
	[190834,1]
	[147483,1]
	[148146,1]
	[148354,1]
	[153586,1]
	[154107,1]
	[158530,1]
	[163067,2]
	[165602,1]
	[167011,2]
	[172635,1]
	[173883,1]
	[174195,2]
	[174571,1]
	[175691,1]
	[178284,1]
	[180818,1]
	[183666,1]
	[183954,1]
	[185138,1]
	[185266,1]
	[193602,1]
	[146228,1]
	[154082,2]
	[157762,1]
	[158274,1]
	[158371,1]
	[161230,1]
	[165426,1]
	[168691,1]
	[169746,1]
	[170322,2]
	[173819,1]
	[174018,1]
	[178219,1]
	[181074,1]
	[185147,1]
	[191154,2]
	[146207,1]
	[148059,1]
	[152434,2]
	[153650,1]
	[154562,1]
	[159739,1]
	[163195,1]
	[164027,2]
	[166898,1]
	[167554,1]
	[171435,3]
	[173922,1]
	[176875,1]
	[179731,1]
	[182178,1]
	[183250,1]
	[183595,1]
	[188611,2]
	[190002,1]
	[192195,1]
	[147826,1]
	[148946,1]
	[149403,1]
	[150882,1]
	[152364,1]
	[153410,1]
	[154578,1]
	[155330,1]
	[156843,1]
	[154066,2]
	[158882,1]
	[157906,1]
	[161419,1]
	[162834,2]
	[165550,1]
	[166402,1]
	[170018,2]
	[172706,1]
	[174107,1]
	[176386,2]
	[179090,1]
	[183890,1]
	[184114,2]
	[185170,1]
	[149899,1]
	[154194,1]
	[157051,1]
	[158242,1]
	[159746,1]
	[160146,1]
	[164514,1]
	[166130,3]
	[169835,1]
	[180043,1]
	[187150,1]
	[191410,1]
	[149563,1]
	[150379,1]
	[150924,1]
	[152242,2]
	[152402,1]
	[154515,1]
	[163810,1]
	[164690,1]
	[163426,1]
	[166619,1]
	[169155,2]
	[171202,1]
	[174642,2]
	[175554,1]
	[177995,1]
	[178866,1]
	[180251,1]
	[184434,2]
	[184594,1]
	[185746,1]
	[188018,1]
	[193259,1]
	[193570,2]
	[147435,1]
	[148187,1]
	[150395,1]
	[153970,1]
	[154699,1]
	[156994,2]
	[157810,1]
	[161371,1]
	[166338,1]
	[172203,2]
	[176882,1]
	[179803,1]
	[187979,1]
	[188171,1]
	[188203,1]
	[193579,1]
	[146662,1]
	[146887,2]
	[157186,1]
	[157707,2]
	[158355,2]
	[163250,1]
	[165634,1]
	[169884,1]
	[177084,2]
	[179971,3]
	[182971,1]
	[186642,2]
	[190370,1]
	[148219,1]
	[150338,1]
	[152898,1]
	[155011,1]
	[156299,1]
	[157586,1]
	[161906,1]
	[162043,1]
	[163330,1]
	[164978,2]
	[167771,2]
	[168555,1]
	[168466,1]
	[180994,1]
	[181563,1]
	[182835,1]
	[186955,1]
	[193058,1]
	[193202,2]
	[485723,4]
	[147666,1]
	[156211,1]
	[162155,1]
	[162402,1]
	[172699,1]
	[174514,1]
	[184123,1]
	[184706,1]
	[187218,1]
	[192283,1]
	[146320,1]
	[153003,1]
	[154178,1]
	[156283,1]
	[158562,1]
	[162562,1]
	[165707,1]
	[170930,1]
	[172270,1]
	[172907,2]
	[175250,2]
	[175794,3]
	[180002,1]
	[190066,1]
	[191803,2]
	[148715,1]
	[150731,1]
	[150834,1]
	[151963,1]
	[155314,1]
	[155835,1]
	[157442,1]
	[159371,2]
	[165842,1]
	[168370,1]
	[168971,1]
	[174731,1]
	[174987,1]
	[178658,1]
	[186018,1]
	[186530,1]
	[189019,1]
	[189394,1]
	[189650,1]
	[191244,1]
	[192066,1]
	[192770,2]
	[193794,1]
	[146516,1]
	[148331,1]
	[149042,1]
	[151171,1]
	[152034,1]
	[156546,1]
	[158955,1]
	[172619,1]
	[178123,1]
	[181282,1]
	[183035,1]
	[187275,1]
	[188364,1]
	[146787,1]
	[147331,1]
	[149883,1]
	[154075,2]
	[154291,1]
	[156444,1]
	[156946,1]
	[168091,1]
	[168235,1]
	[168670,1]
	[174971,1]
	[175819,1]
	[185883,1]
	[188242,1]
	[193026,2]
	[151250,2]
	[152411,2]
	[153259,1]
	[154946,1]
	[161579,1]
	[161659,1]
	[163150,1]
	[170124,1]
	[176923,1]
	[180162,1]
	[181835,1]
	[183410,1]
	[187067,1]
	[189070,1]
	[191995,2]
	[193778,1]
	[162034,1]
	[162491,1]
	[163490,1]
	[177355,1]
	[184187,1]
	[188930,1]
	[190843,1]
	[193390,3]
	[193819,1]
	[150114,1]
	[152267,1]
	[152763,1]
	[154284,1]
	[162498,1]
	[164491,1]
	[172531,2]
	[178515,1]
	[176146,1]
	[158971,1]
	[162306,1]
	[165371,1]
	[165947,1]
	[167563,1]
	[170155,1]
	[171506,1]
	[183179,1]
	[181426,1]
	[184562,1]
	[184891,1]
	[187666,1]
	[190203,1]
	[192642,1]
	[150034,1]
	[152562,1]
	[158459,1]
	[160818,3]
	[162195,1]
	[164162,1]
	[165106,2]
	[174002,1]
	[174130,2]
	[175404,2]
	[179026,1]
	[179251,1]
	[181714,1]
	[182875,1]
	[189211,2]
	[193339,2]
	[150107,1]
	[153842,1]
	[158315,1]
	[164371,1]
	[168354,2]
	[174338,1]
	[175227,1]
	[176050,1]
	[179004,1]
	[179531,1]
	[186882,1]
	[188851,2]
	[191739,1]
	[149051,1]
	[153378,1]
	[154030,1]
	[155522,1]
	[155964,1]
	[159435,1]
	[164226,1]
	[164418,1]
	[165075,1]
	[170690,1]
	[177790,1]
	[179794,1]
	[180379,1]
	[181330,1]
	[181723,1]
	[182562,1]
	[183483,1]
	[184571,1]
	[184859,1]
	[186043,1]
	[183106,2]
	[189970,2]
	[146273,1]
	[146405,1]
	[147106,1]
	[153010,1]
	[156635,3]
	[158018,1]
	[158482,1]
	[158667,1]
	[159179,1]
	[159979,1]
	[160923,2]
	[163563,1]
	[164830,1]
	[166331,1]
	[169819,1]
	[170651,1]
	[170786,1]
	[171227,2]
	[174843,1]
	[175074,1]
	[175442,1]
	[178114,1]
	[178930,1]
	[179475,1]
	[181979,1]
	[191586,1]
	[192059,2]
	[149659,1]
	[151698,1]
	[152283,1]
	[152946,1]
	[154531,1]
	[154555,1]
	[155202,1]
	[160194,1]
	[160515,1]
	[160882,1]
	[167803,1]
	[169122,1]
	[172242,1]
	[174827,1]
	[179724,1]
	[184674,2]
	[187698,1]
	[187730,1]
	[190907,1]
	[149195,1]
	[149851,1]
	[151339,1]
	[151787,1]
	[154315,1]
	[156235,1]
	[156754,3]
	[157954,1]
	[160235,1]
	[160898,1]
	[163739,2]
	[167307,1]
	[167890,1]
	[170923,2]
	[173611,1]
	[177410,1]
	[179995,1]
	[183010,2]
	[184795,1]
	[186075,1]
	[189858,1]
	[191362,1]
	[147618,1]
	[150514,2]
	[155099,1]
	[156675,1]
	[159147,1]
	[160651,1]
	[161051,1]
	[161570,1]
	[165419,1]
	[167035,3]
	[171259,1]
	[172802,1]
	[173971,2]
	[175298,1]
	[177490,2]
	[191724,1]
	[192315,1]
	[193090,1]
	[147515,1]
	[150354,1]
	[153147,2]
	[156338,1]
	[158402,1]
	[161762,1]
	[162670,1]
	[164715,1]
	[165595,1]
	[166990,1]
	[171346,1]
	[168946,1]
	[172107,1]
	[175547,1]
	[176459,1]
	[179771,1]
	[183515,1]
	[185339,1]
	[185499,1]
	[188923,1]
	[190818,1]
	[146243,1]
	[152466,1]
	[154875,1]
	[158715,1]
	[167484,1]
	[179746,1]
	[184035,1]
	[185675,1]
	[189790,1]
	[152498,1]
	[162211,1]
	[164155,1]
	[164626,1]
	[168619,1]
	[169794,2]
	[187547,1]
	[191275,1]
	[192123,1]
	[148051,1]
	[149724,1]
	[151202,1]
	[151243,1]
	[154219,1]
	[155442,1]
	[157579,1]
	[158491,1]
	[162811,1]
	[164235,1]
	[165883,1]
	[167163,1]
	[168850,1]
	[186635,1]
	[188115,1]
	[189331,1]
	[148571,1]
	[149074,1]
	[149235,1]
	[149244,1]
	[163307,1]
	[169875,1]
	[179650,1]
	[179858,1]
	[185090,1]
	[185611,1]
	[189091,1]
	[191011,1]
	[192530,1]
	[150498,1]
	[155083,1]
	[158034,1]
	[160443,1]
	[163467,1]
	[166962,1]
	[171835,1]
	[176155,2]
	[176699,2]
	[185586,1]
	[189266,1]
	[192738,1]
	[147025,1]
	[151739,1]
	[160030,1]
	[169275,1]
	[172370,1]
	[174882,1]
	[179563,1]
	[180706,1]
	[183938,1]
	[185154,1]
	[185244,1]
	[186066,1]
	[187435,1]
	[190299,1]
	[190555,1]
	[192971,1]
	[152124,1]
	[152939,1]
	[156386,1]
	[165698,1]
	[174626,1]
	[179330,1]
	[182187,1]
	[183122,1]
	[183874,1]
	[184914,1]
	[186082,1]
	[186834,1]
	[190386,1]
	[192675,2]
	[148114,1]
	[151563,1]
	[154834,1]
	[161746,1]
	[168675,1]
	[178275,1]
	[175666,1]
	[188555,1]
	[189147,1]
	[189746,1]
	[191650,1]
	[151644,1]
	[152155,1]
	[155851,1]
	[163395,1]
	[168002,1]
	[175346,1]
	[176523,1]
	[176590,1]
	[181067,1]
	[183746,1]
	[183906,1]
	[184315,1]
	[191986,1]
	[147899,1]
	[147947,1]
	[151282,1]
	[157644,1]
	[164395,1]
	[178939,1]
	[179266,1]
	[188498,2]
	[189835,1]
	[192875,1]
	[151019,1]
	[151490,1]
	[157563,1]
	[164498,1]
	[167298,1]
	[173170,2]
	[173410,2]
	[174098,1]
	[175570,1]
	[188690,1]
	[191964,1]
	[146303,1]
	[146441,1]
	[147467,1]
	[151042,1]
	[159218,1]
	[159410,1]
	[159442,1]
	[163211,1]
	[163819,1]
	[170962,1]
	[172411,1]
	[174386,1]
	[177378,1]
	[178130,1]
	[181842,1]
	[187644,1]
	[187803,1]
	[190995,1]
	[191522,1]
	[193547,1]
	[153467,1]
	[154210,1]
	[175035,1]
	[175870,1]
	[175938,1]
	[177922,1]
	[179170,1]
	[179762,1]
	[181202,1]
	[158194,1]
	[160284,1]
	[163115,1]
	[165154,1]
	[174204,1]
	[175243,1]
	[172546,1]
	[176955,1]
	[177154,1]
	[177324,1]
	[175906,1]
	[185570,1]
	[185682,1]
	[187787,1]
	[146632,1]
	[148035,1]
	[155362,1]
	[162691,1]
	[163522,1]
	[165131,1]
	[172946,1]
	[172962,1]
	[173195,1]
	[182115,1]
	[182235,1]
	[183467,1]
	[186818,1]
	[186931,1]
	[187339,1]
	[188946,1]
	[190875,1]
	[158923,1]
	[159387,1]
	[163042,1]
	[171691,1]
	[171755,1]
	[175426,1]
	[175579,1]
	[175979,1]
	[177019,1]
	[177506,1]
	[177826,1]
	[179019,1]
	[179835,1]
	[180546,1]
	[190459,1]
	[192491,1]

1752,
	[4,16195]
	[2,3440]
	[5,56]
	[336961,1]
	[336241,2]
	[333889,1]
	[321921,1]
	[317377,1]
	[310960,1]
	[310755,1]
	[302273,1]
	[301875,1]
	[298545,1]
	[296373,1]
	[295173,2]
	[294865,1]
	[3,229]
	[337569,1]
	[333649,1]
	[333441,1]
	[327296,1]
	[324961,1]
	[324561,1]
	[320993,1]
	[319057,1]
	[317857,2]
	[317553,1]
	[311841,1]
	[296945,2]
	[335973,1]
	[315520,1]
	[304577,1]
	[301457,1]
	[338939,1]
	[338209,1]
	[316433,2]
	[311745,1]
	[309813,2]
	[304801,2]
	[299153,1]
	[298625,1]
	[334689,1]
	[332497,2]
	[321841,1]
	[312305,1]
	[310293,1]
	[308289,1]
	[308001,1]
	[307875,1]
	[307185,1]
	[306353,1]
	[302465,1]
	[300915,1]
	[300305,2]
	[300257,1]
	[297969,3]
	[292785,1]
	[292593,1]
	[332977,1]
	[331329,3]
	[330977,1]
	[330561,1]
	[329973,3]
	[329041,1]
	[328209,1]
	[323601,1]
	[322945,2]
	[322209,1]
	[320657,3]
	[310833,1]
	[310705,1]
	[308115,2]
	[307653,2]
	[300817,1]
	[298097,2]
	[293057,1]
	[292773,1]
	[333393,1]
	[330801,2]
	[330337,2]
	[323505,1]
	[315457,1]
	[302753,2]
	[300273,2]
	[295009,1]
	[339364,1]
	[338145,1]
	[328533,1]
	[325441,2]
	[337840,1]
	[334016,1]
	[317216,1]
	[313025,1]
	[312385,1]
	[308835,2]
	[302096,2]
	[335493,1]
	[335073,1]
	[331521,2]
	[328945,1]
	[324785,2]
	[312785,1]
	[312435,1]
	[309361,2]
	[304976,1]
	[299073,1]
	[295217,2]
	[292035,1]
	[335121,1]
	[327665,1]
	[320545,1]
	[314721,1]
	[314033,1]
	[299377,1]
	[298641,1]
	[297345,3]
	[293936,1]
	[336721,1]
	[330833,1]
	[322913,1]
	[322065,1]
	[316773,1]
	[316625,1]
	[300017,1]
	[298593,3]
	[297473,1]
	[294385,1]
	[293665,2]
	[293377,1]
	[320161,1]
	[317073,1]
	[316353,2]
	[316065,1]
	[314001,1]
	[302033,1]
	[300225,1]
	[297489,1]
	[324721,1]
	[320177,1]
	[317680,1]
	[313761,1]
	[313553,1]
	[307413,1]
	[305073,1]
	[304673,1]
	[301105,1]
	[299169,1]
	[297665,1]
	[291953,1]
	[333520,1]
	[330097,1]
	[329715,1]
	[327361,1]
	[323793,1]
	[321857,1]
	[314641,1]
	[299745,2]
	[295635,1]
	[338764,1]
	[318321,1]
	[296545,2]
	[291857,1]
	[319233,2]
	[314800,1]
	[312609,2]
	[301953,1]
	[301425,1]
	[292417,1]
	[337489,1]
	[335297,2]
	[334945,1]
	[315105,1]
	[313089,1]
	[311440,3]
	[311089,1]
	[310801,1]
	[310673,1]
	[309153,1]
	[308320,1]
	[305265,1]
	[303713,1]
	[303105,2]
	[303056,2]
	[302320,1]
	[300769,3]
	[338984,2]
	[335777,1]
	[334129,3]
	[333361,1]
	[332769,3]
	[331009,1]
	[326401,1]
	[325745,2]
	[325009,1]
	[313505,1]
	[310913,2]
	[310449,2]
	[303617,1]
	[295569,1]
	[291825,1]
	[333601,2]
	[333137,2]
	[332336,2]
	[327505,1]
	[318257,1]
	[305553,2]
	[337585,1]
	[324416,1]
	[317955,1]
	[314133,1]
	[297333,1]
	[293137,1]
	[292496,1]
	[336817,1]
	[329680,1]
	[325395,1]
	[320017,1]
	[315825,1]
	[315185,1]
	[311633,2]
	[309056,1]
	[304897,1]
	[292897,1]
	[338289,1]
	[336933,1]
	[336176,1]
	[334321,2]
	[331745,1]
	[328720,1]
	[327585,1]
	[319376,1]
	[315585,1]
	[315233,1]
	[307777,1]
	[300656,1]
	[294833,1]
	[294145,1]
	[337921,1]
	[331856,1]
	[330465,1]
	[323345,1]
	[321315,2]
	[317521,1]
	[316833,1]
	[310945,1]
	[303025,1]
	[302177,1]
	[301441,1]
	[296737,1]
	[333633,1]
	[330213,2]
	[325713,1]
	[323733,1]
	[319569,1]
	[319425,1]
	[297185,1]
	[296465,2]
	[296177,1]
	[294113,1]
	[339029,2]
	[336435,1]
	[316801,1]
	[304833,1]
	[300289,1]
	[297795,1]
	[293873,1]
	[322035,1]
	[320481,1]
	[316561,1]
	[313635,1]
	[310209,1]
	[307473,1]
	[303905,1]
	[301969,1]
	[300465,1]
	[294753,1]
	[339394,1]
	[336321,1]
	[332897,1]
	[332513,1]
	[322256,1]
	[318880,1]
	[298433,1]
	[333280,1]
	[321121,1]
	[321075,1]
	[299345,2]
	[294915,1]
	[292720,2]
	[338545,1]
	[317601,1]
	[315409,2]
	[315056,1]
	[293200,1]
	[337745,1]
	[329696,1]
	[328480,2]
	[326835,1]
	[325585,1]
	[323920,1]
	[315889,1]
	[314241,3]
	[313473,1]
	[312880,2]
	[311121,1]
	[306513,1]
	[305857,2]
	[305121,1]
	[293745,1]
	[293617,1]
	[335569,2]
	[328545,2]
	[321573,1]
	[316305,1]
	[313713,2]
	[313249,2]
	[312453,1]
	[307616,1]
	[298369,1]
	[335137,1]
	[330305,1]
	[327025,1]
	[320133,1]
	[317696,1]
	[304533,1]
	[338779,1]
	[334480,2]
	[330933,1]
	[327217,1]
	[320753,1]
	[316929,1]
	[309795,1]
	[300129,1]
	[295937,1]
	[295297,1]
	[339454,1]
	[338336,1]
	[332481,1]
	[328193,1]
	[322817,1]
	[318400,1]
	[317985,1]
	[316293,1]
	[314433,2]
	[311857,1]
	[307697,1]
	[299493,1]
	[295697,1]
	[295345,1]
	[334545,1]
	[322177,1]
	[318033,1]
	[311973,1]
	[310577,1]
	[303457,1]
	[297633,1]
	[338954,1]
	[338596,1]
	[334657,1]
	[326145,1]
	[324113,1]
	[313745,1]
	[305825,1]
	[299680,1]
	[299537,1]
	[333009,2]
	[326529,1]
	[322369,1]
	[299985,1]
	[299265,2]
	[296913,1]
	[331585,1]
	[300593,1]
	[296673,1]
	[329920,2]
	[324833,1]
	[323281,1]
	[322960,1]
	[313009,1]
	[312625,1]
	[306705,1]
	[302373,1]
	[298995,1]
	[335313,1]
	[330416,2]
	[325057,1]
	[323475,1]
	[321681,1]
	[313395,1]
	[301233,1]
	[338096,2]
	[336081,1]
	[335425,2]
	[323873,1]
	[318656,1]
	[302145,2]
	[297713,1]
	[295521,2]
	[320401,1]
	[308595,2]
	[305696,1]
	[304035,1]
	[296001,1]
	[294353,3]
	[294001,1]
	[293585,1]
	[292995,2]
	[292065,1]
	[331281,2]
	[329633,1]
	[328385,1]
	[326721,1]
	[317041,3]
	[315681,2]
	[313921,1]
	[308657,1]
	[307921,1]
	[296417,1]
	[293825,1]
	[293361,1]
	[324369,1]
	[315249,1]
	[310417,1]
	[307136,1]
	[297813,1]
	[337937,1]
	[333105,1]
	[329825,1]
	[322929,1]
	[320497,1]
	[318896,1]
	[314595,2]
	[307329,1]
	[300865,1]
	[297040,1]
	[337281,2]
	[333729,1]
	[330017,1]
	[323553,1]
	[319729,1]
	[318453,1]
	[312593,1]
	[308305,1]
	[302929,1]
	[298515,1]
	[294545,2]
	[291969,1]
	[335281,1]
	[334240,1]
	[330993,1]
	[324880,2]
	[321201,1]
	[319840,1]
	[319089,1]
	[314657,1]
	[302289,1]
	[298145,1]
	[337173,2]
	[329216,1]
	[324977,1]
	[314769,1]
	[306257,1]
	[304225,1]
	[293857,1]
	[338793,1]
	[337457,1]
	[326913,1]
	[316545,1]
	[313120,2]
	[308625,1]
	[306640,1]
	[302481,1]
	[335809,2]
	[329329,1]
	[319345,1]
	[311696,1]
	[334385,1]
	[330160,1]
	[327093,1]
	[310035,2]
	[304945,1]
	[303393,1]
	[303075,1]
	[293121,1]
	[292736,1]
	[332721,2]
	[328000,1]
	[327633,1]
	[325761,1]
	[315425,1]
	[310533,2]
	[305169,1]
	[301793,1]
	[333217,2]
	[327857,1]
	[326273,1]
	[324481,1]
	[318213,2]
	[316193,1]
	[315536,1]
	[303985,1]
	[298773,1]
	[338225,1]
	[335216,1]
	[326673,1]
	[323955,1]
	[321457,1]
	[300513,1]
	[298321,2]
	[324693,1]
	[311393,2]
	[309745,1]
	[308497,1]
	[306833,1]
	[298801,1]
	[297153,3]
	[296385,1]
	[295793,2]
	[294033,1]
	[334081,2]
	[332433,1]
	[331185,1]
	[329521,1]
	[318481,2]
	[304480,1]
	[296625,1]
	[296161,1]
	[295360,1]
	[338614,1]
	[327169,1]
	[318049,1]
	[313217,1]
	[309937,1]
	[303040,1]
	[300609,1]
	[299013,1]
	[333265,1]
	[332625,1]
	[325729,1]
	[323297,1]
	[321697,1]
	[317393,2]
	[313840,1]
	[310129,1]
	[303665,1]
	[299841,1]
	[292705,1]
	[336529,1]
	[321249,1]
	[315393,1]
	[314355,1]
	[311105,1]
	[304995,2]
	[301313,1]
	[299955,1]
	[299200,1]
	[294769,1]
	[339226,1]
	[337041,1]
	[333505,1]
	[327681,2]
	[327536,2]
	[324001,1]
	[322641,1]
	[321889,1]
	[309333,1]
	[305089,1]
	[300945,1]
	[294880,1]
	[332017,1]
	[324675,1]
	[321505,1]
	[317569,1]
	[307025,1]
	[296657,1]
	[293235,2]
	[338851,1]
	[337155,1]
	[315921,2]
	[309441,1]
	[305281,1]
	[299456,1]
	[291813,1]
	[329905,1]
	[324915,1]
	[322145,1]
	[314497,1]
	[310275,1]
	[337185,1]
	[335235,1]
	[333776,2]
	[332961,1]
	[329889,1]
	[312833,1]
	[307745,1]
	[305873,1]
	[295921,1]
	[295537,1]
	[335521,1]
	[328561,1]
	[326080,2]
	[318225,1]
	[313329,2]
	[307969,1]
	[306385,1]
	[304593,1]
	[296305,1]
	[295653,1]
	[336017,2]
	[334960,1]
	[329073,1]
	[321009,1]
	[318993,1]
	[318337,1]
	[315333,1]
	[306785,1]
	[301569,1]
	[338017,1]
	[332576,3]
	[326753,1]
	[324257,1]
	[333315,1]
	[327489,1]
	[314193,1]
	[312545,1]
	[311297,1]
	[309633,1]
	[339256,1]
	[339211,1]
	[322000,1]
	[307281,1]
	[298161,1]
	[293329,1]
	[339379,1]
	[337376,1]
	[332080,1]
	[313376,1]
	[312737,1]
	[305841,1]
	[303409,1]
	[301809,1]
	[297505,2]
	[293955,1]
	[336065,1]
	[334293,1]
	[324497,1]
	[320193,2]
	[316641,1]
	[306465,1]
	[302641,1]
	[301360,1]
	[295505,1]
	[324049,1]
	[317153,1]
	[313905,1]
	[313616,1]
	[307793,2]
	[304113,1]
	[302001,1]
	[336305,1]
	[330481,2]
	[330453,1]
	[329013,3]
	[320080,1]
	[312129,1]
	[301616,1]
	[297681,1]
	[338320,1]
	[334817,1]
	[327473,1]
	[324305,1]
	[309825,1]
	[296033,2]
	[328293,1]
	[318721,2]
	[312241,1]
	[310016,1]
	[302257,1]
	[294609,1]
	[339409,1]
	[337600,1]
	[335955,1]
	[333813,1]
	[332705,1]
	[330880,1]
	[327713,1]
	[324945,1]
	[317297,1]
	[313893,2]
	[313073,1]
	[310000,1]
	[292945,1]
	[338033,1]
	[336577,2]
	[335761,1]
	[332689,1]
	[315633,1]
	[310545,1]
	[308673,1]
	[306195,2]
	[298337,1]
	[293440,2]
	[332096,1]
	[328881,2]
	[325600,1]
	[321985,1]
	[316129,2]
	[315075,1]
	[309185,1]
	[301120,1]
	[299105,1]
	[298449,1]
	[337761,1]
	[337653,2]
	[323809,1]
	[321333,1]
	[321137,1]
	[318129,1]
	[312693,3]
	[309585,1]
	[306865,1]
	[304369,1]
	[335377,2]
	[329553,1]
	[324640,1]
	[307600,1]
	[294305,1]
	[292657,1]
	[336113,1]
	[331173,1]
	[330289,1]
	[315345,1]
	[302115,1]
	[336865,1]
	[324801,1]
	[321520,1]
	[317493,1]
	[312195,1]
	[310081,1]
	[300961,1]
	[293493,1]
	[292849,1]
	[334881,1]
	[330625,1]
	[319653,1]
	[316177,1]
	[308641,1]
	[304609,1]
	[296753,1]
	[293041,1]
	[339136,1]
	[337089,1]
	[319441,1]
	[304161,1]
	[298305,1]
	[297265,1]
	[294017,1]
	[293733,1]
	[339241,1]
	[338355,1]
	[326560,1]
	[319953,1]
	[316417,1]
	[310593,1]
	[300195,1]
	[292240,1]
	[333249,1]
	[331809,2]
	[322881,1]
	[318435,1]
	[314929,1]
	[307585,1]
	[304417,1]
	[300481,1]
	[330273,1]
	[327105,1]
	[320065,1]
	[298833,2]
	[292353,1]
	[331089,1]
	[317715,1]
	[312817,1]
	[310995,1]
	[307825,1]
	[305057,1]
	[297409,1]
	[293185,1]
	[338749,1]
	[336609,1]
	[335505,1]
	[333681,1]
	[330513,1]
	[328705,1]
	[318145,1]
	[316689,1]
	[315873,1]
	[312801,1]
	[295745,1]
	[312213,1]
	[308993,1]
	[305715,1]
	[296241,1]
	[336656,1]
	[334897,1]
	[331681,1]
	[328401,1]
	[317873,1]
	[311985,1]
	[303921,1]
	[301905,1]
	[301249,1]
	[298240,1]
	[339302,1]
	[324129,1]
	[320929,1]
	[315489,1]
	[309665,1]
	[304755,1]
	[339151,1]
	[338177,1]
	[327441,1]
	[316225,1]
	[310401,1]
	[297105,1]
	[295457,1]
	[292545,1]
	[334000,2]
	[333969,1]
	[316976,1]
	[304913,1]
	[301635,1]
	[339502,1]
	[327601,1]
	[324321,1]
	[323216,1]
	[322275,1]
	[320289,1]
	[314993,1]
	[310736,1]
	[296289,1]
	[337681,1]
	[335665,1]
	[333425,1]
	[322449,1]
	[318977,1]
	[317200,1]
	[299553,1]
	[331653,1]
	[328960,1]
	[325840,1]
	[306961,1]
	[306675,1]
	[300065,1]
	[296529,1]
	[329361,1]
	[323013,1]
	[319217,1]
	[313360,1]
	[311920,1]
	[302993,1]
	[295041,1]

1756,
	[2,12888]
	[7,1126]
	[3,830]
	[6,20]
	[4,2]
	[8,1]

1764,
	[4,16150]
	[5,1192]
	[192424,1]
	[189804,1]
	[181514,2]
	[181406,2]
	[181705,1]
	[179500,1]
	[176604,1]
	[175376,1]
	[173396,2]
	[167794,2]
	[165358,1]
	[167936,2]
	[162210,2]
	[165308,2]
	[164064,1]
	[156862,4]
	[151134,1]
	[153760,3]
	[148678,1]
	[150000,1]
	[146306,1]
	[149228,2]
	[149072,2]
	[148112,2]
	[187666,1]
	[190244,2]
	[187616,2]
	[179170,4]
	[173854,1]
	[176068,3]
	[172308,1]
	[168614,1]
	[171380,2]
	[170420,2]
	[166880,2]
	[161628,1]
	[157586,1]
	[159252,2]
	[158008,2]
	[155176,1]
	[151858,1]
	[152028,1]
	[150344,2]
	[146900,2]
	[146664,1]
	[183358,2]
	[183936,1]
	[179894,1]
	[181560,2]
	[180316,2]
	[175066,2]
	[175034,1]
	[177484,1]
	[174166,1]
	[174576,1]
	[169208,2]
	[168972,1]
	[158326,3]
	[156860,1]
	[152468,1]
	[147390,1]
	[146462,1]
	[149432,1]
	[148236,3]
	[186110,3]
	[180634,3]
	[179168,1]
	[175520,1]
	[169698,1]
	[168770,1]
	[165546,1]
	[164462,1]
	[163534,1]
	[161582,1]
	[157490,1]
	[160148,1]
	[156374,1]
	[152834,2]
	[152190,1]
	[155037,1]
	[151556,1]
	[147592,1]
	[147013,1]
	[191381,2]
	[187854,1]
	[186770,1]
	[185842,1]
	[183890,1]
	[183796,2]
	[182456,1]
	[178682,1]
	[180020,1]
	[176702,2]
	[175142,2]
	[174498,1]
	[173430,2]
	[172908,3]
	[167448,2]
	[163706,1]
	[164460,1]
	[160290,2]
	[163248,1]
	[158546,1]
	[161645,1]
	[161012,2]
	[157600,1]
	[154184,3]
	[153084,1]
	[148914,1]
	[151588,2]
	[144682,3]
	[146600,1]
	[189756,2]
	[186014,1]
	[186768,1]
	[185556,1]
	[185148,1]
	[181470,1]
	[180854,1]
	[179908,1]
	[176716,2]
	[175392,1]
	[170110,1]
	[171793,1]
	[167042,1]
	[167668,1]
	[161280,1]
	[155728,2]
	[151498,1]
	[148474,1]
	[151416,2]
	[150472,1]
	[147844,1]
	[190058,1]
	[189976,1]
	[182098,3]
	[180762,2]
	[178036,2]
	[173806,1]
	[172910,2]
	[173724,2]
	[170502,3]
	[172780,1]
	[170152,1]
	[170108,1]
	[166284,1]
	[160526,1]
	[158652,1]
	[154770,1]
	[154658,2]
	[153354,3]
	[154044,1]
	[149984,1]
	[148032,1]
	[144574,2]
	[147672,2]
	[146552,1]
	[192305,1]
	[187574,1]
	[186566,2]
	[185638,1]
	[188592,1]
	[184252,1]
	[177078,1]
	[176418,2]
	[175758,1]
	[175662,3]
	[176352,1]
	[176260,2]
	[175488,1]
	[172292,1]
	[166882,2]
	[169980,2]
	[162510,1]
	[164616,1]
	[162320,2]
	[159062,1]
	[155868,2]
	[152046,1]
	[151842,1]
	[148726,1]
	[151668,1]
	[150832,1]
	[149104,2]
	[186126,2]
	[184818,1]
	[187068,1]
	[186924,1]
	[184628,2]
	[178176,2]
	[172706,1]
	[173976,1]
	[170094,1]
	[171412,2]
	[164114,1]
	[162290,2]
	[164552,1]
	[164348,2]
	[163688,1]
	[160760,3]
	[152646,1]
	[150474,1]
	[152940,2]
	[151508,1]
	[147908,2]
	[191284,3]
	[186094,1]
	[184598,2]
	[184458,2]
	[185996,1]
	[181186,1]
	[183528,2]
	[177222,2]
	[174954,1]
	[172782,1]
	[172030,1]
	[170818,1]
	[170216,2]
	[165372,1]
	[161802,1]
	[164852,1]
	[160182,1]
	[158074,1]
	[156986,1]
	[155194,1]
	[152078,1]
	[150302,1]
	[150081,1]
	[148708,1]
	[145720,1]
	[187680,1]
	[184110,1]
	[187160,1]
	[183970,1]
	[182490,1]
	[180382,1]
	[182852,1]
	[179346,2]
	[177502,1]
	[178637,1]
	[172610,1]
	[171462,1]
	[170598,1]
	[165342,1]
	[168028,1]
	[162226,2]
	[160794,3]
	[156970,1]
	[157869,1]
	[154500,1]
	[154120,1]
	[146616,1]
	[192104,1]
	[187650,1]
	[184896,2]
	[181152,1]
	[179296,3]
	[176808,1]
	[174356,2]
	[166552,1]
	[163752,1]
	[163516,2]
	[163216,2]
	[161532,1]
	[158042,2]
	[160701,4]
	[156390,1]
	[153226,2]
	[150002,2]
	[147940,1]
	[188785,1]
	[187792,2]
	[183562,1]
	[186060,1]
	[185824,2]
	[185524,2]
	[183840,1]
	[180350,2]
	[179218,1]
	[182144,1]
	[178698,1]
	[178588,1]
	[177816,1]
	[177580,1]
	[172310,2]
	[173348,1]
	[172973,1]
	[168754,1]
	[170613,1]
	[170248,1]
	[161958,2]
	[161850,2]
	[159944,1]
	[159768,1]
	[157048,1]
	[155820,1]
	[153840,2]
	[148238,2]
	[145802,1]
	[145610,2]
	[148380,2]
	[145752,2]
	[192245,1]
	[184158,2]
	[183814,1]
	[182252,1]
	[179356,1]
	[176148,2]
	[168110,1]
	[170688,2]
	[169197,1]
	[164962,2]
	[168060,2]
	[164005,1]
	[159614,4]
	[154298,1]
	[153886,1]
	[156512,3]
	[152752,1]
	[149058,1]
	[151980,2]
	[151824,2]
	[150864,2]
	[147324,2]
	[184740,1]
	[183576,1]
	[183056,2]
	[180289,2]
	[176718,1]
	[176606,1]
	[174846,1]
	[175536,2]
	[171366,1]
	[172672,1]
	[164380,1]
	[160338,1]
	[162004,2]
	[155510,2]
	[155478,1]
	[157928,1]
	[154610,1]
	[155020,1]
	[149652,2]
	[149416,1]
	[188532,2]
	[186688,1]
	[185920,1]
	[184312,2]
	[180934,1]
	[177818,2]
	[177786,1]
	[177328,1]
	[166554,3]
	[161078,2]
	[163297,1]
	[159612,1]
	[155964,1]
	[150142,1]
	[149214,1]
	[145990,1]
	[188849,3]
	[187370,1]
	[189712,1]
	[183386,2]
	[180444,1]
	[178272,1]
	[173648,1]
	[168298,1]
	[170377,1]
	[167214,1]
	[166286,1]
	[164334,1]
	[160242,1]
	[162900,1]
	[159126,1]
	[157146,2]
	[155586,1]
	[154942,1]
	[153352,3]
	[147892,2]
	[144150,1]
	[188586,1]
	[186548,2]
	[182772,1]
	[179454,2]
	[177250,1]
	[176182,2]
	[175660,3]
	[170200,2]
	[166458,1]
	[167309,1]
	[167212,1]
	[166000,1]
	[165592,1]
	[161298,1]
	[160352,1]
	[156936,3]
	[155836,1]
	[154340,2]
	[150554,1]
	[147486,1]
	[146305,1]
	[189520,1]
	[187900,1]
	[184774,1]
	[184222,1]
	[183606,1]
	[186644,1]
	[180982,2]
	[182660,1]
	[179468,2]
	[175506,1]
	[172862,1]
	[175788,1]
	[169794,1]
	[162542,3]
	[164032,1]
	[158480,2]
	[154250,1]
	[154168,2]
	[150946,2]
	[153224,1]
	[150596,1]
	[144446,1]
	[146728,1]
	[188500,1]
	[184850,3]
	[183514,2]
	[180788,2]
	[176558,1]
	[173254,2]
	[173884,1]
	[172860,1]
	[168018,1]
	[167010,2]
	[166082,1]
	[169036,1]
	[164696,1]
	[157522,1]
	[157410,2]
	[156202,1]
	[156106,3]
	[156796,1]
	[155932,1]
	[152736,1]
	[147326,2]
	[150424,2]
	[190028,2]
	[188390,1]
	[187004,1]
	[179830,1]
	[178510,1]
	[178414,3]
	[180240,1]
	[179012,2]
	[175538,2]
	[178240,1]
	[176700,1]
	[172926,2]
	[169906,3]
	[166570,1]
	[165262,1]
	[167512,1]
	[167368,1]
	[165072,2]
	[161881,2]
	[158620,2]
	[154594,1]
	[153150,1]
	[154420,1]
	[150538,1]
	[151856,2]
	[188864,1]
	[191096,1]
	[189820,1]
	[189412,1]
	[187380,2]
	[186172,1]
	[184488,1]
	[180508,2]
	[175458,1]
	[172846,1]
	[174164,2]
	[171728,3]
	[166866,1]
	[166538,1]
	[165042,1]
	[164902,1]
	[167100,2]
	[166440,1]
	[161630,1]
	[163972,1]
	[155398,1]
	[151262,1]
	[150660,2]
	[145816,1]
	[192860,1]
	[188834,1]
	[188746,2]
	[187210,1]
	[183938,1]
	[186280,1]
	[179974,2]
	[177706,1]
	[175994,1]
	[174782,1]
	[173570,1]
	[172486,1]
	[172452,1]
	[168124,1]
	[164554,1]
	[167604,1]
	[164414,1]
	[162934,1]
	[160826,1]
	[157946,1]
	[154830,1]
	[153054,1]
	[151906,1]
	[145786,1]
	[148472,1]
	[186722,1]
	[183134,1]
	[185604,1]
	[184032,1]
	[176262,1]
	[175362,1]
	[174214,1]
	[173350,1]
	[168094,1]
	[164978,1]
	[163546,3]
	[165340,2]
	[161596,1]
	[159740,3]
	[157252,1]
	[146996,1]
	[190134,1]
	[191128,2]
	[187648,2]
	[183904,1]
	[182048,3]
	[177426,1]
	[179800,1]
	[176214,1]
	[179092,2]
	[177108,2]
	[169304,1]
	[168236,2]
	[164006,1]
	[166504,1]
	[166268,2]
	[165968,2]
	[164284,1]
	[160874,1]
	[159662,1]
	[159142,1]
	[159032,1]
	[158260,1]
	[158024,1]
	[152754,2]
	[153792,1]
	[149198,1]
	[150692,1]
	[193046,1]
	[190544,2]
	[186362,1]
	[186314,1]
	[188812,1]
	[188576,2]
	[183182,1]
	[185196,1]
	[181970,1]
	[182649,2]
	[178842,1]
	[181340,1]
	[180568,1]
	[180332,1]
	[176010,2]
	[176100,1]
	[173000,1]
	[164602,2]
	[166837,2]
	[162696,1]
	[159800,1]
	[156592,2]
	[148554,1]
	[151132,2]
	[149373,1]
	[145406,2]
	[148504,1]
	[147260,1]
	[186910,2]
	[184268,1]
	[178900,2]
	[174812,1]
	[170862,1]
	[162366,4]
	[163500,2]
	[157162,1]
	[157050,1]
	[151810,1]
	[154576,2]
	[153116,1]
	[146069,1]
	[187556,1]
	[187492,1]
	[186328,1]
	[185808,2]
	[179470,1]
	[179358,1]
	[177598,1]
	[178288,2]
	[175424,1]
	[169669,1]
	[167132,1]
	[163090,1]
	[164756,2]
	[161378,1]
	[158262,2]
	[158230,1]
	[157772,1]
	[146998,2]
	[191613,2]
	[191597,1]
	[188672,1]
	[183686,1]
	[180570,2]
	[180538,1]
	[180080,1]
	[169306,2]
	[163830,1]
	[162364,1]
	[160888,1]
	[158716,1]
	[148742,1]
	[147658,1]
	[146730,1]
	[144778,1]
	[189932,1]
	[186628,2]
	[186189,1]
	[185432,1]
	[180950,2]
	[183196,1]
	[179566,2]
	[181024,1]
	[176450,1]
	[176400,1]
	[171794,1]
	[169966,1]
	[169038,1]
	[167086,1]
	[166992,2]
	[159898,2]
	[157694,1]
	[156626,2]
	[156104,3]
	[150644,2]
	[146902,1]
	[147656,1]
	[146444,1]
	[146036,1]
	[189300,2]
	[188044,2]
	[182206,2]
	[180494,1]
	[178934,2]
	[181436,1]
	[178412,3]
	[172470,1]
	[169210,1]
	[169964,1]
	[168752,1]
	[168344,1]
	[164666,1]
	[164050,1]
	[163104,1]
	[159912,2]
	[155950,1]
	[158813,1]
	[158588,1]
	[153306,1]
	[150238,1]
	[191926,3]
	[187526,1]
	[187102,1]
	[186974,1]
	[189396,1]
	[183734,1]
	[181942,1]
	[182220,2]
	[178258,1]
	[175806,1]
	[175614,1]
	[178540,1]
	[172546,1]
	[168944,1]
	[165294,3]
	[168253,1]
	[163958,1]
	[161232,1]
	[161173,1]
	[157002,1]
	[153304,1]
	[147454,2]
	[146526,1]
	[149480,1]
	[143722,1]
	[192161,1]
	[191252,1]
	[186266,1]
	[182366,1]
	[181388,2]
	[176636,1]
	[175612,1]
	[170770,1]
	[169762,2]
	[168834,1]
	[160274,1]
	[158954,1]
	[158858,3]
	[160684,1]
	[159548,1]
	[159521,1]
	[159456,2]
	[155982,2]
	[158684,1]
	[157144,1]
	[153370,2]
	[153176,2]
	[147014,1]
	[145706,1]
	[147812,1]
	[181262,1]
	[182992,1]
	[181764,2]
	[178290,2]
	[179532,1]
	[179452,1]
	[175678,2]
	[177457,1]
	[172658,3]
	[169322,1]
	[171540,1]
	[170264,1]
	[169856,1]
	[167824,2]
	[164932,1]
	[155902,1]
	[157172,1]
	[153290,1]
	[154608,2]
	[152172,2]
	[147310,1]
	[146982,1]
	[145486,1]
	[145346,1]
	[147748,1]
	[147544,2]
	[146884,1]
	[192147,1]
	[188924,3]
	[187240,1]
	[183260,1]
	[178210,1]
	[175598,1]
	[174480,2]
	[174389,1]
	[172501,2]
	[169290,1]
	[169198,2]
	[167654,1]
	[168961,2]
	[164382,1]
	[166724,1]
	[160418,2]
	[158150,1]
	[156438,1]
	[155226,1]
	[154014,1]
	[153412,2]
	[152896,1]
	[148568,1]
	[144998,1]
	[148048,1]
	[144858,1]
	[143378,1]
	[186690,1]
	[185954,1]
	[189032,1]
	[187116,1]
	[182726,2]
	[185464,2]
	[178746,1]
	[177534,1]
	[176322,1]
	[175238,1]
	[175204,1]
	[170876,1]
	[167166,1]
	[165686,1]
	[163578,1]
	[166048,1]
	[155806,1]
	[153794,1]
	[148538,1]
	[150317,1]
	[145422,1]
	[145784,2]
	[191780,1]
	[188356,1]
	[186784,1]
	[179014,1]
	[176102,1]
	[169874,1]
	[168092,2]
	[162492,3]
	[157870,1]
	[160004,1]
	[156658,1]
	[157552,2]
	[149748,1]
	[146948,1]
	[146712,2]
	[146412,2]
	[189948,2]
	[183326,1]
	[182634,1]
	[184800,3]
	[184537,1]
	[180178,1]
	[182868,1]
	[182552,1]
	[178966,1]
	[181844,2]
	[179860,2]
	[172056,1]
	[170988,2]
	[166806,1]
	[166758,1]
	[169256,1]
	[169020,2]
	[163626,1]
	[165640,1]
	[162414,1]
	[161894,1]
	[159286,1]
	[161784,1]
	[160776,1]
	[156454,2]
	[156544,1]
	[153444,1]
	[145154,2]
	[145046,2]
	[189085,1]
	[189040,1]
	[186158,3]
	[188012,1]
	[187948,1]
	[184066,1]
	[181594,1]
	[184092,1]
	[178762,2]
	[167354,2]
	[165448,1]
	[159344,2]
	[155256,1]
	[151306,1]
	[153884,2]
	[193062,1]
	[187606,1]
	[187020,1]
	[178808,1]
	[177564,1]
	[175805,1]
	[174861,1]
	[168000,1]
	[166772,1]
	[166252,2]
	[159914,1]
	[159802,1]
	[158732,1]
	[147576,1]
	[190673,1]
	[187306,2]
	[190308,1]
	[189080,1]
	[188560,2]
	[188296,3]
	[182222,1]
	[181040,1]
	[176432,2]
	[169116,1]
	[164130,1]
	[161014,2]
	[160982,1]
	[160524,1]
	[152913,1]
	[149750,2]
	[144274,1]
	[191424,1]
	[186438,1]
	[181404,1]
	[180964,1]
	[173666,1]
	[172058,2]
	[170566,1]
	[165876,1]
	[161394,1]
	[163640,1]
	[161468,1]
	[156894,1]
	[156844,1]
	[150410,1]
	[149482,1]
	[147530,1]
	[147436,1]
	[146096,1]
	[189380,2]
	[188184,1]
	[188077,1]
	[183702,1]
	[182318,2]
	[179202,1]
	[179152,1]
	[178384,2]
	[174546,1]
	[169744,1]
	[162650,2]
	[160938,1]
	[159378,2]
	[158856,3]
	[152914,1]
	[153396,2]
	[149654,1]
	[150789,1]
	[150408,1]
	[149196,1]
	[148788,1]
	[145110,1]
	[144494,1]
	[147485,1]
	[190796,2]
	[187776,1]
	[183246,1]
	[184188,1]
	[183560,2]
	[175222,1]
	[177140,1]
	[171096,1]
	[167970,1]
	[167546,1]
	[167418,1]
	[169840,1]
	[164178,1]
	[162664,1]
	[158702,1]
	[156058,1]
	[158984,1]
	[152990,1]
	[145738,3]
	[186486,1]
	[184694,1]
	[181010,1]
	[178558,1]
	[181292,1]
	[177694,1]
	[171696,1]
	[168046,3]
	[166710,1]
	[162810,1]
	[161832,2]
	[157080,1]
	[156056,1]
	[151214,1]
	[150206,2]
	[149278,1]
	[152232,1]
	[185118,1]
	[187605,2]
	[184140,2]
	[179388,1]
	[173522,1]
	[172514,2]
	[172014,2]
	[171586,1]
	[161706,1]
	[163436,1]
	[162208,1]
	[158734,2]
	[161436,1]
	[159976,1]
	[159896,1]
	[156122,2]
	[153102,3]
	[149766,1]
	[148458,1]
	[150708,1]
	[150564,1]
	[150300,1]
	[148268,2]
	[192362,1]
	[185744,1]
	[181042,2]
	[182284,1]
	[182204,1]
	[178430,2]
	[175410,3]
	[176008,1]
	[172074,1]
	[174292,1]
	[173016,1]
	[172608,1]
	[170141,1]
	[169368,1]
	[167684,1]
	[163704,1]
	[158654,1]
	[156042,1]
	[154924,2]
	[149734,1]
	[148098,1]
	[149636,1]
	[144826,1]
	[147168,1]
	[191968,1]
	[191668,1]
	[187338,2]
	[189992,1]
	[188720,2]
	[186596,2]
	[186012,1]
	[182128,1]
	[177232,2]
	[172042,1]
	[171950,2]
	[173900,1]
	[170406,1]
	[167134,1]
	[169476,1]
	[163170,2]
	[159190,1]
	[157978,1]
	[156766,1]
	[155682,1]
	[155648,1]
	[151733,1]
	[151497,1]
	[151320,1]
	[147750,1]
	[150800,1]
	[147610,1]
	[146130,1]
	[144022,1]
	[146492,1]
	[188698,1]
	[189868,1]
	[188216,2]
	[181498,1]
	[181876,1]
	[177990,1]
	[180256,1]
	[177956,1]
	[169918,1]
	[172232,1]
	[168800,1]
	[167228,1]
	[159458,1]
	[156546,1]
	[151290,1]
	[150318,1]
	[148536,2]
	[189536,1]
	[184538,1]
	[181766,1]
	[174610,1]
	[172626,1]
	[174324,2]
	[163770,1]
	[165244,3]
	[160622,1]
	[162996,1]
	[159410,1]
	[162288,2]
	[160304,2]
	[152500,1]
	[151432,2]
	[147250,1]
	[147202,1]
	[149700,1]
	[149464,1]
	[149164,2]
	[144070,1]
	[143990,2]
	[188298,3]
	[186078,1]
	[185386,1]
	[182930,1]
	[185620,1]
	[185304,1]
	[181718,1]
	[184596,2]
	[173740,2]
	[169558,1]
	[169510,1]
	[166602,3]
	[166378,1]
	[168456,1]
	[168392,1]
	[162038,1]
	[164536,1]
	[159206,1]
	[159296,1]
	[147798,2]
	[145892,1]
	[188894,3]
	[191552,1]
	[190764,1]
	[190700,1]
	[186818,1]
	[184346,1]
	[178874,1]
	[176514,1]
	[167464,1]
	[152677,1]
	[147216,1]
	[146696,2]
	[189900,1]
	[189772,1]
	[179802,1]
	[181672,3]
	[175098,1]
	[178132,1]
	[174830,1]
	[174342,1]
	[177408,1]
	[175316,1]
	[167750,2]
	[170752,1]
	[169524,1]
	[169004,2]
	[162666,1]
	[161484,1]
	[156876,2]
	[150328,1]
	[149560,1]
	[193000,1]
	[191048,3]
	[186190,2]
	[184944,2]
	[179184,2]
	[174796,1]
	[171526,1]
	[171868,1]
	[161848,1]
	[152502,2]
	[151010,1]
	[147026,1]
	[186816,1]
	[184156,1]
	[183716,1]
	[173318,1]
	[173128,1]
	[169824,2]
	[168628,1]
	[164146,1]
	[166392,1]
	[162762,2]
	[159646,1]
	[159596,1]
	[154990,1]
	[153162,1]
	[152234,1]
	[150188,1]
	[192548,3]
	[190936,1]
	[186454,1]
	[189192,1]
	[185070,2]
	[184946,1]
	[182586,1]
	[181954,1]
	[181136,1]
	[177298,1]
	[176278,1]
	[171240,2]
	[168220,1]
	[163690,1]
	[162130,2]
	[164632,1]
	[155666,1]
	[157584,1]
	[153160,1]
	[151540,1]
	[148414,1]
	[147862,1]
	[150553,1]
	[150284,1]
	[144622,1]
	[189161,1]
	[190528,1]
	[188752,1]
	[187996,1]
	[186940,1]
	[186312,2]
	[177974,1]
	[179892,1]
	[173210,1]
	[170722,1]
	[170298,1]
	[170170,1]
	[172592,1]
	[166930,1]
	[165138,1]
	[161454,1]
	[159002,1]
	[161736,1]
	[152206,1]
	[152140,1]
	[148490,3]
	[147154,1]
	[191996,1]
	[187446,1]
	[189729,2]
	[188280,1]
	[184270,1]
	[181310,1]
	[180446,1]
	[175318,1]
	[174514,1]
	[171778,1]
	[174448,1]
	[170362,1]
	[169462,1]
	[165562,1]
	[166365,1]
	[164584,1]
	[159832,1]
	[153966,1]
	[152958,2]
	[152030,1]
	[187870,1]
	[186630,1]
	[182413,1]
	[174766,1]
	[166188,1]
	[164960,1]
	[161486,2]
	[162728,1]
	[162648,1]
	[158874,2]
	[155854,3]
	[152518,1]
	[154736,1]
	[153460,1]
	[153052,1]
	[149812,1]
	[148128,1]
	[184978,1]
	[185036,1]
	[183072,1]
	[178760,1]
	[177044,1]
	[173146,1]
	[175360,1]
	[172120,1]
	[167782,2]
	[170436,1]
	[169164,2]
	[167040,2]
	[166456,1]
	[162572,1]
	[157676,2]
	[152486,1]
	[152394,2]
	[150850,1]
	[147578,1]
	[149920,1]
	[191472,2]
	[189348,2]
	[184880,1]
	[182112,1]
	[174702,2]
	[176652,1]
	[172940,1]
	[169150,1]
	[170312,1]
	[165922,2]
	[168660,1]
	[161942,1]
	[160730,1]
	[158434,1]
	[158400,1]
	[150362,1]
	[149244,1]
	[190968,1]
	[183008,1]
	[177882,2]
	[174984,1]
	[159298,1]
	[153070,1]
	[154768,2]
	[151288,2]
	[145688,3]
	[187290,1]
	[184976,1]
	[180006,1]
	[177362,1]
	[176970,1]
	[175774,1]
	[175378,1]
	[177076,2]
	[175284,1]
	[173144,1]
	[166522,1]
	[165830,1]
	[163374,1]
	[166064,1]
	[165748,1]
	[162162,1]
	[165040,2]
	[149954,1]
	[152452,1]
	[152216,1]
	[146822,1]
	[148836,1]
	[192798,2]
	[188819,1]
	[188138,1]
	[188372,1]
	[188264,1]
	[179094,1]
	[169354,2]
	[171996,1]
	[171208,1]
	[171144,1]
	[167262,1]
	[164790,1]
	[165185,1]
	[188542,2]
	[190608,1]
	[181626,1]
	[184301,1]
	[179266,1]
	[174138,1]
	[176448,1]
	[172738,1]
	[170802,1]
	[170344,1]
	[155274,1]
	[154786,1]
	[157852,1]
	[151196,1]
	[149968,1]
	[149448,2]
	[182554,1]
	[184424,3]
	[177850,1]
	[180884,1]
	[177582,1]
	[177094,1]
	[180160,1]
	[178068,1]
	[177693,1]
	[174120,1]
	[173504,1]
	[172276,1]
	[171492,2]
	[165388,2]
	[159628,2]
	[155240,1]
	[151970,1]
	[152312,1]
	[144210,2]
	[187696,2]
	[183812,2]
	[175570,1]
	[177548,1]
	[174278,1]
	[169905,1]
	[167260,1]
	[164600,1]
	[164160,1]
	[153762,1]
	[156689,1]
	[153572,1]
	[150268,2]
	[144590,1]
	[146836,1]
	[189568,1]
	[186908,1]
	[186468,1]
	[178370,1]
	[176070,1]
	[175880,1]
	[172576,2]
	[166898,1]
	[169636,1]
	[165514,1]
	[165390,1]
	[163030,1]
	[162398,1]
	[161580,1]
	[157742,1]
	[151684,1]
	[145846,2]
	[144134,1]
	[187698,1]
	[185338,1]
	[183888,1]
	[180478,1]
	[179046,1]
	[179030,1]
	[181860,1]
	[173992,1]
	[169638,1]
	[170972,1]
	[166442,1]
	[168440,1]
	[167384,1]
	[166756,2]
	[158418,1]
	[160336,1]
	[151166,1]
	[150742,1]
	[150614,1]
	[153036,1]
	[147374,1]
	[145582,1]
	[145860,1]
	[191504,1]
	[190748,1]
	[190437,1]
	[189064,2]
	[182632,1]
	[176246,1]
	[175962,1]
	[178840,2]
	[173474,1]
	[173050,1]
	[172958,1]
	[172942,1]
	[175344,1]
	[169682,1]
	[167890,1]
	[164714,1]
	[161754,1]
	[164488,1]
	[160890,1]
	[154958,1]
	[154892,1]
	[149906,1]
	[146006,1]
	[191032,1]
	[187022,1]
	[183198,1]
	[181658,1]
	[181941,2]
	[178070,1]
	[180932,1]
	[177266,1]
	[174530,1]
	[174154,1]
	[173114,1]
	[168314,1]
	[167074,1]
	[167336,1]
	[156718,1]
	[155210,1]
	[144902,1]
	[146632,1]
	[190089,1]
	[192189,1]
	[182160,1]
	[177518,1]
	[172720,1]
	[165422,1]
	[165480,1]
	[158606,2]
	[159204,1]
	[157488,1]
	[153590,1]
	[155804,1]
	[152564,1]
	[150880,1]
	[187730,1]
	[183764,1]
	[181512,1]
	[175898,1]
	[174872,1]
	[170534,1]
	[171916,1]
	[169792,1]
	[165324,1]
	[162556,1]
	[155146,2]
	[157096,1]
	[150330,1]
	[149594,1]
	[150756,1]
	[146366,2]
	[187632,1]
	[184050,3]
	[184864,1]
	[180290,1]
	[183121,1]
	[179518,2]
	[178402,2]
	[179404,1]
	[174862,2]
	[175692,1]
	[171902,1]
	[173064,1]
	[161186,1]
	[163452,1]
	[155428,1]
	[151996,1]
	[185466,1]
	[185760,1]
	[183292,1]
	[177190,1]
	[176954,1]
	[177736,1]
	[167734,1]
	[160450,1]
	[157806,1]
	[156218,1]
	[157520,1]
	[153588,1]
	[146966,1]
	[146274,1]
	[148440,2]
	[143818,1]
	[146508,1]
	[146192,1]
	[187728,1]
	[182758,1]
	[180114,1]
	[179722,1]
	[178526,1]
	[181233,1]
	[179828,1]
	[175896,1]
	[171494,2]
	[169274,1]
	[168582,1]
	[168816,1]
	[168708,1]
	[168500,1]
	[167792,2]
	[160937,2]
	[152706,1]
	[149798,2]
	[151652,1]
	[147706,1]
	[145234,1]
	[147732,1]
	[143614,1]
	[191016,1]
	[181846,1]
	[172106,2]
	[174748,1]
	[173960,1]
	[170014,1]
	[171052,1]
	[162070,1]
	[159710,1]
	[156892,1]
	[151246,1]
	[184474,1]
	[184378,1]
	[182018,1]
	[181878,1]
	[176890,1]
	[179200,1]
	[175490,1]
	[173554,1]
	[173096,1]
	[162998,1]
	[164868,3]
	[158294,1]
	[161328,1]
	[158026,1]
	[157538,1]
	[160604,1]
	[158512,1]
	[153948,1]
	[152720,1]
	[151936,2]
	[145862,1]
	[185306,1]
	[187176,3]
	[187100,1]
	[181706,1]
	[180602,1]
	[183636,1]
	[180334,1]
	[179846,1]
	[182912,1]
	[181469,1]
	[178134,1]
	[180820,1]
	[176872,1]
	[175504,1]
	[174244,2]
	[169386,2]
	[168140,1]
	[162380,2]
	[157992,1]
	[154722,1]
	[155064,1]
	[147704,1]
	[190448,1]
	[189004,1]
	[186564,2]
	[180274,1]
	[178322,1]
	[180300,1]
	[177030,1]
	[176842,1]
	[175097,1]
	[170012,1]
	[167352,1]
	[166912,1]
	[158814,1]
	[156514,1]
	[156324,1]
	[153020,1]
	[147342,1]
	[145834,1]
	[143474,1]
	[181122,1]
	[172388,1]
	[171557,1]
	[168266,1]
	[168142,1]
	[165782,1]
	[164332,1]
	[160922,1]
	[160494,1]
	[159490,1]
	[159474,1]
	[162304,1]
	[154436,1]
	[150082,1]
	[146886,1]
	[148884,1]
	[147828,1]
	[147200,1]
	[188090,1]
	[183230,1]
	[181798,1]
	[181782,1]
	[184612,1]
	[172390,1]
	[173192,2]
	[171948,1]
	[171192,1]
	[169508,1]
	[163088,1]
	[156690,1]
	[156406,1]
	[153918,1]
	[153494,1]
	[153386,1]
	[155788,1]
	[150126,1]
	[148334,1]
	[185384,1]
	[178998,1]
	[178714,1]
	[181592,1]
	[175710,1]
	[175694,1]
	[170642,1]
	[171476,1]
	[167466,1]
	[164506,1]
	[163642,1]
	[162102,1]
	[158514,1]
	[161376,1]
	[157710,1]
	[154974,1]
	[157644,1]
	[153558,1]
	[148758,1]
	[147780,1]
	[184410,1]
	[185684,1]
	[184960,1]
	[180822,1]
	[183684,1]
	[177282,1]
	[176906,1]
	[175866,1]
	[169826,1]
	[157962,1]
	[149384,1]
	[145924,1]
	[145844,1]
	[184912,1]
	[179784,1]
	[175472,1]
	[168174,1]
	[164208,1]
	[161956,1]
	[160240,1]
	[156342,1]
	[155316,1]
	[150978,1]
	[153632,1]
	[152360,1]
	[150236,1]
	[145768,1]
	[186516,1]
	[178650,1]
	[176042,1]
	[174798,1]
	[173286,1]
	[174668,1]
	[172544,1]
	[171085,2]
	[168076,1]
	[159962,2]
	[157898,1]
	[159848,1]
	[156136,1]
	[152346,1]
	[153508,1]
	[190892,1]
	[186802,3]
	[183042,1]
	[182270,2]
	[182114,1]
	[181154,1]
	[184000,1]
	[177614,2]
	[178444,1]
	[174654,1]
	[175816,1]
	[166204,1]
	[163736,1]
	[157634,1]
	[157398,1]
	[158180,1]
	[148178,1]
	[188218,1]
	[186044,1]
	[179942,1]
	[179706,1]
	[170486,1]
	[168172,1]
	[163202,1]
	[160558,1]
	[160166,1]
	[158970,1]
	[160272,1]
	[156340,1]
	[151938,1]
	[149718,1]
	[149026,1]
	[146570,1]
	[149260,1]
	[148944,1]
	[190480,1]
	[185510,1]
	[182474,1]
	[181278,1]
	[178648,1]
	[174246,1]
	[171334,1]
	[171568,1]
	[171460,1]
	[152550,2]
	[155192,1]
	[154404,1]
	[153621,1]
	[150458,1]
	[147986,1]
	[189021,1]
	[177500,1]
	[172766,1]
	[171746,1]
	[174608,1]
	[173804,1]
	[164918,1]
	[164822,1]
	[162462,1]
	[162322,1]
	[157334,1]
	[159644,1]
	[155934,1]
	[153998,1]
	[153540,1]
	[143442,1]
	[187226,1]
	[184630,1]
	[187052,1]
	[179642,1]
	[181952,1]
	[178242,1]
	[176306,1]
	[177392,1]
	[175848,1]
	[165750,1]
	[167620,2]
	[161046,1]
	[164080,1]
	[160778,1]
	[163356,1]
	[158578,1]
	[161264,1]
	[157316,1]
	[156700,1]
	[155948,1]
	[154688,2]
	[149830,1]
	[148584,1]
	[188762,1]
	[189852,1]
	[180886,1]
	[179624,1]
	[178256,1]
	[176996,2]
	[172138,1]
	[170892,1]
	[167008,1]
	[160744,1]
	[157474,1]
	[157286,1]
	[150456,1]
	[147796,1]
	[147356,1]
	[191748,1]
	[187086,1]
	[189316,1]
	[183026,1]
	[181074,1]
	[180714,1]
	[179594,1]
	[172764,1]
	[161566,1]
	[159757,1]
	[159076,1]
	[155772,1]
	[150094,1]
	[152832,1]
	[148710,1]
	[148586,1]
	[146226,1]
	[184710,1]
	[183874,1]
	[182146,1]
	[179548,1]
	[175286,1]
	[175082,1]
	[175140,1]
	[170894,1]
	[168534,1]
	[167084,1]
	[163674,1]
	[162242,1]
	[165056,1]
	[157188,1]
	[149638,1]
	[152392,1]
	[151636,1]
	[150580,1]
	[149952,1]
	[191112,1]
	[185982,1]
	[184550,1]
	[179312,1]
	[175944,2]
	[174700,1]
	[173944,1]
	[165828,1]
	[159442,1]
	[159158,1]
	[162036,1]
	[156246,1]
	[156154,1]
	[156138,1]
	[151086,1]
	[151920,1]
	[147910,1]
	[144950,1]
	[144086,1]
	[191508,1]
	[188136,1]
	[181750,1]
	[184344,1]
	[178462,1]
	[178446,1]
	[181216,1]
	[174228,1]
	[170218,1]
	[166394,1]
	[164854,1]
	[165404,1]
	[161266,1]
	[164128,1]
	[157726,1]
	[157350,1]
	[151510,1]
	[150270,1]
	[191912,1]
	[187542,1]
	[187162,1]
	[188436,1]
	[187712,1]
	[186436,1]
	[183088,1]
	[179658,1]
	[172578,1]
	[172266,1]
	[165356,1]
	[160714,1]
	[155916,1]
	[148618,1]
	[148676,1]
	[188314,1]
	[187664,1]
	[182820,1]
	[182536,1]
	[178224,1]
	[170926,1]
	[166960,1]
	[159094,1]
	[155242,1]
	[153730,1]
	[155112,1]
	[152988,1]
	[148520,1]
	[186882,1]
	[189268,1]
	[186580,1]
	[181422,1]
	[178794,1]
	[177550,1]
	[180272,1]
	[167246,1]
	[163486,1]
	[162714,1]
	[162558,1]
	[161598,1]
	[164444,1]
	[162600,1]
	[158058,1]
	[158888,1]
	[155098,1]
	[156260,1]
	[146648,1]

1772,
	[2,17354]
	[3110,754]
	[3106,228]
	[3103,2]
	[3111,71]
	[3083,1]
	[3072,1]
	[1696,1]
	[3108,3]
	[3098,4]
	[1519,1]
	[1759,2]
	[3068,1]
	[3101,1]
	[1635,1]
	[1665,1]
	[1948,2]
	[3080,1]
	[3082,1]
	[1354,1]
	[3089,2]
	[3107,1]
	[1620,1]
	[3071,1]
	[2465,1]
	[1550,1]
	[3102,2]
	[1575,2]
	[1474,1]
	[3070,1]

1760,
	[973,1039]
	[959,8]
	[148194,3]
	[967,2]
	[146454,1]
	[156910,1]
	[146446,1]
	[958,8]
	[180430,1]
	[144558,1]
	[146486,1]
	[143486,1]
	[153698,2]
	[143990,1]
	[143534,1]
	[144402,1]
	[171762,1]
	[146470,1]
	[966,1]
	[185998,1]
	[143614,1]
	[174090,1]
	[968,1]
	[155822,1]
	[154534,1]
	[145958,1]
	[971,1]
	[145138,1]
	[158766,1]
	[146566,1]
	[156310,1]

1596,
	[3,11]
	[1,8]

len(carl_order):
36
Printing carl assignment order:
1628,1,0.48389243138342114
1692,1,0.48201359034807933
1700,3,0.4788801954719139
1772,2,0.4704510952071134
1636,2,0.46874662052557586
1692,5,0.4669010547463586
1596,3,0.4634146341463415
1628,4,0.44064111639195064
1756,2,0.43344319634088924
1700,4,0.42792792792792794
1756,3,0.41940373926225366
1752,4,0.25933807689796984
1756,8,0.2513673156858455
1604,2,0.23333333333333334
1764,5,0.20955833484381609
1752,5,0.05273069679849341
1696,1,0.030054644808743168
1628,5,0.012647554806070826
1628,705,0.0014530156305103375
1636,704,0.0014385990084616808
1760,973,0.0010024654976910194
1604,608,0.0006510416666666666
1772,3111,0.00032388529230944774
1636,2689,0.00019388863037071507
1700,3079,0.00016963397614329446
1604,144241,6.974969624007287e-06
1628,146164,6.874808364716834e-06
1760,185998,6.573451872959034e-06
1700,192459,6.029313533990206e-06
1764,193062,5.942727674723595e-06
1696,193819,5.821031502965618e-06
1692,336555,5.624061610255878e-06
1696,485726,5.170037358689954e-06
1632,338395,4.3667582245204996e-06
1636,292706,3.4491351724696927e-06
1752,339502,3.1664362989832626e-06
bin_width: 9715364
assigning lease 1 to address 1628
Average Cache Occupancy Per Bin: [0.19,0.18,0.19,0.19,0.18]
Total cost: 1851392.0
assigning lease 1 to address 1692
Average Cache Occupancy Per Bin: [0.37,0.37,0.38,0.38,0.38]
Total cost: 3690240.0
assigning lease 3 to address 1700
Average Cache Occupancy Per Bin: [0.58,0.58,0.58,0.58,0.58]
Total cost: 5680384.0
assigning lease 2 to address 1772
Average Cache Occupancy Per Bin: [0.78,0.77,0.77,0.77,0.77]
Total cost: 7594240.0
assigning lease 2 to address 1636
Average Cache Occupancy Per Bin: [0.97,0.97,0.97,0.96,0.96]
Total cost: 9486592.0
assigning lease 5 to address 1692
Average Cache Occupancy Per Bin: [1.18,1.18,1.18,1.18,1.17]
Total cost: 11500544.0
assigning lease 3 to address 1596
Average Cache Occupancy Per Bin: [1.18,1.18,1.18,1.18,1.17]
Total cost: 11501568.0
assigning lease 4 to address 1628
Average Cache Occupancy Per Bin: [1.39,1.39,1.39,1.38,1.38]
Total cost: 13533952.0
assigning lease 2 to address 1756
Average Cache Occupancy Per Bin: [1.54,1.54,1.54,1.54,1.54]
Total cost: 15057152.0
assigning lease 4 to address 1700
Average Cache Occupancy Per Bin: [1.55,1.54,1.55,1.54,1.54]
Total cost: 15064832.0
assigning lease 3 to address 1756
Average Cache Occupancy Per Bin: [1.56,1.55,1.56,1.55,1.55]
Total cost: 15161600.0
assigning lease 4 to address 1752
Average Cache Occupancy Per Bin: [1.96,1.96,1.96,1.96,1.95]
Total cost: 19052288.0
assigning lease 8 to address 1756
Average Cache Occupancy Per Bin: [1.98,1.98,1.98,1.98,1.98]
Total cost: 19288832.0
assigning lease 2 to address 1604
Average Cache Occupancy Per Bin: [1.98,1.98,1.98,1.98,1.98]
Total cost: 19291392.0
assigning lease 5 to address 1764
Average Cache Occupancy Per Bin: [2.41,2.43,2.42,2.42,2.41]
Total cost: 23449856.0
assigning lease 5 to address 1752
Average Cache Occupancy Per Bin: [2.41,2.43,2.43,2.43,2.42]
Total cost: 23503616.0
assigning lease 1 to address 1696
Average Cache Occupancy Per Bin: [2.43,2.44,2.44,2.44,2.43]
Total cost: 23613184.0
assigning lease 5 to address 1628
Average Cache Occupancy Per Bin: [2.43,2.45,2.44,2.45,2.44]
Total cost: 23674112.0
assigning lease 705 to address 1628
Average Cache Occupancy Per Bin: [6.62,6.93,6.58,6.58,6.64]
Total cost: 64381440.0
assigning lease 704 to address 1636
Average Cache Occupancy Per Bin: [10.5,11.2,10.7,10.9,10.8]
Total cost: 102905088.0
assigning lease 973 to address 1760
Average Cache Occupancy Per Bin: [15.7,16.5,16.0,16.5,17.2]
Total cost: 153208064.0
assigning lease 608 to address 1604
Average Cache Occupancy Per Bin: [15.8,16.5,16.0,16.5,17.2]
Total cost: 153648896.0
assigning lease 3111 to address 1772
Average Cache Occupancy Per Bin: [36.9,35.1,32.6,32.4,33.7]
Total cost: 359334400.0
assigning lease 2689 to address 1636
Average Cache Occupancy Per Bin: [37.0,35.2,32.6,32.7,33.9]
Total cost: 360347136.0
assigning lease 3079 to address 1700
Average Cache Occupancy Per Bin: [38.6,37.2,34.9,35.1,35.9]
Total cost: 375281152.0
assigning lease 144241 to address 1604
Average Cache Occupancy Per Bin: [46.1,41.0,38.7,35.1,39.7]
Total cost: 448676864.0
assigning lease 146164 to address 1628
Average Cache Occupancy Per Bin: [53.8,44.8,42.5,38.9,39.7]
Total cost: 523151872.0
assigning lease 185998 to address 1760
Average Cache Occupancy Per Bin: [74.2,64.0,63.3,59.2,67.3]
Total cost: 721185536.0
assigning lease 192459 to address 1700
Average Cache Occupancy Per Bin: [122.,116.,130.,85.4,140.]
Total cost: 1188317952.0
addr: 1764 ri: 193062
bin target: 4974266368
	bin: 0.0 current capacity: 122.31327122689382  avg impact: 1991.3259896386796
	bin: 1.0 current capacity: 116.20823594463367  avg impact: 2283.931511366944
	bin: 2.0 current capacity: 130.62675407735622  avg impact: 2168.852768872067
	bin: 3.0 current capacity: 85.4092038136708  avg impact: 2184.7555834243576
	bin: 4.0 current capacity: 140.2222969720949  avg impact: 2185.6444748750537
num_full_bins: 0
printing bin ranks sorted:
	bin: 4.0 rank: 0.1700998068540669
	selecting this^ bin
	bin: 1.0 rank: 0.1732940598636791
	bin: 2.0 rank: 0.17584100285469384
	bin: 3.0 rank: 0.19525790409822244
	bin: 0.0 rank: 0.19569208195982704
acceptable_ratio: 0.1700998068540669
Assigning 1764 dual lease lease 193062 * 0.1700998068540669. Bin saturation: [461.,504.,499.,457.,512.]
addr: 1696 ri: 193819
bin target: 4974266368
	bin: 0.0 current capacity: 461.0374374479168  avg impact: 1858.5733425942663
	bin: 1.0 current capacity: 504.70454489606794  avg impact: 1944.8462999430592
	bin: 2.0 current capacity: 499.54819115740304  avg impact: 1855.6089921077585
	bin: 3.0 current capacity: 457.0357065774983  avg impact: 1964.654424064811
	bin: 4.0 current capacity: 512.0  avg impact: 1950.2703717534412
num_full_bins: 1
printing bin ranks sorted:
	bin: 4.0 rank: 0.0
	bin: 1.0 rank: 0.0037511730896912774
	bin: 2.0 rank: 0.00671036241770587
	bin: 0.0 rank: 0.027420259068683173
	bin: 3.0 rank: 0.02797657071353153
acceptable_ratio: 0
addr: 1692 ri: 336555
bin target: 4974266368
	bin: 0.0 current capacity: 461.0374374479168  avg impact: 86.16434258150286
	bin: 1.0 current capacity: 504.70454489606794  avg impact: 89.95737473140481
	bin: 2.0 current capacity: 499.54819115740304  avg impact: 64.20450247669568
	bin: 3.0 current capacity: 457.0357065774983  avg impact: 75.96809836461094
	bin: 4.0 current capacity: 512.0  avg impact: 77.26491441802901
num_full_bins: 1
printing bin ranks sorted:
	bin: 4.0 rank: 0.0
	bin: 1.0 rank: 0.08109902190581775
	bin: 2.0 rank: 0.1939398073696873
	bin: 0.0 rank: 0.5914576845274219
	bin: 3.0 rank: 0.7235180899053066
acceptable_ratio: 0
addr: 1696 ri: 485726
bin target: 4974266368
	bin: 0.0 current capacity: 461.0374374479168  avg impact: 1881.4656570767704
	bin: 1.0 current capacity: 504.70454489606794  avg impact: 1952.4430886995074
	bin: 2.0 current capacity: 499.54819115740304  avg impact: 1859.367584786324
	bin: 3.0 current capacity: 457.0357065774983  avg impact: 1983.8767609736497
	bin: 4.0 current capacity: 512.0  avg impact: 1973.2505108403554
num_full_bins: 1
printing bin ranks sorted:
	bin: 4.0 rank: 0.0
	bin: 1.0 rank: 0.003736577596631227
	bin: 2.0 rank: 0.006696797849161125
	bin: 0.0 rank: 0.027086629171463945
	bin: 3.0 rank: 0.027705497893692907
acceptable_ratio: 0
addr: 1632 ri: 338395
bin target: 4974266368
	bin: 0.0 current capacity: 461.0374374479168  avg impact: 2792.293074762819
	bin: 1.0 current capacity: 504.70454489606794  avg impact: 2828.224404973401
	bin: 2.0 current capacity: 499.54819115740304  avg impact: 2800.513831905835
	bin: 3.0 current capacity: 457.0357065774983  avg impact: 2844.9720273990765
	bin: 4.0 current capacity: 512.0  avg impact: 2884.262167840546
num_full_bins: 1
printing bin ranks sorted:
	bin: 4.0 rank: 0.0
	bin: 1.0 rank: 0.002579517767792074
	bin: 2.0 rank: 0.004446258647515101
	bin: 0.0 rank: 0.018251151002984186
	bin: 3.0 rank: 0.01931980100090864
acceptable_ratio: 0
addr: 1636 ri: 292706
bin target: 4974266368
	bin: 1.0 current capacity: 504.70454489606794  avg impact: 7.641952684428499
	bin: 4.0 current capacity: 512.0  avg impact: 22.916451097457593
num_full_bins: 1
printing bin ranks sorted:
	bin: 4.0 rank: 0.0
	bin: 1.0 rank: 0.9546585022434804
acceptable_ratio: 0
addr: 1752 ri: 339502
bin target: 4974266368
	bin: 0.0 current capacity: 461.0374374479168  avg impact: 1665.7991000645986
	bin: 1.0 current capacity: 504.70454489606794  avg impact: 1599.3013820171843
	bin: 2.0 current capacity: 499.54819115740304  avg impact: 1659.4664269913098
	bin: 3.0 current capacity: 457.0357065774983  avg impact: 1718.8040551028248
	bin: 4.0 current capacity: 512.0  avg impact: 1728.2221833376495
num_full_bins: 1
printing bin ranks sorted:
	bin: 4.0 rank: 0.0
	bin: 1.0 rank: 0.004561651222192007
	bin: 2.0 rank: 0.007503501511128901
	bin: 0.0 rank: 0.030593462651112565
	bin: 3.0 rank: 0.031978219541269115
acceptable_ratio: 0
Final saturation:
	0.0,4479146522.433743
	1.0,4903388366.119642
	2.0,4853292512.635752
	3.0,4440268250.39759
	4.0,4974266368.0
DUMP LEASES
0, 644, 23371, 0, 1 
0, 664, a81, 0, 1 
0, 65c, 23af4, 0, 1 
0, 6a4, 2efcb, 0, 1 
0, 69c, 5, 0, 1 
0, 660, 1, 0, 1 
0, 6a0, 1, 0, 1 
0, 6d8, 5, 0, 1 
0, 6dc, 8, 0, 1 
0, 6e4, 5, 2f226, 0.8299001931459331 
0, 6ec, c27, 0, 1 
0, 6e0, 2d68e, 0, 1 
0, 63c, 3, 0, 1 
Dump dual leases

