sample rate: 0.00390625
1416,
	[195,2361]
	[22,174]
	[194,555]
	[2,5995]
	[38,193]
	[193,3538]
	[37,214]
	[76,108]
	[140,9]
	[111,36]
	[15,84]
	[11,348]
	[21,128]
	[197,1307]
	[83,86]
	[57,158]
	[84,75]
	[66,145]
	[44,157]
	[173,89]
	[228,75]
	[8,339]
	[135,10]
	[124,9]
	[20,252]
	[91,94]
	[12,74]
	[95,78]
	[14,333]
	[42,169]
	[56,137]
	[198,25]
	[226,57]
	[33,145]
	[63,153]
	[56186,1]
	[56263,1]
	[56222,1]
	[192,614]
	[35,184]
	[65,148]
	[56249,1]
	[55268,1]
	[824,2]
	[55857,1]
	[69,133]
	[19,201]
	[55708,1]
	[205,20]
	[55622,1]
	[55670,1]
	[55669,1]
	[433,48]
	[55441,1]
	[70,120]
	[55152,1]
	[55165,1]
	[53,120]
	[196,127]
	[54757,1]
	[117,23]
	[54290,1]
	[28,201]
	[54314,1]
	[54287,1]
	[54303,1]
	[54032,1]
	[54002,1]
	[-4370,6579]
	[59,148]
	[5,384]
	[53721,1]
	[58,122]
	[53478,4]
	[27,115]
	[23,221]
	[36,141]
	[68,136]
	[45,144]
	[227,5]
	[9,65]
	[25,200]
	[29,191]
	[52,109]
	[40,167]
	[73,106]
	[99,61]
	[191,2422]
	[105,51]
	[18,108]
	[106,45]
	[17,275]
	[96,70]
	[87,86]
	[10,97]
	[6,44]
	[61,122]
	[52870,23]
	[52944,8]
	[52873,15]
	[52871,28]
	[52869,14]
	[30,159]
	[52862,25]
	[52883,26]
	[52901,14]
	[52859,25]
	[7,51]
	[51996,3]
	[64,151]
	[48,160]
	[41,159]
	[52848,23]
	[52834,15]
	[31,194]
	[210,14]
	[52837,13]
	[52846,22]
	[103,57]
	[52943,8]
	[13,117]
	[82,80]
	[52842,19]
	[79,109]
	[52729,5]
	[52892,20]
	[52865,11]
	[52522,1]
	[52990,10]
	[52820,21]
	[86,84]
	[24,113]
	[52898,12]
	[52176,2]
	[130,8]
	[108,44]
	[52877,17]
	[26,199]
	[47,148]
	[102,48]
	[52889,16]
	[52835,21]
	[72,120]
	[54,135]
	[52856,16]
	[52611,6]
	[52794,15]
	[52893,21]
	[52797,12]
	[138,5]
	[220,23]
	[107,53]
	[143,10]
	[833,5]
	[175,48]
	[55,114]
	[43,170]
	[681,19]
	[75,92]
	[34,208]
	[224,5]
	[67,134]
	[168,25]
	[60,159]
	[151,18]
	[50,108]
	[74,121]
	[129,12]
	[32,203]
	[90,72]
	[52810,16]
	[52756,6]
	[52759,6]
	[600,1]
	[52791,14]
	[219,5]
	[340,1]
	[52796,17]
	[16,174]
	[98,67]
	[115,39]
	[52782,13]
	[52841,18]
	[52800,13]
	[52806,15]
	[52209,2]
	[154,13]
	[52787,10]
	[49,98]
	[127,9]
	[52857,18]
	[52145,5]
	[286,1]
	[81,110]
	[39,133]
	[139,9]
	[52843,21]
	[52855,13]
	[680,19]
	[52804,16]
	[52845,17]
	[92,95]
	[52815,19]
	[52816,8]
	[52875,19]
	[52821,24]
	[52221,2]
	[53026,5]
	[52881,13]
	[52826,17]
	[52861,26]
	[52825,12]
	[85,89]
	[52811,19]
	[52807,15]
	[52570,5]
	[52863,18]
	[52773,12]
	[46,94]
	[52118,2]
	[52940,9]
	[126,12]
	[52812,14]
	[62,145]
	[52772,3]
	[52757,12]
	[116,22]
	[52818,17]
	[225,99]
	[52771,13]
	[52569,4]
	[52746,9]
	[52760,13]
	[52761,6]
	[52776,5]
	[89,83]
	[52173,8]
	[52644,8]
	[52830,18]
	[52840,23]
	[78,96]
	[52817,14]
	[592,1]
	[52763,8]
	[52823,14]
	[52780,11]
	[216,7]
	[189,98]
	[88,75]
	[123,14]
	[211,21]
	[77,104]
	[920,22]
	[112,20]
	[104,62]
	[52728,3]
	[52779,9]
	[52505,4]
	[52752,7]
	[52747,11]
	[52740,7]
	[52753,6]
	[52781,9]
	[52751,5]
	[125,12]
	[52764,5]
	[51919,2]
	[52838,17]
	[52748,3]
	[52819,14]
	[52170,3]
	[52824,14]
	[52475,2]
	[52822,17]
	[52755,8]
	[52762,6]
	[52344,4]
	[149,8]
	[203,26]
	[212,22]
	[52803,14]
	[101,69]
	[594,2]
	[152,10]
	[52801,13]
	[52866,29]
	[52802,13]
	[351,3]
	[52798,13]
	[919,3]
	[52777,4]
	[52795,13]
	[52765,9]
	[378,2]
	[113,35]
	[134,7]
	[595,2]
	[52719,3]
	[921,21]
	[52718,3]
	[52809,13]
	[52732,1]
	[1093,2]
	[52724,4]
	[145,16]
	[52737,3]
	[4,28]
	[52758,3]
	[52738,1]
	[52721,4]
	[51661,1]
	[180,13]
	[52766,5]
	[71,131]
	[52697,5]
	[581,1]
	[52778,10]
	[52814,11]
	[97,78]
	[52754,7]
	[672,5]
	[52085,1]
	[52805,9]
	[52793,11]
	[52745,4]
	[51,135]
	[52531,5]
	[52335,6]
	[52727,2]
	[52739,2]
	[52499,1]
	[187,65]
	[608,3]
	[52847,15]
	[93,70]
	[52984,6]
	[52562,3]
	[52909,11]
	[325,1]
	[52506,1]
	[52028,2]
	[52833,16]
	[121,15]
	[52767,5]
	[52860,23]
	[52954,11]
	[109,48]
	[52829,14]
	[52880,16]
	[52923,12]
	[52839,13]
	[52895,15]
	[440,9]
	[377,2]
	[80,103]
	[52899,10]
	[52939,7]
	[51424,1]
	[52907,4]
	[52897,17]
	[52891,14]
	[110,42]
	[332,2]
	[682,6]
	[132,8]
	[114,26]
	[1077,2]
	[1088,1]
	[179,70]
	[52844,10]
	[52915,16]
	[52832,17]
	[172,23]
	[274,1]
	[52908,13]
	[52952,14]
	[52973,9]
	[52951,13]
	[52929,6]
	[52926,9]
	[52927,8]
	[52967,11]
	[52966,11]
	[52886,15]
	[52935,8]
	[52921,5]
	[164,23]
	[52884,17]
	[52912,17]
	[52653,6]
	[52930,4]
	[52960,9]
	[348,1]
	[94,57]
	[52924,9]
	[52903,19]
	[52668,5]
	[52876,23]
	[52854,24]
	[52827,16]
	[52879,14]
	[673,22]
	[52887,17]
	[52715,4]
	[52849,23]
	[52958,15]
	[52604,7]
	[52850,20]
	[52459,3]
	[52359,4]
	[153,15]
	[52932,9]
	[171,48]
	[52828,12]
	[131,8]
	[52864,23]
	[52523,1]
	[52853,10]
	[52931,12]
	[52949,5]
	[52885,17]
	[52191,3]
	[52911,15]
	[215,18]
	[345,1]
	[434,2]
	[52905,17]
	[52917,11]
	[50836,1]
	[52933,12]
	[52906,19]
	[52894,19]
	[52904,17]
	[183,47]
	[52920,12]
	[913,16]
	[52504,3]
	[52705,7]
	[596,5]
	[53062,22]
	[52962,12]
	[52597,7]
	[836,1]
	[52831,18]
	[342,1]
	[159,14]
	[52902,12]
	[52609,7]
	[52993,6]
	[52872,15]
	[849,3]
	[601,2]
	[441,13]
	[119,16]
	[166,52]
	[240,3]
	[52900,9]
	[170,27]
	[52956,6]
	[52711,4]
	[52942,10]
	[52961,9]
	[52222,5]
	[52919,11]
	[52918,12]
	[144,11]
	[52601,10]
	[52972,8]
	[190,236]
	[53034,7]
	[206,23]
	[155,4]
	[118,15]
	[52623,5]
	[186,23]
	[53094,22]
	[181,67]
	[52874,14]
	[53078,20]
	[52438,4]
	[52910,9]
	[52200,6]
	[52914,7]
	[52666,4]
	[52462,1]
	[165,84]
	[133,4]
	[599,3]
	[52425,3]
	[209,47]
	[52975,12]
	[52922,12]
	[613,3]
	[52699,5]
	[52582,4]
	[52913,8]
	[52896,9]
	[52700,3]
	[52948,8]
	[52934,5]
	[52955,8]
	[52233,3]
	[52202,3]
	[52232,1]
	[52184,5]
	[52154,6]
	[52242,2]
	[52224,4]
	[339,1]
	[52166,2]
	[52152,3]
	[52156,2]
	[52205,5]
	[52167,1]
	[52169,2]
	[52132,1]
	[52159,3]
	[52162,3]
	[52180,5]
	[52253,2]
	[52181,2]
	[120,15]
	[185,61]
	[52197,3]
	[52174,2]
	[52196,5]
	[52201,4]
	[52214,8]
	[52238,4]
	[52143,1]
	[52189,5]
	[52244,4]
	[52213,3]
	[146,5]
	[128,6]
	[607,1]
	[157,12]
	[51465,1]
	[52234,2]
	[914,1]
	[163,69]
	[52135,2]
	[52140,5]
	[51295,1]
	[372,1]
	[100,52]
	[365,2]
	[122,10]
	[52179,4]
	[52147,1]
	[52081,1]
	[846,1]
	[52307,7]
	[355,3]
	[52153,2]
	[52165,5]
	[52151,4]
	[52123,1]
	[52138,1]
	[52006,3]
	[52137,6]
	[52195,1]
	[51745,1]
	[51778,1]
	[368,1]
	[52207,2]
	[361,3]
	[182,42]
	[137,11]
	[612,1]
	[860,1]
	[188,46]
	[52172,3]
	[52142,3]
	[169,52]
	[52194,1]
	[52211,3]
	[52230,2]
	[150,13]
	[825,2]
	[52062,8]
	[52103,2]
	[829,1]
	[52051,6]
	[52031,2]
	[52136,1]
	[52100,3]
	[52096,1]
	[184,32]
	[52185,3]
	[52216,2]
	[605,2]
	[52281,3]
	[52187,3]
	[52245,4]
	[52248,4]
	[52298,5]
	[52255,5]
	[52297,4]
	[51408,1]
	[52296,3]
	[52226,2]
	[52257,3]
	[52241,3]
	[52404,5]
	[52252,5]
	[52254,2]
	[52268,2]
	[385,4]
	[52342,3]
	[52267,4]
	[52276,3]
	[52286,3]
	[52289,3]
	[52249,6]
	[52231,3]
	[52225,3]
	[52223,4]
	[52310,4]
	[177,76]
	[141,7]
	[3,13]
	[53249,10]
	[53238,6]
	[53185,3]
	[53193,5]
	[53186,7]
	[53181,6]
	[53219,4]
	[52576,4]
	[53189,4]
	[53237,4]
	[53244,5]
	[53175,7]
	[53240,9]
	[53259,6]
	[53261,6]
	[53176,7]
	[53248,10]
	[53188,4]
	[53231,4]
	[53201,6]
	[53243,4]
	[53309,1]
	[53196,5]
	[53235,8]
	[53223,5]
	[53191,8]
	[52799,13]
	[52851,21]
	[52744,4]
	[52867,17]
	[48149,1]
	[52890,12]
	[178,27]
	[52987,6]
	[142,7]
	[52538,4]
	[52469,3]
	[52622,4]
	[52627,3]
	[52206,2]
	[52836,10]
	[52959,7]
	[136,10]
	[262,1]
	[1073,1]
	[52349,5]
	[47737,1]
	[52868,17]
	[53044,8]
	[52888,12]
	[52683,3]
	[52925,5]
	[52788,10]
	[199,21]
	[52953,11]
	[52542,2]
	[52681,5]
	[201,20]
	[52792,8]
	[52448,4]
	[603,3]
	[52808,19]
	[52429,3]
	[922,2]
	[598,4]
	[911,14]
	[52858,12]
	[52712,3]
	[52502,2]
	[52422,3]
	[52457,2]
	[52565,4]
	[828,1]
	[350,3]
	[918,13]
	[615,1]
	[52573,6]
	[905,1]
	[52945,11]
	[52587,5]
	[52415,7]
	[611,1]
	[52878,16]
	[52493,2]
	[46812,1]
	[223,189]
	[437,4]
	[52813,14]
	[52852,24]
	[53027,8]
	[162,64]
	[52371,4]
	[52916,12]
	[847,3]
	[174,52]
	[52882,10]
	[52614,2]
	[53042,7]
	[46632,1]
	[52171,3]
	[52977,8]
	[52592,8]
	[851,3]
	[52672,1]
	[160,99]
	[46254,1]
	[52259,2]
	[52687,4]
	[52673,5]
	[52228,2]
	[52969,10]
	[379,1]
	[217,38]
	[52642,7]
	[52386,11]
	[52665,8]
	[45854,1]
	[52790,4]
	[52521,5]
	[52077,6]
	[52566,2]
	[52602,5]
	[52941,10]
	[1097,4]
	[250,2]
	[910,1]
	[53101,22]
	[52141,1]
	[1082,1]
	[591,4]
	[912,1]
	[204,4]
	[51982,3]
	[53009,5]
	[855,1]
	[52496,1]
	[52928,9]
	[52968,4]
	[52426,5]
	[373,1]
	[53075,19]
	[52397,1]
	[52395,4]
	[52388,5]
	[52372,13]
	[52330,7]
	[52320,1]
	[52383,6]
	[52333,5]
	[52375,11]
	[52064,3]
	[52396,6]
	[52337,5]
	[51628,1]
	[52348,8]
	[52393,6]
	[52334,9]
	[52389,9]
	[158,12]
	[52449,4]
	[52440,4]
	[52391,11]
	[51659,1]
	[51917,1]
	[52446,2]
	[52447,3]
	[230,2]
	[52491,2]
	[52428,1]
	[52463,3]
	[52435,6]
	[176,24]
	[52445,3]
	[606,1]
	[344,2]
	[202,12]
	[52329,5]
	[52368,7]
	[52326,7]
	[52362,8]
	[52380,5]
	[52432,2]
	[52400,6]
	[52433,6]
	[52412,5]
	[200,10]
	[44397,1]
	[52288,4]
	[52302,4]
	[52313,1]
	[52356,8]
	[52308,4]
	[52303,3]
	[51594,1]
	[51696,1]
	[52285,6]
	[52354,9]
	[52355,11]
	[51466,1]
	[861,3]
	[52287,3]
	[52283,3]
	[52294,6]
	[52338,7]
	[52363,11]
	[52370,5]
	[52373,3]
	[52377,8]
	[52458,5]
	[52590,7]
	[52419,5]
	[52390,4]
	[52478,3]
	[52408,4]
	[447,2]
	[52394,10]
	[52382,8]
	[52451,2]
	[51708,1]
	[52130,3]
	[52444,3]
	[52430,2]
	[1058,1]
	[52413,6]
	[52460,2]
	[52417,6]
	[52453,5]
	[52405,6]
	[52401,6]
	[52358,7]
	[52352,7]
	[52340,4]
	[52263,3]
	[51935,1]
	[52305,4]
	[52336,3]
	[51946,1]
	[52345,6]
	[52270,5]
	[52315,5]
	[52343,5]
	[52264,6]
	[52290,2]
	[52277,2]
	[52327,7]
	[52384,5]
	[52387,3]
	[354,1]
	[356,2]
	[51833,1]
	[52456,4]
	[52421,3]
	[52411,5]
	[207,14]
	[52379,7]
	[52376,4]
	[52299,4]
	[52316,7]
	[859,2]
	[52339,4]
	[52066,3]
	[52074,3]
	[52317,2]
	[52367,4]
	[614,2]
	[52399,8]
	[52293,1]
	[338,1]
	[52295,5]
	[52321,3]
	[52347,4]
	[402,3]
	[589,1]
	[53007,9]
	[53033,9]
	[901,1]
	[52409,12]
	[52158,2]
	[588,2]
	[156,3]
	[1078,3]
	[53035,5]
	[214,5]
	[52742,6]
	[52485,3]
	[52075,3]
	[52950,13]
	[52749,3]
	[52789,7]
	[52544,1]
	[52353,9]
	[53016,4]
	[52769,6]
	[616,1]
	[52774,7]
	[52452,3]
	[52783,8]
	[52741,2]
	[52775,8]
	[52768,10]
	[52441,2]
	[583,2]
	[52498,1]
	[590,3]
	[52516,2]
	[52629,7]
	[52175,2]
	[52473,2]
	[52579,5]
	[53058,21]
	[52374,3]
	[1095,1]
	[52351,6]
	[52464,2]
	[52784,6]
	[52785,9]
	[42472,1]
	[52624,4]
	[52186,5]
	[816,1]
	[52558,3]
	[52593,4]
	[52750,2]
	[52528,2]
	[51870,1]
	[52731,1]
	[671,27]
	[839,3]
	[52786,7]
	[52743,2]
	[52704,5]
	[917,1]
	[53024,10]
	[256,1]
	[52662,7]
	[52691,4]
	[52770,5]
	[52586,3]
	[53036,8]
	[841,1]
	[52410,3]
	[52477,1]
	[167,35]
	[52659,7]
	[221,20]
	[52652,3]
	[51989,2]
	[52656,4]
	[52677,5]
	[52695,3]
	[52615,6]
	[52669,7]
	[52594,4]
	[52654,6]
	[52641,3]
	[830,3]
	[52635,4]
	[52634,4]
	[52626,7]
	[52037,4]
	[52689,4]
	[52643,4]
	[52124,1]
	[52324,4]
	[52323,3]
	[52364,5]
	[51652,1]
	[52319,1]
	[52392,7]
	[52325,5]
	[52346,8]
	[52332,3]
	[52661,3]
	[52378,6]
	[52385,9]
	[52381,7]
	[51983,1]
	[52427,4]
	[52407,4]
	[659,1]
	[52402,4]
	[52424,5]
	[52369,5]
	[52420,3]
	[621,1]
	[52416,4]
	[52577,4]
	[51897,2]
	[213,22]
	[52461,6]
	[52059,1]
	[52567,3]
	[52472,4]
	[52065,1]
	[52467,3]
	[52304,2]
	[52450,3]
	[51968,1]
	[51976,2]
	[52436,2]
	[52398,3]
	[52418,5]
	[52625,9]
	[247,2]
	[52341,4]
	[51756,1]
	[52406,4]
	[52366,2]
	[52431,3]
	[52365,3]
	[51914,1]
	[52403,4]
	[52016,3]
	[51618,1]
	[52357,6]
	[51971,1]
	[52150,1]
	[52328,2]
	[52551,2]
	[52674,4]
	[52734,2]
	[52693,4]
	[52713,5]
	[1118,1]
	[52690,3]
	[52025,2]
	[52708,2]
	[52692,4]
	[52660,1]
	[52682,6]
	[52632,8]
	[52613,2]
	[52603,4]
	[52572,4]
	[52618,4]
	[52619,6]
	[570,1]
	[39684,1]
	[53002,3]
	[52938,9]
	[468,1]
	[296,7]
	[430,7]
	[834,3]
	[52471,1]
	[363,1]
	[38975,1]
	[390,1]
	[52553,2]
	[38971,1]
	[52736,1]
	[844,3]
	[585,1]
	[804,1]
	[431,25]
	[1072,2]
	[52599,7]
	[52978,8]
	[52657,4]
	[408,2]
	[218,1]
	[52620,4]
	[564,1]
	[604,2]
	[52694,7]
	[52261,2]
	[435,2]
	[399,2]
	[52989,9]
	[52215,3]
	[1071,1]
	[383,1]
	[52937,5]
	[52996,3]
	[52584,4]
	[593,1]
	[37501,1]
	[52546,2]
	[51929,1]
	[52703,4]
	[843,4]
	[52633,2]
	[53004,5]
	[52146,1]
	[36864,1]
	[52479,3]
	[53022,6]
	[1085,2]
	[282,2]
	[678,19]
	[36594,1]
	[52511,1]
	[52076,2]
	[52227,2]
	[51751,1]
	[52517,2]
	[51991,2]
	[364,4]
	[51918,2]
	[52114,3]
	[51713,1]
	[52314,4]
	[277,2]
	[52442,1]
	[52470,2]
	[148,9]
	[52454,1]
	[52466,4]
	[51911,1]
	[51947,2]
	[52139,3]
	[854,1]
	[52443,3]
	[423,1]
	[52423,3]
	[52476,1]
	[52515,1]
	[52468,3]
	[52480,2]
	[222,3]
	[260,1]
	[52482,2]
	[52455,1]
	[35378,1]
	[51950,1]
	[51948,1]
	[52322,2]
	[52486,1]
	[51985,2]
	[52360,2]
	[53049,12]
	[53052,15]
	[53104,17]
	[53030,8]
	[53039,8]
	[52617,5]
	[53133,8]
	[53057,6]
	[53059,18]
	[53120,25]
	[892,1]
	[53115,17]
	[53130,23]
	[53182,3]
	[1105,1]
	[53167,7]
	[53225,7]
	[711,1]
	[53028,10]
	[53083,23]
	[53082,22]
	[53080,13]
	[53055,18]
	[53015,5]
	[53087,11]
	[52970,5]
	[52982,6]
	[52550,5]
	[52981,7]
	[53011,4]
	[53020,5]
	[53008,10]
	[52998,7]
	[52988,8]
	[52580,5]
	[52974,7]
	[52510,2]
	[1096,1]
	[52275,2]
	[53048,8]
	[52946,4]
	[53019,8]
	[52994,9]
	[1084,1]
	[52936,12]
	[53006,4]
	[34353,1]
	[34165,1]
	[53018,4]
	[53001,11]
	[438,9]
	[52965,6]
	[33979,1]
	[33763,1]
	[52947,6]
	[52568,3]
	[698,2]
	[707,2]
	[52280,3]
	[838,1]
	[53114,24]
	[52192,2]
	[52678,5]
	[33459,1]
	[688,4]
	[696,6]
	[52957,8]
	[683,4]
	[52963,7]
	[52964,6]
	[1081,1]
	[52540,5]
	[53045,12]
	[374,1]
	[897,1]
	[32822,1]
	[52492,2]
	[208,3]
	[52733,2]
	[52600,11]
	[241,1]
	[831,1]
	[52503,2]
	[52976,11]
	[52164,3]
	[1080,1]
	[52591,4]
	[53112,28]
	[31383,1]
	[52220,2]
	[52079,3]
	[52212,4]
	[52117,1]
	[52163,1]
	[52144,2]
	[52149,2]
	[52271,2]
	[52260,3]
	[52199,3]
	[52026,3]
	[52262,4]
	[52240,3]
	[52282,3]
	[52219,1]
	[51556,1]
	[52218,1]
	[52177,2]
	[51797,1]
	[51706,1]
	[31150,1]
	[52217,3]
	[52021,1]
	[52265,3]
	[52274,2]
	[51819,2]
	[51885,1]
	[52250,1]
	[52193,1]
	[52203,1]
	[51974,1]
	[51736,1]
	[52300,1]
	[51892,1]
	[52229,4]
	[52198,1]
	[52204,3]
	[52190,3]
	[52183,4]
	[52161,1]
	[51845,1]
	[52178,3]
	[30757,1]
	[52243,1]
	[51589,2]
	[52312,2]
	[52251,2]
	[52258,2]
	[30598,1]
	[52116,1]
	[51979,2]
	[51961,1]
	[52160,3]
	[52414,2]
	[52247,1]
	[52046,4]
	[424,3]
	[52126,1]
	[52128,1]
	[52188,1]
	[52105,1]
	[53222,5]
	[53190,5]
	[53221,12]
	[53161,6]
	[52723,2]
	[53256,6]
	[53247,9]
	[53285,3]
	[53088,24]
	[53081,26]
	[53053,11]
	[53029,7]
	[53198,3]
	[53040,10]
	[923,1]
	[53046,15]
	[939,1]
	[53071,14]
	[52995,4]
	[52986,3]
	[147,10]
	[53003,6]
	[52992,6]
	[53010,2]
	[52525,1]
	[415,1]
	[53013,7]
	[52971,3]
	[53005,6]
	[52999,7]
	[675,4]
	[1087,1]
	[360,1]
	[52980,5]
	[53021,4]
	[267,5]
	[53017,7]
	[52979,9]
	[53023,9]
	[52985,2]
	[52702,6]
	[52991,6]
	[53132,15]
	[384,3]
	[962,2]
	[1089,1]
	[52983,7]
	[53025,5]
	[161,13]
	[53064,15]
	[53000,4]
	[53136,13]
	[53014,7]
	[28754,1]
	[320,1]
	[53124,16]
	[53037,11]
	[52087,2]
	[28498,1]
	[53116,11]
	[52997,4]
	[650,1]
	[53012,6]
	[53063,19]
	[376,1]
	[52664,5]
	[52735,1]
	[52033,3]
	[52685,2]
	[52650,7]
	[53041,9]
	[52561,5]
	[970,1]
	[252,1]
	[53067,20]
	[52072,1]
	[52043,3]
	[52038,2]
	[52015,2]
	[51883,1]
	[52040,2]
	[51494,1]
	[52115,3]
	[52023,2]
	[52034,2]
	[52039,1]
	[52091,2]
	[699,1]
	[52078,2]
	[52053,3]
	[52070,1]
	[52068,1]
	[52127,1]
	[52050,4]
	[52057,2]
	[52088,1]
	[52113,1]
	[52097,3]
	[52035,3]
	[52045,2]
	[52027,2]
	[52086,4]
	[52094,1]
	[52048,2]
	[51994,1]
	[254,1]
	[52098,1]
	[52080,3]
	[52102,1]
	[52093,1]
	[51757,1]
	[51344,1]
	[52061,3]
	[52036,1]
	[51993,2]
	[51997,2]
	[52047,3]
	[51995,2]
	[51298,1]
	[52022,2]
	[52024,2]
	[52101,2]
	[52007,1]
	[52084,1]
	[52002,2]
	[51934,2]
	[52001,4]
	[52056,2]
	[51984,1]
	[52063,2]
	[52054,2]
	[52030,3]
	[52029,2]
	[51987,1]
	[969,1]
	[51568,1]
	[51857,1]
	[52210,2]
	[51988,1]
	[52060,1]
	[52111,2]
	[51815,1]
	[965,1]
	[52089,2]
	[52012,1]
	[52104,2]
	[52005,1]
	[52008,1]
	[51998,2]
	[52055,1]
	[52032,1]
	[51986,1]
	[51510,1]
	[51801,1]
	[52067,2]
	[51563,1]
	[52099,1]
	[52121,1]
	[52090,2]
	[52168,1]
	[52125,1]
	[52112,1]
	[52108,1]
	[52004,1]
	[52013,1]
	[52017,1]
	[52010,1]
	[52018,1]
	[646,2]
	[52044,2]
	[52009,1]
	[52049,2]
	[850,1]
	[52106,1]
	[967,1]
	[835,2]
	[53461,7]
	[53389,3]
	[53386,2]
	[53402,2]
	[53500,6]
	[53463,8]
	[53619,1]
	[53601,3]
	[53625,1]
	[979,1]
	[53684,1]
	[53677,1]
	[53705,1]
	[53636,1]
	[53627,1]
	[53653,2]
	[53645,2]
	[53582,2]
	[53442,3]
	[53685,1]
	[53642,2]
	[53635,1]
	[53640,1]
	[53775,1]
	[53651,2]
	[53731,1]
	[53701,1]
	[53725,1]
	[53757,1]
	[53753,1]
	[53794,1]
	[53826,1]
	[25401,1]
	[53412,3]
	[53407,1]
	[53385,2]
	[53291,4]
	[53329,3]
	[53138,11]
	[53171,1]
	[53177,6]
	[52726,2]
	[53123,16]
	[53165,2]
	[52534,2]
	[53143,13]
	[53164,4]
	[52667,4]
	[53126,12]
	[53128,11]
	[53100,24]
	[53158,9]
	[53125,13]
	[53065,23]
	[53106,24]
	[53156,9]
	[53150,11]
	[52474,1]
	[53127,14]
	[53137,9]
	[53111,25]
	[53079,23]
	[888,1]
	[53096,23]
	[53102,19]
	[53072,9]
	[53074,22]
	[53066,13]
	[305,1]
	[53139,12]
	[53092,22]
	[53141,15]
	[53076,19]
	[53117,22]
	[53093,25]
	[401,4]
	[53110,23]
	[53084,21]
	[53090,23]
	[53109,18]
	[53155,8]
	[53047,15]
	[53105,18]
	[53095,26]
	[53031,7]
	[395,3]
	[53070,16]
	[53103,17]
	[370,1]
	[53098,19]
	[52707,3]
	[53073,12]
	[53108,24]
	[53068,14]
	[53085,11]
	[53086,18]
	[53077,16]
	[53145,10]
	[53151,11]
	[53038,12]
	[53099,18]
	[53153,5]
	[53118,19]
	[53054,5]
	[53050,7]
	[53056,9]
	[53069,18]
	[53160,6]
	[53252,4]
	[53043,9]
	[52628,5]
	[1246,1]
	[963,1]
	[53122,17]
	[53060,16]
	[53089,15]
	[53197,3]
	[53051,13]
	[369,1]
	[53097,13]
	[24191,1]
	[53119,15]
	[53152,10]
	[842,1]
	[53147,17]
	[853,3]
	[53192,3]
	[53140,8]
	[692,1]
	[53061,14]
	[53166,6]
	[52722,4]
	[53121,19]
	[51042,1]
	[52621,6]
	[428,3]
	[23235,1]
	[53113,18]
	[53159,6]
	[52434,1]
	[52679,7]
	[53091,16]
	[1241,1]
	[394,1]
	[53032,5]
	[52612,2]
	[617,1]
	[53134,12]
	[52501,2]
	[52684,4]
	[52301,2]
	[53129,12]
	[53131,17]
	[980,1]
	[52606,5]
	[21617,1]
	[52266,1]
	[52272,1]
	[51788,1]
	[51938,1]
	[52311,2]
	[52331,5]
	[51850,2]
	[52350,1]
	[51569,2]
	[52309,1]
	[52284,1]
	[51789,1]
	[400,2]
	[52306,1]
	[52278,1]
	[52361,1]
	[52273,1]
	[51909,1]
	[52439,1]
	[51992,1]
	[20965,1]
	[53371,1]
	[53363,1]
	[53486,6]
	[53366,1]
	[426,1]
	[53378,3]
	[53362,2]
	[53409,2]
	[53420,4]
	[53368,2]
	[53390,2]
	[53419,3]
	[53399,2]
	[53403,1]
	[53376,2]
	[53348,1]
	[53347,2]
	[53599,1]
	[53562,1]
	[53381,2]
	[53400,1]
	[982,2]
	[53170,8]
	[53305,3]
	[53179,8]
	[53149,10]
	[53277,3]
	[53228,6]
	[53286,5]
	[53144,6]
	[53264,5]
	[53107,16]
	[53173,8]
	[53174,4]
	[53187,3]
	[53169,4]
	[53163,5]
	[53148,12]
	[618,1]
	[53146,11]
	[53245,7]
	[1010,5]
	[1238,1]
	[53207,3]
	[52318,2]
	[53359,1]
	[53135,11]
	[232,2]
	[53203,5]
	[53168,5]
	[53204,3]
	[53358,1]
	[53142,4]
	[53212,3]
	[53224,7]
	[53154,4]
	[53202,3]
	[53210,6]
	[53199,5]
	[52636,3]
	[19354,1]
	[972,1]
	[53220,7]
	[53217,6]
	[52524,1]
	[52716,1]
	[398,2]
	[684,2]
	[53157,7]
	[1004,3]
	[231,1]
	[1225,1]
	[52608,4]
	[53276,7]
	[52484,1]
	[53330,1]
	[53162,4]
	[53178,3]
	[997,2]
	[18300,1]
	[840,1]
	[18238,1]
	[52706,2]
	[353,1]
	[1244,1]
	[53184,1]
	[52709,4]
	[708,1]
	[53260,6]
	[17787,1]
	[52536,2]
	[52578,7]
	[52688,1]
	[52640,7]
	[52495,2]
	[52720,2]
	[52616,1]
	[52637,1]
	[51891,1]
	[52696,4]
	[52605,9]
	[52581,4]
	[52610,11]
	[52595,6]
	[52631,4]
	[52589,5]
	[52655,6]
	[52607,4]
	[52648,6]
	[52571,3]
	[52545,3]
	[52548,4]
	[52575,6]
	[51692,1]
	[52680,7]
	[52676,8]
	[52670,3]
	[52725,1]
	[52658,5]
	[52646,2]
	[16583,1]
	[52583,4]
	[52552,3]
	[52574,2]
	[52645,3]
	[52520,1]
	[51784,1]
	[52541,1]
	[52547,1]
	[52598,2]
	[878,1]
	[52651,1]
	[52647,3]
	[52671,4]
	[52649,3]
	[52698,4]
	[52663,6]
	[52537,4]
	[52530,2]
	[53349,1]
	[53298,3]
	[53304,3]
	[53265,5]
	[53272,4]
	[53267,4]
	[53282,5]
	[53335,2]
	[53274,6]
	[53250,7]
	[53233,6]
	[16041,1]
	[1232,2]
	[239,1]
	[837,3]
	[420,2]
	[53215,5]
	[958,1]
	[53183,3]
	[406,1]
	[52549,3]
	[52585,5]
	[442,3]
	[53279,5]
	[53200,4]
	[14505,1]
	[1228,2]
	[255,1]
	[14279,1]
	[14191,1]
	[52533,3]
	[418,2]
	[411,1]
	[1226,1]
	[687,2]
	[382,1]
	[366,1]
	[295,1]
	[235,3]
	[52508,2]
	[52588,5]
	[53213,5]
	[694,1]
	[53239,6]
	[13519,1]
	[710,1]
	[1007,2]
	[52639,2]
	[52675,4]
	[52630,7]
	[1227,1]
	[686,2]
	[52638,3]
	[407,1]
	[1242,1]
	[52714,2]
	[51766,1]
	[1239,1]
	[52527,1]
	[52107,1]
	[52557,1]
	[51999,1]
	[689,2]
	[52560,3]
	[630,1]
	[1318,1]
	[292,2]
	[53230,5]
	[53257,8]
	[53216,1]
	[53195,5]
	[53226,3]
	[53218,3]
	[11617,1]
	[469,1]
	[412,1]
	[53180,2]
	[413,1]
	[53194,4]
	[973,1]
	[11153,1]
	[234,1]
	[584,1]
	[388,1]
	[1220,1]
	[10314,1]
	[1224,2]
	[53254,9]
	[9924,1]
	[53268,8]
	[53209,4]
	[52596,2]
	[52686,3]
	[245,1]
	[432,3]
	[392,1]
	[52564,2]
	[52487,1]
	[51664,1]
	[381,1]
	[52710,2]
	[7825,1]
	[619,1]
	[51631,1]
	[1235,2]
	[495,1]
	[1405,1]
	[1046,1]
	[53695,1]
	[53707,1]
	[53711,2]
	[53709,1]
	[53730,1]
	[53689,1]
	[53749,1]
	[53737,1]
	[53608,1]
	[53430,5]
	[53451,6]
	[53372,3]
	[53392,1]
	[53382,1]
	[53471,6]
	[53417,4]
	[53331,2]
	[53300,1]
	[53322,1]
	[53346,2]
	[53307,1]
	[53324,2]
	[53278,3]
	[53270,5]
	[53350,1]
	[53294,2]
	[53280,1]
	[53310,2]
	[53327,1]
	[53328,1]
	[53275,6]
	[793,1]
	[53266,7]
	[53246,4]
	[53281,4]
	[53258,4]
	[467,1]
	[53269,3]
	[53262,9]
	[53315,2]
	[53302,1]
	[53295,3]
	[53253,3]
	[53299,1]
	[53316,1]
	[53229,6]
	[53227,11]
	[53214,4]
	[1011,1]
	[53263,7]
	[53205,5]
	[53236,4]
	[53283,2]
	[6630,1]
	[290,1]
	[53308,1]
	[713,1]
	[53489,5]
	[53293,1]
	[53292,2]
	[6491,1]
	[53172,1]
	[53373,1]
	[53271,3]
	[53415,3]
	[6332,1]
	[53232,4]
	[53337,1]
	[6228,1]
	[6210,1]
	[53251,2]
	[53242,3]
	[53241,4]
	[53289,2]
	[53288,2]
	[53255,3]
	[6036,1]
	[773,1]
	[422,1]
	[952,1]
	[53211,4]
	[52543,1]
	[964,1]
	[53333,1]
	[53208,3]
	[53332,2]
	[53273,2]
	[5570,1]
	[425,2]
	[53234,5]
	[894,1]
	[53306,1]
	[53383,1]
	[257,2]
	[53343,1]
	[410,1]
	[53206,1]
	[52512,2]
	[5078,1]
	[882,1]
	[761,1]
	[768,1]
	[770,1]
	[4718,1]
	[53460,8]
	[53301,1]
	[934,1]
	[53284,1]
	[53311,1]
	[741,1]
	[53449,3]
	[380,1]
	[697,1]
	[51970,1]
	[450,1]
	[52555,2]
	[52269,1]
	[1231,1]
	[52535,2]
	[52500,2]
	[52532,1]
	[676,1]
	[270,1]
	[493,1]
	[52529,1]
	[52514,1]
	[52497,2]
	[52490,1]
	[654,1]
	[3322,1]
	[51818,1]
	[777,1]
	[52519,1]
	[52526,1]
	[52539,1]
	[1252,1]
	[985,1]
	[2841,1]
	[2832,1]
	[737,1]
	[51900,1]
	[53553,3]
	[53583,1]
	[53570,1]
	[53531,2]
	[53678,1]
	[53834,1]
	[53860,1]
	[53848,1]
	[53926,1]
	[53915,1]
	[53929,1]
	[953,1]
	[53946,1]
	[53941,1]
	[53957,1]
	[53937,1]
	[53912,1]
	[53893,1]
	[54004,1]
	[53986,1]
	[53782,1]
	[54119,1]
	[54075,1]
	[54214,1]
	[54035,1]
	[53999,1]
	[54019,1]
	[53416,6]
	[54005,1]
	[54061,1]
	[53858,1]
	[53856,1]
	[53873,1]
	[53866,1]
	[53892,1]
	[53867,1]
	[53806,1]
	[53805,1]
	[53745,1]
	[53648,1]
	[53660,1]
	[53634,1]
	[53665,1]
	[53638,1]
	[53643,2]
	[53644,1]
	[53509,4]
	[53483,6]
	[53492,3]
	[53480,9]
	[53462,10]
	[53481,6]
	[53466,5]
	[53474,7]
	[53476,6]
	[53499,7]
	[53522,2]
	[53495,3]
	[53475,4]
	[53482,6]
	[53485,4]
	[53469,6]
	[53603,1]
	[53453,7]
	[53438,6]
	[2468,1]
	[53457,7]
	[53569,1]
	[53450,4]
	[439,1]
	[53517,6]
	[53505,8]
	[53506,2]
	[53537,2]
	[53527,2]
	[53501,6]
	[53510,2]
	[53465,4]
	[53455,6]
	[53375,1]
	[53456,6]
	[53421,4]
	[53452,10]
	[53405,2]
	[53429,3]
	[53431,4]
	[677,2]
	[53464,8]
	[751,1]
	[53498,5]
	[53488,4]
	[53520,3]
	[53441,3]
	[53472,6]
	[53507,6]
	[53532,4]
	[53487,7]
	[53502,2]
	[53447,8]
	[53448,8]
	[53550,3]
	[53427,2]
	[53435,6]
	[53470,6]
	[53443,3]
	[53446,4]
	[53544,2]
	[53436,2]
	[779,1]
	[53514,3]
	[53413,2]
	[53418,3]
	[53391,1]
	[693,1]
	[53439,4]
	[53424,4]
	[53479,3]
	[53428,7]
	[53437,10]
	[53401,1]
	[53497,4]
	[53467,2]
	[53345,1]
	[53425,6]
	[53529,1]
	[53504,2]
	[53508,3]
	[1101,1]
	[53433,1]
	[53423,3]
	[421,1]
	[53494,1]
	[53541,2]
	[53440,1]
	[53592,1]
	[1719,1]
	[53445,6]
	[1099,1]
	[53432,5]
	[53468,2]
	[53454,2]
	[53547,2]
	[53477,5]
	[53408,1]
	[53596,1]
	[53496,4]
	[53491,7]
	[53573,2]
	[53484,1]
	[53493,5]
	[53404,1]
	[53397,1]
	[53534,1]
	[53411,2]
	[53426,4]
	[53410,2]
	[53398,1]
	[53394,1]
	[53519,3]
	[53513,3]
	[1249,1]
	[1092,1]
	[53422,2]
	[53554,1]
	[999,1]
	[53434,2]
	[53473,3]
	[53623,1]
	[53444,4]
	[53458,5]
	[53414,2]
	[53370,1]
	[53578,1]
	[53490,3]
	[53595,1]
	[251,1]
	[760,1]
	[53459,3]
	[417,1]
	[53612,1]
	[53524,1]
	[53533,1]
	[53518,4]
	[53602,1]
	[996,1]
	[53503,1]
	[391,1]
	[53512,3]
	[53614,1]
	[53597,1]
	[665,1]
	[53542,2]
	[53548,1]
	[53588,1]
	[53543,2]
	[53559,1]
	[53523,1]
	[53546,1]
	[53540,1]
	[347,1]
	[662,1]
	[53528,2]
	[53637,1]
	[933,1]
	[53598,3]
	[53521,2]
	[656,1]
	[53515,2]
	[53535,1]
	[53530,1]
	[53525,2]
	[53551,1]
	[53536,1]

1412,
	[2,6554]
	[117,1]
	[3,235]
	[56520,1]
	[4,244]
	[54457,1]
	[53926,1]
	[53898,1]
	[53918,1]
	[-4370,879]
	[53081,3]
	[53063,1]
	[53022,4]
	[52958,2]
	[52955,3]
	[53016,1]
	[192,5]
	[67,5]
	[52993,1]
	[52988,3]
	[52990,5]
	[52961,4]
	[52997,5]
	[52963,2]
	[70,3]
	[52943,2]
	[52981,1]
	[52980,2]
	[35,7]
	[52881,1]
	[52924,2]
	[52918,1]
	[52964,1]
	[52977,3]
	[194,4]
	[52957,5]
	[52933,3]
	[32,4]
	[19,9]
	[53051,4]
	[53119,1]
	[53131,2]
	[193,6]
	[44,6]
	[53024,5]
	[53015,2]
	[53055,2]
	[53062,2]
	[56,8]
	[23,8]
	[53065,1]
	[106,4]
	[31,9]
	[53054,1]
	[53064,1]
	[53034,3]
	[53008,2]
	[7,2]
	[195,10]
	[53019,7]
	[26,9]
	[53057,4]
	[53079,1]
	[53140,2]
	[53056,3]
	[91,5]
	[53111,1]
	[53041,2]
	[101,4]
	[53025,4]
	[53040,1]
	[36,2]
	[53074,3]
	[29,12]
	[53060,3]
	[53046,1]
	[53058,2]
	[53143,3]
	[40,7]
	[52336,2]
	[52374,1]
	[17,10]
	[52316,1]
	[52356,2]
	[22,11]
	[52337,1]
	[52394,1]
	[52333,1]
	[52380,1]
	[111,1]
	[52289,1]
	[74,7]
	[52384,1]
	[52195,1]
	[61,7]
	[52328,3]
	[197,15]
	[11,6]
	[25,5]
	[52257,1]
	[52385,1]
	[52427,1]
	[52442,1]
	[95,3]
	[143,1]
	[52221,2]
	[53340,2]
	[53371,1]
	[53424,1]
	[63,3]
	[52976,2]
	[90,4]
	[53004,1]
	[1,29]
	[53118,1]
	[53091,2]
	[53047,1]
	[41,9]
	[113,1]
	[53048,3]
	[88,3]
	[53031,4]
	[14,13]
	[53003,2]
	[52994,3]
	[198,1]
	[34,4]
	[53028,4]
	[199,13]
	[53017,4]
	[53052,3]
	[53001,2]
	[53061,4]
	[53043,2]
	[79,9]
	[52995,1]
	[925,1]
	[52975,1]
	[52914,1]
	[52867,1]
	[52876,1]
	[84,7]
	[53005,3]
	[53036,1]
	[53020,1]
	[680,1]
	[53006,3]
	[53035,2]
	[53069,1]
	[38,4]
	[73,4]
	[53044,4]
	[201,11]
	[52959,2]
	[20,11]
	[107,4]
	[53071,4]
	[53042,1]
	[151,2]
	[53038,3]
	[53021,1]
	[52983,5]
	[927,1]
	[208,1]
	[53073,2]
	[53014,2]
	[211,8]
	[71,5]
	[37,3]
	[52525,1]
	[52494,2]
	[49,8]
	[52538,2]
	[137,1]
	[93,6]
	[6,22]
	[28,15]
	[52504,1]
	[52620,1]
	[52597,1]
	[52540,1]
	[52476,1]
	[52446,1]
	[52566,1]
	[52560,1]
	[52497,1]
	[52465,1]
	[52523,1]
	[52500,2]
	[52517,1]
	[203,9]
	[204,1]
	[105,4]
	[72,1]
	[52996,3]
	[52969,3]
	[53002,1]
	[185,1]
	[52913,2]
	[52982,1]
	[52912,1]
	[52916,1]
	[52986,2]
	[47,10]
	[53050,2]
	[52956,2]
	[52926,1]
	[77,2]
	[598,1]
	[53030,2]
	[52999,2]
	[52965,2]
	[52973,1]
	[52946,1]
	[46,9]
	[52921,2]
	[52945,1]
	[52974,3]
	[215,3]
	[849,1]
	[81,5]
	[50,8]
	[205,15]
	[53094,2]
	[55,8]
	[86,3]
	[52826,4]
	[96,3]
	[39,3]
	[52923,1]
	[8,14]
	[206,2]
	[43,5]
	[608,1]
	[52971,1]
	[52953,1]
	[52978,3]
	[53049,5]
	[52936,2]
	[52967,2]
	[52935,1]
	[52972,2]
	[52940,1]
	[52952,1]
	[52904,1]
	[52950,2]
	[52989,2]
	[207,5]
	[52865,1]
	[52838,1]
	[52845,2]
	[85,4]
	[53,4]
	[52825,2]
	[52817,1]
	[52547,1]
	[52512,1]
	[220,3]
	[52533,2]
	[52480,1]
	[80,4]
	[52557,2]
	[52576,2]
	[60,2]
	[52552,1]
	[52556,2]
	[221,2]
	[52341,1]
	[9,3]
	[52509,1]
	[100,3]
	[52585,1]
	[52599,1]
	[52569,1]
	[52502,1]
	[52513,2]
	[52887,1]
	[52804,3]
	[53156,1]
	[53168,2]
	[112,2]
	[65,8]
	[223,3]
	[53009,2]
	[209,3]
	[114,1]
	[52966,1]
	[226,2]
	[53029,1]
	[53010,4]
	[218,2]
	[53033,1]
	[224,2]
	[52938,1]
	[53059,4]
	[53066,1]
	[52960,1]
	[53013,2]
	[210,3]
	[102,1]
	[53032,1]
	[53018,1]
	[52992,1]
	[52831,2]
	[103,2]
	[52984,2]
	[53068,2]
	[53108,1]
	[231,3]
	[83,1]
	[10,11]
	[52713,2]
	[52534,1]
	[932,1]
	[52617,1]
	[52578,1]
	[52549,1]
	[42,3]
	[232,2]
	[52574,1]
	[174,1]
	[12,8]
	[52658,1]
	[52641,1]
	[52584,1]
	[52637,1]
	[52642,1]
	[52508,1]
	[52544,1]
	[52595,2]
	[52572,1]
	[52573,1]
	[212,1]
	[59,7]
	[52518,1]
	[52530,1]
	[52611,1]
	[52561,1]
	[52444,1]
	[92,6]
	[87,2]
	[62,2]
	[52487,1]
	[52450,1]
	[53201,1]
	[230,2]
	[236,3]
	[53373,1]
	[53305,4]
	[53246,3]
	[57,3]
	[213,6]
	[53102,2]
	[53117,1]
	[53023,1]
	[53053,2]
	[613,1]
	[58,3]
	[53007,1]
	[53095,2]
	[53136,2]
	[853,1]
	[53037,2]
	[234,3]
	[53085,1]
	[53089,1]
	[53134,1]
	[704,1]
	[53078,2]
	[53113,2]
	[53141,2]
	[53027,1]
	[214,1]
	[239,2]
	[229,2]
	[53144,1]
	[53039,1]
	[53084,3]
	[53104,1]
	[53129,1]
	[52991,1]
	[53083,1]
	[53122,1]
	[53138,2]
	[53125,1]
	[53045,1]
	[69,1]
	[13,2]
	[241,1]
	[53076,1]
	[52987,1]
	[53080,1]
	[53099,1]
	[217,3]
	[52393,1]
	[52321,2]
	[52,10]
	[52445,1]
	[104,2]
	[109,2]
	[52390,1]
	[237,3]
	[52419,1]
	[200,1]
	[52386,1]
	[52325,1]
	[52388,2]
	[52175,1]
	[52329,1]
	[94,4]
	[52365,1]
	[52417,1]
	[52371,1]
	[52222,2]
	[52408,2]
	[78,1]
	[52323,1]
	[52277,1]
	[52423,1]
	[869,1]
	[53196,1]
	[53228,2]
	[53224,4]
	[53159,1]
	[53212,1]
	[53157,1]
	[45,3]
	[53109,1]
	[53082,1]
	[53192,1]
	[53216,4]
	[53161,1]
	[53142,1]
	[53107,1]
	[243,2]
	[53162,1]
	[245,1]
	[53158,2]
	[219,2]
	[53100,1]
	[53154,1]
	[15,4]
	[53225,3]
	[53202,2]
	[53199,3]
	[53127,2]
	[380,1]
	[53106,2]
	[53150,3]
	[53179,1]
	[16,7]
	[53098,1]
	[53103,1]
	[248,2]
	[250,3]
	[53214,2]
	[51,1]
	[53132,2]
	[53209,7]
	[53116,1]
	[53092,1]
	[53121,1]
	[52859,2]
	[950,1]
	[53115,2]
	[53145,3]
	[242,1]
	[53174,1]
	[338,1]
	[76,1]
	[75,2]
	[53153,1]
	[53165,2]
	[53182,1]
	[53128,1]
	[252,1]
	[52073,1]
	[52205,1]
	[247,1]
	[52170,1]
	[64,2]
	[244,2]
	[52252,1]
	[52209,1]
	[52172,1]
	[52204,1]
	[52155,1]
	[52113,1]
	[52233,1]
	[52244,1]
	[52162,1]
	[52137,1]
	[52181,1]
	[52148,1]
	[52229,1]
	[52284,1]
	[82,5]
	[52297,1]
	[52317,1]
	[52262,1]
	[52179,1]
	[222,1]
	[53739,1]
	[53759,1]
	[53824,1]
	[53552,1]
	[53624,2]
	[53529,1]
	[53347,3]
	[53395,2]
	[53364,3]
	[53260,5]
	[53378,2]
	[225,2]
	[53323,3]
	[53261,5]
	[53215,1]
	[48,1]
	[53272,1]
	[53243,3]
	[53237,2]
	[246,1]
	[53251,2]
	[53188,1]
	[53277,6]
	[53235,6]
	[253,1]
	[53336,1]
	[53112,1]
	[53276,1]
	[53274,2]
	[53278,3]
	[53223,2]
	[53213,3]
	[53300,2]
	[53280,4]
	[53221,1]
	[249,1]
	[53244,2]
	[53313,1]
	[53264,4]
	[53342,2]
	[18,9]
	[53206,2]
	[53304,1]
	[53326,1]
	[260,2]
	[53302,4]
	[53241,3]
	[53203,2]
	[53248,5]
	[257,2]
	[53286,4]
	[53200,3]
	[53220,4]
	[53291,1]
	[54,2]
	[53259,2]
	[227,6]
	[53290,2]
	[53296,2]
	[53301,4]
	[53231,1]
	[53218,1]
	[53208,2]
	[53262,3]
	[53177,1]
	[256,1]
	[261,1]
	[53198,3]
	[53275,3]
	[53271,4]
	[53207,3]
	[53266,3]
	[53227,5]
	[216,1]
	[68,2]
	[259,2]
	[53187,2]
	[52479,1]
	[52471,1]
	[52511,1]
	[52541,1]
	[52577,1]
	[262,1]
	[52537,1]
	[52628,1]
	[52449,1]
	[52431,1]
	[52455,1]
	[52461,1]
	[52453,2]
	[52516,1]
	[52420,1]
	[52481,1]
	[52482,1]
	[506,1]
	[52536,1]
	[263,2]
	[52301,1]
	[53568,1]
	[53535,1]
	[566,1]
	[267,3]
	[265,2]
	[53343,2]
	[53239,5]
	[53307,3]
	[53292,1]
	[53312,1]
	[53348,2]
	[53258,4]
	[53349,2]
	[53255,3]
	[53324,1]
	[53337,4]
	[53367,1]
	[53268,4]
	[53288,2]
	[53284,2]
	[53388,2]
	[97,2]
	[53311,2]
	[53310,1]
	[53314,2]
	[53330,2]
	[53322,1]
	[66,1]
	[53252,3]
	[53265,1]
	[53308,2]
	[53316,2]
	[21,4]
	[53253,4]
	[53232,2]
	[53236,1]
	[154,1]
	[53181,1]
	[53270,2]
	[53315,1]
	[53350,1]
	[53193,1]
	[53222,2]
	[53319,2]
	[53240,2]
	[53282,2]
	[53229,2]
	[53273,1]
	[266,2]
	[52874,1]
	[52837,1]
	[52788,1]
	[52805,1]
	[52800,1]
	[52708,1]
	[52579,1]
	[52875,2]
	[52717,1]
	[52885,1]
	[52747,2]
	[52777,1]
	[52785,2]
	[52806,2]
	[52822,1]
	[52879,1]
	[52815,2]
	[53474,1]
	[53298,2]
	[53294,1]
	[53327,1]
	[53263,4]
	[53334,2]
	[235,1]
	[279,1]
	[53247,2]
	[53309,1]
	[53325,1]
	[53180,3]
	[53219,1]
	[53211,2]
	[277,2]
	[270,1]
	[431,1]
	[53267,2]
	[53230,1]
	[276,2]
	[24,9]
	[53233,2]
	[273,2]
	[53205,1]
	[53166,1]
	[285,1]
	[416,1]
	[53164,1]
	[53289,1]
	[254,1]
	[53105,1]
	[53133,1]
	[281,1]
	[52864,1]
	[52853,1]
	[52827,1]
	[52779,1]
	[52850,1]
	[52792,1]
	[52836,1]
	[52820,1]
	[52832,1]
	[52870,1]
	[52812,1]
	[52898,1]
	[283,1]
	[52704,1]
	[52733,1]
	[52755,2]
	[52873,1]
	[52789,2]
	[52723,1]
	[52732,1]
	[52724,1]
	[53387,1]
	[53381,3]
	[53254,1]
	[53362,2]
	[53352,1]
	[53355,2]
	[53354,1]
	[52726,1]
	[53331,1]
	[53249,1]
	[53346,1]
	[53287,1]
	[53186,1]
	[53403,3]
	[53303,1]
	[53409,1]
	[53245,2]
	[53297,2]
	[53299,1]
	[53173,1]
	[53306,1]
	[53217,1]
	[27,7]
	[53321,1]
	[53238,1]
	[53285,1]
	[52894,1]
	[52811,1]
	[52843,1]
	[52799,2]
	[52730,1]
	[52905,1]
	[52796,1]
	[52861,2]
	[52794,1]
	[52744,1]
	[52790,1]
	[52834,1]
	[52878,1]
	[52962,1]
	[52094,1]
	[52846,1]
	[52793,1]
	[52839,1]
	[53833,1]
	[53603,2]
	[53485,1]
	[53500,1]
	[53458,2]
	[53471,1]
	[53486,1]
	[53487,1]
	[53472,1]
	[53441,1]
	[53422,1]
	[53377,2]
	[53483,1]
	[53400,2]
	[53401,1]
	[53384,1]
	[53390,1]
	[298,1]
	[53425,1]
	[53438,1]
	[53482,2]
	[53436,4]
	[53421,1]
	[731,1]
	[53413,1]
	[53449,1]
	[53351,1]
	[53366,1]
	[53480,2]
	[53492,1]
	[53433,2]
	[53359,1]
	[53361,2]
	[53439,1]
	[912,1]
	[53466,1]
	[53453,1]
	[53360,1]
	[53370,1]
	[53375,3]
	[53392,1]
	[53341,1]
	[53372,1]
	[53419,1]
	[53416,1]
	[53415,1]
	[53379,1]
	[30,16]
	[53385,1]
	[53386,1]
	[53420,1]
	[53402,1]
	[53478,1]
	[53451,1]
	[53442,1]
	[53473,1]
	[52664,1]
	[52722,2]
	[52627,1]
	[52649,1]
	[52813,1]
	[52740,1]
	[52746,1]
	[305,1]
	[52588,1]
	[52756,2]
	[52821,1]
	[52769,1]
	[52728,1]
	[52818,1]
	[54045,1]
	[54146,1]
	[54043,1]
	[54108,1]
	[54207,1]
	[53713,1]
	[53690,1]
	[53612,2]
	[53619,1]
	[53627,3]
	[53652,1]
	[53640,1]
	[53655,1]
	[53711,1]
	[53649,1]
	[53720,1]
	[53576,1]
	[53642,2]
	[53670,2]
	[53600,3]
	[53605,2]
	[53653,2]
	[53668,1]
	[53665,2]
	[53625,1]
	[53551,1]
	[53638,2]
	[53734,1]
	[53704,1]
	[53590,2]
	[53633,1]
	[53722,2]
	[53671,1]
	[53684,1]
	[53673,2]
	[53680,1]
	[53575,1]
	[53659,1]
	[53586,1]
	[53565,1]
	[53622,1]
	[53664,1]
	[53524,1]
	[53602,1]
	[53509,1]
	[53518,1]
	[53573,2]
	[53641,1]
	[53719,1]
	[343,1]
	[53654,1]
	[53588,1]
	[53592,2]
	[53567,1]
	[53645,1]
	[53587,1]
	[53589,1]
	[53601,1]
	[53585,1]
	[53614,1]
	[53557,1]
	[53688,1]
	[53635,2]
	[53683,2]
	[53637,1]
	[53686,1]
	[53570,1]
	[53741,1]
	[53705,1]
	[53744,1]
	[53698,1]
	[53618,1]

1408,
	[188,4258]
	[3,1601]
	[190,2951]
	[95,16]
	[191,1485]
	[1,1468]
	[2,10945]
	[189,1667]
	[608,1]
	[4,237]
	[64,9]
	[443,2]
	[383,4]
	[539,2]
	[56353,1]
	[56413,1]
	[56404,1]
	[56036,1]
	[56072,1]
	[56052,1]
	[55794,1]
	[55868,1]
	[55842,1]
	[55555,1]
	[55604,1]
	[55332,1]
	[55301,1]
	[54990,1]
	[54516,1]
	[187,377]
	[54517,1]
	[292,3]
	[94,8]
	[53923,1]
	[53646,7]
	[53654,4]
	[53369,7]
	[-4370,5575]
	[459,2]
	[92,12]
	[837,3]
	[151,5]
	[650,1]
	[410,3]
	[72,6]
	[53011,17]
	[53059,16]
	[53082,15]
	[53009,17]
	[53015,13]
	[53056,19]
	[53068,18]
	[53071,13]
	[53065,16]
	[53005,14]
	[53023,16]
	[53032,15]
	[53033,16]
	[618,1]
	[53026,9]
	[53027,18]
	[53037,24]
	[53070,12]
	[181,42]
	[53067,11]
	[53047,17]
	[53091,7]
	[53052,12]
	[53095,5]
	[53045,18]
	[53077,16]
	[53076,16]
	[53084,7]
	[53117,9]
	[221,41]
	[53057,12]
	[53083,7]
	[52981,11]
	[332,6]
	[53010,19]
	[53006,17]
	[53080,10]
	[680,6]
	[53017,11]
	[53096,12]
	[53031,18]
	[53024,19]
	[261,6]
	[163,46]
	[52961,7]
	[52964,8]
	[66,10]
	[53002,12]
	[53058,22]
	[527,3]
	[347,3]
	[53007,15]
	[202,3]
	[389,7]
	[338,5]
	[161,32]
	[254,8]
	[168,28]
	[173,32]
	[220,3]
	[610,2]
	[900,2]
	[180,82]
	[52942,9]
	[52990,13]
	[53004,13]
	[52976,15]
	[118,8]
	[356,3]
	[255,5]
	[52967,18]
	[52979,20]
	[53019,22]
	[128,5]
	[52956,8]
	[52973,10]
	[52975,9]
	[52963,4]
	[134,7]
	[246,6]
	[136,3]
	[154,6]
	[119,7]
	[52996,14]
	[53008,14]
	[52994,7]
	[52957,11]
	[137,4]
	[52998,19]
	[93,10]
	[586,2]
	[124,4]
	[52983,14]
	[53064,13]
	[52991,17]
	[53029,10]
	[52931,6]
	[351,7]
	[222,19]
	[52938,8]
	[52950,5]
	[52999,17]
	[52970,9]
	[52917,5]
	[162,66]
	[141,4]
	[52916,3]
	[52923,4]
	[52936,5]
	[52924,1]
	[419,6]
	[366,6]
	[52947,5]
	[52984,12]
	[52969,16]
	[204,7]
	[52988,20]
	[52921,5]
	[52945,6]
	[145,7]
	[96,16]
	[414,6]
	[52939,6]
	[52935,8]
	[52905,3]
	[52949,10]
	[52960,8]
	[406,8]
	[125,5]
	[53001,13]
	[52971,15]
	[52974,7]
	[52928,2]
	[52918,4]
	[164,71]
	[52948,6]
	[52911,4]
	[52978,10]
	[53043,16]
	[301,3]
	[78,11]
	[467,1]
	[52959,12]
	[52955,7]
	[397,4]
	[357,4]
	[182,42]
	[112,10]
	[293,7]
	[148,6]
	[52932,5]
	[52900,3]
	[52909,3]
	[132,7]
	[52910,4]
	[52906,4]
	[52884,2]
	[52898,4]
	[52885,3]
	[631,3]
	[587,1]
	[52920,4]
	[52987,13]
	[52934,5]
	[61,17]
	[52958,8]
	[52989,8]
	[52944,8]
	[5,20]
	[52966,6]
	[52985,11]
	[52972,10]
	[52919,2]
	[52925,4]
	[52926,4]
	[52986,17]
	[290,3]
	[52965,12]
	[526,3]
	[52995,17]
	[197,3]
	[133,6]
	[639,2]
	[346,5]
	[52914,2]
	[426,4]
	[52922,5]
	[375,3]
	[52897,3]
	[53013,14]
	[53044,17]
	[53046,15]
	[57,7]
	[53109,7]
	[53112,11]
	[501,6]
	[53061,14]
	[53081,9]
	[53012,16]
	[794,2]
	[295,3]
	[53113,6]
	[53129,6]
	[53069,16]
	[53072,10]
	[53132,3]
	[53131,4]
	[143,3]
	[53048,13]
	[53085,10]
	[53105,12]
	[53034,15]
	[493,3]
	[53133,6]
	[53104,7]
	[53111,9]
	[53125,5]
	[53130,3]
	[477,6]
	[111,10]
	[53086,16]
	[531,3]
	[53063,13]
	[53018,18]
	[53079,12]
	[53042,15]
	[53060,4]
	[53049,15]
	[53128,7]
	[32,1]
	[53087,11]
	[53066,12]
	[753,1]
	[53073,16]
	[53053,16]
	[152,2]
	[53038,20]
	[53120,8]
	[53099,8]
	[53103,14]
	[53100,8]
	[1953,1]
	[166,36]
	[413,7]
	[2100,1]
	[174,36]
	[53041,14]
	[53074,20]
	[97,16]
	[834,1]
	[172,80]
	[53107,11]
	[53030,13]
	[53054,21]
	[219,19]
	[247,6]
	[53075,8]
	[53020,16]
	[53094,15]
	[886,1]
	[492,2]
	[2331,1]
	[121,10]
	[386,4]
	[335,4]
	[53036,7]
	[53092,9]
	[637,1]
	[52993,12]
	[149,4]
	[53035,15]
	[53028,15]
	[53101,8]
	[167,30]
	[53093,14]
	[831,1]
	[186,1523]
	[53140,5]
	[53078,7]
	[53089,8]
	[144,4]
	[53119,6]
	[53123,6]
	[425,4]
	[53139,11]
	[104,14]
	[53124,6]
	[53098,12]
	[53040,16]
	[158,79]
	[99,23]
	[54,7]
	[411,5]
	[156,96]
	[702,1]
	[238,4]
	[53090,13]
	[3477,1]
	[226,4]
	[308,4]
	[53055,10]
	[53121,10]
	[269,3]
	[667,2]
	[703,2]
	[79,10]
	[597,4]
	[53039,9]
	[53135,11]
	[53116,5]
	[53108,8]
	[257,3]
	[704,4]
	[472,2]
	[53159,8]
	[53062,7]
	[550,4]
	[390,7]
	[53106,8]
	[52367,3]
	[52371,3]
	[52356,1]
	[52401,4]
	[529,3]
	[52361,2]
	[52354,3]
	[511,2]
	[469,2]
	[52320,2]
	[52328,2]
	[52321,1]
	[52352,5]
	[146,2]
	[400,3]
	[52315,1]
	[52333,2]
	[52349,4]
	[52364,1]
	[52325,3]
	[52327,2]
	[52338,3]
	[52379,5]
	[52362,1]
	[52405,4]
	[52389,2]
	[52394,5]
	[192,9]
	[205,4]
	[372,3]
	[52306,2]
	[52346,2]
	[986,1]
	[52295,3]
	[478,2]
	[90,15]
	[179,36]
	[171,30]
	[98,25]
	[35,3]
	[52322,3]
	[52393,5]
	[52395,1]
	[52357,1]
	[52383,1]
	[52397,4]
	[157,110]
	[52366,3]
	[147,3]
	[52359,2]
	[52340,2]
	[52355,2]
	[52363,3]
	[52370,1]
	[52353,2]
	[52341,1]
	[52348,2]
	[438,4]
	[52334,3]
	[52376,3]
	[52302,2]
	[943,1]
	[46,8]
	[216,11]
	[107,19]
	[365,1]
	[382,9]
	[84,12]
	[463,4]
	[611,1]
	[135,3]
	[75,7]
	[471,3]
	[612,1]
	[52316,2]
	[52360,3]
	[52375,2]
	[91,10]
	[52430,3]
	[63,11]
	[230,2]
	[364,5]
	[370,3]
	[52230,3]
	[52258,2]
	[52243,1]
	[52301,1]
	[52251,2]
	[117,9]
	[52270,1]
	[52247,3]
	[591,3]
	[52279,2]
	[52262,1]
	[52254,2]
	[52417,2]
	[52381,1]
	[175,30]
	[52388,2]
	[52440,2]
	[52460,2]
	[52463,2]
	[52479,2]
	[52399,2]
	[52434,3]
	[52411,4]
	[52470,4]
	[52445,4]
	[52509,2]
	[178,54]
	[52380,2]
	[52459,4]
	[4027,1]
	[495,3]
	[812,1]
	[609,1]
	[159,7]
	[176,16]
	[53331,8]
	[53361,9]
	[53351,4]
	[53380,6]
	[53336,5]
	[53386,6]
	[53383,4]
	[53391,1]
	[53368,8]
	[53392,5]
	[53463,3]
	[53364,8]
	[627,1]
	[53382,4]
	[53370,5]
	[53387,5]
	[53384,7]
	[53339,9]
	[53343,8]
	[53414,4]
	[53403,2]
	[53362,7]
	[53385,4]
	[53355,12]
	[53404,6]
	[53460,2]
	[53016,17]
	[53051,15]
	[53000,12]
	[52951,4]
	[199,2]
	[52954,5]
	[55,11]
	[217,4]
	[123,7]
	[824,1]
	[53122,7]
	[686,3]
	[280,3]
	[170,49]
	[127,7]
	[53050,13]
	[458,3]
	[53014,15]
	[53025,12]
	[198,3]
	[274,4]
	[34,1]
	[789,1]
	[53021,18]
	[184,21]
	[206,6]
	[840,1]
	[53115,10]
	[583,1]
	[52980,10]
	[52992,10]
	[562,1]
	[623,2]
	[53022,11]
	[108,13]
	[327,3]
	[52997,10]
	[863,4]
	[299,3]
	[480,4]
	[376,7]
	[69,8]
	[52982,8]
	[114,11]
	[53097,12]
	[429,9]
	[349,8]
	[88,8]
	[278,3]
	[262,6]
	[6042,1]
	[228,7]
	[731,1]
	[48,10]
	[53003,11]
	[362,2]
	[150,3]
	[185,100]
	[215,3]
	[6447,1]
	[212,4]
	[282,5]
	[358,7]
	[485,2]
	[367,4]
	[223,8]
	[499,1]
	[106,13]
	[177,21]
	[271,3]
	[37,5]
	[103,13]
	[101,17]
	[52930,3]
	[464,5]
	[656,4]
	[917,2]
	[503,2]
	[53102,4]
	[568,9]
	[374,8]
	[160,33]
	[89,12]
	[490,2]
	[42,4]
	[632,3]
	[432,2]
	[393,6]
	[169,35]
	[355,4]
	[52946,4]
	[52940,3]
	[268,7]
	[466,2]
	[537,1]
	[7788,1]
	[100,10]
	[122,5]
	[45,2]
	[479,3]
	[52554,8]
	[52555,5]
	[52514,7]
	[52525,5]
	[52498,4]
	[52507,7]
	[259,4]
	[113,10]
	[52580,4]
	[52551,5]
	[52600,4]
	[52512,1]
	[52584,6]
	[52559,4]
	[52550,8]
	[52573,4]
	[52593,2]
	[52505,5]
	[52506,2]
	[52562,4]
	[52602,2]
	[52553,4]
	[379,3]
	[368,2]
	[52535,4]
	[52586,2]
	[52567,2]
	[52574,4]
	[509,3]
	[40,2]
	[52635,2]
	[52657,3]
	[52673,1]
	[58,14]
	[52591,4]
	[52601,4]
	[183,19]
	[715,4]
	[52521,4]
	[52539,3]
	[52513,6]
	[52569,7]
	[52510,3]
	[129,6]
	[52575,3]
	[52524,4]
	[52518,6]
	[52530,4]
	[52590,1]
	[52561,6]
	[267,1]
	[227,4]
	[344,2]
	[52469,3]
	[52482,5]
	[52451,2]
	[488,4]
	[388,6]
	[52486,3]
	[52466,2]
	[52474,1]
	[52523,4]
	[52487,6]
	[52542,7]
	[52499,2]
	[52485,3]
	[8184,1]
	[52595,5]
	[547,1]
	[52585,8]
	[52613,5]
	[52610,3]
	[604,2]
	[52537,7]
	[52566,5]
	[52568,3]
	[52596,4]
	[52665,2]
	[52647,1]
	[52570,2]
	[52481,7]
	[76,7]
	[52433,3]
	[52515,6]
	[52449,2]
	[52491,3]
	[52528,6]
	[52492,3]
	[52432,2]
	[52511,5]
	[52447,3]
	[52502,4]
	[52456,3]
	[403,4]
	[52453,2]
	[52495,4]
	[8373,1]
	[385,2]
	[52582,6]
	[52629,4]
	[841,1]
	[52548,3]
	[52598,5]
	[52608,2]
	[52540,5]
	[693,4]
	[52519,4]
	[52564,3]
	[52484,5]
	[354,3]
	[52476,2]
	[52529,4]
	[52538,5]
	[52533,3]
	[52468,3]
	[52503,4]
	[52592,3]
	[484,2]
	[630,1]
	[201,2]
	[53200,14]
	[304,3]
	[337,2]
	[320,1]
	[399,6]
	[494,1]
	[242,8]
	[233,2]
	[62,13]
	[52977,9]
	[342,8]
	[52915,5]
	[52879,5]
	[52889,2]
	[451,2]
	[326,2]
	[252,8]
	[74,7]
	[260,4]
	[195,2]
	[9984,1]
	[392,5]
	[456,1]
	[43,6]
	[716,1]
	[800,2]
	[263,4]
	[576,3]
	[52952,4]
	[487,1]
	[52901,2]
	[315,2]
	[53110,6]
	[116,5]
	[665,1]
	[538,4]
	[270,11]
	[289,1]
	[52891,1]
	[52912,5]
	[661,1]
	[662,1]
	[52968,5]
	[52929,2]
	[309,3]
	[109,9]
	[38,3]
	[39,5]
	[516,2]
	[473,3]
	[86,7]
	[710,2]
	[155,25]
	[405,3]
	[444,5]
	[52953,11]
	[581,3]
	[231,1]
	[52927,1]
	[47,11]
	[52895,2]
	[218,16]
	[87,5]
	[828,1]
	[589,3]
	[460,3]
	[52908,2]
	[52933,4]
	[52943,4]
	[52962,6]
	[52937,3]
	[52902,2]
	[52941,2]
	[115,8]
	[67,10]
	[902,1]
	[434,4]
	[102,14]
	[707,1]
	[11282,1]
	[288,4]
	[743,1]
	[839,2]
	[350,6]
	[249,5]
	[377,2]
	[736,1]
	[110,9]
	[11644,1]
	[241,2]
	[718,2]
	[85,11]
	[73,7]
	[727,1]
	[971,1]
	[428,1]
	[730,4]
	[52850,2]
	[52837,2]
	[52844,4]
	[165,26]
	[52856,1]
	[12086,1]
	[52817,6]
	[52833,5]
	[52831,5]
	[52779,2]
	[52812,5]
	[412,3]
	[52846,3]
	[52780,3]
	[424,2]
	[52861,3]
	[52813,1]
	[296,9]
	[52874,4]
	[52871,1]
	[52827,4]
	[52520,5]
	[52578,2]
	[445,2]
	[52488,4]
	[52544,2]
	[52552,3]
	[52527,2]
	[12262,1]
	[52467,2]
	[52497,4]
	[52522,4]
	[640,2]
	[541,4]
	[534,1]
	[52572,4]
	[52594,4]
	[52626,2]
	[52625,2]
	[52636,1]
	[120,8]
	[952,1]
	[52560,3]
	[52549,7]
	[80,6]
	[52534,3]
	[52501,5]
	[52517,3]
	[52490,1]
	[52496,1]
	[52597,2]
	[52633,2]
	[52588,2]
	[52603,1]
	[52577,4]
	[52589,3]
	[52587,4]
	[52641,1]
	[52581,3]
	[52611,1]
	[52622,1]
	[52526,3]
	[294,2]
	[49,7]
	[52571,2]
	[52624,2]
	[12648,1]
	[52628,2]
	[52644,3]
	[52655,2]
	[52621,1]
	[286,4]
	[52576,8]
	[52547,2]
	[52565,2]
	[52508,2]
	[52536,3]
	[52604,3]
	[621,3]
	[52504,2]
	[52532,2]
	[734,1]
	[52489,3]
	[52472,2]
	[52877,5]
	[813,1]
	[52882,6]
	[52868,3]
	[52843,4]
	[52883,1]
	[52907,2]
	[52890,1]
	[283,2]
	[52852,3]
	[52875,2]
	[52859,3]
	[52876,2]
	[52799,5]
	[52816,7]
	[52842,1]
	[52862,3]
	[52748,5]
	[52800,4]
	[52887,2]
	[52845,3]
	[52725,3]
	[52829,3]
	[52739,3]
	[13815,1]
	[629,3]
	[543,1]
	[13868,1]
	[893,1]
	[14015,1]
	[673,1]
	[343,2]
	[245,5]
	[825,1]
	[688,1]
	[275,5]
	[733,1]
	[684,1]
	[237,4]
	[447,2]
	[613,6]
	[422,3]
	[318,4]
	[748,1]
	[52,9]
	[695,2]
	[53,10]
	[387,4]
	[369,6]
	[41,4]
	[52786,4]
	[603,2]
	[50,8]
	[44,9]
	[236,4]
	[380,3]
	[360,2]
	[417,5]
	[815,1]
	[52772,2]
	[240,1]
	[203,3]
	[523,2]
	[694,1]
	[239,4]
	[302,3]
	[193,3]
	[572,2]
	[52541,1]
	[15770,1]
	[1018,2]
	[303,4]
	[82,13]
	[266,3]
	[105,7]
	[514,4]
	[83,10]
	[404,2]
	[449,1]
	[427,2]
	[232,4]
	[52583,5]
	[52493,4]
	[52480,1]
	[139,5]
	[52558,3]
	[52651,3]
	[52676,1]
	[668,1]
	[420,1]
	[452,3]
	[626,4]
	[70,7]
	[52630,1]
	[52623,1]
	[408,2]
	[52637,2]
	[814,1]
	[52494,5]
	[628,2]
	[52475,2]
	[52545,3]
	[52531,3]
	[52300,2]
	[52652,1]
	[52679,3]
	[52683,2]
	[52666,2]
	[52677,1]
	[52620,1]
	[52692,2]
	[52698,2]
	[52661,2]
	[52668,1]
	[52671,1]
	[52599,2]
	[52648,1]
	[52614,1]
	[658,1]
	[312,2]
	[52612,2]
	[52615,1]
	[71,10]
	[52543,3]
	[52294,3]
	[592,1]
	[720,1]
	[421,9]
	[52464,3]
	[52477,2]
	[52458,2]
	[53217,9]
	[53232,16]
	[497,1]
	[53248,15]
	[229,5]
	[306,1]
	[287,3]
	[53311,14]
	[53315,13]
	[953,1]
	[53366,6]
	[53341,7]
	[53349,8]
	[53348,9]
	[53410,3]
	[53298,11]
	[339,1]
	[285,4]
	[53148,10]
	[53151,6]
	[53178,6]
	[53224,15]
	[53185,7]
	[53158,5]
	[53141,2]
	[53138,6]
	[53161,2]
	[53152,7]
	[53146,14]
	[53190,9]
	[53162,6]
	[53196,8]
	[316,4]
	[200,2]
	[53149,6]
	[53127,8]
	[453,2]
	[965,1]
	[551,1]
	[518,1]
	[131,4]
	[53088,4]
	[701,3]
	[52718,2]
	[510,2]
	[53137,5]
	[153,2]
	[894,1]
	[578,3]
	[297,3]
	[775,1]
	[19282,1]
	[251,5]
	[672,2]
	[53142,6]
	[670,2]
	[53147,8]
	[53118,4]
	[53126,6]
	[359,2]
	[663,1]
	[81,10]
	[194,2]
	[19516,1]
	[378,3]
	[563,2]
	[855,1]
	[352,3]
	[515,3]
	[298,2]
	[972,1]
	[330,1]
	[654,3]
	[570,1]
	[901,1]
	[140,3]
	[56,8]
	[53134,5]
	[1025,1]
	[398,4]
	[739,2]
	[409,3]
	[394,2]
	[607,1]
	[505,1]
	[21229,1]
	[68,5]
	[52329,1]
	[52350,2]
	[52392,5]
	[52297,3]
	[52335,2]
	[52339,2]
	[52332,1]
	[52314,1]
	[384,2]
	[52443,3]
	[214,2]
	[52400,2]
	[52358,1]
	[52385,4]
	[52404,3]
	[569,1]
	[454,2]
	[52413,2]
	[52425,1]
	[52396,1]
	[234,4]
	[21201,1]
	[52310,3]
	[52330,1]
	[52351,2]
	[77,7]
	[622,3]
	[52444,2]
	[52343,2]
	[52416,1]
	[52409,1]
	[52369,3]
	[52382,1]
	[52448,1]
	[52414,1]
	[52403,2]
	[52387,2]
	[643,2]
	[52457,1]
	[923,1]
	[52378,2]
	[52455,1]
	[396,3]
	[677,1]
	[751,1]
	[557,1]
	[785,2]
	[52390,2]
	[52406,2]
	[52437,2]
	[52429,3]
	[52462,3]
	[52420,2]
	[52427,4]
	[52442,2]
	[52398,2]
	[52438,3]
	[52313,1]
	[52292,1]
	[52345,1]
	[52305,1]
	[52324,1]
	[669,2]
	[52319,2]
	[52391,2]
	[196,3]
	[52431,1]
	[52471,1]
	[52421,4]
	[52408,1]
	[52435,1]
	[52452,4]
	[52410,2]
	[52289,2]
	[52276,3]
	[52296,2]
	[52374,1]
	[52386,2]
	[52307,1]
	[52347,1]
	[988,1]
	[52331,1]
	[52384,1]
	[52419,2]
	[52454,1]
	[52412,1]
	[126,4]
	[52288,2]
	[52377,2]
	[52337,2]
	[52323,2]
	[52422,1]
	[53352,4]
	[590,3]
	[53373,5]
	[53412,4]
	[53446,3]
	[53443,4]
	[53472,2]
	[431,4]
	[53179,8]
	[53239,13]
	[53223,12]
	[53236,18]
	[53216,14]
	[53253,17]
	[53278,11]
	[53210,10]
	[53274,12]
	[53174,10]
	[53198,6]
	[53195,10]
	[53182,8]
	[53172,3]
	[53194,4]
	[53245,14]
	[53226,7]
	[53214,14]
	[53215,13]
	[53155,4]
	[53164,2]
	[53231,17]
	[53211,7]
	[53238,15]
	[53213,8]
	[53246,19]
	[647,2]
	[671,4]
	[595,2]
	[314,3]
	[23160,1]
	[53114,6]
	[53157,6]
	[435,1]
	[53170,5]
	[53176,7]
	[53244,12]
	[53171,5]
	[53183,8]
	[253,2]
	[53150,8]
	[53203,11]
	[53145,3]
	[53143,4]
	[558,3]
	[53165,6]
	[348,2]
	[53136,2]
	[207,2]
	[23924,1]
	[208,3]
	[53201,13]
	[53181,5]
	[53191,5]
	[53188,6]
	[53206,9]
	[53144,2]
	[53180,6]
	[53193,12]
	[53156,3]
	[53187,8]
	[53186,7]
	[53173,2]
	[53219,16]
	[512,1]
	[53218,9]
	[53154,4]
	[696,1]
	[506,5]
	[53184,2]
	[598,2]
	[284,2]
	[53168,1]
	[437,3]
	[533,2]
	[53205,10]
	[248,6]
	[53208,9]
	[507,1]
	[53177,4]
	[53160,1]
	[53167,5]
	[517,1]
	[932,1]
	[973,1]
	[462,2]
	[430,1]
	[53166,3]
	[660,3]
	[25582,1]
	[555,2]
	[324,6]
	[25518,1]
	[60,8]
	[436,1]
	[53169,8]
	[52193,2]
	[52204,2]
	[52208,1]
	[52233,4]
	[52211,2]
	[52180,4]
	[52171,1]
	[52213,3]
	[52232,3]
	[52236,5]
	[52141,4]
	[52162,1]
	[52174,2]
	[52177,2]
	[52158,3]
	[52184,2]
	[52229,2]
	[768,2]
	[52186,1]
	[52188,5]
	[52196,1]
	[52207,3]
	[52225,4]
	[52266,1]
	[52228,1]
	[52206,1]
	[52246,2]
	[52268,1]
	[52241,1]
	[52202,3]
	[52210,1]
	[52152,1]
	[300,3]
	[341,1]
	[52142,1]
	[52154,2]
	[52187,1]
	[52256,1]
	[52197,2]
	[52271,3]
	[52291,1]
	[52231,1]
	[52267,2]
	[361,4]
	[52249,3]
	[52290,1]
	[52215,3]
	[52259,1]
	[52299,2]
	[52172,1]
	[52164,1]
	[52166,2]
	[52159,1]
	[52169,1]
	[52155,3]
	[52218,2]
	[52176,1]
	[52131,1]
	[52212,1]
	[52191,2]
	[52148,1]
	[52195,1]
	[52280,1]
	[52242,1]
	[52198,1]
	[52235,1]
	[525,3]
	[52309,1]
	[52199,2]
	[52263,1]
	[52261,1]
	[52234,1]
	[52298,1]
	[52201,1]
	[52156,1]
	[52146,1]
	[52183,2]
	[52173,1]
	[52182,1]
	[52132,1]
	[52227,2]
	[712,1]
	[52226,1]
	[52127,1]
	[52122,1]
	[52282,1]
	[52281,1]
	[52205,1]
	[52303,1]
	[52318,1]
	[52264,1]
	[52255,1]
	[52181,1]
	[52216,1]
	[52240,1]
	[52175,1]
	[340,1]
	[52185,1]
	[52170,1]
	[52138,1]
	[52150,1]
	[52209,1]
	[461,2]
	[52222,1]
	[565,3]
	[256,2]
	[719,1]
	[53742,1]
	[566,2]
	[53774,2]
	[53834,1]
	[53885,1]
	[53826,1]
	[53881,1]
	[53922,1]
	[53892,1]
	[53941,1]
	[53891,1]
	[53905,1]
	[698,1]
	[53924,1]
	[53959,1]
	[53967,1]
	[53942,1]
	[53512,1]
	[53539,1]
	[53590,4]
	[53598,7]
	[333,1]
	[53566,4]
	[53430,8]
	[53455,5]
	[53498,1]
	[53397,3]
	[53300,11]
	[53357,5]
	[53324,14]
	[53367,8]
	[53290,13]
	[53323,12]
	[53237,11]
	[53260,13]
	[53234,15]
	[53255,24]
	[53259,18]
	[53292,10]
	[53199,5]
	[53291,16]
	[53342,12]
	[732,2]
	[53270,15]
	[53330,10]
	[53299,13]
	[53353,6]
	[53280,13]
	[53295,17]
	[53305,13]
	[53347,5]
	[53258,15]
	[53281,15]
	[402,3]
	[53277,14]
	[53316,6]
	[53276,16]
	[53282,11]
	[53294,7]
	[53225,11]
	[53204,7]
	[53241,12]
	[53265,14]
	[53252,15]
	[53262,5]
	[53221,9]
	[53307,7]
	[381,4]
	[53263,17]
	[53251,13]
	[53212,6]
	[53249,10]
	[53296,13]
	[53266,18]
	[53318,10]
	[53268,11]
	[53289,13]
	[53250,8]
	[53269,8]
	[28167,1]
	[53243,11]
	[606,3]
	[633,2]
	[53312,9]
	[53233,15]
	[53272,15]
	[53220,9]
	[53207,5]
	[53230,8]
	[1086,1]
	[780,1]
	[53273,8]
	[53227,14]
	[53247,12]
	[942,1]
	[53275,18]
	[53287,12]
	[213,5]
	[28563,1]
	[53306,8]
	[53163,4]
	[53264,15]
	[53229,9]
	[927,1]
	[1097,2]
	[53209,5]
	[53242,9]
	[53313,9]
	[53338,6]
	[53319,6]
	[373,1]
	[448,2]
	[28737,1]
	[53257,14]
	[53271,17]
	[28748,1]
	[53303,18]
	[28936,1]
	[53297,12]
	[53222,7]
	[925,1]
	[53325,5]
	[28913,1]
	[53334,7]
	[243,1]
	[53288,17]
	[53240,14]
	[524,2]
	[53308,9]
	[1081,1]
	[317,3]
	[53293,19]
	[53337,7]
	[51,9]
	[29511,1]
	[53254,11]
	[53283,17]
	[53317,6]
	[53314,14]
	[53284,14]
	[53310,6]
	[648,2]
	[53322,7]
	[439,4]
	[455,1]
	[1129,1]
	[723,1]
	[130,1]
	[441,2]
	[53279,13]
	[542,1]
	[53286,11]
	[53309,7]
	[844,1]
	[708,3]
	[401,1]
	[582,1]
	[53256,12]
	[53301,9]
	[745,1]
	[53320,7]
	[30895,1]
	[52556,1]
	[52607,2]
	[52516,1]
	[52415,1]
	[52450,2]
	[52439,1]
	[52563,2]
	[138,2]
	[52546,2]
	[52579,2]
	[52426,1]
	[52478,1]
	[52473,2]
	[52606,1]
	[548,2]
	[52424,1]
	[588,1]
	[264,3]
	[209,2]
	[53545,1]
	[53516,1]
	[53527,1]
	[53513,1]
	[53517,2]
	[53543,1]
	[53592,7]
	[53530,1]
	[53509,2]
	[53570,4]
	[53619,5]
	[53533,2]
	[1105,1]
	[53328,10]
	[53345,3]
	[53326,5]
	[53335,5]
	[53363,7]
	[53340,8]
	[53350,6]
	[53346,6]
	[53344,3]
	[53329,6]
	[835,1]
	[1014,2]
	[53192,3]
	[276,1]
	[53327,12]
	[53321,7]
	[53378,3]
	[53389,4]
	[53267,8]
	[53359,2]
	[722,1]
	[53261,21]
	[882,1]
	[53365,3]
	[53394,7]
	[1058,1]
	[53333,5]
	[311,2]
	[651,2]
	[65,5]
	[53388,3]
	[53374,6]
	[53354,3]
	[33936,1]
	[53360,4]
	[53285,12]
	[770,1]
	[574,2]
	[53332,2]
	[53381,2]
	[561,1]
	[746,1]
	[34629,1]
	[53228,8]
	[560,1]
	[475,1]
	[53235,7]
	[53358,5]
	[52680,1]
	[52727,1]
	[52697,3]
	[52744,2]
	[52735,2]
	[52733,2]
	[52781,4]
	[52694,2]
	[52797,7]
	[52805,2]
	[52703,1]
	[52798,4]
	[52810,2]
	[52824,2]
	[52726,2]
	[52756,5]
	[52765,3]
	[52767,2]
	[52826,4]
	[489,1]
	[888,1]
	[52734,3]
	[52750,5]
	[52754,5]
	[52782,3]
	[52728,3]
	[52773,3]
	[52791,3]
	[52839,3]
	[52793,4]
	[52821,4]
	[1040,1]
	[52825,4]
	[52841,4]
	[52819,2]
	[52803,4]
	[52808,4]
	[52715,4]
	[52751,2]
	[52711,3]
	[52746,3]
	[52788,3]
	[52878,1]
	[52835,1]
	[52848,1]
	[52872,4]
	[52853,2]
	[52830,4]
	[52836,1]
	[52815,3]
	[52802,7]
	[52790,2]
	[52806,1]
	[52743,3]
	[52771,1]
	[52757,2]
	[52823,2]
	[52774,3]
	[52719,3]
	[52722,3]
	[52809,3]
	[52818,1]
	[52753,3]
	[52801,2]
	[52723,1]
	[52783,3]
	[52747,2]
	[52761,2]
	[52737,3]
	[52796,2]
	[446,3]
	[52707,1]
	[52860,3]
	[52866,3]
	[36442,1]
	[52794,3]
	[52840,2]
	[754,1]
	[52787,8]
	[52880,1]
	[52858,1]
	[52822,5]
	[52857,2]
	[52752,4]
	[52762,5]
	[52742,4]
	[53423,6]
	[53436,6]
	[53481,1]
	[53445,3]
	[53418,2]
	[53492,1]
	[53514,2]
	[1102,1]
	[53489,2]
	[53402,5]
	[53420,3]
	[53433,2]
	[53461,2]
	[53425,5]
	[53429,3]
	[738,1]
	[423,1]
	[657,2]
	[1029,1]
	[579,2]
	[773,1]
	[1054,1]
	[913,1]
	[1181,1]
	[1173,1]
	[528,1]
	[418,4]
	[797,1]
	[53189,5]
	[755,2]
	[53202,4]
	[692,1]
	[500,2]
	[496,2]
	[53153,2]
	[53175,3]
	[599,1]
	[322,1]
	[53302,3]
	[482,1]
	[52107,1]
	[600,1]
	[759,1]
	[691,1]
	[724,1]
	[476,1]
	[279,2]
	[689,1]
	[40168,1]
	[52770,3]
	[513,1]
	[52745,1]
	[52736,4]
	[52776,4]
	[52834,2]
	[52838,2]
	[52795,2]
	[52768,3]
	[291,1]
	[52869,4]
	[52792,3]
	[52804,2]
	[52784,2]
	[52881,2]
	[235,1]
	[52854,1]
	[52896,1]
	[674,2]
	[52820,2]
	[52851,2]
	[52847,1]
	[52775,3]
	[52764,4]
	[52732,3]
	[52777,1]
	[638,1]
	[52701,3]
	[52720,3]
	[52738,2]
	[40511,1]
	[52730,5]
	[52740,2]
	[52807,1]
	[52832,2]
	[717,1]
	[52789,2]
	[52749,2]
	[52769,2]
	[52899,2]
	[51986,1]
	[564,1]
	[737,1]
	[52785,1]
	[949,1]
	[52704,1]
	[52729,1]
	[52758,2]
	[52706,1]
	[52759,1]
	[52755,1]
	[319,1]
	[53428,3]
	[53399,1]
	[53371,5]
	[53376,9]
	[53407,6]
	[416,1]
	[974,1]
	[1139,1]
	[53409,3]
	[486,1]
	[53304,7]
	[940,1]
	[277,2]
	[42308,1]
	[42282,1]
	[53372,4]
	[491,1]
	[331,1]
	[42803,1]
	[53197,2]
	[1125,1]
	[867,1]
	[43466,1]
	[521,4]
	[822,1]
	[711,1]
	[1126,1]
	[1191,1]
	[683,1]
	[641,1]
	[624,2]
	[546,1]
	[52855,4]
	[573,2]
	[52814,3]
	[52867,1]
	[52828,2]
	[44487,1]
	[778,1]
	[52766,1]
	[59,9]
	[536,1]
	[645,1]
	[44769,1]
	[52741,2]
	[52760,3]
	[52849,2]
	[468,1]
	[52904,1]
	[52865,1]
	[653,1]
	[52894,1]
	[52888,1]
	[52913,1]
	[502,1]
	[906,1]
	[46326,1]
	[53851,1]
	[53862,1]
	[53883,1]
	[53904,1]
	[53863,1]
	[53877,1]
	[53918,1]
	[53907,1]
	[53899,1]
	[53723,1]
	[53736,1]
	[53754,1]
	[53747,1]
	[53756,2]
	[53479,5]
	[53525,1]
	[53576,4]
	[53526,1]
	[53603,4]
	[53553,1]
	[53552,3]
	[53578,4]
	[53434,8]
	[53449,3]
	[53442,1]
	[53466,4]
	[53518,1]
	[545,2]
	[53528,1]
	[53470,4]
	[53519,1]
	[53473,2]
	[53398,3]
	[53422,2]
	[46183,1]
	[53444,2]
	[549,1]
	[53377,3]
	[53427,4]
	[53484,1]
	[53485,3]
	[53454,3]
	[53503,1]
	[53476,2]
	[53480,1]
	[53465,2]
	[53419,3]
	[53475,2]
	[53495,1]
	[53405,6]
	[53393,7]
	[53406,1]
	[53416,4]
	[53456,2]
	[53487,1]
	[53411,4]
	[53379,3]
	[53490,2]
	[53499,1]
	[53459,3]
	[53438,5]
	[46508,1]
	[53441,3]
	[53400,2]
	[53483,1]
	[250,2]
	[1116,1]
	[53467,3]
	[53413,4]
	[53474,1]
	[53426,5]
	[53488,1]
	[53432,6]
	[53478,3]
	[53435,6]
	[53450,1]
	[53477,1]
	[53417,2]
	[53356,4]
	[53457,1]
	[53424,1]
	[53375,3]
	[53464,2]
	[53408,4]
	[53451,3]
	[605,2]
	[646,1]
	[465,1]
	[442,2]
	[53447,4]
	[53401,1]
	[53439,3]
	[53415,2]
	[53448,3]
	[53471,1]
	[53431,3]
	[793,1]
	[53453,1]
	[53469,1]
	[211,1]
	[53437,4]
	[53440,2]
	[258,1]
	[936,1]
	[53390,3]
	[440,1]
	[48390,1]
	[725,1]
	[977,1]
	[53421,1]
	[48682,1]
	[53486,1]
	[52709,1]
	[52670,1]
	[52684,2]
	[52714,1]
	[52716,2]
	[52710,2]
	[52712,1]
	[52658,1]
	[52642,1]
	[636,1]
	[49410,1]
	[52778,1]
	[52731,2]
	[52708,1]
	[49569,1]
	[788,1]
	[52654,1]
	[52705,2]
	[52721,2]
	[772,1]
	[52811,1]
	[52700,1]
	[52717,1]
	[53704,1]
	[53734,2]
	[53745,2]
	[53776,1]
	[53658,6]
	[53663,6]
	[53686,2]
	[53692,2]
	[53716,3]
	[53824,1]
	[53876,1]
	[53976,1]
	[54059,1]
	[54118,1]
	[54064,1]
	[54074,1]
	[54240,1]
	[54265,1]
	[54293,1]
	[54196,1]
	[54173,1]
	[54137,1]
	[54124,1]
	[54131,1]
	[54175,1]
	[54050,1]
	[53854,1]
	[53770,1]
	[53786,1]
	[53873,1]
	[53768,1]
	[596,1]
	[53690,5]
	[53683,3]
	[53699,1]
	[53638,7]
	[53662,4]
	[53642,6]
	[53653,5]
	[53709,1]
	[53613,3]
	[53628,2]
	[53637,4]
	[53698,1]
	[53701,1]
	[53677,2]
	[53591,6]
	[53604,2]
	[53660,6]
	[53705,5]
	[675,1]
	[53717,2]
	[53652,5]
	[53664,3]
	[244,1]
	[53589,3]
	[53678,5]
	[53616,4]
	[53708,2]
	[53645,9]
	[53633,3]
	[53671,4]
	[53679,3]
	[53672,5]
	[909,1]
	[53680,4]
	[53689,3]
	[51250,1]
	[53610,5]
	[53612,2]
	[53648,3]
	[53562,4]
	[53617,3]
	[53585,5]
	[53632,7]
	[53564,2]
	[53620,4]
	[53626,2]
	[53625,2]
	[53593,4]
	[53623,6]
	[53594,5]
	[53636,7]
	[53669,5]
	[53595,6]
	[53627,7]
	[53676,5]
	[53656,5]
	[53668,5]
	[53622,5]
	[53644,2]
	[53682,3]
	[53621,3]
	[53600,5]
	[53666,6]
	[415,1]
	[53586,1]
	[53655,2]
	[53561,3]
	[53563,3]
	[53567,1]
	[53661,3]
	[53558,3]
	[53556,3]
	[53579,6]
	[53549,1]
	[53557,2]
	[980,1]
	[821,1]
	[53568,1]
	[53588,4]
	[53596,6]
	[53602,2]
	[53544,1]
	[53615,3]
	[51654,1]
	[963,1]
	[53631,2]
	[53641,6]
	[53609,2]
	[53681,4]
	[53673,1]
	[53674,8]
	[53712,1]
	[53702,1]
	[51830,1]
	[53601,5]
	[53569,4]
	[53667,4]
	[53605,5]
	[53608,2]
	[53582,2]
	[761,1]
	[53614,2]
	[625,1]
	[652,1]
	[53587,2]
	[709,1]
	[522,1]
	[51994,1]
	[53629,4]
	[53659,2]
	[765,1]
	[53630,3]
	[804,1]
	[53606,3]
	[53597,4]
	[53559,4]
	[53607,4]
	[53647,2]
	[53720,1]
	[53685,1]
	[53550,1]
	[53537,1]
	[53547,2]
	[53508,1]
	[328,1]
	[829,1]
	[53548,1]
	[53651,2]
	[53611,6]
	[53665,3]
	[791,1]
	[53551,2]
	[53643,2]
	[53650,3]
	[53501,1]
	[53635,2]
	[53580,1]
	[53555,1]
	[53575,1]
	[53618,2]
	[53639,2]
	[53554,1]
	[53546,1]
	[53634,3]
	[53691,3]
	[53694,1]
	[53710,2]
	[53670,3]
	[53571,1]
	[53572,1]
	[53657,3]
	[281,1]
	[53584,1]
	[53684,2]
	[53573,1]
	[53688,1]
	[53675,2]
	[553,1]
	[53703,1]
	[615,1]
	[53693,1]
	[53729,1]
	[53727,1]
	[53707,3]
	[53721,1]
	[53715,1]
	[53640,1]
	[53737,2]
	[53696,1]
	[53733,1]
	[53726,1]
	[53731,1]
	[53687,1]
	[363,1]

len(carl_order):
64
Printing carl assignment order:
1412,2,0.3347571828121027
1408,2,0.14670842689989363
1412,4,0.07611631972032416
1416,2,0.059573495508386996
1408,3,0.0522758440540717
1408,4,0.008165374677002584
1416,197,0.004186303987741546
1412,6,0.0039497307001795335
1412,31,0.003205032200089861
1408,191,0.0028058532200118573
1412,56,0.002068832793405395
1412,61,0.0018237586006797646
1416,228,0.001624105220718562
1412,65,0.0015660889538525787
1412,94,0.0015193981413187787
1412,96,0.0013166556945358788
1412,107,0.001043422425555823
1412,237,0.0006542121466554716
1408,192,0.0006368976010190362
1412,250,0.0006364419153157875
1412,267,0.0006065857885615251
1408,223,0.0004310384357890296
1412,277,0.00034631177954781576
1408,270,0.00027490290091670137
1412,285,0.0002482005460412013
1408,429,0.00022770320884938315
1408,431,0.00018847299182027215
1408,446,0.00018120136505028338
1408,464,0.0001556086400645986
1408,480,0.00015179977609533027
1408,529,0.00013693407713434322
1408,633,0.00011767309230825022
1408,680,0.00010241162867525602
1408,718,9.232435803796377e-05
1416,442,8.183572993751299e-05
1408,739,7.817356765550025e-05
1416,699,5.638970367573742e-05
1416,923,5.15429654273447e-05
1412,305,4.971043670618646e-05
1408,755,4.402377283733216e-05
1408,841,3.920835593892615e-05
1408,844,2.618897967735177e-05
1412,343,2.618657937806874e-05
1416,1011,2.6065424214779097e-05
1408,980,2.2562511172781975e-05
1416,1101,2.198804559611365e-05
1408,988,1.9704045240487873e-05
1412,431,1.6983887951629888e-05
1416,1105,1.59846547314578e-05
1412,950,1.541993296184145e-05
1408,1029,1.1536908493087469e-05
1416,54035,1.1101193160859262e-05
1408,53976,1.0678504976520655e-05
1412,54207,1.0584320702548233e-05
1408,54175,8.970621215519174e-06
1408,54196,8.511000468105025e-06
1416,54075,7.575011551892616e-06
1408,54293,5.5295767846248274e-06
1412,54457,4.540295119182747e-06
1416,54314,3.8051653851715243e-06
1408,54517,1.5969555639129564e-06
1408,56413,1.3221794276814128e-06
1416,56263,1.090231957751331e-06
1412,56520,5.508306526241572e-07
bin_width: 5308197
assigning lease 2 to address 1412
Average Cache Occupancy Per Bin: [0.19,0.18,0.19,0.18,0.19]
Total cost: 1012992.0
assigning lease 2 to address 1408
Average Cache Occupancy Per Bin: [0.99,1.00,1.01,1.00,1.01]
Total cost: 5281536.0
assigning lease 4 to address 1412
Average Cache Occupancy Per Bin: [1.05,1.06,1.07,1.06,1.07]
Total cost: 5594624.0
assigning lease 2 to address 1416
Average Cache Occupancy Per Bin: [2.03,2.04,2.04,2.03,2.03]
Total cost: 10793472.0
assigning lease 3 to address 1408
Average Cache Occupancy Per Bin: [2.32,2.33,2.34,2.33,2.33]
Total cost: 12324864.0
assigning lease 4 to address 1408
Average Cache Occupancy Per Bin: [2.59,2.61,2.62,2.61,2.61]
Total cost: 13792768.0
assigning lease 197 to address 1416
Average Cache Occupancy Per Bin: [66.1,64.4,65.1,64.2,64.7]
Total cost: 351295488.0
assigning lease 6 to address 1412
Average Cache Occupancy Per Bin: [66.2,64.4,65.2,64.3,64.7]
Total cost: 351577600.0
assigning lease 31 to address 1412
Average Cache Occupancy Per Bin: [66.8,65.1,65.8,64.9,65.4]
Total cost: 355010304.0
assigning lease 191 to address 1408
Average Cache Occupancy Per Bin: [116.,116.,116.,115.,115.]
Total cost: 620363776.0
assigning lease 56 to address 1412
Average Cache Occupancy Per Bin: [117.,116.,117.,115.,116.]
Total cost: 623588608.0
assigning lease 61 to address 1412
Average Cache Occupancy Per Bin: [117.,116.,117.,115.,116.]
Total cost: 624222208.0
assigning lease 228 to address 1416
Average Cache Occupancy Per Bin: [122.,121.,122.,120.,121.]
Total cost: 652124160.0
assigning lease 65 to address 1412
Average Cache Occupancy Per Bin: [122.,121.,122.,121.,121.]
Total cost: 652628992.0
assigning lease 94 to address 1412
Average Cache Occupancy Per Bin: [123.,122.,123.,121.,122.]
Total cost: 656201984.0
assigning lease 96 to address 1412
Average Cache Occupancy Per Bin: [123.,122.,123.,121.,122.]
Total cost: 656442368.0
assigning lease 107 to address 1412
Average Cache Occupancy Per Bin: [123.,122.,123.,121.,122.]
Total cost: 657760512.0
assigning lease 237 to address 1412
Average Cache Occupancy Per Bin: [126.,125.,126.,124.,125.]
Total cost: 672331776.0
assigning lease 192 to address 1408
Average Cache Occupancy Per Bin: [126.,125.,126.,124.,125.]
Total cost: 673046784.0
assigning lease 250 to address 1412
Average Cache Occupancy Per Bin: [127.,125.,126.,124.,125.]
Total cost: 674334720.0
assigning lease 267 to address 1412
Average Cache Occupancy Per Bin: [127.,126.,126.,125.,126.]
Total cost: 676018944.0
assigning lease 223 to address 1408
Average Cache Occupancy Per Bin: [131.,130.,131.,129.,130.]
Total cost: 698088960.0
assigning lease 277 to address 1412
Average Cache Occupancy Per Bin: [131.,130.,131.,129.,130.]
Total cost: 699079680.0
assigning lease 270 to address 1408
Average Cache Occupancy Per Bin: [137.,136.,137.,135.,136.]
Total cost: 731909120.0
assigning lease 285 to address 1412
Average Cache Occupancy Per Bin: [138.,137.,137.,136.,136.]
Total cost: 732701696.0
assigning lease 429 to address 1408
Average Cache Occupancy Per Bin: [158.,157.,159.,156.,157.]
Total cost: 841355776.0
assigning lease 431 to address 1408
Average Cache Occupancy Per Bin: [158.,158.,159.,157.,157.]
Total cost: 842695168.0
assigning lease 446 to address 1408
Average Cache Occupancy Per Bin: [160.,159.,161.,159.,159.]
Total cost: 852731392.0
assigning lease 464 to address 1408
Average Cache Occupancy Per Bin: [162.,162.,163.,161.,161.]
Total cost: 864754176.0
assigning lease 480 to address 1408
Average Cache Occupancy Per Bin: [164.,164.,165.,163.,163.]
Total cost: 875402752.0
assigning lease 529 to address 1408
Average Cache Occupancy Per Bin: [171.,170.,172.,169.,169.]
Total cost: 907806208.0
assigning lease 633 to address 1408
Average Cache Occupancy Per Bin: [183.,183.,185.,182.,182.]
Total cost: 976039168.0
assigning lease 680 to address 1408
Average Cache Occupancy Per Bin: [189.,189.,191.,188.,188.]
Total cost: 1006610176.0
assigning lease 718 to address 1408
Average Cache Occupancy Per Bin: [194.,193.,196.,193.,193.]
Total cost: 1031233536.0
assigning lease 442 to address 1416
Average Cache Occupancy Per Bin: [229.,227.,229.,226.,226.]
Total cost: 1216662528.0
assigning lease 739 to address 1408
Average Cache Occupancy Per Bin: [231.,230.,232.,229.,229.]
Total cost: 1230245632.0
assigning lease 699 to address 1416
Average Cache Occupancy Per Bin: [273.,269.,272.,268.,268.]
Total cost: 1449197312.0
assigning lease 923 to address 1416
Average Cache Occupancy Per Bin: [308.,304.,306.,301.,302.]
Total cost: 1637779200.0
assigning lease 305 to address 1412
Average Cache Occupancy Per Bin: [308.,304.,306.,302.,302.]
Total cost: 1639760640.0
assigning lease 755 to address 1408
Average Cache Occupancy Per Bin: [310.,306.,308.,304.,304.]
Total cost: 1650106624.0
assigning lease 841 to address 1408
Average Cache Occupancy Per Bin: [321.,316.,319.,314.,315.]
Total cost: 1705643776.0
assigning lease 844 to address 1408
Average Cache Occupancy Per Bin: [321.,317.,319.,315.,315.]
Total cost: 1707575296.0
assigning lease 343 to address 1412
Average Cache Occupancy Per Bin: [322.,317.,320.,315.,316.]
Total cost: 1711340032.0
assigning lease 1011 to address 1416
Average Cache Occupancy Per Bin: [336.,331.,333.,329.,329.]
Total cost: 1784398336.0
assigning lease 980 to address 1408
Average Cache Occupancy Per Bin: [352.,347.,351.,345.,346.]
Total cost: 1871860480.0
assigning lease 1101 to address 1416
Average Cache Occupancy Per Bin: [366.,361.,364.,359.,359.]
Total cost: 1946523136.0
assigning lease 988 to address 1408
Average Cache Occupancy Per Bin: [367.,362.,365.,360.,360.]
Total cost: 1951663104.0
assigning lease 431 to address 1412
Average Cache Occupancy Per Bin: [369.,363.,367.,361.,362.]
Total cost: 1960381440.0
assigning lease 1105 to address 1416
Average Cache Occupancy Per Bin: [369.,364.,367.,362.,363.]
Total cost: 1963689984.0
assigning lease 950 to address 1412
Average Cache Occupancy Per Bin: [379.,373.,378.,371.,374.]
Total cost: 2014910976.0
assigning lease 1029 to address 1408
Average Cache Occupancy Per Bin: [384.,378.,383.,376.,379.]
Total cost: 2041245440.0
addr: 1416 ri: 54035
bin target: 2717796864
	bin: 0.0 current capacity: 384.5459089027781  avg impact: 8141.802375458183
	bin: 1.0 current capacity: 378.7173987702416  avg impact: 7794.9997289098355
	bin: 2.0 current capacity: 383.1883586837489  avg impact: 7849.067449456002
	bin: 3.0 current capacity: 376.78632952017415  avg impact: 7738.121417875033
	bin: 4.0 current capacity: 379.5427607528507  avg impact: 7740.1057300623925
num_full_bins: 0
printing bin ranks sorted:
	bin: 0.0 rank: 0.01565428454532457
	selecting this^ bin
	bin: 2.0 rank: 0.016411075856556524
	bin: 1.0 rank: 0.017098474132775703
	bin: 4.0 rank: 0.017113104635339594
	bin: 3.0 rank: 0.01747370752899828
acceptable_ratio: 0.01565428454532457
Assigning 1416 dual lease lease 54035 * 0.01565428454532457. Bin saturation: [512.,500.,506.,497.,500.]
addr: 1408 ri: 53976
bin target: 2717796864
	bin: 0.0 current capacity: 512.0  avg impact: 6318.572016826052
	bin: 1.0 current capacity: 500.742542557324  avg impact: 6336.37362893653
	bin: 2.0 current capacity: 506.0598939529782  avg impact: 6508.579421600216
	bin: 3.0 current capacity: 497.92108404186035  avg impact: 6409.572925797592
	bin: 4.0 current capacity: 500.7085782621446  avg impact: 6379.702142931018
num_full_bins: 1
printing bin ranks sorted:
	bin: 0.0 rank: 0.0
	bin: 2.0 rank: 0.0009126578416341074
	bin: 4.0 rank: 0.0017698979489766291
	bin: 1.0 rank: 0.0017766404101024309
	bin: 3.0 rank: 0.002196545092961511
acceptable_ratio: 0
addr: 1412 ri: 54207
bin target: 2717796864
	bin: 0.0 current capacity: 512.0  avg impact: 969.911204124489
	bin: 1.0 current capacity: 500.742542557324  avg impact: 931.3402648771324
	bin: 2.0 current capacity: 506.0598939529782  avg impact: 1021.8711023724252
	bin: 3.0 current capacity: 497.92108404186035  avg impact: 954.2945297621773
	bin: 4.0 current capacity: 500.7085782621446  avg impact: 1171.1682531752306
num_full_bins: 1
printing bin ranks sorted:
	bin: 0.0 rank: 0.0
	bin: 2.0 rank: 0.0058129699853836595
	bin: 4.0 rank: 0.009641161043464509
	bin: 1.0 rank: 0.012087373291179641
	bin: 3.0 rank: 0.014753218759043193
acceptable_ratio: 0
addr: 1408 ri: 54175
bin target: 2717796864
	bin: 0.0 current capacity: 512.0  avg impact: 6330.69332129158
	bin: 1.0 current capacity: 500.742542557324  avg impact: 6345.788513877687
	bin: 2.0 current capacity: 506.0598939529782  avg impact: 6519.961739174338
	bin: 3.0 current capacity: 497.92108404186035  avg impact: 6419.390894497698
	bin: 4.0 current capacity: 500.7085782621446  avg impact: 6390.727047997653
num_full_bins: 1
printing bin ranks sorted:
	bin: 0.0 rank: 0.0
	bin: 2.0 rank: 0.0009110645559975406
	bin: 4.0 rank: 0.0017668446255099017
	bin: 1.0 rank: 0.0017740045099292143
	bin: 3.0 rank: 0.002193185644794933
acceptable_ratio: 0
addr: 1408 ri: 54196
bin target: 2717796864
	bin: 0.0 current capacity: 512.0  avg impact: 6331.97245392362
	bin: 1.0 current capacity: 500.742542557324  avg impact: 6346.782044449367
	bin: 2.0 current capacity: 506.0598939529782  avg impact: 6521.162888265074
	bin: 3.0 current capacity: 497.92108404186035  avg impact: 6420.426961546454
	bin: 4.0 current capacity: 500.7085782621446  avg impact: 6391.883635064787
num_full_bins: 1
printing bin ranks sorted:
	bin: 0.0 rank: 0.0
	bin: 2.0 rank: 0.000910896744767889
	bin: 4.0 rank: 0.0017665249216854625
	bin: 1.0 rank: 0.0017737268057788954
	bin: 3.0 rank: 0.0021928317294880565
acceptable_ratio: 0
addr: 1416 ri: 54075
bin target: 2717796864
	bin: 0.0 current capacity: 512.0  avg impact: 8144.910142558763
	bin: 1.0 current capacity: 500.742542557324  avg impact: 7797.231688273815
	bin: 2.0 current capacity: 506.0598939529782  avg impact: 7851.667865378772
	bin: 3.0 current capacity: 497.92108404186035  avg impact: 7740.374597250253
	bin: 4.0 current capacity: 500.7085782621446  avg impact: 7742.645668953131
num_full_bins: 1
printing bin ranks sorted:
	bin: 0.0 rank: 0.0
	bin: 2.0 rank: 0.000756540667392999
	bin: 1.0 rank: 0.0014437761878495943
	bin: 4.0 rank: 0.0014583415308713342
	bin: 3.0 rank: 0.001818893359908079
acceptable_ratio: 0
addr: 1408 ri: 54293
bin target: 2717796864
	bin: 0.0 current capacity: 512.0  avg impact: 6337.880828462094
	bin: 1.0 current capacity: 500.742542557324  avg impact: 6351.371209470937
	bin: 2.0 current capacity: 506.0598939529782  avg impact: 6526.711053112761
	bin: 3.0 current capacity: 497.92108404186035  avg impact: 6425.212604581179
	bin: 4.0 current capacity: 500.7085782621446  avg impact: 6397.217381344362
num_full_bins: 1
printing bin ranks sorted:
	bin: 0.0 rank: 0.0
	bin: 2.0 rank: 0.0009101224182720371
	bin: 4.0 rank: 0.0017650520632273002
	bin: 1.0 rank: 0.0017724452045708345
	bin: 3.0 rank: 0.0021911984590364192
acceptable_ratio: 0
addr: 1412 ri: 54457
bin target: 2717796864
	bin: 0.0 current capacity: 512.0  avg impact: 972.3346258626045
	bin: 1.0 current capacity: 500.742542557324  avg impact: 933.0643907903192
	bin: 2.0 current capacity: 506.0598939529782  avg impact: 1024.1016149174568
	bin: 3.0 current capacity: 497.92108404186035  avg impact: 956.0427693244994
	bin: 4.0 current capacity: 500.7085782621446  avg impact: 1173.6640158607527
num_full_bins: 1
printing bin ranks sorted:
	bin: 0.0 rank: 0.0
	bin: 2.0 rank: 0.0058003092276156555
	bin: 4.0 rank: 0.009620659392521637
	bin: 1.0 rank: 0.0120650381193315
	bin: 3.0 rank: 0.014726240718380456
acceptable_ratio: 0
addr: 1416 ri: 54314
bin target: 2717796864
	bin: 0.0 current capacity: 512.0  avg impact: 8163.476060892239
	bin: 1.0 current capacity: 500.742542557324  avg impact: 7810.567645473595
	bin: 2.0 current capacity: 506.0598939529782  avg impact: 7867.205350517323
	bin: 3.0 current capacity: 497.92108404186035  avg impact: 7753.837344017187
	bin: 4.0 current capacity: 500.7085782621446  avg impact: 7757.788558337228
num_full_bins: 1
printing bin ranks sorted:
	bin: 0.0 rank: 0.0
	bin: 2.0 rank: 0.0007550465231762659
	bin: 1.0 rank: 0.0014413110485253888
	bin: 4.0 rank: 0.001455494907207882
	bin: 3.0 rank: 0.0018157352719041574
acceptable_ratio: 0
addr: 1408 ri: 54517
bin target: 2717796864
	bin: 0.0 current capacity: 512.0  avg impact: 6351.524861643228
	bin: 1.0 current capacity: 500.742542557324  avg impact: 6361.9688689021905
	bin: 2.0 current capacity: 506.0598939529782  avg impact: 6539.523310080617
	bin: 3.0 current capacity: 497.92108404186035  avg impact: 6436.263986434566
	bin: 4.0 current capacity: 500.7085782621446  avg impact: 6409.511098401209
num_full_bins: 1
printing bin ranks sorted:
	bin: 0.0 rank: 0.0
	bin: 2.0 rank: 0.0009083393032432807
	bin: 4.0 rank: 0.001761666617703798
	bin: 1.0 rank: 0.0017694926955243951
	bin: 3.0 rank: 0.0021874360635009966
acceptable_ratio: 0
addr: 1408 ri: 56413
bin target: 2717796864
	bin: 0.0 current capacity: 512.0  avg impact: 6466.435562960455
	bin: 1.0 current capacity: 500.742542557324  avg impact: 6451.670486231013
	bin: 2.0 current capacity: 506.0598939529782  avg impact: 6647.969913701394
	bin: 3.0 current capacity: 497.92108404186035  avg impact: 6529.8060399793
	bin: 4.0 current capacity: 500.7085782621446  avg impact: 6513.568632060943
num_full_bins: 1
printing bin ranks sorted:
	bin: 0.0 rank: 0.0
	bin: 2.0 rank: 0.0008935218005092541
	bin: 4.0 rank: 0.0017335231077902562
	bin: 1.0 rank: 0.0017448903298302972
	bin: 3.0 rank: 0.002156100176933324
acceptable_ratio: 0
addr: 1416 ri: 56263
bin target: 2717796864
	bin: 0.0 current capacity: 512.0  avg impact: 8314.118367498419
	bin: 1.0 current capacity: 500.742542557324  avg impact: 7919.319865483515
	bin: 2.0 current capacity: 506.0598939529782  avg impact: 7993.910616354291
	bin: 3.0 current capacity: 497.92108404186035  avg impact: 7863.623509074739
	bin: 4.0 current capacity: 500.7085782621446  avg impact: 7881.203999022644
num_full_bins: 1
printing bin ranks sorted:
	bin: 0.0 rank: 0.0
	bin: 2.0 rank: 0.0007430788674155666
	bin: 1.0 rank: 0.0014215182154394138
	bin: 4.0 rank: 0.0014327026351881862
	bin: 3.0 rank: 0.0017903853028940638
acceptable_ratio: 0
addr: 1412 ri: 56520
bin target: 2717796864
	bin: 0.0 current capacity: 512.0  avg impact: 992.2332091292014
	bin: 1.0 current capacity: 500.742542557324  avg impact: 947.291877825936
	bin: 2.0 current capacity: 506.0598939529782  avg impact: 1042.507804439059
	bin: 3.0 current capacity: 497.92108404186035  avg impact: 970.4692421927822
	bin: 4.0 current capacity: 500.7085782621446  avg impact: 1194.2590495416805
num_full_bins: 1
printing bin ranks sorted:
	bin: 0.0 rank: 0.0
	bin: 2.0 rank: 0.00569790079434274
	bin: 4.0 rank: 0.009454750828297017
	bin: 1.0 rank: 0.011883831906710987
	bin: 3.0 rank: 0.014507328358318956
acceptable_ratio: 0
Final saturation:
	0.0,2717796864.0
	1.0,2658040062.1751595
	2.0,2686265610.901517
	3.0,2643063204.547751
	4.0,2657859773.005381
DUMP LEASES
0, 588, 451, d313, 0.9843457154546754 
0, 584, 3b6, 0, 1 
0, 580, 405, 0, 1 
Dump dual leases

