sample rate: 0.00390625
1564,
	[2,1190]
	[569,1]
	[293,3]
	[297,8]
	[104,24]
	[49,2]
	[1,74]
	[70,5]
	[258,4]
	[44,1]
	[46,3]
	[7,32]
	[381,1]
	[45,2]
	[284,1]
	[303,4]
	[82,5]
	[309,1]
	[355,1]
	[302,2]
	[319,2]
	[296,5]
	[4,32]
	[33,1]
	[257,2]
	[127,3]
	[468,2]
	[52,2]
	[67,4]
	[55,4]
	[105,25]
	[76,2]
	[15,16]
	[10,22]
	[301,5]
	[103,29]
	[300,1]
	[264,3]
	[222,3]
	[25,23]
	[115,9]
	[97,10]
	[14,5]
	[114,20]
	[100,8]
	[248,1]
	[27,15]
	[277,1]
	[106,26]
	[57,4]
	[77,2]
	[245,2]
	[43,1]
	[253,1]
	[20,10]
	[56,3]
	[112,21]
	[69,1]
	[3,8]
	[12,12]
	[18,16]
	[116,13]
	[13,22]
	[11,11]
	[119,5]
	[16,10]
	[108,21]
	[21,22]
	[24,20]
	[128,1]
	[107,26]
	[5,5]
	[113,15]
	[109,18]
	[211,2]
	[102,11]
	[191,3]
	[117,18]
	[6,4]
	[118,9]
	[110,14]
	[176,1]
	[17,17]
	[99,7]
	[91,1]
	[111,19]
	[26,23]
	[23,26]
	[8,6]
	[9,5]
	[101,14]
	[19,17]
	[509,1]
	[98,8]
	[22,16]
	[366,1]
	[286,3]
	[96,3]
	[281,1]
	[373,1]
	[59,2]
	[247,1]
	[629,1]
	[182,1]
	[120,3]
	[329,3]
	[234,1]
	[174,2]
	[152,1]
	[315,2]
	[698,1]
	[259,1]
	[121,3]
	[331,2]
	[74,6]
	[241,1]
	[42,1]
	[451,1]
	[425,1]
	[359,1]
	[139,2]
	[232,1]
	[224,1]
	[513,1]
	[54,5]
	[73,5]
	[65,3]
	[351,1]
	[490,1]
	[317,2]
	[307,1]
	[294,6]
	[58,3]
	[304,1]
	[295,1]
	[260,2]
	[48,2]
	[653,1]
	[312,1]
	[130,2]
	[263,2]
	[53,5]
	[155,1]
	[64,2]
	[305,1]
	[71,4]
	[159,1]
	[138,1]
	[161,2]
	[125,1]
	[285,1]
	[389,1]
	[28,4]
	[662,1]
	[269,1]
	[170,1]
	[383,1]
	[210,2]
	[374,1]
	[30,1]
	[149,1]
	[504,1]
	[60,2]
	[39,2]
	[369,1]
	[314,1]
	[342,1]
	[313,2]
	[266,2]
	[265,1]
	[298,4]
	[368,1]
	[362,1]
	[287,1]
	[72,2]
	[380,1]
	[180,1]
	[78,2]
	[410,1]
	[47,1]
	[51,1]
	[236,1]
	[131,2]
	[462,1]
	[88,1]
	[133,1]
	[203,1]
	[272,1]
	[330,3]
	[238,1]
	[446,1]
	[197,1]
	[146,1]
	[200,1]
	[409,1]
	[271,1]
	[156,1]
	[171,1]
	[343,1]
	[199,1]
	[251,1]
	[289,1]
	[291,2]
	[499,1]
	[50,1]
	[62,1]
	[723,1]
	[41,1]
	[63,2]
	[262,1]
	[268,1]
	[299,1]
	[124,1]
	[310,1]
	[177,1]
	[189,1]
	[495,1]
	[273,1]
	[261,1]
	[347,1]
	[429,1]
	[90,1]
	[422,1]
	[510,1]
	[132,1]
	[246,1]
	[123,1]
	[198,1]
	[721,2]
	[447,1]

1560,
	[3,604]
	[1,599]
	[2,577]
	[19420,1]
	[19468,1]
	[19472,1]
	[19440,2]
	[19452,1]
	[19506,1]
	[19511,1]
	[19260,1]
	[19517,1]
	[19471,1]
	[19076,1]
	[19454,1]
	[19465,1]
	[19499,1]
	[19412,3]
	[19496,2]
	[19398,1]
	[19503,2]
	[19493,1]
	[19392,1]
	[19407,1]
	[18752,1]
	[18541,1]
	[18500,1]
	[18428,1]
	[18423,1]
	[18316,1]
	[17623,1]
	[17496,1]
	[17446,3]
	[17684,1]
	[17676,1]
	[17696,1]
	[17687,1]
	[17605,1]
	[17315,1]
	[16767,1]
	[16736,1]
	[16715,1]
	[16761,1]
	[16766,1]
	[16785,1]
	[16789,1]
	[10,1]
	[16807,1]
	[16806,1]
	[16809,1]
	[16774,2]
	[16804,1]
	[15958,1]
	[15950,2]
	[15953,1]
	[15902,1]
	[4,14]
	[15026,1]
	[15067,1]
	[15061,1]
	[15083,1]
	[122,1]
	[14971,1]
	[15022,1]
	[15017,1]
	[15002,1]
	[14952,1]
	[14136,1]
	[14004,1]
	[13992,1]
	[13986,1]
	[13971,1]
	[13973,1]
	[13921,2]
	[13951,2]
	[13947,1]
	[13959,1]
	[7,3]
	[13958,1]
	[13998,2]
	[13895,1]
	[13613,1]
	[13328,1]
	[12997,1]
	[13002,1]
	[13038,1]
	[13041,2]
	[13043,2]
	[13035,2]
	[13004,1]
	[13044,1]
	[13037,1]
	[12950,1]
	[13031,1]
	[13000,1]
	[13047,1]
	[13088,1]
	[13020,1]
	[13061,1]
	[13075,1]
	[13073,1]
	[12145,1]
	[12147,1]
	[12134,1]
	[12165,2]
	[12117,1]
	[12170,1]
	[12190,1]
	[12161,1]
	[12176,1]
	[12197,1]
	[11754,1]
	[12203,1]
	[11874,1]
	[11544,1]
	[11242,1]
	[11244,1]
	[11199,1]
	[11256,3]
	[11205,1]
	[11245,1]
	[11247,1]
	[11238,1]
	[11197,1]
	[11180,2]
	[11213,3]
	[11170,1]
	[10581,1]
	[10497,1]
	[10308,1]
	[10296,1]
	[10243,1]
	[10272,1]
	[10266,1]
	[10228,1]
	[10187,2]
	[10078,1]
	[9538,1]
	[9302,1]
	[9323,1]
	[9321,1]
	[9315,2]
	[9285,1]
	[9331,1]
	[9290,1]
	[9322,1]
	[9334,5]
	[8907,6]
	[8897,7]
	[8914,8]
	[8870,8]
	[8933,8]
	[8904,10]
	[8943,11]
	[8962,2]
	[8964,7]
	[8970,9]
	[8947,9]
	[8991,8]
	[8742,1]
	[8877,6]
	[8996,4]
	[8963,10]
	[9008,2]
	[8952,6]
	[8986,4]
	[8997,2]
	[8968,14]
	[8936,10]
	[8926,9]
	[8916,5]
	[8883,6]
	[8908,6]
	[8846,6]
	[8881,11]
	[8895,4]
	[8856,15]
	[8864,7]
	[8787,1]
	[8506,4]
	[8785,2]
	[8847,12]
	[8815,2]
	[8811,1]
	[8816,1]
	[8823,3]
	[8838,5]
	[8806,3]
	[8850,7]
	[8814,1]
	[8828,4]
	[8833,4]
	[8888,4]
	[8874,9]
	[8903,8]
	[8935,8]
	[8941,10]
	[8931,5]
	[8958,6]
	[8945,13]
	[8953,5]
	[9003,1]
	[9013,2]
	[8972,9]
	[8930,8]
	[136,1]
	[8990,1]
	[8957,12]
	[8988,6]
	[8975,6]
	[8696,1]
	[8960,16]
	[8928,3]
	[8949,11]
	[8918,4]
	[8905,6]
	[8902,11]
	[8910,7]
	[8861,5]
	[8857,5]
	[8860,9]
	[8830,2]
	[8859,19]
	[8842,8]
	[8844,8]
	[8853,8]
	[8849,7]
	[8852,6]
	[8839,7]
	[8862,9]
	[8887,8]
	[8913,6]
	[8767,1]
	[8911,5]
	[8927,11]
	[8929,16]
	[8948,7]
	[8937,8]
	[8942,7]
	[8983,3]
	[8792,1]
	[8955,7]
	[8969,6]
	[8978,4]
	[8992,3]
	[8976,3]
	[8961,9]
	[8971,6]
	[8965,14]
	[8950,6]
	[8920,8]
	[8906,11]
	[8825,6]
	[8789,2]
	[8753,2]
	[8845,4]
	[8854,3]
	[8810,1]
	[8889,7]
	[8867,9]
	[8892,7]
	[8898,8]
	[8934,5]
	[8925,6]
	[8713,1]
	[388,1]
	[8940,6]
	[8821,1]
	[9000,1]
	[8977,2]
	[8966,4]
	[8932,7]
	[8922,3]
	[8632,5]
	[8871,8]
	[8834,5]
	[87,2]
	[8875,7]
	[8835,5]
	[8891,5]
	[8879,14]
	[8912,9]
	[8944,3]
	[8954,8]
	[8324,1]
	[8951,11]
	[8708,1]
	[8919,4]
	[8909,10]
	[8880,9]
	[8851,5]
	[8843,8]
	[8727,1]
	[8822,4]
	[8836,6]
	[8813,1]
	[8901,3]
	[8915,5]
	[8985,6]
	[8894,5]
	[8866,2]
	[8876,4]
	[8826,1]
	[8807,1]
	[8824,4]
	[8522,2]
	[8837,4]
	[8869,7]
	[8885,6]
	[8890,8]
	[8959,5]
	[8994,1]
	[8979,3]
	[9010,4]
	[8980,3]
	[8924,2]
	[8426,1]
	[8855,6]
	[8873,10]
	[8896,6]
	[9235,1]
	[9207,1]
	[9206,2]
	[9237,1]
	[9226,1]
	[9094,1]
	[9229,1]
	[10203,2]
	[9789,1]
	[10208,1]
	[10189,1]
	[10161,1]
	[10125,1]
	[10157,1]
	[10332,1]
	[10668,1]
	[11036,2]
	[11081,1]
	[11027,1]
	[11029,1]
	[11070,1]
	[11032,1]
	[11048,1]
	[11024,1]
	[11045,2]
	[11023,1]
	[11014,1]
	[11043,1]
	[11733,1]
	[11787,1]
	[11837,1]
	[11814,1]
	[11883,1]
	[11851,1]
	[6,1]
	[11864,1]
	[11856,1]
	[11890,1]
	[11920,1]
	[11968,1]
	[12049,1]
	[12015,1]
	[12272,1]
	[12850,1]
	[12896,1]
	[12897,1]
	[12902,1]
	[12815,1]
	[12899,1]
	[12913,1]
	[12929,2]
	[12898,1]
	[12909,1]
	[12937,2]
	[12922,1]
	[13897,1]
	[13873,1]
	[51,1]
	[13926,1]
	[13501,1]
	[14759,1]
	[14763,1]
	[14769,2]
	[483,2]
	[14745,1]
	[14743,1]
	[14995,1]
	[15640,1]
	[15718,1]
	[15709,1]
	[15698,1]
	[15744,1]
	[15695,2]
	[15691,1]
	[15690,1]
	[15688,1]
	[15677,1]
	[15286,1]
	[15786,1]
	[16130,1]
	[16665,1]
	[16667,2]
	[16633,1]
	[16617,1]
	[16681,1]
	[16631,1]
	[16687,1]
	[16082,1]
	[16690,1]
	[16711,1]
	[16719,1]
	[17287,1]
	[17533,1]
	[17601,1]
	[17553,1]
	[17600,1]
	[17583,1]
	[17597,2]
	[17611,2]
	[17602,2]
	[17604,2]
	[17636,1]
	[17705,1]
	[18338,1]
	[18498,1]
	[18533,1]
	[18490,1]
	[18471,1]
	[18463,1]
	[18509,2]
	[18493,1]
	[18455,1]
	[18309,1]
	[18483,2]
	[18437,1]
	[18380,1]
	[19333,1]
	[19411,1]
	[19409,1]
	[19408,1]
	[19410,1]
	[19374,1]
	[19315,1]
	[19307,1]
	[19796,1]
	[19838,2]
	[19840,1]
	[19857,1]
	[19814,1]
	[19871,1]
	[19555,1]
	[19841,1]
	[19886,1]
	[19800,1]
	[19154,1]
	[19084,2]
	[18888,1]
	[18824,1]
	[18886,1]
	[18889,1]
	[18838,1]
	[18843,1]
	[18008,1]
	[18052,1]
	[18047,1]
	[17962,1]
	[18028,1]
	[18040,2]
	[18036,1]
	[18044,1]
	[17990,1]
	[17969,1]
	[17986,1]
	[18025,1]
	[18019,1]
	[17980,1]
	[17380,1]
	[17062,2]
	[17004,1]
	[17059,1]
	[17009,1]
	[17011,1]
	[17021,1]
	[17047,1]
	[17015,1]
	[16925,1]
	[16882,1]
	[16623,1]
	[16108,1]
	[16096,1]
	[16098,1]
	[16111,2]
	[16073,1]
	[16116,1]
	[16118,1]
	[16110,1]
	[222,1]
	[16144,1]
	[16146,2]
	[16143,1]
	[16159,1]
	[16037,1]
	[15949,1]
	[15233,1]
	[15218,2]
	[15179,1]
	[15213,1]
	[14434,1]
	[14255,3]
	[14267,1]
	[14236,1]
	[14229,1]
	[14223,1]
	[14212,1]
	[14191,1]
	[14173,2]
	[14167,1]
	[14208,1]
	[13268,1]
	[13256,1]
	[13255,1]
	[13200,1]
	[13245,1]
	[13239,2]
	[13232,1]
	[13202,1]
	[13227,1]
	[13276,2]
	[13278,1]
	[13280,1]
	[12363,1]
	[12368,1]
	[12341,1]
	[12349,2]
	[12359,1]
	[12312,1]
	[12324,1]
	[12345,2]
	[12353,1]
	[12325,1]
	[12372,1]
	[12374,1]
	[12402,1]
	[11938,1]
	[11523,1]
	[11486,1]
	[11479,1]
	[11541,1]
	[11502,1]
	[11540,1]
	[11518,1]
	[11563,1]
	[11555,1]
	[11573,1]
	[11534,1]
	[11552,1]
	[10735,1]
	[10576,1]
	[10557,2]
	[10573,1]
	[10569,1]
	[10567,1]
	[10568,1]
	[10585,1]
	[10566,1]
	[10505,1]
	[9631,1]
	[9569,1]
	[9567,1]
	[9515,1]
	[9519,2]
	[9502,1]
	[9490,1]
	[9478,1]
	[9261,1]
	[8878,8]
	[8882,5]
	[8809,1]
	[8973,6]
	[292,1]
	[8946,11]
	[8739,1]
	[8939,8]
	[8917,4]
	[8900,5]
	[8899,9]
	[8777,1]
	[8829,1]
	[8819,1]
	[8858,8]
	[8893,6]
	[8956,6]
	[8711,1]
	[9006,1]
	[9005,2]
	[9022,2]
	[8863,7]
	[8588,1]
	[8872,8]
	[8884,7]
	[8974,3]
	[8987,3]
	[8981,1]
	[8999,1]
	[8865,7]
	[8832,3]
	[8461,1]
	[8841,1]
	[8798,1]
	[8984,5]
	[8967,5]
	[8564,3]
	[8758,1]
	[8746,1]
	[8671,3]
	[8446,1]
	[8817,1]
	[8689,2]
	[8659,4]
	[8508,1]
	[8641,4]
	[8633,1]
	[8661,1]
	[8676,1]
	[8637,5]
	[8657,3]
	[8643,2]
	[244,1]
	[8603,1]
	[8598,3]
	[8572,3]
	[8577,2]
	[8558,2]
	[8582,2]
	[8574,5]
	[8543,4]
	[8553,3]
	[8556,2]
	[8550,1]
	[8571,3]
	[8528,4]
	[8593,1]
	[8583,6]
	[8618,3]
	[8624,2]
	[8628,3]
	[8613,3]
	[8623,1]
	[8619,3]
	[8477,1]
	[8634,3]
	[8673,3]
	[8675,1]
	[8693,1]
	[8662,1]
	[8700,1]
	[8665,1]
	[8651,1]
	[8644,2]
	[8672,3]
	[8655,1]
	[8660,1]
	[8668,2]
	[8658,2]
	[8656,2]
	[8645,2]
	[8650,1]
	[8670,1]
	[8635,2]
	[8649,5]
	[8638,1]
	[8640,1]
	[8611,1]
	[8608,1]
	[8594,1]
	[8597,5]
	[8078,1]
	[8565,3]
	[8551,1]
	[8505,1]
	[8563,6]
	[8567,1]
	[8535,2]
	[8554,4]
	[8540,2]
	[8559,2]
	[8589,6]
	[8345,1]
	[220,1]
	[8617,1]
	[8636,3]
	[8664,2]
	[8705,1]
	[8667,1]
	[8697,1]
	[8685,1]
	[8663,1]
	[8694,1]
	[8699,1]
	[8677,1]
	[8679,2]
	[8716,3]
	[8500,2]
	[8527,1]
	[8669,1]
	[207,1]
	[8450,1]
	[8579,2]
	[8548,2]
	[8533,1]
	[8560,2]
	[8531,2]
	[8562,2]
	[8536,3]
	[8652,1]
	[8678,1]
	[8717,1]
	[8720,1]
	[8732,1]
	[9628,1]
	[9633,1]
	[9615,1]
	[9646,2]
	[9637,1]
	[9165,1]
	[9632,1]
	[9612,1]
	[9610,1]
	[9643,2]
	[9635,1]
	[10562,1]
	[10588,1]
	[10582,1]
	[10589,1]
	[10549,1]
	[10559,1]
	[10489,1]
	[10150,1]
	[10528,1]
	[10571,1]
	[10772,1]
	[11454,1]
	[11468,1]
	[10851,1]
	[10832,1]
	[10844,2]
	[10812,1]
	[171,1]
	[10838,2]
	[10795,1]
	[10826,1]
	[10847,8]
	[11418,1]
	[11550,1]
	[11608,1]
	[11693,1]
	[11745,1]
	[11807,2]
	[11723,1]
	[11797,1]
	[12124,1]
	[12095,1]
	[12132,1]
	[12101,1]
	[12433,1]
	[12800,1]
	[13139,1]
	[13131,1]
	[13142,1]
	[13147,1]
	[13149,1]
	[13155,1]
	[13161,1]
	[13159,1]
	[13197,1]
	[13537,1]
	[14098,1]
	[14121,1]
	[14074,2]
	[14131,1]
	[14084,2]
	[14117,1]
	[14095,1]
	[14088,1]
	[14103,1]
	[14097,1]
	[14093,1]
	[14159,1]
	[14746,1]
	[14851,1]
	[14933,1]
	[14847,1]
	[14912,1]
	[14902,1]
	[14841,1]
	[14884,1]
	[14882,1]
	[14821,1]
	[14813,1]
	[14837,1]
	[15176,1]
	[15366,1]
	[15761,1]
	[15747,1]
	[15795,1]
	[15751,1]
	[253,1]
	[205,1]
	[15763,1]
	[15764,1]
	[15758,1]
	[15753,1]
	[15787,1]
	[16249,1]
	[16747,1]
	[16794,2]
	[16823,1]
	[16833,1]
	[16834,1]
	[16838,1]
	[16849,1]
	[17610,1]
	[17846,1]
	[17860,1]
	[17855,1]
	[17805,1]
	[17843,1]
	[17769,1]
	[17841,1]
	[17815,1]
	[17833,1]
	[17806,1]
	[17830,1]
	[18239,1]
	[18439,1]
	[18779,1]
	[18719,1]
	[18769,1]
	[18720,1]
	[18637,1]
	[18677,1]
	[18718,1]
	[18707,1]
	[18660,1]
	[19357,1]
	[19466,1]
	[19400,1]
	[19397,1]
	[110,1]
	[513,1]
	[19328,1]
	[19439,2]
	[19385,1]
	[19441,2]
	[19321,1]
	[19304,1]
	[19086,1]
	[18501,1]
	[18507,1]
	[18417,2]
	[18414,1]
	[18461,1]
	[18429,1]
	[18392,1]
	[18473,1]
	[18438,1]
	[18421,1]
	[18477,2]
	[18459,1]
	[18502,1]
	[18520,1]
	[18526,1]
	[18528,1]
	[18530,1]
	[17588,1]
	[17569,1]
	[17558,1]
	[17608,1]
	[17603,3]
	[17526,1]
	[17564,1]
	[16754,1]
	[16741,1]
	[16601,1]
	[16649,1]
	[16683,1]
	[16684,1]
	[16682,1]
	[16670,1]
	[16611,1]
	[16656,1]
	[16650,1]
	[16645,1]
	[16647,1]
	[16095,1]
	[15626,1]
	[15652,1]
	[15630,1]
	[15650,1]
	[15666,1]
	[15620,1]
	[15625,1]
	[15667,1]
	[15658,1]
	[15646,1]
	[15368,2]
	[14697,1]
	[14675,1]
	[14375,1]
	[14656,1]
	[14627,1]
	[14635,1]
	[14689,1]
	[14711,1]
	[14318,1]
	[13845,1]
	[13844,1]
	[13858,1]
	[13867,1]
	[13875,1]
	[13557,1]
	[13548,1]
	[13545,1]
	[13494,1]
	[13492,2]
	[13237,1]
	[178,1]
	[12932,1]
	[12614,1]
	[12617,3]
	[12610,1]
	[12579,1]
	[12582,1]
	[13229,1]
	[12249,1]
	[12247,1]
	[12201,1]
	[12230,1]
	[12181,1]
	[12200,1]
	[12180,1]
	[12186,1]
	[12150,1]
	[12194,2]
	[12098,1]
	[11850,1]
	[11517,1]
	[11232,1]
	[11240,1]
	[10822,1]
	[11259,1]
	[10716,1]
	[11236,1]
	[10304,1]
	[10306,1]
	[10260,1]
	[10277,1]
	[10336,1]
	[10329,1]
	[10313,1]
	[10321,1]
	[10339,1]
	[10341,1]
	[10328,1]
	[10309,1]
	[10333,1]
	[10322,1]
	[9974,3]
	[10020,1]
	[10037,1]
	[10002,1]
	[9744,2]
	[9380,1]
	[9396,2]
	[9341,1]
	[9289,1]
	[9393,1]
	[9386,2]
	[8566,4]
	[8584,2]
	[8581,3]
	[8587,2]
	[8269,1]
	[8557,2]
	[8544,2]
	[8545,1]
	[135,1]
	[8492,1]
	[8568,1]
	[8575,1]
	[8605,1]
	[8627,2]
	[8621,1]
	[8607,1]
	[8629,1]
	[8590,1]
	[8596,1]
	[8609,2]
	[8242,1]
	[8600,1]
	[8614,1]
	[8580,1]
	[8561,1]
	[8591,1]
	[8570,1]
	[8534,1]
	[8512,3]
	[8399,1]
	[8532,2]
	[8537,3]
	[8464,1]
	[8573,1]
	[8601,1]
	[8576,1]
	[8686,1]
	[8489,1]
	[8615,1]
	[8625,1]
	[8599,1]
	[8546,1]
	[8524,1]
	[8530,1]
	[8513,1]
	[8381,1]
	[8514,1]
	[8507,1]
	[8995,1]
	[8868,8]
	[8827,2]
	[8761,1]
	[8755,1]
	[8886,3]
	[8503,1]
	[8773,1]
	[8723,1]
	[28,2]
	[8938,4]
	[8646,1]
	[9730,1]
	[9740,1]
	[9448,1]
	[9715,1]
	[9739,1]
	[9738,1]
	[9771,1]
	[9742,1]
	[9796,1]
	[9797,1]
	[9794,1]
	[9815,1]
	[9843,1]
	[9427,1]
	[10202,1]
	[10741,1]
	[10808,1]
	[10797,1]
	[10788,1]
	[10810,1]
	[10802,2]
	[10825,1]
	[10988,1]
	[11609,1]
	[11747,1]
	[11717,1]
	[11654,1]
	[11112,1]
	[11623,1]
	[11636,1]
	[11639,1]
	[12166,1]
	[12403,1]
	[12513,1]
	[12511,1]
	[12454,1]
	[12506,2]
	[12520,2]
	[12484,1]
	[12496,1]
	[12510,1]
	[12527,2]
	[13166,1]
	[422,1]
	[13271,1]
	[13391,1]
	[13352,1]
	[13402,2]
	[13353,1]
	[13332,1]
	[13442,1]
	[13451,1]
	[13460,1]
	[13448,1]
	[13430,1]
	[13542,1]
	[13820,1]
	[14331,1]
	[14482,1]
	[14483,1]
	[14486,1]
	[14491,1]
	[14478,1]
	[14502,1]
	[14663,1]
	[15448,1]
	[15416,1]
	[15454,1]
	[15,1]
	[15296,1]
	[63,1]
	[15394,1]
	[15385,1]
	[15402,1]
	[15392,1]
	[15396,1]
	[15934,1]
	[16305,1]
	[16307,1]
	[16236,1]
	[15929,1]
	[16313,1]
	[16867,1]
	[17164,1]
	[17125,1]
	[17165,1]
	[17201,2]
	[17191,1]
	[17161,1]
	[17172,1]
	[17049,1]
	[17037,1]
	[17196,1]
	[17098,1]
	[17239,1]
	[18166,1]
	[18118,1]
	[18173,1]
	[18178,1]
	[18115,1]
	[18141,1]
	[18132,1]
	[18208,1]
	[18185,1]
	[18237,2]
	[18234,1]
	[18269,2]
	[18568,1]
	[18966,1]
	[19127,1]
	[19078,1]
	[19135,1]
	[19136,2]
	[19114,1]
	[19075,1]
	[274,1]
	[238,1]
	[19732,1]
	[19679,1]
	[19897,1]
	[19893,1]
	[19915,1]
	[19901,1]
	[19895,1]
	[19874,1]
	[19865,1]
	[19856,1]
	[19816,1]
	[19166,1]
	[19106,1]
	[19139,1]
	[19169,2]
	[19162,1]
	[19141,1]
	[19188,1]
	[19145,1]
	[19181,1]
	[19102,1]
	[18564,1]
	[18229,1]
	[18223,1]
	[18221,1]
	[18258,1]
	[18268,2]
	[18278,1]
	[18247,1]
	[18255,1]
	[17822,1]
	[17519,1]
	[17365,1]
	[17385,1]
	[17382,1]
	[17443,1]
	[17438,1]
	[17440,1]
	[17437,1]
	[17439,1]
	[17448,1]
	[16571,1]
	[16565,1]
	[16518,1]
	[16546,1]
	[16548,1]
	[16544,1]
	[16535,1]
	[16529,1]
	[16269,1]
	[15196,1]
	[15569,1]
	[15418,1]
	[15490,1]
	[25,1]
	[15534,1]
	[15456,1]
	[15502,2]
	[15499,1]
	[301,1]
	[15492,1]
	[15494,1]
	[15485,1]
	[15509,1]
	[15491,1]
	[14740,1]
	[14551,1]
	[14532,1]
	[142,1]
	[14539,1]
	[14527,1]
	[14366,1]
	[14545,1]
	[14533,1]
	[14543,1]
	[14503,2]
	[14552,1]
	[14510,1]
	[14554,3]
	[14556,1]
	[14560,1]
	[14254,1]
	[14230,1]
	[14030,1]
	[13622,1]
	[13630,1]
	[13596,1]
	[13650,1]
	[13658,1]
	[13627,1]
	[13603,1]
	[13653,1]
	[13645,1]
	[13715,2]
	[13719,1]
	[13729,1]
	[13722,2]
	[12776,1]
	[12728,1]
	[12770,1]
	[12737,1]
	[12769,1]
	[12773,2]
	[12742,1]
	[12771,1]
	[12654,1]
	[11746,1]
	[11796,1]
	[11790,1]
	[11743,1]
	[11730,1]
	[11532,1]
	[10816,1]
	[10827,1]
	[10792,1]
	[10813,1]
	[10815,1]
	[251,1]
	[9866,1]
	[9886,1]
	[9850,1]
	[9903,1]
	[9948,1]
	[9853,1]
	[9432,1]
	[9126,1]
	[9163,1]
	[9154,1]
	[9129,2]
	[9087,1]
	[9085,1]
	[9096,1]
	[8982,5]
	[8808,1]
	[219,1]
	[8738,1]
	[24,1]
	[8702,1]
	[364,1]
	[8730,1]
	[123,1]
	[100,1]
	[27,1]
	[8472,1]
	[8776,1]
	[8539,1]
	[8923,1]
	[341,1]
	[8735,1]
	[8921,1]
	[8993,1]
	[9033,1]
	[9416,1]
	[9556,1]
	[9559,1]
	[9549,1]
	[9540,1]
	[9471,1]
	[9327,1]
	[9545,1]
	[9554,1]
	[9523,1]
	[9734,1]
	[10245,1]
	[10426,1]
	[10432,1]
	[10444,1]
	[10421,1]
	[10483,1]
	[10450,1]
	[10542,1]
	[10550,1]
	[11434,1]
	[11380,2]
	[11411,2]
	[11374,1]
	[11403,1]
	[11394,1]
	[11388,1]
	[11398,1]
	[11289,1]
	[11414,1]
	[11426,1]
	[11390,1]
	[11427,1]
	[11436,1]
	[11867,1]
	[12388,1]
	[12390,1]
	[12354,1]
	[12321,1]
	[12630,1]
	[13210,1]
	[13205,1]

1556,
	[2,649]
	[3,560]
	[1,547]
	[19,3]
	[5,9]
	[14,22]
	[4,37]
	[21,1]
	[60,1]
	[125,1]
	[237,1]
	[101,1]
	[409,1]
	[93,8]
	[431,1]
	[35,2]
	[6,1]
	[16,19]
	[23,1]
	[208,1]
	[24,2]
	[30,2]
	[341,1]
	[9,1]
	[15,3]
	[11,1]
	[495,1]
	[90,1]
	[380,1]
	[95,3]
	[50,2]
	[26,1]
	[8,1]
	[61,1]
	[54,1]
	[17,4]
	[460,1]
	[7,1]
	[22,2]
	[77,1]
	[64,1]
	[20,1]
	[46,1]
	[63,1]
	[309,1]
	[18,1]
	[51,1]
	[86,1]
	[76,1]
	[548,1]
	[711,1]
	[80,1]

1520,
	[18476,1]
	[286,1]
	[439,1]
	[105,1]
	[145,1]
	[93,1]
	[244,1]
	[72,1]
	[56,1]
	[104,1]
	[242,1]
	[137,1]
	[143,1]
	[175,1]
	[66,1]
	[110,1]

len(carl_order):
22
Printing carl assignment order:
1556,3,0.4407630522088353
1564,2,0.2741865509761388
1556,4,0.24183006535947713
1560,3,0.15875847306457366
1556,5,0.07758620689655173
1556,17,0.04612706701479547
1556,19,0.037383177570093455
1556,24,0.029411764705882353
1564,4,0.0186219739292365
1564,27,0.01734584188410046
1556,95,0.013066202090592335
1556,101,0.01282051282051282
1564,121,0.009082686364664205
1564,723,0.005729597217867222
1560,4,0.005492349941153394
1520,286,0.005490196078431373
1556,711,0.003486345148169669
1520,439,0.0032679738562091504
1560,7,0.0005260389268805891
1560,28,0.00013179695737309836
1560,19915,9.144308970114232e-05
1520,18476,5.544159228253035e-05
bin_width: 443988
assigning lease 3 to address 1556
Average Cache Occupancy Per Bin: [0.39,0.56,0.54,0.43,0.35]
Total cost: 175104.0
assigning lease 2 to address 1564
Average Cache Occupancy Per Bin: [0.93,1.08,1.07,0.98,0.87]
Total cost: 414208.0
assigning lease 4 to address 1556
Average Cache Occupancy Per Bin: [0.94,1.10,1.09,1.00,0.89]
Total cost: 419584.0
assigning lease 3 to address 1560
Average Cache Occupancy Per Bin: [2.27,2.28,2.33,2.32,2.28]
Total cost: 1012224.0
assigning lease 5 to address 1556
Average Cache Occupancy Per Bin: [2.28,2.30,2.35,2.34,2.29]
Total cost: 1016064.0
assigning lease 17 to address 1556
Average Cache Occupancy Per Bin: [2.37,2.46,2.51,2.47,2.40]
Total cost: 1054464.0
assigning lease 19 to address 1556
Average Cache Occupancy Per Bin: [2.38,2.47,2.53,2.48,2.41]
Total cost: 1060096.0
assigning lease 24 to address 1556
Average Cache Occupancy Per Bin: [2.41,2.50,2.55,2.50,2.45]
Total cost: 1072128.0
assigning lease 4 to address 1564
Average Cache Occupancy Per Bin: [2.69,2.71,2.78,2.77,2.71]
Total cost: 1197312.0
assigning lease 27 to address 1564
Average Cache Occupancy Per Bin: [5.38,4.63,4.99,5.31,5.15]
Total cost: 2389248.0
assigning lease 95 to address 1556
Average Cache Occupancy Per Bin: [5.72,4.96,5.18,5.39,5.53]
Total cost: 2542336.0
assigning lease 101 to address 1556
Average Cache Occupancy Per Bin: [5.74,4.98,5.18,5.39,5.54]
Total cost: 2550016.0
assigning lease 121 to address 1564
Average Cache Occupancy Per Bin: [13.1,9.57,11.1,11.7,11.8]
Total cost: 5839104.0
assigning lease 723 to address 1564
Average Cache Occupancy Per Bin: [17.9,13.8,15.1,15.4,15.1]
Total cost: 7978752.0
assigning lease 4 to address 1560
Average Cache Occupancy Per Bin: [18.2,14.1,15.4,15.7,15.4]
Total cost: 8110336.0
assigning lease 286 to address 1520
Average Cache Occupancy Per Bin: [18.9,14.4,15.6,15.9,15.6]
Total cost: 8393984.0
assigning lease 711 to address 1556
Average Cache Occupancy Per Bin: [19.3,15.0,15.8,15.9,16.4]
Total cost: 8598272.0
assigning lease 439 to address 1520
Average Cache Occupancy Per Bin: [19.5,15.0,15.8,15.9,16.4]
Total cost: 8676608.0
assigning lease 7 to address 1560
Average Cache Occupancy Per Bin: [20.4,15.8,16.7,16.8,17.3]
Total cost: 9070592.0
assigning lease 28 to address 1560
Average Cache Occupancy Per Bin: [26.6,21.3,22.9,23.0,23.8]
Total cost: 11818496.0
addr: 1560 ri: 19915
bin target: 227321856
	bin: 0.0 current capacity: 26.61895366541438  avg impact: 3077.1679955314107
	bin: 1.0 current capacity: 21.335063109813778  avg impact: 3210.1664729677377
	bin: 2.0 current capacity: 22.909736299179258  avg impact: 3397.987909583142
	bin: 3.0 current capacity: 23.090786237465878  avg impact: 3108.8344369667648
	bin: 4.0 current capacity: 23.825364649495032  avg impact: 3120.8633026117823
num_full_bins: 0
printing bin ranks sorted:
	bin: 2.0 rank: 0.14393525719190134
	selecting this^ bin
	bin: 1.0 rank: 0.15284719375832737
	bin: 4.0 rank: 0.1564229471191392
	bin: 3.0 rank: 0.15726447441168795
	bin: 0.0 rank: 0.15773628447957483
acceptable_ratio: 0.14393525719190134
Assigning 1560 dual lease lease 19915 * 0.14393525719190134. Bin saturation: [469.,483.,512.,470.,473.]
assigning lease 18476 to address 1520
Average Cache Occupancy Per Bin: [479.,483.,512.,470.,473.]
Total cost: 213084010.3300162
Final saturation:
	0.0,213084010.3300162
	1.0,214619892.116808
	2.0,227321856.0
	3.0,208923734.95721087
	4.0,210018589.95510846
DUMP LEASES
0, 61c, 2d3, 0, 1 
0, 618, 1c, 4dcb, 0.8560647428080986 
0, 614, 2c7, 0, 1 
0, 5f0, 482c, 0, 1 
Dump dual leases

