sample rate: 0.00390625
1520,
	[192,67]
	[26,1]
	[151,3]
	[217,6]
	[134,3]
	[184,2]
	[216,38]
	[191,2]
	[178,3]
	[2,5]
	[141,2]
	[153,5]
	[168,2]
	[160,2]
	[150,1]
	[155,2]
	[131,2]
	[158,3]
	[177,1]
	[154,1]
	[162,4]
	[142,1]
	[157,1]
	[172,1]
	[176,2]
	[148,3]
	[181,1]
	[149,3]
	[23,2]
	[182,1]
	[78,1]
	[161,1]
	[133,1]
	[140,1]
	[144,3]
	[132,1]
	[189,2]
	[145,1]
	[169,2]
	[166,1]
	[171,1]
	[147,3]
	[174,2]
	[137,1]
	[175,1]
	[138,1]
	[85,1]
	[136,1]
	[152,1]
	[236,1]

1504,
	[557,4]
	[412,2]
	[410,11]
	[554,1]
	[342,3]
	[348,1]
	[599,1]
	[409,45]
	[548,2]
	[395,1]
	[363,1]
	[356,1]
	[534,2]
	[520,1]
	[600,2]
	[564,2]
	[522,3]
	[523,2]
	[598,2]
	[544,5]
	[595,3]
	[560,3]
	[406,2]
	[2,1]
	[531,1]
	[562,3]
	[568,5]
	[369,1]
	[340,1]
	[512,3]
	[585,1]
	[383,2]
	[558,4]
	[483,1]
	[497,1]
	[382,1]
	[344,2]
	[581,2]
	[393,1]
	[351,3]
	[400,1]
	[358,2]
	[592,1]
	[367,1]
	[379,2]
	[553,2]
	[601,3]
	[603,1]
	[472,1]
	[428,1]
	[368,1]
	[590,3]
	[361,1]
	[604,2]
	[357,1]
	[518,2]
	[575,2]
	[511,1]
	[362,2]
	[593,2]
	[376,2]
	[589,3]
	[352,2]
	[427,1]
	[539,2]
	[355,2]
	[345,1]
	[559,2]
	[500,2]
	[594,4]
	[545,2]
	[583,1]
	[524,2]
	[587,2]
	[371,1]
	[475,3]
	[402,1]
	[588,3]
	[482,1]
	[477,1]
	[536,1]
	[498,3]
	[570,1]
	[551,3]
	[502,1]
	[391,2]
	[504,4]
	[566,1]
	[394,2]
	[565,2]
	[546,2]
	[556,2]
	[384,2]
	[577,1]
	[387,1]
	[527,2]
	[537,1]
	[509,2]
	[563,3]
	[353,1]
	[541,2]
	[579,2]
	[360,2]
	[571,2]
	[349,1]
	[576,1]
	[378,1]
	[489,2]
	[389,3]
	[473,1]
	[423,1]
	[485,1]
	[547,2]
	[591,1]
	[580,2]
	[359,1]
	[381,1]
	[501,1]
	[396,1]
	[404,1]
	[578,3]
	[584,1]
	[392,1]
	[347,1]
	[380,1]
	[586,2]
	[493,1]
	[476,1]
	[339,1]
	[552,2]
	[343,1]
	[403,1]
	[401,1]
	[526,1]
	[528,3]
	[516,1]
	[596,1]
	[569,1]
	[508,1]
	[567,1]
	[370,1]
	[574,2]
	[350,1]

1588,
	[508,117]
	[412,107]
	[515,106]
	[456,143]
	[461,155]
	[411,13]
	[420,245]
	[445,161]
	[460,153]
	[425,228]
	[423,236]
	[478,109]
	[518,117]
	[562,74]
	[439,196]
	[453,180]
	[451,183]
	[501,112]
	[526,119]
	[559,78]
	[416,225]
	[528,122]
	[575,50]
	[463,166]
	[510,82]
	[479,116]
	[455,156]
	[434,226]
	[465,131]
	[513,113]
	[486,112]
	[467,140]
	[441,195]
	[421,262]
	[541,114]
	[529,101]
	[505,126]
	[507,125]
	[424,220]
	[405,9]
	[487,115]
	[536,102]
	[490,90]
	[457,159]
	[438,218]
	[473,132]
	[533,106]
	[499,115]
	[433,233]
	[419,258]
	[566,69]
	[426,228]
	[563,68]
	[429,234]
	[565,71]
	[436,208]
	[449,192]
	[538,116]
	[550,99]
	[435,206]
	[540,105]
	[1,307]
	[564,66]
	[573,65]
	[493,118]
	[591,26]
	[530,103]
	[596,14]
	[418,250]
	[500,118]
	[544,116]
	[477,107]
	[532,117]
	[469,110]
	[483,124]
	[484,113]
	[476,103]
	[428,234]
	[427,213]
	[480,117]
	[525,120]
	[446,166]
	[430,206]
	[503,125]
	[496,133]
	[553,96]
	[468,146]
	[470,121]
	[452,185]
	[543,112]
	[552,91]
	[527,109]
	[448,202]
	[558,78]
	[482,98]
	[454,157]
	[551,98]
	[523,108]
	[462,146]
	[520,124]
	[502,119]
	[524,103]
	[417,228]
	[517,109]
	[516,110]
	[514,111]
	[531,138]
	[537,113]
	[431,228]
	[459,169]
	[584,30]
	[492,119]
	[443,186]
	[489,105]
	[475,122]
	[534,127]
	[521,99]
	[548,94]
	[422,206]
	[567,63]
	[546,92]
	[554,86]
	[557,74]
	[574,49]
	[581,50]
	[415,218]
	[450,162]
	[506,120]
	[545,123]
	[571,57]
	[580,37]
	[512,126]
	[539,121]
	[491,129]
	[511,117]
	[599,4]
	[494,111]
	[471,118]
	[437,208]
	[442,191]
	[440,233]
	[447,195]
	[547,119]
	[579,51]
	[577,43]
	[549,95]
	[586,41]
	[432,201]
	[481,133]
	[601,6]
	[582,36]
	[585,22]
	[444,173]
	[488,141]
	[472,111]
	[522,97]
	[556,76]
	[413,145]
	[498,127]
	[474,102]
	[568,63]
	[542,112]
	[572,50]
	[497,118]
	[535,110]
	[569,61]
	[410,23]
	[466,126]
	[495,113]
	[555,93]
	[348,1]
	[485,119]
	[458,167]
	[509,119]
	[401,17]
	[593,25]
	[578,53]
	[519,123]
	[225994,1]
	[338,1]
	[504,116]
	[397,15]
	[560,77]
	[570,48]
	[583,24]
	[398,9]
	[592,27]
	[589,23]
	[225943,1]
	[561,84]
	[587,26]
	[224968,1]
	[595,11]
	[464,112]
	[399,15]
	[223955,1]
	[358,1]
	[2,8]
	[590,26]
	[600,8]
	[409,18]
	[414,153]
	[403,22]
	[588,20]
	[400,14]
	[222963,1]
	[222943,1]
	[598,7]
	[221907,1]
	[604,1]
	[576,51]
	[219329,1]
	[407,14]
	[216256,1]
	[3,1]
	[216253,1]
	[216288,1]
	[406,9]
	[408,23]
	[331,1]
	[594,33]
	[404,19]
	[210058,1]
	[313,1]
	[597,8]
	[402,11]
	[206023,1]
	[205012,1]
	[204004,1]
	[200979,1]
	[199913,1]
	[198983,1]
	[196959,1]
	[195817,1]
	[194687,1]
	[192668,1]
	[192739,1]
	[192732,1]
	[192728,1]
	[192705,1]
	[298,1]
	[191683,1]
	[190702,1]
	[396,3]
	[189692,1]
	[188734,1]
	[602,5]
	[184674,1]
	[184637,1]
	[303,1]
	[183621,1]
	[181617,1]
	[181612,1]
	[178461,1]
	[177444,1]
	[171387,1]
	[171398,1]
	[167350,1]
	[165349,1]
	[163308,1]
	[163556,1]
	[162532,1]
	[159514,1]
	[159538,1]
	[158531,1]
	[157542,1]
	[156475,1]
	[155296,1]
	[153085,1]
	[152067,1]
	[150980,1]
	[346,1]
	[148967,1]
	[351,1]
	[323,1]
	[146997,1]
	[146940,1]
	[144806,1]
	[144807,1]
	[144801,1]
	[140798,1]
	[139807,1]
	[138785,1]
	[138766,1]
	[133727,1]
	[132692,1]
	[131692,1]
	[125496,1]
	[124449,1]
	[122522,1]
	[121482,1]
	[121416,1]
	[130710,1]
	[115308,1]
	[114346,1]
	[114152,1]
	[112178,1]
	[109149,1]
	[99069,1]
	[99079,1]
	[97139,1]
	[94108,1]
	[93112,1]
	[92137,1]
	[91090,1]
	[83732,1]
	[81801,1]
	[66431,1]
	[58254,1]
	[55226,1]
	[52142,1]
	[49117,1]
	[49144,1]
	[32796,1]
	[16568,1]

1624,
	[412,177]
	[598,202]
	[550,179]
	[551,155]
	[577,211]
	[564,184]
	[489,214]
	[549,141]
	[518,213]
	[589,233]
	[472,177]
	[521,136]
	[368,49]
	[505,155]
	[578,205]
	[522,118]
	[442,114]
	[465,359]
	[467,237]
	[399,83]
	[499,188]
	[427,148]
	[484,153]
	[449,186]
	[562,161]
	[405,103]
	[565,214]
	[567,206]
	[545,152]
	[477,283]
	[429,115]
	[581,201]
	[603,238]
	[527,194]
	[480,189]
	[482,170]
	[391,72]
	[555,176]
	[511,160]
	[433,108]
	[517,290]
	[459,141]
	[494,164]
	[423,109]
	[466,270]
	[495,163]
	[496,156]
	[533,134]
	[453,115]
	[529,203]
	[470,168]
	[456,130]
	[568,223]
	[604,202]
	[460,160]
	[507,169]
	[492,183]
	[475,220]
	[601,245]
	[411,394]
	[428,203]
	[597,206]
	[605,210]
	[430,121]
	[508,164]
	[548,172]
	[596,212]
	[374,50]
	[523,137]
	[490,248]
	[528,166]
	[582,182]
	[553,159]
	[602,225]
	[415,120]
	[426,354]
	[590,239]
	[462,135]
	[502,211]
	[503,173]
	[509,175]
	[407,123]
	[478,258]
	[483,168]
	[446,142]
	[469,154]
	[476,272]
	[485,150]
	[443,131]
	[447,124]
	[431,121]
	[607,113]
	[524,178]
	[488,215]
	[552,157]
	[532,138]
	[444,117]
	[530,188]
	[587,202]
	[441,129]
	[422,132]
	[438,246]
	[519,149]
	[501,182]
	[506,161]
	[440,148]
	[434,116]
	[559,157]
	[579,193]
	[547,132]
	[493,171]
	[570,196]
	[575,181]
	[606,199]
	[561,178]
	[540,153]
	[425,322]
	[417,97]
	[583,204]
	[504,167]
	[474,171]
	[448,165]
	[404,99]
	[591,213]
	[398,101]
	[424,93]
	[402,99]
	[513,142]
	[592,169]
	[419,117]
	[392,88]
	[468,191]
	[497,158]
	[546,138]
	[515,228]
	[393,73]
	[486,198]
	[463,235]
	[608,30]
	[420,99]
	[541,169]
	[576,200]
	[572,181]
	[452,149]
	[585,190]
	[481,163]
	[437,215]
	[520,135]
	[461,164]
	[395,86]
	[372,51]
	[538,166]
	[378,61]
	[450,195]
	[600,238]
	[599,218]
	[400,94]
	[543,143]
	[439,146]
	[510,166]
	[457,155]
	[586,204]
	[389,72]
	[397,81]
	[408,106]
	[595,232]
	[380,50]
	[409,108]
	[413,100]
	[588,198]
	[514,225]
	[454,156]
	[764,7]
	[580,261]
	[593,202]
	[542,147]
	[370,48]
	[558,172]
	[348,16]
	[354,21]
	[228076,1]
	[571,208]
	[479,221]
	[228130,1]
	[560,159]
	[487,179]
	[574,152]
	[390,70]
	[594,206]
	[383,59]
	[566,167]
	[525,144]
	[500,160]
	[569,234]
	[418,99]
	[544,140]
	[228042,1]
	[364,42]
	[573,171]
	[512,160]
	[352,17]
	[376,49]
	[471,191]
	[526,199]
	[228034,1]
	[410,85]
	[539,150]
	[534,139]
	[556,187]
	[445,141]
	[228112,1]
	[535,137]
	[536,138]
	[458,155]
	[403,99]
	[563,179]
	[379,49]
	[406,116]
	[228058,1]
	[491,200]
	[498,162]
	[584,191]
	[414,104]
	[373,61]
	[421,92]
	[557,184]
	[228054,1]
	[455,170]
	[451,146]
	[436,151]
	[473,206]
	[228158,1]
	[228127,1]
	[228113,1]
	[554,172]
	[386,74]
	[361,25]
	[435,103]
	[227100,1]
	[227008,1]
	[384,64]
	[516,212]
	[464,341]
	[227087,1]
	[227142,1]
	[610,10]
	[416,97]
	[537,144]
	[227062,1]
	[366,50]
	[432,109]
	[227089,1]
	[227101,1]
	[609,5]
	[367,42]
	[385,49]
	[227150,1]
	[229417,1]
	[229336,1]
	[808,10]
	[768,3]
	[388,76]
	[226074,2]
	[226095,1]
	[226022,1]
	[225964,1]
	[381,60]
	[531,159]
	[226080,1]
	[226078,1]
	[394,70]
	[226044,1]
	[226161,1]
	[226045,1]
	[377,55]
	[226064,1]
	[226126,1]
	[396,68]
	[229369,1]
	[401,93]
	[225006,1]
	[224934,1]
	[225017,1]
	[224997,1]
	[225111,1]
	[225073,1]
	[225118,1]
	[225125,1]
	[225157,1]
	[225054,1]
	[225128,1]
	[225068,1]
	[765,1]
	[360,26]
	[224043,1]
	[224039,1]
	[224027,1]
	[224065,1]
	[224023,1]
	[382,65]
	[224000,1]
	[224063,1]
	[224018,1]
	[223984,1]
	[223978,1]
	[362,25]
	[224056,1]
	[223995,1]
	[223965,1]
	[223081,1]
	[222887,1]
	[223012,1]
	[223100,1]
	[223052,1]
	[223037,1]
	[222993,1]
	[222985,1]
	[222961,1]
	[222996,1]
	[223111,1]
	[223079,1]
	[371,52]
	[349,12]
	[221903,1]
	[355,25]
	[357,25]
	[222007,1]
	[221931,1]
	[221977,1]
	[363,40]
	[220972,1]
	[220834,1]
	[220735,1]
	[220671,1]
	[220534,1]
	[220588,1]
	[220508,1]
	[220428,1]
	[228774,1]
	[228702,1]
	[763,3]
	[219417,1]
	[387,64]
	[219446,1]
	[219399,1]
	[219376,1]
	[219363,1]
	[219359,1]
	[219488,1]
	[219388,1]
	[219333,1]
	[219306,1]
	[228631,1]
	[228593,1]
	[375,53]
	[369,43]
	[218392,1]
	[218339,1]
	[218323,1]
	[218257,1]
	[218343,1]
	[218417,1]
	[218338,1]
	[218393,1]
	[218296,1]
	[218464,1]
	[217343,1]
	[217269,1]
	[217426,1]
	[217466,1]
	[217310,1]
	[217382,1]
	[217315,1]
	[796,3]
	[216362,1]
	[216275,1]
	[216293,1]
	[351,17]
	[216329,1]
	[216283,1]
	[216181,1]
	[216333,1]
	[216306,1]
	[216399,1]
	[216259,1]
	[216382,1]
	[216389,1]
	[216370,1]
	[216321,1]
	[215315,1]
	[215426,1]
	[215371,1]
	[215328,1]
	[215339,1]
	[215314,2]
	[215396,1]
	[358,27]
	[215302,1]
	[215305,1]
	[215326,1]
	[215325,1]
	[215313,1]
	[214374,1]
	[214318,2]
	[359,24]
	[214265,1]
	[214312,1]
	[214344,1]
	[213333,1]
	[213331,1]
	[213346,1]
	[213288,1]
	[213355,1]
	[213258,1]
	[212250,1]
	[212194,1]
	[212149,1]
	[212237,1]
	[212022,1]
	[212154,1]
	[211077,1]
	[211142,1]
	[211096,1]
	[211127,1]
	[211120,1]
	[211193,1]
	[211154,1]
	[211153,1]
	[211064,1]
	[211159,1]
	[211070,1]
	[212477,1]
	[347,6]
	[2,56]
	[210172,1]
	[210221,1]
	[210120,1]
	[210105,1]
	[210101,1]
	[210086,1]
	[781,3]
	[344,10]
	[209236,1]
	[209091,1]
	[209142,1]
	[209204,1]
	[209166,1]
	[209094,1]
	[209153,1]
	[209117,1]
	[209181,1]
	[209257,1]
	[209032,1]
	[365,43]
	[788,2]
	[208042,1]
	[208091,1]
	[208110,1]
	[208231,1]
	[208133,1]
	[208180,1]
	[208103,1]
	[208045,1]
	[208037,1]
	[807,1]
	[207024,1]
	[207012,1]
	[207001,1]
	[206991,1]
	[207043,1]
	[207140,1]
	[207052,1]
	[212458,1]
	[794,1]
	[356,24]
	[206063,1]
	[212460,1]
	[204984,1]
	[205160,1]
	[205083,1]
	[205037,1]
	[205088,1]
	[205042,1]
	[205162,1]
	[205156,1]
	[205060,1]
	[205174,1]
	[205137,1]
	[212455,1]
	[780,5]
	[204021,1]
	[204055,1]
	[204029,1]
	[204169,1]
	[204146,1]
	[204106,1]
	[341,2]
	[202981,1]
	[202993,1]
	[203034,1]
	[203151,1]
	[203104,1]
	[203080,1]
	[782,2]
	[202064,1]
	[202168,1]
	[202105,1]
	[202070,1]
	[202049,1]
	[202041,1]
	[201975,1]
	[202018,1]
	[202017,1]
	[353,15]
	[202056,1]
	[201948,1]
	[201946,1]
	[202098,1]
	[212443,1]
	[201115,1]
	[201012,1]
	[201023,1]
	[201119,1]
	[201009,1]
	[201001,1]
	[201168,1]
	[201124,1]
	[201065,1]
	[200044,1]
	[200060,1]
	[200083,1]
	[199983,1]
	[200114,1]
	[200079,1]
	[200047,1]
	[212478,1]
	[199049,1]
	[199010,1]
	[199004,1]
	[199023,1]
	[199100,1]
	[198954,1]
	[198959,1]
	[198888,1]
	[199060,1]
	[198924,1]
	[199022,1]
	[198948,1]
	[811,2]
	[198018,1]
	[197975,1]
	[197952,1]
	[197999,1]
	[198066,1]
	[197968,1]
	[198072,1]
	[197989,1]
	[809,5]
	[197003,1]
	[196975,1]
	[197043,1]
	[196125,1]
	[195989,1]
	[195821,1]
	[195825,1]
	[195866,1]
	[195864,1]
	[195926,1]
	[195810,1]
	[195761,1]
	[195756,1]
	[195980,1]
	[195791,1]
	[195740,1]
	[195932,1]
	[798,2]
	[194720,1]
	[194803,1]
	[194757,1]
	[194746,1]
	[194789,1]
	[194828,1]
	[194869,1]
	[194776,1]
	[196035,1]
	[810,16]
	[193720,1]
	[193800,2]
	[193700,1]
	[193866,1]
	[193913,1]
	[193899,1]
	[346,6]
	[342,8]
	[192720,1]
	[192843,1]
	[350,9]
	[192844,1]
	[192724,1]
	[192770,1]
	[192762,1]
	[191786,1]
	[191680,1]
	[191812,1]
	[191729,1]
	[196095,1]
	[797,3]
	[190734,1]
	[190826,1]
	[190851,1]
	[190692,1]
	[190815,1]
	[190808,1]
	[196022,1]
	[195931,1]
	[189759,1]
	[189753,1]
	[189857,1]
	[189790,1]
	[189732,1]
	[189817,1]
	[189734,1]
	[189795,1]
	[189714,1]
	[188696,1]
	[188870,1]
	[188742,1]
	[188754,1]
	[188702,1]
	[187874,1]
	[187798,1]
	[187793,1]
	[187740,1]
	[187800,1]
	[196038,1]
	[186741,1]
	[185711,2]
	[185645,1]
	[185667,1]
	[185668,1]
	[185684,1]
	[185639,1]
	[185615,1]
	[185763,1]
	[184780,1]
	[184779,1]
	[184705,1]
	[184685,1]
	[184812,1]
	[184724,1]
	[184739,1]
	[184714,1]
	[195977,1]
	[183659,1]
	[183731,1]
	[183719,1]
	[183708,1]
	[183695,1]
	[183702,1]
	[183787,1]
	[183775,1]
	[182746,1]
	[182696,1]
	[182676,1]
	[182692,1]
	[182743,1]
	[182733,1]
	[182730,1]
	[182734,1]
	[181671,1]
	[181653,1]
	[181667,1]
	[181647,1]
	[181601,1]
	[181696,1]
	[180714,2]
	[180681,1]
	[180651,1]
	[180776,1]
	[180671,1]
	[180666,1]
	[340,3]
	[345,9]
	[179510,1]
	[179518,1]
	[179500,1]
	[179439,1]
	[179733,2]
	[752,3]
	[178519,1]
	[178464,2]
	[178602,1]
	[178490,1]
	[178434,1]
	[178532,1]
	[177499,1]
	[177505,1]
	[177487,1]
	[177466,1]
	[177471,1]
	[177599,1]
	[177504,1]
	[751,7]
	[750,2]
	[176389,1]
	[176434,1]
	[176358,1]
	[176467,1]
	[176499,1]
	[176433,1]
	[176559,1]
	[176453,1]
	[179867,1]
	[175390,1]
	[175475,1]
	[175417,1]
	[175400,1]
	[175575,1]
	[175556,1]
	[175459,1]
	[175588,1]
	[179859,1]
	[174420,1]
	[174486,1]
	[173353,1]
	[173559,1]
	[173427,1]
	[173503,1]
	[173568,1]
	[172432,1]
	[172413,1]
	[172470,1]
	[172410,1]
	[172451,1]
	[172501,1]
	[172499,1]
	[172523,1]
	[172558,1]
	[171433,1]
	[171457,1]
	[171495,1]
	[171486,1]
	[171500,1]
	[171467,1]
	[783,1]
	[169370,1]
	[169368,1]
	[169391,1]
	[179728,1]
	[754,2]
	[168433,1]
	[168500,1]
	[168343,1]
	[168471,1]
	[167498,1]
	[167379,1]
	[167535,1]
	[167403,1]
	[167408,1]
	[167472,1]
	[167418,1]
	[167389,1]
	[167373,1]
	[179767,1]
	[166348,1]
	[166487,1]
	[166395,1]
	[166453,1]
	[166430,1]
	[165329,1]
	[165341,1]
	[165481,1]
	[165423,1]
	[179831,1]
	[164435,1]
	[164436,1]
	[164347,1]
	[164429,1]
	[164354,1]
	[164381,1]
	[164434,1]
	[163491,1]
	[163294,1]
	[163246,1]
	[163270,1]
	[163442,1]
	[163454,2]
	[163512,1]
	[163555,1]
	[163700,1]
	[769,3]
	[162640,1]
	[162633,1]
	[162539,1]
	[162537,1]
	[162690,1]
	[162583,1]
	[162595,1]
	[162617,1]
	[162576,1]
	[162557,1]
	[162545,1]
	[163964,1]
	[161713,1]
	[161616,1]
	[161622,1]
	[161656,1]
	[161663,1]
	[161575,1]
	[160610,1]
	[160523,1]
	[160573,1]
	[160577,2]
	[160522,1]
	[160621,1]
	[159646,1]
	[159596,1]
	[163906,1]
	[158629,1]
	[158606,1]
	[158605,1]
	[158674,1]
	[164012,1]
	[157694,1]
	[157635,1]
	[157590,1]
	[157583,1]
	[157486,1]
	[157610,1]
	[157563,1]
	[156653,1]
	[156531,1]
	[156603,1]
	[156536,1]
	[156558,1]
	[156591,1]
	[163819,1]
	[767,2]
	[155382,1]
	[155363,1]
	[155299,1]
	[155216,1]
	[163403,1]
	[154173,1]
	[154151,1]
	[154075,1]
	[154066,1]
	[154187,1]
	[153217,1]
	[153068,1]
	[153112,1]
	[153222,1]
	[153219,1]
	[153012,1]
	[153231,1]
	[153123,1]
	[163439,1]
	[152084,1]
	[152099,1]
	[152240,1]
	[152113,1]
	[152107,1]
	[152156,1]
	[152167,1]
	[152225,1]
	[152155,1]
	[795,2]
	[151184,1]
	[151033,1]
	[151088,1]
	[151013,1]
	[150952,1]
	[163516,1]
	[163299,1]
	[150087,1]
	[150123,1]
	[149953,1]
	[150117,1]
	[150020,1]
	[163305,1]
	[149060,1]
	[149025,1]
	[149009,1]
	[149079,1]
	[149027,1]
	[148972,1]
	[148982,1]
	[163470,1]
	[806,8]
	[148099,1]
	[148014,1]
	[147977,1]
	[148060,1]
	[148009,1]
	[146918,1]
	[146817,1]
	[146919,1]
	[146866,1]
	[146936,1]
	[146884,1]
	[146896,1]
	[147109,1]
	[145870,1]
	[145824,1]
	[147167,1]
	[147006,1]
	[144959,1]
	[144831,1]
	[144974,1]
	[144931,1]
	[144911,1]
	[144903,1]
	[144912,1]
	[144834,1]
	[147107,1]
	[784,2]
	[143793,1]
	[143924,1]
	[143916,1]
	[143854,1]
	[143867,1]
	[143936,1]
	[143932,1]
	[143883,1]
	[143866,1]
	[143860,1]
	[143818,1]
	[147115,1]
	[142899,1]
	[142810,1]
	[142760,1]
	[142878,1]
	[142797,1]
	[147060,1]
	[141721,1]
	[141910,1]
	[141907,1]
	[141971,1]
	[141880,1]
	[140823,1]
	[140859,1]
	[140806,1]
	[140798,2]
	[140937,1]
	[140862,1]
	[140910,1]
	[139827,1]
	[139745,1]
	[139916,1]
	[139849,1]
	[139811,1]
	[139927,1]
	[139884,1]
	[139805,1]
	[147263,1]
	[147213,1]
	[343,4]
	[138828,1]
	[138867,1]
	[138913,1]
	[137788,1]
	[137784,1]
	[147247,1]
	[785,1]
	[136812,1]
	[136858,1]
	[136783,1]
	[136862,1]
	[786,1]
	[135830,1]
	[135752,1]
	[135808,1]
	[135717,1]
	[135842,1]
	[134871,1]
	[134827,1]
	[134724,1]
	[134887,1]
	[134817,1]
	[133813,1]
	[133817,1]
	[133839,1]
	[133715,1]
	[133864,1]
	[133704,1]
	[133654,1]
	[147201,1]
	[132859,1]
	[132826,1]
	[132703,1]
	[147103,1]
	[131784,1]
	[131727,1]
	[131694,1]
	[131726,1]
	[130745,1]
	[130632,1]
	[130582,1]
	[130573,1]
	[129500,1]
	[129639,1]
	[129546,1]
	[129527,1]
	[129524,1]
	[129543,1]
	[800,2]
	[128502,1]
	[128600,1]
	[128590,1]
	[130905,1]
	[130766,1]
	[801,5]
	[127485,1]
	[127629,1]
	[802,5]
	[126567,1]
	[126657,1]
	[126558,1]
	[126460,1]
	[125554,1]
	[125532,1]
	[125635,1]
	[125601,1]
	[124533,1]
	[124498,1]
	[124555,1]
	[124522,1]
	[124634,1]
	[123584,1]
	[123539,1]
	[123647,1]
	[123596,1]
	[123527,1]
	[123514,1]
	[122487,1]
	[122616,1]
	[122601,1]
	[122592,1]
	[122588,1]
	[122644,1]
	[122546,1]
	[130834,1]
	[121634,1]
	[121499,1]
	[121568,1]
	[121576,1]
	[121505,1]
	[121571,1]
	[121572,1]
	[121481,1]
	[121661,1]
	[120551,1]
	[120417,1]
	[120468,1]
	[120560,1]
	[120537,1]
	[120520,1]
	[120494,1]
	[120433,1]
	[130824,1]
	[118486,1]
	[118522,1]
	[118457,1]
	[118405,1]
	[118577,1]
	[118547,1]
	[118392,1]
	[118444,1]
	[130867,1]
	[117476,1]
	[117464,1]
	[117378,1]
	[116462,1]
	[116465,1]
	[116493,1]
	[130782,1]
	[115324,1]
	[115410,1]
	[115467,1]
	[115331,1]
	[115460,1]
	[115412,1]
	[114223,1]
	[114185,1]
	[113293,1]
	[113272,1]
	[113206,1]
	[113255,1]
	[113342,1]
	[756,6]
	[112313,1]
	[112193,1]
	[114465,1]
	[111253,1]
	[111184,1]
	[110305,2]
	[110262,1]
	[110252,1]
	[110232,1]
	[110258,1]
	[110212,1]
	[110218,1]
	[755,7]
	[109250,1]
	[109249,1]
	[109221,1]
	[109314,1]
	[109231,1]
	[114416,1]
	[108284,1]
	[108222,1]
	[108208,1]
	[108238,1]
	[108199,1]
	[108177,1]
	[108213,1]
	[114495,1]
	[107227,2]
	[107171,1]
	[107170,1]
	[107190,1]
	[106259,1]
	[804,4]
	[105152,1]
	[105192,1]
	[105211,1]
	[105249,1]
	[105209,1]
	[114675,1]
	[104274,1]
	[104206,1]
	[104213,1]
	[104286,1]
	[114558,1]
	[103179,1]
	[103181,1]
	[103147,1]
	[103129,1]
	[103210,1]
	[103199,1]
	[114570,1]
	[761,1]
	[101133,1]
	[101263,1]
	[101124,1]
	[101104,1]
	[101171,1]
	[101115,1]
	[114590,1]
	[100140,1]
	[100194,1]
	[100176,1]
	[100206,1]
	[114587,1]
	[99119,1]
	[99159,1]
	[99117,1]
	[99128,1]
	[98225,1]
	[98017,1]
	[98116,1]
	[98327,1]
	[97200,1]
	[98378,1]
	[772,7]
	[96222,1]
	[96178,1]
	[96200,1]
	[95163,1]
	[98552,1]
	[98338,1]
	[94184,1]
	[94155,1]
	[94235,1]
	[94267,1]
	[94104,1]
	[93163,1]
	[93176,1]
	[773,2]
	[92190,1]
	[92204,1]
	[92178,1]
	[92161,1]
	[91232,1]
	[91100,1]
	[98583,1]
	[98504,1]
	[90123,1]
	[90057,1]
	[89998,1]
	[89965,1]
	[89975,1]
	[89867,1]
	[88810,1]
	[88832,1]
	[88938,1]
	[88873,1]
	[98091,1]
	[771,2]
	[87855,1]
	[87851,1]
	[87909,1]
	[98121,1]
	[792,2]
	[86878,1]
	[86818,1]
	[86964,1]
	[86863,1]
	[86883,1]
	[86865,1]
	[85757,1]
	[84817,1]
	[84731,1]
	[84837,1]
	[84773,1]
	[98259,1]
	[83864,1]
	[83724,1]
	[83717,1]
	[83735,1]
	[98131,1]
	[82684,1]
	[82742,1]
	[81908,1]
	[80636,1]
	[80630,1]
	[80588,1]
	[81956,1]
	[79586,1]
	[81794,1]
	[78614,1]
	[78711,1]
	[78724,1]
	[78605,1]
	[81913,1]
	[77589,1]
	[77606,1]
	[77523,1]
	[77693,1]
	[77619,1]
	[789,2]
	[76495,1]
	[76574,1]
	[76726,1]
	[76608,1]
	[75591,1]
	[75645,1]
	[75556,1]
	[74741,1]
	[74687,1]
	[74666,1]
	[74595,1]
	[74574,1]
	[73620,1]
	[73612,1]
	[81883,1]
	[72591,1]
	[72667,1]
	[72511,1]
	[71628,1]
	[71526,1]
	[71679,1]
	[71644,1]
	[71558,1]
	[81939,1]
	[70481,1]
	[70598,1]
	[70555,1]
	[70535,1]
	[70529,1]
	[70547,1]
	[70525,1]
	[69530,1]
	[69521,1]
	[787,2]
	[68532,1]
	[68496,1]
	[67457,1]
	[67559,1]
	[67483,1]
	[67416,1]
	[81754,1]
	[66441,1]
	[66476,1]
	[65275,1]
	[64253,1]
	[63269,1]
	[63244,1]
	[65525,1]
	[805,5]
	[62303,1]
	[65650,1]
	[61341,1]
	[60332,1]
	[60422,1]
	[60326,1]
	[60237,1]
	[59277,1]
	[58301,1]
	[58311,1]
	[58238,1]
	[58221,1]
	[58213,1]
	[58314,1]
	[57305,1]
	[56256,1]
	[65653,1]
	[55274,1]
	[55217,1]
	[55187,1]
	[55182,1]
	[55215,1]
	[65607,1]
	[65494,1]
	[54228,1]
	[53195,1]
	[53116,1]
	[65586,1]
	[52167,1]
	[51199,1]
	[51255,1]
	[51178,1]
	[51203,1]
	[51114,1]
	[65447,1]
	[50194,1]
	[50192,1]
	[50160,1]
	[50151,1]
	[47974,1]
	[48057,1]
	[46973,1]
	[45986,1]
	[46039,1]
	[46003,1]
	[760,4]
	[45079,1]
	[45046,1]
	[44931,1]
	[49413,1]
	[44029,1]
	[44062,1]
	[43020,1]
	[42931,1]
	[49287,1]
	[49221,1]
	[759,4]
	[42047,1]
	[42034,1]
	[41946,1]
	[39977,1]
	[40022,1]
	[39906,1]
	[39898,1]
	[49168,1]
	[758,3]
	[39024,1]
	[39014,1]
	[49248,1]
	[49232,1]
	[37932,1]
	[37893,1]
	[37953,1]
	[49334,1]
	[49219,1]
	[36988,1]
	[49265,1]
	[35840,1]
	[35895,1]
	[35818,1]
	[35860,1]
	[34808,1]
	[34956,1]
	[33919,1]
	[33940,1]
	[32810,1]
	[32781,1]
	[32896,1]
	[32825,1]
	[777,3]
	[32976,1]
	[30781,1]
	[30769,1]
	[30713,1]
	[30703,1]
	[30741,1]
	[29801,1]
	[33000,1]
	[32984,1]
	[28734,1]
	[33123,1]
	[27747,1]
	[27715,1]
	[33116,1]
	[26744,1]
	[26713,1]
	[26795,1]
	[25646,1]
	[33146,1]
	[32939,1]
	[775,2]
	[776,2]
	[23637,1]
	[23537,1]
	[23680,1]
	[23622,1]
	[23601,1]
	[33024,1]
	[33015,1]
	[20512,1]
	[20525,1]
	[33023,1]
	[19638,1]
	[18610,1]
	[18570,1]
	[16547,1]
	[14406,1]
	[16765,1]
	[16584,1]
	[793,2]
	[11374,1]
	[11307,1]
	[16731,1]
	[10344,1]
	[10280,1]
	[16689,1]
	[791,2]
	[6325,1]
	[5272,1]
	[16676,1]
	[790,1]
	[4253,1]
	[3253,1]
	[16619,1]
	[1200,1]
	[229,3]
	[241,1]
	[231,1]
	[268,1]
	[312,1]

1584,
	[460,152]
	[438,207]
	[411,25]
	[472,146]
	[484,120]
	[434,199]
	[312,52]
	[267,7]
	[281,24]
	[277,21]
	[447,184]
	[410,11]
	[479,110]
	[417,228]
	[427,222]
	[424,210]
	[321,46]
	[495,115]
	[436,182]
	[482,115]
	[534,127]
	[512,103]
	[548,99]
	[469,144]
	[421,242]
	[316,55]
	[522,125]
	[556,86]
	[304,44]
	[518,112]
	[302,37]
	[504,110]
	[551,90]
	[478,103]
	[547,105]
	[555,80]
	[431,193]
	[542,116]
	[437,205]
	[533,130]
	[476,130]
	[558,91]
	[505,113]
	[574,57]
	[571,58]
	[465,133]
	[559,99]
	[486,122]
	[458,147]
	[563,75]
	[370,13]
	[426,188]
	[499,97]
	[514,120]
	[2,330]
	[501,127]
	[467,150]
	[473,132]
	[519,124]
	[452,162]
	[286,25]
	[536,124]
	[500,122]
	[311,44]
	[462,164]
	[526,132]
	[318,66]
	[541,123]
	[446,211]
	[332,30]
	[560,87]
	[456,177]
	[419,231]
	[333,40]
	[435,219]
	[579,42]
	[439,235]
	[420,232]
	[493,116]
	[348,28]
	[470,111]
	[570,58]
	[494,117]
	[517,114]
	[585,32]
	[474,104]
	[477,115]
	[591,38]
	[487,125]
	[521,118]
	[423,231]
	[481,119]
	[502,116]
	[425,246]
	[497,119]
	[510,126]
	[285,19]
	[445,154]
	[440,190]
	[416,248]
	[459,173]
	[300,29]
	[466,126]
	[537,117]
	[415,215]
	[496,125]
	[433,217]
	[492,127]
	[422,203]
	[339,41]
	[464,125]
	[491,108]
	[450,179]
	[449,198]
	[468,138]
	[490,123]
	[576,66]
	[600,10]
	[488,124]
	[592,21]
	[532,119]
	[539,129]
	[540,119]
	[581,49]
	[530,120]
	[513,111]
	[602,1]
	[461,141]
	[538,110]
	[320,47]
	[511,133]
	[444,189]
	[553,86]
	[327,39]
	[515,122]
	[351,26]
	[485,131]
	[342,23]
	[430,201]
	[432,233]
	[443,170]
	[552,95]
	[509,107]
	[454,196]
	[586,38]
	[289,29]
	[429,213]
	[268,5]
	[489,129]
	[455,155]
	[480,144]
	[441,200]
	[324,47]
	[457,160]
	[325,49]
	[310,44]
	[545,116]
	[308,31]
	[483,137]
	[453,182]
	[568,43]
	[573,60]
	[528,109]
	[550,90]
	[428,209]
	[549,111]
	[578,35]
	[584,23]
	[593,25]
	[471,124]
	[291,23]
	[275,15]
	[303,39]
	[322,52]
	[527,139]
	[546,113]
	[323,39]
	[338,38]
	[507,139]
	[557,96]
	[448,188]
	[580,59]
	[597,14]
	[583,37]
	[516,102]
	[451,157]
	[503,121]
	[336,44]
	[506,101]
	[326,35]
	[340,23]
	[356,17]
	[587,32]
	[299,35]
	[331,35]
	[554,90]
	[442,187]
	[330,25]
	[562,75]
	[577,52]
	[364,3]
	[590,26]
	[529,118]
	[524,132]
	[525,107]
	[535,124]
	[475,109]
	[463,188]
	[544,116]
	[329,30]
	[418,202]
	[564,67]
	[598,7]
	[572,44]
	[306,40]
	[226956,1]
	[341,27]
	[498,116]
	[588,33]
	[301,43]
	[317,40]
	[543,115]
	[298,25]
	[520,107]
	[361,9]
	[229130,1]
	[272,7]
	[271,7]
	[413,148]
	[523,124]
	[307,55]
	[280,15]
	[295,30]
	[314,45]
	[226020,1]
	[565,48]
	[582,37]
	[575,51]
	[531,124]
	[335,52]
	[367,2]
	[508,108]
	[284,25]
	[566,76]
	[357,14]
	[601,4]
	[344,29]
	[561,72]
	[229110,1]
	[287,23]
	[334,32]
	[345,28]
	[349,26]
	[293,28]
	[315,47]
	[569,55]
	[589,25]
	[292,26]
	[365,3]
	[273,17]
	[352,27]
	[3,20]
	[319,48]
	[313,37]
	[274,16]
	[337,40]
	[297,33]
	[288,21]
	[347,21]
	[353,26]
	[595,16]
	[359,12]
	[599,3]
	[328,30]
	[346,23]
	[343,28]
	[220604,1]
	[282,22]
	[276,10]
	[567,55]
	[360,10]
	[263,5]
	[283,24]
	[278,18]
	[355,19]
	[358,15]
	[594,14]
	[309,36]
	[228619,1]
	[228613,1]
	[218294,1]
	[414,184]
	[217215,1]
	[374,12]
	[217156,1]
	[362,9]
	[228503,1]
	[216163,1]
	[294,22]
	[215205,1]
	[228610,1]
	[366,4]
	[412,86]
	[379,11]
	[213195,1]
	[212231,1]
	[211992,1]
	[264,7]
	[372,16]
	[212304,1]
	[350,18]
	[209054,1]
	[290,26]
	[266,5]
	[408,6]
	[596,11]
	[206874,1]
	[363,1]
	[205956,1]
	[205979,1]
	[279,23]
	[203919,1]
	[296,21]
	[212158,1]
	[200982,1]
	[198835,1]
	[198816,1]
	[198826,1]
	[354,15]
	[196838,1]
	[196860,1]
	[195685,1]
	[195791,1]
	[407,6]
	[305,37]
	[193646,1]
	[193625,1]
	[193731,1]
	[262,9]
	[409,16]
	[190601,1]
	[188666,1]
	[195879,1]
	[270,9]
	[373,7]
	[187657,1]
	[375,7]
	[186631,1]
	[181579,1]
	[371,6]
	[180501,1]
	[179330,1]
	[179554,1]
	[179484,1]
	[177316,1]
	[179597,1]
	[176342,1]
	[265,5]
	[171353,1]
	[171307,1]
	[170289,1]
	[369,2]
	[168277,1]
	[261,7]
	[166299,1]
	[165295,1]
	[163680,1]
	[161561,1]
	[161441,1]
	[160465,1]
	[159559,1]
	[163704,1]
	[157457,1]
	[156539,1]
	[153982,1]
	[145721,1]
	[146893,1]
	[146937,1]
	[140726,1]
	[146959,1]
	[138874,1]
	[137628,1]
	[146990,1]
	[133666,1]
	[133665,1]
	[132765,1]
	[131581,1]
	[128383,1]
	[128405,1]
	[130741,1]
	[130692,1]
	[122425,1]
	[120354,1]
	[130580,1]
	[114292,1]
	[113131,1]
	[114272,1]
	[111072,1]
	[114342,1]
	[114463,1]
	[105100,1]
	[105129,1]
	[104107,1]
	[114285,1]
	[99061,1]
	[97910,1]
	[98404,1]
	[91058,1]
	[86800,1]
	[97987,1]
	[85710,1]
	[85819,1]
	[82665,1]
	[81645,1]
	[81678,1]
	[80470,1]
	[81655,1]
	[78473,1]
	[77463,1]
	[75492,1]
	[73501,1]
	[81755,1]
	[81660,1]
	[68465,1]
	[66410,1]
	[269,3]
	[65357,1]
	[65366,1]
	[54139,1]
	[49076,1]
	[32868,1]
	[32836,1]
	[32856,1]
	[32700,1]
	[32740,1]
	[32692,1]
	[260,2]
	[16387,1]

1628,
	[173,23]
	[218,4]
	[192,532]
	[188,8]
	[170,36]
	[217,64]
	[226,3]
	[140,439]
	[142,1191]
	[167,227]
	[95,23]
	[111,39]
	[89,973]
	[91,863]
	[116,361]
	[25,49]
	[38,1636]
	[40,341]
	[32,15]
	[65,552]
	[151,37]
	[182,59]
	[174,25]
	[139,36]
	[152,49]
	[206,246]
	[181,878]
	[155,132]
	[131,69]
	[130,816]
	[128,380]
	[90,72]
	[77,803]
	[55,59]
	[104,165]
	[21,24]
	[2,294]
	[26,1349]
	[169,552]
	[194,115]
	[141,77]
	[118,470]
	[143,79]
	[156,53]
	[67,259]
	[92,31]
	[61,14]
	[14,655]
	[11,20]
	[122,40]
	[74,29]
	[86,22]
	[106,174]
	[94,25]
	[81,23]
	[71,25]
	[53,126]
	[42,5]
	[3,44]
	[154,178]
	[109,44]
	[105,27]
	[161,27]
	[12,15]
	[171,22]
	[158,39]
	[107,40]
	[28,166]
	[114,79]
	[120,36]
	[1,57]
	[98,27]
	[15,15]
	[16,42]
	[153,94]
	[157,271]
	[148,26]
	[73,24]
	[85,24]
	[172,24]
	[102,60]
	[108,29]
	[68,32]
	[29,66]
	[97,30]
	[162,20]
	[79,540]
	[56,14]
	[159,37]
	[119,52]
	[23,43]
	[99,33]
	[39,25]
	[41,61]
	[45,5]
	[178,18]
	[24,528]
	[101,71]
	[135,34]
	[82,33]
	[87,23]
	[69,22]
	[33,16]
	[175,18]
	[165,122]
	[113,84]
	[78,53]
	[132,47]
	[183,33]
	[80,22]
	[187,11]
	[191,12]
	[127,57]
	[93,25]
	[75,32]
	[31,16]
	[37,14]
	[179,66]
	[208,39]
	[13,21]
	[223,4]
	[224,9]
	[58,18]
	[62,43]
	[72,22]
	[150,19]
	[144,38]
	[136,55]
	[146,25]
	[212,4]
	[96,26]
	[57,16]
	[54,11]
	[66,37]
	[50,13]
	[22,6]
	[184,12]
	[124,30]
	[137,41]
	[27,45]
	[115,134]
	[117,40]
	[112,25]
	[63,28]
	[145,17]
	[76,28]
	[176,24]
	[110,34]
	[121,30]
	[163,32]
	[43,3]
	[138,38]
	[103,93]
	[125,45]
	[129,31]
	[133,37]
	[216,287]
	[166,235]
	[207,33]
	[64,28]
	[195,42]
	[52,8]
	[88,34]
	[177,16]
	[83,24]
	[70,20]
	[36,16]
	[126,50]
	[46,5]
	[123,35]
	[100,30]
	[51,6]
	[49,4]
	[164,33]
	[84,18]
	[149,19]
	[17,6]
	[10,6]
	[44,6]
	[215,1]
	[577,1]
	[193,97]
	[147,22]
	[59,15]
	[34,13]
	[18,7]
	[134,44]
	[190,8]
	[168,65]
	[204,26]
	[232,3]
	[180,49]
	[210,2]
	[205,168]
	[60,7]
	[236,14]
	[160,26]
	[228,1]
	[20,8]
	[47,4]
	[48,2]
	[225,2]
	[197,3]
	[189,6]
	[35,10]
	[235,5]
	[19,4]
	[202,1]
	[234,8]
	[30,7]
	[185,6]
	[222,4]
	[227,1]
	[5,1]
	[198,2]
	[186,3]
	[230,2]
	[229,1]
	[196,1]

1652,
	[477,4]
	[193,9]
	[510,4]
	[448,2]
	[40,36]
	[493,2]
	[568,3]
	[76,26]
	[16,11]
	[88,8]
	[588,6]
	[115,30]
	[118,15]
	[456,1]
	[25,24]
	[469,1]
	[37,14]
	[55,4]
	[139,2]
	[52,26]
	[154,25]
	[13,25]
	[130,20]
	[455,3]
	[127,11]
	[67,18]
	[157,4]
	[91,31]
	[28,33]
	[49,2]
	[22,1]
	[536,2]
	[563,2]
	[225048,1]
	[110,2]
	[135,1]
	[505,4]
	[435,1]
	[565,3]
	[592,4]
	[169,10]
	[513,4]
	[574,1]
	[587,3]
	[578,7]
	[106,9]
	[103,38]
	[220827,1]
	[542,1]
	[178,7]
	[80,4]
	[219496,1]
	[9,4]
	[557,4]
	[64,21]
	[163,1]
	[48,2]
	[481,1]
	[573,3]
	[507,2]
	[134,2]
	[534,3]
	[485,3]
	[142,24]
	[177,3]
	[582,6]
	[474,2]
	[539,1]
	[79,20]
	[166,12]
	[212286,1]
	[600,3]
	[190,1]
	[522,6]
	[577,2]
	[35,12]
	[595,5]
	[100,3]
	[151,1]
	[112,3]
	[518,1]
	[601,1]
	[216,6]
	[520,1]
	[589,2]
	[559,4]
	[516,4]
	[192,6]
	[581,1]
	[207242,1]
	[594,1]
	[495,3]
	[174,1]
	[104,1]
	[570,3]
	[165,8]
	[502,2]
	[203181,1]
	[551,1]
	[541,2]
	[599,2]
	[89,1]
	[141,1]
	[512,3]
	[492,1]
	[153,13]
	[144,2]
	[198079,1]
	[496,3]
	[602,4]
	[457,1]
	[567,3]
	[145,1]
	[195999,1]
	[460,1]
	[556,4]
	[490,1]
	[113,1]
	[450,2]
	[560,2]
	[515,2]
	[17,6]
	[528,3]
	[537,2]
	[116,1]
	[51,1]
	[168,2]
	[535,1]
	[547,1]
	[453,2]
	[546,3]
	[196297,1]
	[499,4]
	[452,1]
	[187778,1]
	[53,2]
	[585,4]
	[554,3]
	[478,1]
	[82,1]
	[114,6]
	[164,2]
	[555,2]
	[545,1]
	[558,3]
	[96,1]
	[482,1]
	[571,3]
	[443,2]
	[180,1]
	[464,4]
	[102,3]
	[160,1]
	[476,3]
	[488,1]
	[550,3]
	[523,5]
	[461,2]
	[62,1]
	[576,5]
	[489,1]
	[147,3]
	[530,2]
	[433,1]
	[175492,1]
	[590,4]
	[66,1]
	[593,2]
	[514,3]
	[472,2]
	[579,4]
	[172484,1]
	[526,1]
	[438,1]
	[604,3]
	[470,1]
	[426,2]
	[591,1]
	[23,5]
	[504,4]
	[74,1]
	[441,1]
	[179991,1]
	[179864,1]
	[431,1]
	[540,1]
	[428,2]
	[519,1]
	[164479,1]
	[447,1]
	[24,2]
	[580,1]
	[598,3]
	[525,1]
	[596,4]
	[31,1]
	[125,1]
	[475,1]
	[458,2]
	[584,4]
	[181,8]
	[59,2]
	[61,1]
	[63,1]
	[527,1]
	[497,2]
	[151208,1]
	[92,1]
	[109,1]
	[137,1]
	[566,3]
	[501,2]
	[552,2]
	[583,2]
	[561,2]
	[508,2]
	[597,3]
	[136,3]
	[140931,1]
	[111,1]
	[171,3]
	[150,1]
	[108,1]
	[575,3]
	[152,2]
	[129,1]
	[521,2]
	[459,1]
	[564,1]
	[538,3]
	[155,2]
	[162,1]
	[133,1]
	[159,1]
	[451,1]
	[146,1]
	[544,1]
	[47,1]
	[569,1]
	[99,1]
	[524,2]
	[170,2]
	[112353,1]
	[471,2]
	[484,1]
	[57,1]
	[434,1]
	[511,1]
	[122,1]
	[92166,1]
	[60,1]
	[586,1]
	[572,1]
	[73,1]
	[498,1]
	[479,1]
	[42,1]
	[454,1]
	[46,1]
	[36978,1]
	[432,1]
	[33866,1]
	[603,1]
	[32789,1]
	[33121,1]
	[148,1]
	[314,1]

1604,
	[120,24]
	[17,35]
	[52,31]
	[18,26]
	[78,11]
	[44,13]
	[104,5]
	[70,5]
	[43,21]
	[51,17]
	[36,2]
	[86,14]
	[77,17]
	[85,19]
	[25,17]
	[9,25]
	[101,4]
	[111,20]
	[69,26]
	[112,10]
	[10,12]
	[142,1]
	[119,7]
	[93,7]
	[75,3]
	[12,1]
	[59,8]
	[105,2]
	[26,28]
	[94,27]
	[35,35]
	[103,24]
	[62,2]
	[175,2]
	[149,2]
	[150,1]
	[127,2]
	[13,11]
	[57,2]
	[139,1]
	[16,13]
	[158,1]
	[95,1]
	[128,9]
	[60,23]
	[64,3]
	[144,5]
	[79,1]
	[76,7]
	[97,3]
	[37,4]
	[137,2]
	[102,7]
	[110,7]
	[156,1]
	[92,1]
	[91,2]
	[136,12]
	[162,1]
	[176,1]
	[84,3]
	[49,1]
	[129,2]
	[117,1]
	[188,2]
	[56,1]
	[167,2]
	[125,2]
	[33,1]
	[72,1]
	[172,1]
	[73,1]
	[145,2]
	[153,2]
	[67,3]
	[122,1]
	[151,2]
	[100,1]
	[173,1]
	[140,1]
	[106,1]
	[116,1]
	[133,1]
	[148,2]
	[138,2]
	[99,2]
	[90,1]
	[135,1]
	[50,1]
	[141,1]
	[169,2]
	[46,1]
	[68,2]
	[39,1]
	[115,1]
	[65,1]
	[89,1]
	[42,1]
	[124,1]

1448,
	[226998,1]
	[259,4]
	[361,2]
	[335,2]
	[230,1]
	[341,1]
	[345,1]
	[417,1]
	[214264,1]
	[296,2]
	[250,4]
	[383,3]
	[209051,1]
	[452,1]
	[247,1]
	[240,1]
	[349,5]
	[294,1]
	[353,1]
	[399,1]
	[204001,1]
	[255,2]
	[437,1]
	[536,5]
	[432,1]
	[243,2]
	[200970,1]
	[280,1]
	[258,1]
	[193692,1]
	[192679,1]
	[467,1]
	[261,3]
	[264,6]
	[186669,1]
	[455,1]
	[526,1]
	[182629,1]
	[181572,1]
	[489,1]
	[180560,1]
	[252,4]
	[427,1]
	[233,3]
	[504,1]
	[176424,1]
	[538,1]
	[407,2]
	[288,2]
	[350,1]
	[207,1]
	[476,2]
	[321,2]
	[520,2]
	[333,1]
	[389,2]
	[156508,1]
	[371,2]
	[442,1]
	[147981,1]
	[251,2]
	[425,1]
	[138775,1]
	[136710,1]
	[441,1]
	[135700,1]
	[339,1]
	[133632,1]
	[248,2]
	[268,8]
	[127458,1]
	[125438,1]
	[351,1]
	[534,4]
	[265,2]
	[431,1]
	[117357,1]
	[506,3]
	[115285,1]
	[219,2]
	[403,3]
	[336,1]
	[366,1]
	[511,1]
	[316,1]
	[282,1]
	[238,3]
	[309,1]
	[228,1]
	[85740,1]
	[78554,1]
	[381,1]
	[73505,1]
	[443,1]
	[66388,1]
	[62225,1]
	[59200,1]
	[463,1]
	[363,1]
	[413,2]
	[50057,1]
	[260,1]
	[222,1]
	[272,3]
	[330,1]
	[360,2]
	[377,1]
	[348,1]
	[479,1]
	[385,1]
	[42900,1]
	[318,2]
	[241,1]
	[257,1]
	[430,1]
	[456,1]
	[393,1]
	[365,1]
	[347,1]
	[22536,1]
	[242,1]
	[464,1]
	[239,1]
	[510,1]
	[415,1]
	[256,1]
	[472,1]
	[12276,1]
	[11264,1]
	[522,1]
	[357,1]
	[405,1]
	[369,1]
	[6214,1]
	[373,1]
	[1161,1]
	[176,1]
	[149,1]
	[343,1]
	[182,1]
	[514,1]
	[429,1]
	[516,1]
	[435,1]
	[145,1]
	[278,1]
	[492,1]
	[180,1]
	[130,1]
	[352,1]
	[498,1]

1580,
	[22,2]
	[43,1]
	[107,1]
	[113,1]
	[23,2]
	[109,1]
	[70,1]
	[19,1]
	[473,1]
	[49,1]
	[71,1]
	[11,1]
	[39,1]
	[458,1]

1500,
	[173,2]
	[193,3]
	[216,2]
	[191,1]

len(carl_order):
28
Printing carl assignment order:
1580,23,0.017142857142857144
1604,188,0.014590540859960891
1580,113,0.01340033500837521
1588,1,0.013150567573356179
1520,2,0.012690355329949238
1628,236,0.009701240808562153
1584,2,0.006238892880099822
1520,236,0.005601260283563802
1652,171,0.0053068873447320855
1652,181,0.005306447333510215
1500,216,0.00516795865633075
1652,193,0.0037011334721258385
1628,577,0.002932551319648094
1580,473,0.0028368794326241137
1652,604,0.0027451448447543864
1448,538,0.0022207499018453082
1584,602,0.0021531072734983833
1504,604,0.0020862114678835073
1588,604,0.002074915819587227
1624,610,0.001921169025553154
1624,811,0.0006930249761529327
1448,1161,4.586104104563174e-05
1448,12276,8.089829466394848e-06
1448,226998,8.06262422293208e-06
1584,229130,6.876485237628038e-06
1624,229417,6.8764451891126124e-06
1588,225994,6.567661269097134e-06
1652,225048,6.464191331069742e-06
bin_width: 5885571
assigning lease 23 to address 1580
Average Cache Occupancy Per Bin: [0.00,0.00,0.00,0.00,0.00]
Total cost: 5632.0
assigning lease 188 to address 1604
Average Cache Occupancy Per Bin: [0.42,0.43,0.42,0.37,0.38]
Total cost: 2486016.0
assigning lease 113 to address 1580
Average Cache Occupancy Per Bin: [0.42,0.44,0.42,0.37,0.38]
Total cost: 2486016.0
assigning lease 1 to address 1588
Average Cache Occupancy Per Bin: [0.62,0.65,0.63,0.57,0.58]
Total cost: 3702528.0
assigning lease 2 to address 1520
Average Cache Occupancy Per Bin: [0.63,0.65,0.63,0.58,0.59]
Total cost: 3715328.0
assigning lease 236 to address 1628
Average Cache Occupancy Per Bin: [19.5,18.9,20.2,20.2,23.4]
Total cost: 114957824.0
assigning lease 2 to address 1584
Average Cache Occupancy Per Bin: [19.9,19.4,20.6,20.7,23.9]
Total cost: 117566976.0
assigning lease 236 to address 1520
Average Cache Occupancy Per Bin: [20.1,19.6,20.8,21.0,24.5]
Total cost: 118658304.0
assigning lease 171 to address 1652
Average Cache Occupancy Per Bin: [21.1,20.7,22.0,21.9,25.6]
Total cost: 124570880.0
assigning lease 181 to address 1652
Average Cache Occupancy Per Bin: [21.1,20.7,22.1,22.0,25.6]
Total cost: 124754432.0
assigning lease 216 to address 1500
Average Cache Occupancy Per Bin: [21.1,20.7,22.1,22.0,25.6]
Total cost: 124754432.0
assigning lease 193 to address 1652
Average Cache Occupancy Per Bin: [21.2,20.7,22.1,22.0,25.7]
Total cost: 124962304.0
assigning lease 577 to address 1628
Average Cache Occupancy Per Bin: [21.2,20.7,22.1,22.0,25.7]
Total cost: 125049600.0
assigning lease 473 to address 1580
Average Cache Occupancy Per Bin: [21.2,20.7,22.1,22.0,25.7]
Total cost: 125049600.0
assigning lease 604 to address 1652
Average Cache Occupancy Per Bin: [22.1,21.9,23.3,22.8,26.8]
Total cost: 130532864.0
assigning lease 538 to address 1448
Average Cache Occupancy Per Bin: [22.5,22.4,23.7,23.4,28.4]
Total cost: 132917248.0
assigning lease 602 to address 1584
Average Cache Occupancy Per Bin: [124.,129.,128.,130.,132.]
Total cost: 731325952.0
assigning lease 604 to address 1504
Average Cache Occupancy Per Bin: [124.,130.,129.,131.,135.]
Total cost: 734771200.0
assigning lease 604 to address 1588
Average Cache Occupancy Per Bin: [222.,226.,226.,226.,230.]
Total cost: 1311741696.0
assigning lease 610 to address 1624
Average Cache Occupancy Per Bin: [400.,405.,401.,402.,400.]
Total cost: 2356386048.0
assigning lease 811 to address 1624
Average Cache Occupancy Per Bin: [402.,407.,403.,404.,403.]
Total cost: 2368777984.0
assigning lease 1161 to address 1448
Average Cache Occupancy Per Bin: [402.,407.,404.,404.,404.]
Total cost: 2369415936.0
assigning lease 12276 to address 1448
Average Cache Occupancy Per Bin: [404.,411.,404.,408.,409.]
Total cost: 2380797696.0
assigning lease 226998 to address 1448
Average Cache Occupancy Per Bin: [439.,472.,417.,449.,428.]
Total cost: 2586931456.0
addr: 1584 ri: 229130
bin target: 3013412352
	bin: 0.0 current capacity: 439.5378895267766  avg impact: 226.5896498402619
	bin: 1.0 current capacity: 472.0460828694446  avg impact: 197.13889170651413
	bin: 2.0 current capacity: 417.16044067771844  avg impact: 137.72655601300195
	bin: 3.0 current capacity: 449.0670380155129  avg impact: 136.50244232887513
	bin: 4.0 current capacity: 428.24005487318055  avg impact: 86.38637644503821
num_full_bins: 0
printing bin ranks sorted:
	bin: 1.0 rank: 0.20266887362862848
	selecting this^ bin
	bin: 0.0 rank: 0.31979444129203066
	bin: 3.0 rank: 0.46103909139488397
	bin: 2.0 rank: 0.688607644507776
	bin: 4.0 rank: 0.9695966953783532
acceptable_ratio: 0.20266887362862848
Assigning 1584 dual lease lease 229130 * 0.20266887362862848. Bin saturation: [485.,512.,445.,476.,445.]
addr: 1624 ri: 229417
bin target: 3013412352
	bin: 0.0 current capacity: 485.4605586358078  avg impact: 2126.3836402619218
	bin: 1.0 current capacity: 512.0  avg impact: 1761.2335251753823
	bin: 2.0 current capacity: 445.0733266536238  avg impact: 1556.5432139039694
	bin: 3.0 current capacity: 476.73183424986286  avg impact: 1067.193514444053
	bin: 4.0 current capacity: 445.7478844841551  avg impact: 598.3855935133566
num_full_bins: 1
printing bin ranks sorted:
	bin: 1.0 rank: 0.0
	bin: 0.0 rank: 0.012481022173836507
	bin: 3.0 rank: 0.03304758253568461
	bin: 2.0 rank: 0.042996990220732306
	bin: 4.0 rank: 0.11071809922236385
acceptable_ratio: 0
addr: 1588 ri: 225994
bin target: 3013412352
	bin: 0.0 current capacity: 485.4605586358078  avg impact: 141.48601996305882
	bin: 1.0 current capacity: 512.0  avg impact: 181.40087750194502
	bin: 2.0 current capacity: 445.0733266536238  avg impact: 167.43933528284683
	bin: 3.0 current capacity: 476.73183424986286  avg impact: 96.82272527168561
num_full_bins: 1
printing bin ranks sorted:
	bin: 1.0 rank: 0.0
	bin: 0.0 rank: 0.1875764218339136
	bin: 3.0 rank: 0.3642550408612679
	bin: 2.0 rank: 0.3997069937796896
acceptable_ratio: 0
addr: 1652 ri: 225048
bin target: 3013412352
	bin: 0.0 current capacity: 485.4605586358078  avg impact: 47.05763026221245
	bin: 1.0 current capacity: 512.0  avg impact: 50.15991005800457
num_full_bins: 1
printing bin ranks sorted:
	bin: 1.0 rank: 0.0
	bin: 0.0 rank: 0.563977429724156
acceptable_ratio: 0
Final saturation:
	0.0,2857212585.5507097
	1.0,3013412352.0
	2.0,2619510664.226095
	3.0,2805839058.4377995
	4.0,2623480822.231293
DUMP LEASES
0, 5f0, ec, 0, 1 
0, 5e0, 25c, 0, 1 
0, 634, 25c, 0, 1 
0, 658, 32b, 0, 1 
0, 630, 25a, 37f0a, 0.7973311263713715 
0, 65c, 241, 0, 1 
0, 674, 25c, 0, 1 
0, 644, bc, 0, 1 
0, 5a8, 376b6, 0, 1 
0, 62c, 1d9, 0, 1 
0, 5dc, d8, 0, 1 
Dump dual leases

