sample rate: 0.00390625
5664,
	[112,2]
	[143,3]
	[35,12]
	[43,27]
	[286,1]
	[46,16]
	[42,25]
	[121,5]
	[30,9]
	[36,11]
	[281,1]
	[116,3]
	[24,8]
	[38,12]
	[41,33]
	[76,6]
	[225,2]
	[135,4]
	[40,15]
	[12,3]
	[262,2]
	[117,3]
	[49,16]
	[141,1]
	[217,1]
	[172,4]
	[1864,1]
	[92,3]
	[207,2]
	[66,7]
	[51,13]
	[48,13]
	[394,1]
	[216,2]
	[214,1]
	[282,2]
	[265,1]
	[86,2]
	[57,2]
	[186,1]
	[724,1]
	[131,2]
	[47,19]
	[104,3]
	[78,8]
	[39,25]
	[2268,1]
	[8,19]
	[1064,1]
	[127,3]
	[107,6]
	[95,5]
	[113,2]
	[213,3]
	[60,3]
	[676,1]
	[85,7]
	[411,1]
	[27,11]
	[100,3]
	[55,9]
	[9,5]
	[2869,1]
	[125,1]
	[22,2]
	[289,2]
	[592,1]
	[32,3]
	[87,6]
	[201,1]
	[110,5]
	[153,1]
	[123,4]
	[45,22]
	[52,9]
	[383,1]
	[81,4]
	[108,3]
	[44,16]
	[6,8]
	[232,1]
	[74,8]
	[23,6]
	[56,3]
	[194,1]
	[174,2]
	[150,1]
	[37,12]
	[14,4]
	[93,5]
	[70,7]
	[175,3]
	[88,5]
	[197,3]
	[192,4]
	[84,3]
	[132,1]
	[195,3]
	[54,6]
	[111,5]
	[89,6]
	[7,9]
	[5453,1]
	[73,5]
	[2348,1]
	[133,2]
	[91,1]
	[83,5]
	[20,4]
	[119,5]
	[226,1]
	[168,1]
	[369,1]
	[183,3]
	[177,3]
	[97,2]
	[72,7]
	[106,2]
	[1263,1]
	[71,8]
	[173,1]
	[142,3]
	[90,4]
	[61,4]
	[15,1]
	[176,2]
	[166,3]
	[79,7]
	[59,3]
	[25,8]
	[53,4]
	[10,4]
	[609,1]
	[1049,1]
	[77,9]
	[62,8]
	[162,3]
	[136,5]
	[306,1]
	[397,1]
	[161,2]
	[33,3]
	[4,6]
	[169,1]
	[34,8]
	[1139,1]
	[288,1]
	[206,1]
	[277,1]
	[209,2]
	[179,1]
	[154,2]
	[233,2]
	[311,1]
	[165,3]
	[211,3]
	[500,1]
	[75,5]
	[272,1]
	[124,2]
	[445,2]
	[182,2]
	[31,1]
	[102,3]
	[80,6]
	[227,1]
	[13,4]
	[276,1]
	[101,4]
	[614,1]
	[246,1]
	[171,1]
	[178,3]
	[144,3]
	[1289,1]
	[120,3]
	[219,1]
	[134,4]
	[274,1]
	[138,2]
	[148,1]
	[94,3]
	[159,2]
	[50,6]
	[11,5]
	[69,2]
	[997,1]
	[341,1]
	[258,1]
	[391,1]
	[849,1]
	[841,1]
	[260,1]
	[215,1]
	[67,5]
	[99,3]
	[26,3]
	[2,1]
	[6460,1]
	[785,1]
	[305,1]
	[21,3]
	[126,4]
	[128,1]
	[187,2]
	[29,6]
	[238,1]
	[28,3]
	[416,1]
	[954,1]
	[139,1]
	[137,1]
	[158,1]
	[417,1]
	[229,1]
	[68,3]
	[96,1]
	[607,1]
	[291,1]
	[557,1]
	[1003,1]
	[8275,1]
	[1011,1]
	[167,2]
	[230,1]
	[180,2]
	[1489,1]
	[883,1]
	[249,1]
	[430,1]
	[488,1]
	[425,1]
	[109,4]
	[114,3]
	[259,1]
	[345,2]
	[149,1]
	[200,1]
	[198,2]
	[3039,1]
	[170,2]
	[220,2]
	[236,2]
	[455,1]
	[19,1]
	[223,1]
	[640,1]
	[3,3]
	[203,2]
	[129,2]
	[145,1]
	[65,2]
	[130,1]
	[254,1]
	[363,2]
	[18,2]
	[240,1]
	[147,1]
	[218,1]
	[384,1]
	[7515,1]
	[105,1]
	[185,2]
	[164,2]
	[5,2]
	[64,2]
	[308,1]
	[443,1]
	[205,1]
	[231,2]
	[489,1]
	[703,1]
	[280,1]
	[351,1]
	[1877,1]
	[156,2]
	[122,2]
	[315,1]
	[193,1]
	[224,1]
	[441,1]
	[438,1]
	[210,1]
	[409,1]
	[337,1]
	[63,2]
	[163,1]
	[448,1]
	[697,1]
	[115,5]
	[82,2]
	[868,1]
	[578,1]
	[1046,1]
	[534,1]
	[364,1]
	[484,1]
	[244,1]
	[353,1]
	[248,1]
	[202,1]
	[662,1]
	[390,1]
	[146,1]
	[103,1]

5844,
	[38,29]
	[47,19]
	[31,9]
	[32,21]
	[42,28]
	[199,1]
	[34,14]
	[40,35]
	[305,1]
	[173,2]
	[41,33]
	[8,56]
	[46,26]
	[35,18]
	[43,39]
	[21,6]
	[33,7]
	[2,42]
	[4,72]
	[6,122]
	[108,5]
	[83,6]
	[48,13]
	[149,3]
	[900,1]
	[146,1]
	[176,2]
	[256,1]
	[363,2]
	[7,39]
	[9,38]
	[16,27]
	[120,5]
	[70,8]
	[164,3]
	[162,7]
	[71,4]
	[44,31]
	[15,27]
	[75,14]
	[36,13]
	[288,2]
	[78,6]
	[17,25]
	[136,2]
	[39,21]
	[85,5]
	[30,12]
	[160,2]
	[24,4]
	[45,29]
	[198,1]
	[82,3]
	[90,1]
	[3,14]
	[248,3]
	[227,1]
	[37,27]
	[601,1]
	[151,2]
	[49,17]
	[140,4]
	[174,4]
	[12,19]
	[28,12]
	[10,22]
	[207,1]
	[54,3]
	[74,11]
	[154,1]
	[84,4]
	[328,1]
	[1002,1]
	[193,1]
	[27,11]
	[287,2]
	[117,5]
	[101,2]
	[132,4]
	[194,1]
	[308,1]
	[20,9]
	[6605,1]
	[66,3]
	[1066,1]
	[968,1]
	[59,5]
	[57,4]
	[26,8]
	[19,14]
	[247,2]
	[18,13]
	[80,6]
	[1253,1]
	[22,8]
	[51,16]
	[511,1]
	[11,32]
	[102,5]
	[184,1]
	[13,25]
	[463,2]
	[106,2]
	[121,5]
	[115,3]
	[50,12]
	[536,1]
	[25,12]
	[183,2]
	[23,5]
	[110,4]
	[269,1]
	[145,1]
	[29,13]
	[65,3]
	[76,5]
	[125,6]
	[130,5]
	[86,4]
	[175,3]
	[14,20]
	[229,1]
	[2706,1]
	[409,1]
	[88,6]
	[119,4]
	[172,1]
	[166,1]
	[133,3]
	[124,4]
	[73,7]
	[3906,1]
	[593,1]
	[640,1]
	[55,5]
	[89,3]
	[64,3]
	[186,1]
	[111,6]
	[128,4]
	[233,1]
	[137,3]
	[105,4]
	[68,4]
	[5,32]
	[123,4]
	[225,1]
	[807,1]
	[92,3]
	[200,2]
	[224,1]
	[72,6]
	[187,1]
	[93,3]
	[326,1]
	[222,1]
	[188,3]
	[304,1]
	[79,5]
	[113,2]
	[126,4]
	[204,2]
	[157,1]
	[436,2]
	[9656,1]
	[238,1]
	[195,2]
	[656,1]
	[295,1]
	[271,1]
	[63,3]
	[77,1]
	[301,2]
	[322,1]
	[3450,1]
	[53,4]
	[214,2]
	[177,1]
	[633,1]
	[244,2]
	[303,2]
	[276,2]
	[191,1]
	[67,5]
	[116,6]
	[87,3]
	[103,1]
	[801,1]
	[81,5]
	[364,1]
	[95,1]
	[62,2]
	[310,1]
	[127,2]
	[190,3]
	[337,1]
	[109,2]
	[714,1]
	[112,3]
	[96,2]
	[240,1]
	[100,3]
	[167,1]
	[2550,1]
	[135,5]
	[131,4]
	[52,4]
	[2248,1]
	[134,3]
	[383,1]
	[484,1]
	[327,3]
	[3002,1]
	[237,1]
	[877,1]
	[147,2]
	[58,1]
	[1838,1]
	[2317,1]
	[241,1]
	[850,1]
	[261,1]
	[99,2]
	[129,3]
	[309,1]
	[340,1]
	[163,2]
	[243,2]
	[69,4]
	[180,2]
	[2813,1]
	[254,2]
	[97,3]
	[60,2]
	[397,1]
	[867,1]
	[196,2]
	[2059,1]
	[213,1]
	[236,1]
	[218,2]
	[2167,1]
	[390,1]
	[353,1]
	[94,2]
	[231,1]
	[208,1]
	[321,1]
	[143,3]
	[203,2]
	[139,3]
	[181,1]
	[275,2]
	[1129,1]
	[814,1]
	[104,4]
	[142,1]
	[294,1]
	[298,1]
	[144,3]
	[922,1]
	[498,1]
	[662,1]
	[185,1]
	[217,1]
	[206,2]
	[226,1]
	[2582,1]
	[209,1]
	[542,1]
	[212,2]
	[165,1]
	[264,2]
	[202,2]
	[158,2]
	[91,2]
	[205,1]
	[798,1]
	[2609,1]
	[161,1]
	[118,1]
	[696,1]
	[501,1]
	[152,1]
	[282,1]
	[284,1]
	[554,1]
	[268,1]
	[426,2]
	[56,1]
	[107,1]
	[2415,1]
	[122,2]
	[148,1]
	[530,1]
	[219,1]
	[483,1]
	[153,1]
	[263,1]
	[351,1]
	[3656,1]
	[260,1]
	[281,1]
	[858,1]
	[352,1]
	[211,1]
	[356,1]
	[500,1]
	[291,1]
	[169,1]
	[272,1]
	[512,1]
	[3301,1]
	[611,1]
	[155,1]
	[784,1]
	[221,1]
	[98,1]
	[386,1]

7636,
	[45,4]
	[50,5]
	[38,6]
	[87,5]
	[71,2]
	[43,6]
	[39,9]
	[97,1]
	[41,8]
	[203,1]
	[46,8]
	[182,2]
	[98,1]
	[244,1]
	[148,1]
	[173,1]
	[93,3]
	[72,3]
	[35,3]
	[211,1]
	[293,1]
	[129,1]
	[48,5]
	[34,6]
	[42,10]
	[179,1]
	[1909,1]
	[83,3]
	[226,1]
	[376,1]
	[193,1]
	[105,2]
	[284,1]
	[177,2]
	[7,1]
	[78,1]
	[2041,1]
	[47,11]
	[73,2]
	[49,2]
	[174,2]
	[180,1]
	[225,1]
	[31,1]
	[36,1]
	[102,2]
	[6,3]
	[40,11]
	[14,3]
	[99,1]
	[111,1]
	[5,1]
	[104,2]
	[90,2]
	[33,2]
	[433,1]
	[37,2]
	[163,1]
	[110,2]
	[44,10]
	[75,3]
	[100,2]
	[8,2]
	[60,2]
	[28,1]
	[85,5]
	[133,1]
	[306,1]
	[413,1]
	[3130,1]
	[375,1]
	[57,4]
	[23,2]
	[114,1]
	[1147,1]
	[346,1]
	[172,1]
	[289,1]
	[262,1]
	[4866,1]
	[95,1]
	[9,2]
	[122,1]
	[168,1]
	[310,1]
	[119,1]
	[123,1]
	[241,1]
	[992,1]
	[153,1]
	[116,1]
	[132,1]
	[423,1]
	[267,1]
	[164,1]
	[3465,1]
	[96,3]
	[74,5]
	[2591,1]
	[178,2]
	[418,2]
	[124,2]
	[64,2]
	[103,2]
	[51,2]
	[66,1]
	[19,2]
	[15,1]
	[463,1]
	[80,2]
	[354,1]
	[136,1]
	[26,1]
	[130,1]
	[198,1]
	[151,1]
	[247,1]
	[82,5]
	[52,2]
	[115,1]
	[79,2]
	[55,3]
	[88,2]
	[243,1]
	[11,3]
	[307,1]
	[63,1]
	[92,3]
	[184,1]
	[1175,1]
	[56,4]
	[68,1]
	[53,1]
	[175,1]
	[396,1]
	[271,1]
	[186,1]
	[663,1]
	[150,1]
	[101,1]
	[137,1]
	[252,1]
	[94,2]
	[366,1]
	[29,1]
	[113,1]
	[1606,1]
	[5041,1]
	[62,2]
	[1203,1]
	[347,1]
	[399,1]
	[285,1]
	[323,1]
	[143,1]
	[199,1]
	[227,1]
	[125,2]
	[228,1]
	[108,2]
	[231,1]
	[192,1]
	[635,1]
	[30,3]
	[157,1]
	[219,1]
	[518,1]
	[793,1]
	[21,1]
	[279,1]
	[565,1]
	[134,2]
	[158,1]
	[84,1]
	[280,1]
	[154,1]
	[406,1]
	[167,1]
	[212,1]
	[81,1]
	[13,1]
	[89,1]
	[978,1]
	[121,1]

9180,
	[39,5]
	[42,8]
	[41,8]
	[124,2]
	[45,6]
	[40,5]
	[239,1]
	[139,1]
	[74,5]
	[34,3]
	[161,2]
	[86,4]
	[297,1]
	[73,4]
	[29,1]
	[211,1]
	[43,7]
	[82,1]
	[76,1]
	[160,1]
	[122,1]
	[37,7]
	[47,4]
	[71,2]
	[81,3]
	[145,1]
	[44,8]
	[24,4]
	[116,1]
	[210,1]
	[132,1]
	[54,1]
	[496,1]
	[25,5]
	[23,2]
	[46,2]
	[20,3]
	[126,2]
	[77,3]
	[154,1]
	[21,1]
	[214,1]
	[53,4]
	[48,4]
	[19,2]
	[185,2]
	[146,1]
	[430,1]
	[59,1]
	[174,1]
	[344,2]
	[178,1]
	[163,1]
	[63,2]
	[56,1]
	[52,2]
	[11,1]
	[95,1]
	[255,2]
	[85,1]
	[99,3]
	[117,2]
	[87,3]
	[201,1]
	[716,1]
	[75,1]
	[273,1]
	[50,2]
	[66,2]
	[121,1]
	[16,1]
	[57,2]
	[27,1]
	[166,1]
	[62,2]
	[83,1]
	[153,1]
	[32,2]
	[256,1]
	[12,2]
	[38,2]
	[49,3]
	[147,1]
	[15,1]
	[70,1]
	[61,1]
	[234,1]
	[79,3]
	[114,2]
	[91,2]
	[115,1]
	[203,1]
	[90,2]
	[30,1]
	[107,1]
	[13,2]
	[111,1]
	[88,2]
	[212,1]
	[560,1]
	[118,1]
	[143,1]
	[17,1]
	[306,1]
	[102,1]
	[78,2]
	[343,1]
	[330,1]
	[69,2]
	[223,1]
	[58,2]
	[33,1]
	[105,3]
	[157,1]
	[209,1]
	[130,1]
	[35,2]
	[80,1]
	[399,1]
	[165,1]
	[190,1]
	[200,1]
	[65,1]
	[307,1]
	[22,1]
	[123,1]
	[177,1]
	[14,1]
	[84,2]
	[299,1]
	[142,1]
	[109,1]
	[288,1]
	[512,1]
	[144,1]
	[490,1]

7732,
	[38,7]
	[169,2]
	[77,2]
	[20,11]
	[43,7]
	[32,4]
	[42,5]
	[11,7]
	[15,9]
	[88,4]
	[149,1]
	[69,3]
	[10,12]
	[95,1]
	[180,1]
	[8,12]
	[71,1]
	[30,4]
	[22,7]
	[18,8]
	[29,3]
	[68,1]
	[21,4]
	[92,3]
	[81,1]
	[14,7]
	[253,1]
	[224,1]
	[118,2]
	[331,1]
	[150,1]
	[24,5]
	[126,1]
	[146,1]
	[5,5]
	[37,6]
	[36,4]
	[17,11]
	[241,1]
	[80,2]
	[13,4]
	[145,1]
	[48,4]
	[45,3]
	[89,1]
	[134,2]
	[1494,1]
	[57,2]
	[23,4]
	[44,1]
	[87,2]
	[7,4]
	[6,4]
	[243,1]
	[64,2]
	[26,3]
	[41,8]
	[301,1]
	[35,4]
	[75,1]
	[46,6]
	[9,7]
	[50,6]
	[34,4]
	[12,4]
	[351,1]
	[123,2]
	[49,1]
	[4,6]
	[155,1]
	[3109,1]
	[39,4]
	[47,2]
	[27,2]
	[16,5]
	[232,1]
	[233,1]
	[119,1]
	[91,1]
	[215,2]
	[106,1]
	[19,3]
	[25,2]
	[78,4]
	[102,1]
	[79,2]
	[62,1]
	[65,1]
	[2782,1]
	[31,1]
	[60,2]
	[33,3]
	[751,1]
	[28,3]
	[40,1]
	[211,1]
	[54,2]
	[196,1]
	[101,2]
	[143,1]
	[272,1]
	[317,1]
	[275,1]
	[104,2]
	[1025,1]
	[220,1]
	[51,3]
	[76,2]
	[210,1]
	[74,1]
	[103,1]
	[249,1]
	[122,1]
	[52,1]
	[240,1]
	[418,1]
	[287,1]
	[165,1]
	[59,1]
	[141,1]
	[201,1]
	[55,1]
	[90,1]
	[111,1]
	[105,1]
	[56,1]
	[83,2]
	[138,1]
	[741,1]

5472,
	[27,5]
	[37,13]
	[40,11]
	[10,36]
	[19,5]
	[6,93]
	[17,14]
	[52,6]
	[8,54]
	[9,46]
	[41,10]
	[71,5]
	[4,80]
	[12,24]
	[75,7]
	[271,1]
	[46,8]
	[149,2]
	[102,1]
	[39,16]
	[47,6]
	[7,59]
	[159,2]
	[34,8]
	[53,4]
	[42,10]
	[69,3]
	[55,7]
	[38,10]
	[45,7]
	[124,4]
	[5,33]
	[227,2]
	[76,4]
	[105,2]
	[135,3]
	[127,3]
	[28,2]
	[997,1]
	[14,24]
	[44,9]
	[36,11]
	[13,17]
	[50,5]
	[68,2]
	[21,4]
	[33,12]
	[11,24]
	[146,3]
	[15,15]
	[166,2]
	[73,3]
	[197,2]
	[119,5]
	[48,5]
	[56,4]
	[65,3]
	[22,5]
	[133,1]
	[151,2]
	[64,1]
	[447,2]
	[317,1]
	[163,2]
	[67,5]
	[116,2]
	[43,12]
	[294,1]
	[235,1]
	[31,6]
	[165,1]
	[219,1]
	[111,2]
	[221,3]
	[175,2]
	[89,4]
	[125,2]
	[80,5]
	[49,5]
	[60,2]
	[152,1]
	[139,1]
	[126,4]
	[198,2]
	[252,1]
	[259,1]
	[18,9]
	[61,2]
	[276,1]
	[108,4]
	[32,5]
	[77,4]
	[138,2]
	[256,1]
	[83,1]
	[437,2]
	[247,1]
	[70,4]
	[169,1]
	[99,3]
	[23,5]
	[54,1]
	[144,2]
	[91,1]
	[292,1]
	[140,1]
	[212,1]
	[206,1]
	[26,6]
	[16,6]
	[58,1]
	[362,1]
	[86,6]
	[30,6]
	[51,2]
	[87,2]
	[96,1]
	[311,1]
	[248,1]
	[269,2]
	[168,1]
	[223,1]
	[114,4]
	[35,7]
	[84,1]
	[122,1]
	[97,3]
	[131,2]
	[129,3]
	[141,1]
	[78,3]
	[25,2]
	[373,1]
	[587,1]
	[117,1]
	[1607,1]
	[153,1]
	[171,2]
	[74,3]
	[101,3]
	[234,1]
	[202,2]
	[238,2]
	[222,1]
	[204,1]
	[1870,1]
	[104,1]
	[20,3]
	[193,3]
	[244,2]
	[130,2]
	[145,1]
	[184,2]
	[85,2]
	[136,2]
	[154,3]
	[173,2]
	[142,1]
	[189,1]
	[121,3]
	[103,2]
	[1221,1]
	[215,1]
	[98,1]
	[600,1]
	[314,1]
	[3,1]
	[203,2]
	[265,1]
	[162,2]
	[107,1]
	[29,3]
	[72,3]
	[442,1]
	[82,2]
	[110,1]
	[120,2]
	[210,1]
	[106,2]
	[345,1]
	[57,2]
	[2931,1]
	[427,1]
	[118,2]
	[359,1]
	[185,1]
	[260,1]
	[180,1]
	[147,1]
	[1005,1]
	[216,1]
	[346,2]
	[170,1]
	[178,3]
	[250,1]
	[24,1]
	[59,2]
	[295,1]
	[186,1]
	[160,1]
	[554,1]
	[115,1]
	[194,1]
	[157,1]
	[109,1]
	[413,1]
	[93,2]
	[375,1]
	[95,1]
	[967,1]
	[450,1]
	[241,2]
	[291,1]
	[213,1]
	[569,1]
	[287,1]
	[132,1]
	[278,1]
	[592,1]
	[1671,1]
	[710,1]
	[88,1]
	[113,2]
	[81,1]
	[821,1]
	[199,1]
	[578,1]
	[167,1]
	[257,1]
	[251,2]
	[2,1]
	[231,1]
	[161,1]
	[275,1]
	[123,1]
	[281,1]
	[313,1]
	[382,1]
	[156,1]

1368,
	[42,7]
	[10,6]
	[53,2]
	[49,2]
	[41,3]
	[35,3]
	[21,5]
	[7,1]
	[16,3]
	[18,1]
	[48,3]
	[20,2]
	[40,4]
	[9,4]
	[39,3]
	[14,1]
	[12,4]
	[5,3]
	[44,2]
	[23,1]
	[11,4]
	[13,1]
	[8,1]
	[47,1]
	[15,3]
	[204,1]
	[33,2]
	[38,1]
	[43,1]
	[45,5]
	[6,3]
	[17,1]
	[36,1]
	[37,1]

9152,
	[42,2]

1360,
	[39,1]
	[43,1]
	[56,1]
	[45,1]
	[20,1]
	[19,1]
	[42,1]
	[16,2]

1408,
	[28,2]
	[2376,1]
	[27,1]
	[17,1]

1472,
	[5,4]
	[7,1]
	[15,1]

1432,
	[8,1]
	[216,1]
	[36,1]
	[140,1]
	[9,1]

len(carl_order):
95
Printing carl assignment order:
1472,7,0.14705882352941177
1472,15,0.125
1432,9,0.045454545454545456
5472,10,0.041817993151395665
1368,53,0.036340316374519024
5472,12,0.035036496350364967
5472,14,0.03200624512099922
1408,28,0.03125
1360,56,0.030405405405405407
5844,8,0.02869320344014004
5844,9,0.027357811375089993
5472,15,0.024671052631578948
9152,42,0.023809523809523808
7732,51,0.02113978684048269
5844,11,0.020149253731343283
5844,17,0.019204942250872954
5844,51,0.01857742715358188
5472,17,0.01694915254237288
5472,18,0.015706806282722512
5472,47,0.014837006919181111
5472,50,0.014245014245014245
7732,92,0.013404077073443172
1432,36,0.012345679012345678
5472,56,0.012054244098442994
7732,106,0.011152416356877323
9180,91,0.010934393638170975
5664,55,0.0102668075836335
5664,90,0.010224822913458578
9180,126,0.010150223304912708
7636,105,0.009406278892149376
9180,166,0.009375
5664,136,0.00936768149882904
9180,214,0.009156311314584695
5844,140,0.0091232194330171
5472,80,0.009116809116809116
5472,89,0.00903750564844103
5472,178,0.008994164092001372
7732,150,0.008790072388831437
5472,260,0.008551145530816392
5472,295,0.008535784635587657
5664,233,0.008137487095402927
7636,125,0.007787448465414567
9180,344,0.007696007696007696
7732,253,0.007510326699211416
5844,144,0.007209062821833162
5844,164,0.007120605251446373
1432,216,0.007042253521126761
5844,214,0.00692709516238928
7636,137,0.006914433880726016
7636,186,0.00677710843373494
7732,331,0.006749156355455568
1368,204,0.006622516556291391
5664,236,0.006349206349206349
7732,351,0.00625
5844,248,0.005981391227292867
9180,716,0.005857740585774059
5844,310,0.00574071121033328
5664,291,0.005147495545436547
5472,317,0.005134788189987163
7636,293,0.004965060684075028
5844,328,0.004861111111111111
7636,310,0.00482315112540193
5472,450,0.004645760743321719
7636,433,0.004310344827586207
5844,364,0.003506038176860148
5664,448,0.003337378640776699
5664,455,0.003246753246753247
5472,600,0.002631578947368421
7732,418,0.0021321961620469083
5844,542,0.0021212121212121214
5664,500,0.002109704641350211
5844,554,0.001893939393939394
7636,463,0.0017543859649122807
5664,724,0.0017294133297858188
5664,1064,0.0016168148746968471
5844,922,0.0016041065126724415
5472,1005,0.0014184397163120568
5472,1870,0.0012445550715619166
7636,663,0.0012015620306398318
5844,1002,0.0011074197120708748
5664,1289,0.0010087424344317419
7732,751,0.001006036217303823
5472,2931,0.000942507068803016
7732,1025,0.0009124087591240876
7636,1203,0.0009049773755656109
5844,1129,0.0007680491551459293
7732,1494,0.0007107320540156361
7732,3109,0.0006889424733034792
5844,3906,0.0005442960970768098
7636,5041,0.0005324459234608985
5664,2348,0.0005125576627370579
5664,3039,0.0005030181086519115
1408,2376,0.00042589437819420784
5664,8275,0.0002572843635428057
5844,9656,0.00023671440407148776
bin_width: 254537
assigning lease 7 to address 1472
Average Cache Occupancy Per Bin: [0.00,0.00,0.0,0.01,0.01]
Total cost: 1280.0
assigning lease 15 to address 1472
Average Cache Occupancy Per Bin: [0.00,0.00,0.0,0.01,0.02]
Total cost: 1280.0
assigning lease 9 to address 1432
Average Cache Occupancy Per Bin: [0.00,0.00,0.00,0.03,0.02]
Total cost: 1280.0
assigning lease 10 to address 5472
Average Cache Occupancy Per Bin: [1.81,2.12,1.92,1.89,2.01]
Total cost: 462336.0
assigning lease 53 to address 1368
Average Cache Occupancy Per Bin: [2.42,2.59,2.29,2.65,2.15]
Total cost: 616704.0
assigning lease 12 to address 5472
Average Cache Occupancy Per Bin: [2.69,2.88,2.55,2.93,2.43]
Total cost: 685312.0
assigning lease 14 to address 5472
Average Cache Occupancy Per Bin: [2.95,3.15,2.80,3.18,2.70]
Total cost: 751104.0
assigning lease 28 to address 1408
Average Cache Occupancy Per Bin: [3.00,3.18,2.80,3.22,2.70]
Total cost: 765440.0
assigning lease 56 to address 1360
Average Cache Occupancy Per Bin: [3.04,3.32,2.84,3.28,2.72]
Total cost: 775424.0
assigning lease 8 to address 5844
Average Cache Occupancy Per Bin: [5.92,5.83,5.40,6.01,5.25]
Total cost: 1508096.0
assigning lease 9 to address 5844
Average Cache Occupancy Per Bin: [6.24,6.08,5.67,6.30,5.52]
Total cost: 1588480.0
assigning lease 15 to address 5472
Average Cache Occupancy Per Bin: [6.36,6.21,5.78,6.42,5.65]
Total cost: 1620224.0
assigning lease 42 to address 9152
Average Cache Occupancy Per Bin: [6.44,6.21,5.78,6.42,5.65]
Total cost: 1641728.0
assigning lease 51 to address 7732
Average Cache Occupancy Per Bin: [8.59,8.64,7.79,8.40,8.51]
Total cost: 2188288.0
assigning lease 11 to address 5844
Average Cache Occupancy Per Bin: [9.21,9.12,8.31,8.96,9.02]
Total cost: 2344960.0
assigning lease 17 to address 5844
Average Cache Occupancy Per Bin: [10.9,10.4,9.73,10.5,10.4]
Total cost: 2786560.0
assigning lease 51 to address 5844
Average Cache Occupancy Per Bin: [18.3,16.2,15.5,17.0,16.4]
Total cost: 4676608.0
assigning lease 17 to address 5472
Average Cache Occupancy Per Bin: [18.6,16.5,15.7,17.2,16.7]
Total cost: 4739072.0
assigning lease 18 to address 5472
Average Cache Occupancy Per Bin: [18.7,16.6,15.8,17.3,16.8]
Total cost: 4769536.0
assigning lease 47 to address 5472
Average Cache Occupancy Per Bin: [21.7,19.4,18.4,19.9,20.0]
Total cost: 5533440.0
assigning lease 50 to address 5472
Average Cache Occupancy Per Bin: [21.9,19.7,18.6,20.0,20.2]
Total cost: 5590528.0
assigning lease 92 to address 7732
Average Cache Occupancy Per Bin: [22.8,20.2,19.2,20.7,21.1]
Total cost: 5815040.0
assigning lease 36 to address 1432
Average Cache Occupancy Per Bin: [22.8,20.2,19.2,20.8,21.1]
Total cost: 5815040.0
assigning lease 56 to address 5472
Average Cache Occupancy Per Bin: [23.2,20.6,19.6,21.1,21.6]
Total cost: 5919744.0
assigning lease 106 to address 7732
Average Cache Occupancy Per Bin: [23.4,20.7,19.7,21.3,21.8]
Total cost: 5970688.0
assigning lease 91 to address 9180
Average Cache Occupancy Per Bin: [26.3,24.1,22.9,25.3,24.4]
Total cost: 6713088.0
assigning lease 55 to address 5664
Average Cache Occupancy Per Bin: [35.4,32.2,33.5,33.7,35.0]
Total cost: 9023744.0
assigning lease 90 to address 5664
Average Cache Occupancy Per Bin: [38.9,34.8,37.2,36.4,38.8]
Total cost: 9907968.0
assigning lease 126 to address 9180
Average Cache Occupancy Per Bin: [39.4,35.4,37.6,37.1,39.1]
Total cost: 10029312.0
assigning lease 105 to address 7636
Average Cache Occupancy Per Bin: [44.1,41.0,42.2,42.2,44.1]
Total cost: 11249408.0
assigning lease 166 to address 9180
Average Cache Occupancy Per Bin: [44.5,41.5,42.4,42.8,44.3]
Total cost: 11328000.0
assigning lease 136 to address 5664
Average Cache Occupancy Per Bin: [47.6,43.9,45.4,45.3,47.4]
Total cost: 12123648.0
assigning lease 214 to address 9180
Average Cache Occupancy Per Bin: [47.8,44.3,45.7,45.8,47.6]
Total cost: 12183296.0
assigning lease 140 to address 5844
Average Cache Occupancy Per Bin: [55.8,50.4,52.9,53.4,54.5]
Total cost: 14226176.0
assigning lease 80 to address 5472
Average Cache Occupancy Per Bin: [57.2,51.8,54.3,54.6,56.3]
Total cost: 14571520.0
assigning lease 89 to address 5472
Average Cache Occupancy Per Bin: [57.6,52.2,54.7,55.0,56.8]
Total cost: 14673664.0
assigning lease 178 to address 5472
Average Cache Occupancy Per Bin: [60.4,54.9,57.6,57.8,60.4]
Total cost: 15382272.0
assigning lease 150 to address 7732
Average Cache Occupancy Per Bin: [60.9,55.3,57.8,58.1,60.9]
Total cost: 15518976.0
assigning lease 260 to address 5472
Average Cache Occupancy Per Bin: [62.1,56.4,58.9,59.0,62.9]
Total cost: 15822848.0
assigning lease 295 to address 5472
Average Cache Occupancy Per Bin: [62.4,56.7,59.1,59.2,63.4]
Total cost: 15883264.0
assigning lease 233 to address 5664
Average Cache Occupancy Per Bin: [65.8,59.5,62.9,62.0,67.0]
Total cost: 16769536.0
assigning lease 125 to address 7636
Average Cache Occupancy Per Bin: [66.2,60.1,63.3,62.4,67.5]
Total cost: 16868352.0
assigning lease 344 to address 9180
Average Cache Occupancy Per Bin: [66.5,60.6,63.4,63.3,67.9]
Total cost: 16929280.0
assigning lease 253 to address 7732
Average Cache Occupancy Per Bin: [67.0,61.1,63.8,64.0,68.4]
Total cost: 17063168.0
assigning lease 144 to address 5844
Average Cache Occupancy Per Bin: [67.2,61.3,64.0,64.2,68.6]
Total cost: 17123584.0
assigning lease 164 to address 5844
Average Cache Occupancy Per Bin: [68.3,62.1,64.8,65.1,69.4]
Total cost: 17400576.0
assigning lease 216 to address 1432
Average Cache Occupancy Per Bin: [68.3,62.1,64.8,65.4,69.4]
Total cost: 17400576.0
assigning lease 214 to address 5844
Average Cache Occupancy Per Bin: [70.3,63.6,66.6,67.3,71.2]
Total cost: 17907200.0
assigning lease 137 to address 7636
Average Cache Occupancy Per Bin: [70.5,63.9,66.7,67.5,71.4]
Total cost: 17963520.0
assigning lease 186 to address 7636
Average Cache Occupancy Per Bin: [71.3,64.8,67.4,68.3,72.3]
Total cost: 18166528.0
assigning lease 331 to address 7732
Average Cache Occupancy Per Bin: [71.5,65.0,67.5,68.5,72.5]
Total cost: 18206464.0
assigning lease 204 to address 1368
Average Cache Occupancy Per Bin: [71.5,65.0,67.7,68.5,72.5]
Total cost: 18206464.0
assigning lease 236 to address 5664
Average Cache Occupancy Per Bin: [71.5,65.1,67.8,68.6,72.6]
Total cost: 18221824.0
assigning lease 351 to address 7732
Average Cache Occupancy Per Bin: [71.6,65.1,67.8,68.6,72.6]
Total cost: 18226944.0
assigning lease 248 to address 5844
Average Cache Occupancy Per Bin: [72.6,65.9,68.7,69.5,73.5]
Total cost: 18487808.0
assigning lease 716 to address 9180
Average Cache Occupancy Per Bin: [72.7,66.4,68.7,69.8,73.8]
Total cost: 18526720.0
assigning lease 310 to address 5844
Average Cache Occupancy Per Bin: [74.1,67.6,69.9,71.0,75.0]
Total cost: 18885888.0
assigning lease 291 to address 5664
Average Cache Occupancy Per Bin: [75.2,68.4,71.3,71.6,76.3]
Total cost: 19146752.0
assigning lease 317 to address 5472
Average Cache Occupancy Per Bin: [75.3,68.5,71.4,71.7,76.6]
Total cost: 19174912.0
assigning lease 293 to address 7636
Average Cache Occupancy Per Bin: [76.0,70.1,72.2,73.0,77.7]
Total cost: 19357184.0
assigning lease 328 to address 5844
Average Cache Occupancy Per Bin: [76.3,70.4,72.5,73.2,78.0]
Total cost: 19444736.0
assigning lease 310 to address 7636
Average Cache Occupancy Per Bin: [76.4,70.6,72.6,73.4,78.1]
Total cost: 19457792.0
assigning lease 450 to address 5472
Average Cache Occupancy Per Bin: [76.9,71.1,73.3,73.8,79.5]
Total cost: 19589120.0
assigning lease 433 to address 7636
Average Cache Occupancy Per Bin: [77.2,72.1,73.8,74.6,80.3]
Total cost: 19668992.0
assigning lease 364 to address 5844
Average Cache Occupancy Per Bin: [77.9,72.5,74.4,75.2,80.8]
Total cost: 19834624.0
assigning lease 448 to address 5664
Average Cache Occupancy Per Bin: [79.8,73.7,77.4,76.2,83.4]
Total cost: 20337152.0
assigning lease 455 to address 5664
Average Cache Occupancy Per Bin: [79.9,73.8,77.5,76.2,83.5]
Total cost: 20355072.0
assigning lease 600 to address 5472
Average Cache Occupancy Per Bin: [80.1,74.2,78.0,76.5,84.5]
Total cost: 20393472.0
assigning lease 418 to address 7732
Average Cache Occupancy Per Bin: [80.1,74.3,78.1,76.5,84.6]
Total cost: 20410624.0
assigning lease 542 to address 5844
Average Cache Occupancy Per Bin: [82.9,75.8,80.0,78.7,86.3]
Total cost: 21101312.0
assigning lease 500 to address 5664
Average Cache Occupancy Per Bin: [83.3,76.1,80.6,78.8,86.7]
Total cost: 21216512.0
assigning lease 554 to address 5844
Average Cache Occupancy Per Bin: [83.4,76.2,80.7,79.0,86.8]
Total cost: 21253376.0
assigning lease 463 to address 7636
Average Cache Occupancy Per Bin: [83.5,76.3,80.8,79.1,86.9]
Total cost: 21268736.0
assigning lease 724 to address 5664
Average Cache Occupancy Per Bin: [85.6,77.2,83.4,79.7,88.3]
Total cost: 21796096.0
assigning lease 1064 to address 5664
Average Cache Occupancy Per Bin: [88.0,78.2,86.0,80.4,89.1]
Total cost: 22405376.0
assigning lease 922 to address 5844
Average Cache Occupancy Per Bin: [91.3,80.3,89.2,82.6,90.8]
Total cost: 23262208.0
assigning lease 1005 to address 5472
Average Cache Occupancy Per Bin: [91.7,81.1,90.0,83.0,91.9]
Total cost: 23363840.0
assigning lease 1870 to address 5472
Average Cache Occupancy Per Bin: [91.7,82.6,91.1,83.0,92.6]
Total cost: 23363840.0
assigning lease 663 to address 7636
Average Cache Occupancy Per Bin: [92.1,83.6,91.5,83.8,93.3]
Total cost: 23466240.0
assigning lease 1002 to address 5844
Average Cache Occupancy Per Bin: [92.7,83.9,92.0,84.0,93.6]
Total cost: 23600896.0
assigning lease 1289 to address 5664
Average Cache Occupancy Per Bin: [94.0,84.2,92.6,84.5,93.8]
Total cost: 23939840.0
assigning lease 751 to address 7732
Average Cache Occupancy Per Bin: [94.3,84.5,93.3,84.8,94.1]
Total cost: 24025088.0
assigning lease 2931 to address 5472
Average Cache Occupancy Per Bin: [94.3,84.5,94.4,84.8,94.1]
Total cost: 24025088.0
assigning lease 1025 to address 7732
Average Cache Occupancy Per Bin: [94.6,84.8,94.6,85.1,94.1]
Total cost: 24095232.0
assigning lease 1203 to address 7636
Average Cache Occupancy Per Bin: [95.7,87.3,95.7,86.7,94.6]
Total cost: 24371712.0
assigning lease 1129 to address 5844
Average Cache Occupancy Per Bin: [96.3,87.8,96.5,87.1,94.9]
Total cost: 24518144.0
assigning lease 1494 to address 7732
Average Cache Occupancy Per Bin: [96.7,88.3,96.9,87.1,94.9]
Total cost: 24638208.0
assigning lease 3109 to address 7732
Average Cache Occupancy Per Bin: [96.7,89.9,98.2,87.1,94.9]
Total cost: 24638208.0
assigning lease 3906 to address 5844
Average Cache Occupancy Per Bin: [104.,97.6,105.,90.1,101.]
Total cost: 26495488.0
assigning lease 5041 to address 7636
Average Cache Occupancy Per Bin: [105.,105.,107.,94.3,101.]
Total cost: 26890752.0
assigning lease 2348 to address 5664
Average Cache Occupancy Per Bin: [110.,105.,109.,96.5,101.]
Total cost: 28101888.0
assigning lease 3039 to address 5664
Average Cache Occupancy Per Bin: [111.,105.,110.,97.9,101.]
Total cost: 28412160.0
assigning lease 2376 to address 1408
Average Cache Occupancy Per Bin: [113.,105.,110.,97.9,101.]
Total cost: 29013248.0
assigning lease 8275 to address 5664
Average Cache Occupancy Per Bin: [116.,105.,119.,102.,101.]
Total cost: 29631232.0
assigning lease 9656 to address 5844
Average Cache Occupancy Per Bin: [119.,111.,119.,102.,101.]
Total cost: 30322176.0
Final saturation:
	0.0,30322176.0
	1.0,28327680.0
	2.0,30436096.0
	3.0,26066432.0
	4.0,25861888.0
DUMP LEASES
0, 1620, 2053, 0, 1 
0, 16d4, 25b8, 0, 1 
0, 1dd4, 13b1, 0, 1 
0, 23dc, 2cc, 0, 1 
0, 1e34, c25, 0, 1 
0, 1560, b73, 0, 1 
0, 558, cc, 0, 1 
0, 23c0, 2a, 0, 1 
0, 550, 38, 0, 1 
0, 580, 948, 0, 1 
0, 5c0, f, 0, 1 
0, 598, d8, 0, 1 
Dump dual leases

