sample rate: 0.00390625
1748,
	[2,1]
	[14,5]
	[20,1]
	[21,1]
	[22,2]
	[24,3]
	[53,2]
	[27,1]
	[31,1]
	[33,1]
	[36,1]
	[35,1]
	[38,1]
	[37,3]
	[41,2]
	[44,1]
	[43,1]
	[68,1]
	[48,1]
	[91,4]
	[51,1]
	[55,2]
	[58,1]
	[60,1]
	[63,1]
	[66,2]
	[70,237]
	[102,2]
	[73,5]
	[103,3]
	[78,4]
	[79,1]
	[80,5]
	[81,4]
	[82,2]
	[110,3]
	[97,4]
	[96,2]
	[100,3]
	[119,6]
	[107,2]
	[111,2]
	[114,3]
	[115,3]
	[116,2]
	[127,4]
	[75,5]
	[121,6]
	[122,1]
	[124,2]
	[125,4]
	[132,2]
	[130,4]
	[131,4]
	[136,4]
	[138,1]
	[71,25]
	[69,29]
	[72,2]
	[74,2]
	[76,2]
	[84,2]
	[85,4]
	[87,3]
	[90,4]
	[94,2]
	[128,5]
	[101,4]
	[104,2]
	[109,4]
	[112,3]
	[120,3]
	[118,2]
	[126,1]
	[134,3]
	[77,1]
	[83,3]
	[92,3]
	[108,2]
	[117,1]
	[135,3]
	[89,1]
	[98,1]
	[99,1]
	[86,2]
	[93,2]

1716,
	[101,1]
	[125,1]
	[144,1]
	[218,1]
	[223,1]
	[5,1]
	[4,1]
	[21,1]
	[31,1]
	[10,1]
	[39,1]
	[42,1]
	[56,1]
	[57,1]
	[15,1]

1732,
	[102,46]
	[131,59]
	[208,87]
	[2,17]
	[362,129]
	[386,58]
	[397,63]
	[451,1]
	[472,1]
	[532,1]
	[539,1]
	[545,1]
	[507,1]
	[588,1]
	[633,1]
	[641,1]
	[777,1]
	[924,1]
	[929,1]
	[943,1]
	[959,1]
	[981,1]
	[1055,1]
	[1061,1]
	[1070,1]
	[1074,1]
	[1092,1]
	[1125,1]
	[1170,1]
	[1172,1]
	[1175,1]
	[1182,1]
	[1195,1]
	[1196,1]
	[1203,1]
	[1267,1]
	[1274,1]
	[1213,1]
	[1235,1]
	[1314,1]
	[1330,1]
	[4,40]
	[1339,1]
	[1419,1]
	[1436,1]
	[1440,1]
	[1363,1]
	[1509,1]
	[1511,1]
	[1512,1]
	[1518,1]
	[1521,1]
	[1527,1]
	[1529,1]
	[1812,1]
	[1918,1]
	[1923,1]
	[2024,1]
	[2048,1]
	[2159,1]
	[2181,1]
	[2185,1]
	[2196,1]
	[2199,1]
	[2202,1]
	[2207,1]
	[2209,1]
	[2239,1]
	[2417,1]
	[2450,1]
	[2262,1]
	[2463,1]
	[2465,1]
	[2466,1]
	[2468,2]
	[2475,1]
	[2489,1]
	[2493,1]
	[2502,1]
	[2504,1]
	[2505,1]
	[2507,1]
	[2515,1]
	[2520,1]
	[2585,1]
	[2619,1]
	[2631,1]
	[2641,1]
	[2649,1]
	[2654,1]
	[2656,1]
	[2659,1]
	[6,17]
	[2581,1]
	[2681,1]
	[24,3]
	[2690,1]
	[2695,1]
	[2772,1]
	[2774,1]
	[2781,1]
	[54,26]
	[3067,1]
	[8,35]
	[3358,1]
	[3391,1]
	[3406,1]
	[3414,1]
	[3419,1]
	[3320,1]
	[3429,1]
	[3434,1]
	[3292,1]
	[3587,1]
	[34,17]
	[3729,1]
	[3734,1]
	[3740,1]
	[3741,1]
	[3742,1]
	[3745,1]
	[3751,1]
	[3752,1]
	[3756,1]
	[3589,1]
	[3765,1]
	[3767,1]
	[3768,1]
	[3773,1]
	[3776,1]
	[3658,1]
	[3783,1]
	[3806,1]
	[3917,1]
	[3918,1]
	[3922,1]
	[3926,1]
	[3931,1]
	[3994,1]
	[4058,1]
	[4062,1]
	[4066,1]
	[4069,1]
	[3902,1]
	[4075,1]
	[4076,1]
	[4078,1]
	[4084,1]
	[4093,1]
	[4096,1]
	[4098,1]
	[3955,1]
	[4109,1]
	[3936,1]
	[4113,1]
	[4112,1]
	[4116,1]
	[4215,1]
	[4247,1]
	[4249,1]
	[4250,1]
	[4257,1]
	[4261,1]
	[4265,1]
	[4267,1]
	[70,23]
	[11,3]
	[4782,1]
	[4876,1]
	[5299,1]
	[5393,1]
	[5436,1]
	[15,12]
	[1,499]
	[5847,1]
	[6162,1]
	[6414,1]
	[6751,1]
	[17,9]
	[6937,1]
	[6968,1]
	[7060,1]
	[7091,2]
	[7122,1]
	[7184,1]
	[6990,1]
	[7246,1]
	[7308,1]
	[7339,1]
	[7153,1]
	[19,13]
	[7514,1]
	[75,48]
	[7577,1]
	[35,13]
	[18,3]
	[7642,1]
	[7453,1]
	[7752,1]
	[7876,1]
	[21,11]
	[8142,1]
	[8297,1]
	[8327,1]
	[8420,1]
	[8451,1]
	[23,24]
	[8653,1]
	[22,2]
	[8871,1]
	[8902,1]
	[76,28]
	[8563,1]
	[8964,1]
	[8688,1]
	[9150,1]
	[57,23]
	[25,13]
	[8889,1]
	[9382,1]
	[9170,1]
	[9692,1]
	[9833,1]
	[9834,1]
	[27,19]
	[26,4]
	[9796,1]
	[10295,1]
	[10326,1]
	[9940,1]
	[29,13]
	[10129,1]
	[28,12]
	[10175,1]
	[10428,1]
	[10945,1]
	[10517,1]
	[11039,1]
	[31,14]
	[51,16]
	[30,11]
	[10845,1]
	[10902,1]
	[63,41]
	[11195,1]
	[11248,1]
	[11705,1]
	[11736,1]
	[33,11]
	[82,32]
	[32,15]
	[11593,1]
	[12201,1]
	[12262,1]
	[12293,1]
	[12391,1]
	[12546,1]
	[12061,1]
	[12576,1]
	[12128,1]
	[12670,1]
	[12215,1]
	[12812,1]
	[12380,1]
	[37,11]
	[12399,1]
	[12447,1]
	[84,22]
	[36,19]
	[12504,1]
	[12647,1]
	[13188,1]
	[13375,1]
	[39,10]
	[38,22]
	[13595,1]
	[86,40]
	[13086,1]
	[13736,1]
	[13196,1]
	[13766,1]
	[13889,1]
	[13984,1]
	[13458,1]
	[41,12]
	[40,28]
	[87,69]
	[14230,1]
	[13690,1]
	[13862,1]
	[13847,1]
	[14569,1]
	[14032,1]
	[14694,1]
	[14106,1]
	[43,12]
	[14752,1]
	[42,28]
	[14245,1]
	[14969,1]
	[15000,1]
	[88,28]
	[15278,1]
	[45,3]
	[44,37]
	[15489,1]
	[15790,1]
	[15852,1]
	[15231,1]
	[47,19]
	[48,23]
	[15339,1]
	[15462,1]
	[16295,1]
	[16357,1]
	[49,16]
	[16528,1]
	[90,30]
	[16699,1]
	[16100,1]
	[16377,1]
	[50,39]
	[17144,1]
	[16490,1]
	[16691,1]
	[52,31]
	[17723,1]
	[92,33]
	[93,62]
	[53,17]
	[71,42]
	[17282,1]
	[94,25]
	[55,39]
	[18520,1]
	[18705,1]
	[18736,1]
	[66,24]
	[18911,1]
	[18101,1]
	[56,36]
	[18941,2]
	[19129,1]
	[19160,1]
	[73,40]
	[18440,1]
	[95,59]
	[58,18]
	[18655,1]
	[59,42]
	[18838,1]
	[18916,1]
	[18908,1]
	[19817,1]
	[96,38]
	[19848,1]
	[19910,1]
	[19122,1]
	[60,23]
	[19226,1]
	[19272,1]
	[19395,1]
	[19418,1]
	[20436,1]
	[19560,1]
	[61,34]
	[19777,1]
	[97,74]
	[62,25]
	[19743,1]
	[20728,1]
	[20774,1]
	[19944,1]
	[21131,1]
	[64,33]
	[21362,1]
	[65,34]
	[21393,1]
	[21578,1]
	[21609,1]
	[100,32]
	[98,26]
	[99,67]
	[20975,1]
	[67,52]
	[21078,1]
	[22121,1]
	[21158,1]
	[68,26]
	[69,40]
	[21560,1]
	[21613,1]
	[21661,1]
	[22685,1]
	[101,75]
	[22042,1]
	[22178,1]
	[22259,1]
	[22445,1]
	[23562,1]
	[22604,1]
	[72,34]
	[23701,1]
	[104,47]
	[103,42]
	[22741,1]
	[23871,1]
	[23996,1]
	[23022,1]
	[24090,1]
	[24142,1]
	[23108,1]
	[74,30]
	[23230,1]
	[23337,1]
	[23816,1]
	[77,33]
	[23765,2]
	[105,65]
	[25000,1]
	[23939,1]
	[24013,1]
	[24761,1]
	[24076,1]
	[79,25]
	[24137,1]
	[24199,1]
	[107,38]
	[24432,1]
	[78,12]
	[106,64]
	[80,27]
	[81,60]
	[24785,1]
	[108,65]
	[24879,1]
	[24926,1]
	[26565,1]
	[25548,1]
	[25642,1]
	[109,43]
	[26930,1]
	[83,51]
	[25777,1]
	[25838,1]
	[25825,1]
	[25840,1]
	[25931,1]
	[25933,1]
	[25990,1]
	[26001,1]
	[27257,1]
	[27273,1]
	[110,41]
	[26098,1]
	[85,44]
	[27532,1]
	[26538,1]
	[26677,1]
	[26709,1]
	[111,27]
	[28041,1]
	[26800,1]
	[26858,1]
	[26985,1]
	[26997,1]
	[27105,1]
	[113,48]
	[89,65]
	[27198,1]
	[28649,1]
	[27323,1]
	[27483,1]
	[112,83]
	[27725,1]
	[27992,1]
	[29055,1]
	[91,63]
	[27756,1]
	[27850,1]
	[27922,1]
	[27914,1]
	[29458,1]
	[28130,1]
	[28196,1]
	[28449,1]
	[114,41]
	[115,61]
	[28558,1]
	[30007,1]
	[28771,1]
	[28880,1]
	[116,45]
	[28997,1]
	[29259,1]
	[29406,1]
	[29340,1]
	[29473,1]
	[29535,1]
	[29583,1]
	[31029,1]
	[31060,1]
	[29692,1]
	[29768,1]
	[29820,1]
	[29836,1]
	[117,56]
	[30048,1]
	[30188,1]
	[30376,1]
	[30498,1]
	[30370,1]
	[30389,1]
	[30416,1]
	[30424,1]
	[30447,2]
	[118,72]
	[30590,1]
	[30603,1]
	[30683,1]
	[30927,1]
	[32401,1]
	[31069,1]
	[31007,1]
	[119,54]
	[31109,1]
	[31078,1]
	[31095,1]
	[32642,1]
	[31159,1]
	[31175,1]
	[31311,1]
	[32814,1]
	[31395,1]
	[31443,1]
	[31474,1]
	[31673,1]
	[31691,1]
	[31768,1]
	[33314,1]
	[31908,1]
	[32128,1]
	[122,66]
	[32238,1]
	[32284,1]
	[32362,1]
	[32675,1]
	[32706,1]
	[121,74]
	[32751,1]
	[32890,1]
	[123,50]
	[33048,1]
	[33140,1]
	[33328,1]
	[34978,1]
	[33390,1]
	[33528,1]
	[125,55]
	[33575,1]
	[35493,1]
	[34032,1]
	[124,56]
	[34327,1]
	[36081,1]
	[126,86]
	[34419,1]
	[34478,1]
	[34510,1]
	[34526,1]
	[34528,1]
	[34638,1]
	[34727,1]
	[36583,1]
	[35013,1]
	[35080,1]
	[35220,1]
	[35231,1]
	[35331,1]
	[35320,1]
	[128,69]
	[35365,1]
	[35485,1]
	[35702,1]
	[35787,1]
	[35807,1]
	[120,69]
	[35884,1]
	[36008,1]
	[130,83]
	[36287,1]
	[36298,1]
	[36310,1]
	[36341,1]
	[36435,2]
	[36481,1]
	[36512,1]
	[36614,1]
	[36645,1]
	[36715,1]
	[36746,1]
	[36883,1]
	[37149,1]
	[132,68]
	[37265,1]
	[37434,1]
	[37450,1]
	[127,61]
	[37535,1]
	[37537,2]
	[39388,1]
	[37544,1]
	[133,74]
	[37575,1]
	[37605,1]
	[37706,1]
	[37802,1]
	[37842,1]
	[37957,1]
	[37981,1]
	[37987,1]
	[134,56]
	[38028,1]
	[38051,1]
	[38061,1]
	[38099,1]
	[38177,1]
	[38154,1]
	[38185,1]
	[38231,1]
	[129,40]
	[40167,1]
	[38288,1]
	[38419,1]
	[135,37]
	[38474,1]
	[40385,1]
	[38496,1]
	[38527,1]
	[38690,1]
	[38725,1]
	[38786,1]
	[38875,1]
	[38895,1]
	[38926,1]
	[38952,1]
	[39003,1]
	[39030,1]
	[136,103]
	[39076,1]
	[39130,1]
	[39180,1]
	[39289,1]
	[137,81]
	[39445,1]
	[39476,1]
	[39519,1]
	[39564,1]
	[39610,1]
	[39604,1]
	[139,89]
	[39650,1]
	[39837,1]
	[39865,1]
	[39898,1]
	[138,41]
	[40067,1]
	[40097,1]
	[40161,1]
	[40351,1]
	[40369,1]
	[140,29]
	[40463,1]
	[40716,1]
	[40508,1]
	[40633,1]
	[40726,1]
	[40836,1]
	[40943,1]
	[41491,1]
	[142,88]
	[141,20]
	[143,54]
	[41614,1]
	[41757,1]
	[41928,1]
	[42028,1]
	[42029,1]
	[144,119]
	[145,116]
	[42176,1]
	[42259,1]
	[42292,1]
	[42407,1]
	[42488,1]
	[147,125]
	[146,124]
	[42569,1]
	[42600,2]
	[42601,1]
	[42615,1]
	[42648,1]
	[42698,1]
	[42744,1]
	[42760,1]
	[42761,1]
	[42819,1]
	[42803,1]
	[42835,1]
	[42883,1]
	[42978,1]
	[42979,1]
	[42995,2]
	[43043,1]
	[43044,1]
	[43069,1]
	[148,109]
	[43116,1]
	[43133,1]
	[43165,1]
	[43197,1]
	[43228,1]
	[43259,1]
	[43309,1]
	[43326,1]
	[43382,1]
	[43349,1]
	[43399,1]
	[149,150]
	[43430,1]
	[43461,1]
	[43510,1]
	[43541,1]
	[43542,1]
	[43558,1]
	[43611,1]
	[43598,1]
	[150,137]
	[43646,1]
	[43694,1]
	[43742,1]
	[43864,1]
	[43845,1]
	[43846,1]
	[43861,1]
	[151,127]
	[43892,1]
	[43908,3]
	[43909,1]
	[43973,1]
	[44005,1]
	[152,128]
	[44102,1]
	[44107,1]
	[44155,1]
	[44218,1]
	[44251,1]
	[44283,1]
	[44299,1]
	[44371,1]
	[153,134]
	[44351,1]
	[44368,1]
	[44431,1]
	[44417,1]
	[44432,1]
	[44462,1]
	[44480,1]
	[44496,1]
	[44512,2]
	[44528,1]
	[44563,1]
	[44612,1]
	[155,132]
	[154,142]
	[44691,1]
	[44692,1]
	[44755,1]
	[44771,1]
	[44789,1]
	[44788,1]
	[44803,1]
	[44838,1]
	[44854,1]
	[44886,2]
	[44935,1]
	[44950,1]
	[44967,1]
	[44997,1]
	[44998,1]
	[45030,1]
	[45045,1]
	[45096,1]
	[156,118]
	[45112,1]
	[45129,1]
	[157,149]
	[45192,1]
	[45207,1]
	[45225,1]
	[45287,1]
	[45288,1]
	[45304,1]
	[45351,1]
	[45350,1]
	[45322,1]
	[158,105]
	[45419,1]
	[45420,1]
	[45516,1]
	[45530,1]
	[45610,2]
	[45641,1]
	[45658,1]
	[45660,1]
	[159,139]
	[45753,1]
	[45754,1]
	[45855,2]
	[45856,3]
	[45751,1]
	[45769,1]
	[45830,1]
	[45832,1]
	[45848,1]
	[160,63]
	[45944,1]
	[45960,1]
	[45976,1]
	[45990,2]
	[46006,1]
	[46037,1]
	[46038,1]
	[46071,1]
	[161,119]
	[46102,1]
	[46118,1]
	[46119,1]
	[46149,1]
	[46241,1]
	[46275,1]
	[162,133]
	[46337,2]
	[46419,1]
	[46451,1]
	[46530,1]
	[46578,1]
	[46608,1]
	[46642,1]
	[46689,1]
	[46691,1]
	[163,132]
	[46835,1]
	[46850,1]
	[164,115]
	[46898,1]
	[46930,1]
	[46959,1]
	[47005,1]
	[47006,1]
	[165,133]
	[47086,1]
	[47134,1]
	[47150,1]
	[47182,1]
	[47230,1]
	[166,153]
	[47274,1]
	[47290,1]
	[47306,1]
	[47321,1]
	[47354,2]
	[47387,1]
	[47434,1]
	[47429,1]
	[47462,1]
	[47509,2]
	[47621,1]
	[47637,1]
	[47668,1]
	[167,132]
	[47728,1]
	[168,139]
	[47791,2]
	[47856,1]
	[47948,1]
	[47913,1]
	[47930,1]
	[47961,1]
	[48010,1]
	[48041,1]
	[169,120]
	[48171,1]
	[48145,1]
	[48161,1]
	[48177,1]
	[48178,1]
	[170,148]
	[48239,1]
	[48289,1]
	[48320,1]
	[48337,1]
	[48444,1]
	[48442,1]
	[48427,1]
	[48474,1]
	[48490,1]
	[48505,1]
	[48506,1]
	[48523,1]
	[171,138]
	[48554,1]
	[48570,1]
	[48601,1]
	[48618,1]
	[48657,1]
	[48737,1]
	[172,126]
	[48870,1]
	[48902,1]
	[48918,1]
	[48919,1]
	[48950,1]
	[48966,2]
	[48982,1]
	[48997,1]
	[48998,2]
	[49015,1]
	[49080,1]
	[173,154]
	[49098,1]
	[49114,1]
	[49057,1]
	[49179,1]
	[49226,1]
	[49291,1]
	[49404,1]
	[176,164]
	[175,143]
	[49359,1]
	[174,127]
	[49375,1]
	[49407,1]
	[49438,1]
	[49471,1]
	[49533,1]
	[49551,1]
	[49660,1]
	[49661,1]
	[49570,1]
	[49603,1]
	[49683,1]
	[49700,1]
	[49779,1]
	[49902,1]
	[49862,1]
	[49893,3]
	[49941,1]
	[49943,1]
	[177,41]
	[49959,2]
	[49990,1]
	[49992,1]
	[50007,1]
	[50039,1]
	[50055,1]
	[50056,1]
	[50088,1]
	[50118,1]
	[178,99]
	[50230,1]
	[50231,1]
	[179,146]
	[50520,1]
	[180,144]
	[50583,1]
	[50615,1]
	[50646,1]
	[50676,1]
	[181,125]
	[50709,1]
	[50741,1]
	[50774,1]
	[50838,1]
	[50868,1]
	[50900,2]
	[50882,1]
	[50897,1]
	[50898,2]
	[50946,1]
	[50978,1]
	[50979,1]
	[182,164]
	[51009,1]
	[183,120]
	[51155,1]
	[51156,2]
	[51172,1]
	[51219,1]
	[51235,1]
	[51222,1]
	[51305,1]
	[51295,1]
	[51296,1]
	[184,130]
	[51360,1]
	[51377,1]
	[51394,1]
	[185,157]
	[51504,2]
	[51520,1]
	[51626,1]
	[51673,1]
	[51690,1]
	[51706,1]
	[51707,1]
	[51705,1]
	[51721,1]
	[51764,1]
	[51765,1]
	[186,109]
	[51891,1]
	[51893,1]
	[51924,2]
	[51956,1]
	[51976,1]
	[51980,3]
	[51996,1]
	[51998,1]
	[187,160]
	[52076,2]
	[52108,1]
	[52125,1]
	[52156,1]
	[52231,5]
	[52263,1]
	[52248,1]
	[52264,1]
	[52311,2]
	[52296,1]
	[52327,1]
	[52343,1]
	[52344,2]
	[52407,1]
	[52424,1]
	[188,144]
	[52463,2]
	[52478,1]
	[52480,1]
	[52496,1]
	[189,123]
	[52591,1]
	[52607,1]
	[52608,1]
	[52656,1]
	[52717,1]
	[52718,1]
	[52664,1]
	[52712,1]
	[52759,1]
	[52760,5]
	[52793,1]
	[190,140]
	[52871,2]
	[52829,1]
	[52892,1]
	[52893,2]
	[53005,2]
	[53036,2]
	[53052,1]
	[53068,1]
	[53164,1]
	[54608,1]
	[192,126]
	[53104,1]
	[191,120]
	[53135,1]
	[53151,1]
	[53264,1]
	[53295,1]
	[53311,1]
	[53387,1]
	[53268,1]
	[53283,2]
	[53314,1]
	[53330,1]
	[53363,1]
	[53379,1]
	[53410,1]
	[193,172]
	[53506,2]
	[53628,1]
	[194,69]
	[53588,1]
	[53637,2]
	[53667,2]
	[53668,1]
	[53684,2]
	[53748,1]
	[195,85]
	[53861,1]
	[53878,2]
	[53894,1]
	[53926,1]
	[53957,1]
	[53942,2]
	[196,165]
	[53988,1]
	[54054,1]
	[54053,1]
	[54101,1]
	[54263,2]
	[54356,1]
	[198,104]
	[54388,1]
	[54403,1]
	[54404,1]
	[197,129]
	[54435,1]
	[54436,4]
	[54468,1]
	[54500,1]
	[54517,1]
	[54563,1]
	[54528,1]
	[54591,1]
	[54638,2]
	[199,176]
	[54702,1]
	[54718,1]
	[54719,1]
	[54735,1]
	[54766,1]
	[54794,1]
	[54825,1]
	[54841,1]
	[54842,1]
	[54873,1]
	[54889,1]
	[54874,1]
	[54890,1]
	[54922,1]
	[54953,1]
	[54940,1]
	[54986,1]
	[55004,1]
	[200,113]
	[55011,1]
	[55013,1]
	[202,165]
	[201,148]
	[55059,1]
	[55076,1]
	[55124,1]
	[55155,1]
	[55156,2]
	[55173,1]
	[55198,1]
	[55277,1]
	[55293,5]
	[55295,1]
	[55310,1]
	[55341,1]
	[55343,1]
	[55373,1]
	[55384,1]
	[55380,3]
	[55444,2]
	[55445,3]
	[55461,1]
	[203,102]
	[55509,1]
	[55555,1]
	[55574,2]
	[55577,1]
	[55593,1]
	[55594,1]
	[55595,1]
	[204,188]
	[55627,1]
	[55658,1]
	[55674,1]
	[55691,1]
	[55759,1]
	[55791,1]
	[55807,1]
	[205,141]
	[55839,1]
	[55870,1]
	[55856,1]
	[55871,1]
	[55903,1]
	[55919,1]
	[55966,1]
	[206,135]
	[55983,1]
	[55999,1]
	[56016,1]
	[56079,1]
	[56096,1]
	[56127,1]
	[56144,1]
	[56175,1]
	[56219,1]
	[56181,1]
	[56198,1]
	[56245,1]
	[56247,1]
	[56277,1]
	[207,170]
	[56310,1]
	[56341,2]
	[56359,1]
	[56360,1]
	[56377,1]
	[209,154]
	[56423,1]
	[56440,6]
	[56471,1]
	[56472,2]
	[56519,1]
	[56520,1]
	[56552,1]
	[56583,1]
	[56648,1]
	[56663,1]
	[56664,3]
	[56680,5]
	[210,96]
	[56712,1]
	[56761,1]
	[56775,2]
	[56776,1]
	[56807,1]
	[56824,1]
	[56840,1]
	[56871,3]
	[56888,1]
	[56919,2]
	[211,24]
	[56967,1]
	[56998,5]
	[56999,1]
	[57046,1]
	[57094,1]
	[57080,1]
	[57127,1]
	[57585,2]
	[57482,1]
	[213,95]
	[57622,1]
	[212,30]
	[57654,1]
	[214,68]
	[57747,1]
	[57904,1]
	[58053,1]
	[58054,1]
	[216,100]
	[215,156]
	[58151,1]
	[58251,1]
	[58266,1]
	[58268,1]
	[58349,1]
	[58340,1]
	[58417,1]
	[58444,1]
	[217,155]
	[58461,1]
	[58508,1]
	[58524,2]
	[218,157]
	[58587,1]
	[58588,2]
	[58605,1]
	[58660,1]
	[58676,1]
	[58723,2]
	[58740,1]
	[58770,1]
	[58771,1]
	[58787,1]
	[58788,1]
	[58864,1]
	[58844,1]
	[58860,1]
	[219,100]
	[58891,1]
	[58892,1]
	[58939,1]
	[58924,1]
	[59002,1]
	[58989,1]
	[59004,1]
	[220,211]
	[59010,1]
	[59012,1]
	[59074,1]
	[59123,1]
	[59155,1]
	[59171,1]
	[59240,1]
	[59271,1]
	[59273,2]
	[59289,1]
	[221,126]
	[59321,2]
	[59382,1]
	[59386,1]
	[59390,1]
	[59405,2]
	[59406,1]
	[59423,1]
	[222,145]
	[59469,1]
	[59486,1]
	[59518,1]
	[59534,2]
	[59581,1]
	[59570,1]
	[59601,1]
	[59602,1]
	[223,151]
	[59664,1]
	[59666,1]
	[59682,1]
	[59698,1]
	[59714,1]
	[59799,2]
	[59764,1]
	[59796,1]
	[59797,1]
	[224,110]
	[59829,1]
	[59860,2]
	[59909,1]
	[59954,1]
	[59895,1]
	[225,180]
	[59927,1]
	[59958,1]
	[59959,1]
	[226,138]
	[60007,1]
	[60038,1]
	[60039,1]
	[60056,1]
	[60071,1]
	[60087,1]
	[60103,1]
	[60135,1]
	[60183,1]
	[60214,1]
	[60215,1]
	[60247,2]
	[60263,1]
	[228,161]
	[227,129]
	[60374,1]
	[60375,4]
	[60407,1]
	[60454,2]
	[60455,1]
	[60503,1]
	[60504,1]
	[60536,1]
	[60568,1]
	[60584,1]
	[60601,1]
	[60702,1]
	[60581,1]
	[60660,1]
	[229,125]
	[60708,1]
	[60709,4]
	[60741,1]
	[60758,1]
	[60773,1]
	[60904,2]
	[60785,1]
	[60801,1]
	[230,172]
	[60832,1]
	[60865,1]
	[231,27]
	[60912,1]
	[60913,1]
	[60928,1]
	[60945,2]
	[60961,1]
	[62368,1]
	[60941,1]
	[60942,1]
	[60957,1]
	[60989,2]
	[61036,1]
	[61068,1]
	[61069,1]
	[61084,2]
	[61116,1]
	[61117,1]
	[61126,1]
	[61127,1]
	[232,138]
	[61160,1]
	[234,120]
	[233,143]
	[61206,1]
	[61271,3]
	[61303,2]
	[61335,1]
	[61367,1]
	[61399,1]
	[61431,1]
	[61448,1]
	[61492,1]
	[61493,1]
	[61508,1]
	[61541,1]
	[61557,1]
	[61574,1]
	[61620,1]
	[61647,1]
	[61631,1]
	[235,154]
	[61710,1]
	[61711,1]
	[61728,1]
	[61743,2]
	[61759,2]
	[61790,1]
	[61791,1]
	[236,141]
	[61897,1]
	[61929,1]
	[61930,1]
	[61945,1]
	[62008,1]
	[61994,1]
	[237,175]
	[61987,1]
	[62049,1]
	[62066,2]
	[62082,1]
	[62098,1]
	[62113,1]
	[62114,3]
	[62145,1]
	[62200,1]
	[62219,1]
	[238,119]
	[62234,3]
	[62250,1]
	[62265,1]
	[62281,1]
	[62298,1]
	[62345,1]
	[62321,1]
	[62338,2]
	[62339,1]
	[62354,1]
	[239,151]
	[62371,1]
	[62401,1]
	[62433,2]
	[62465,1]
	[62481,1]
	[62488,1]
	[62536,1]
	[240,135]
	[62552,1]
	[62567,1]
	[62568,1]
	[62600,1]
	[62616,1]
	[62632,1]
	[62648,1]
	[241,126]
	[62687,1]
	[62703,2]
	[62719,1]
	[62735,1]
	[62752,1]
	[62797,1]
	[62784,1]
	[242,176]
	[62836,1]
	[62884,1]
	[62914,1]
	[62963,2]
	[62980,1]
	[243,105]
	[62997,1]
	[63086,1]
	[63031,1]
	[63046,1]
	[63047,1]
	[63078,1]
	[63079,1]
	[63095,1]
	[63127,1]
	[63142,1]
	[63143,1]
	[63161,1]
	[244,156]
	[63442,1]
	[63145,1]
	[63146,2]
	[63163,1]
	[63194,1]
	[63227,1]
	[63258,1]
	[63274,1]
	[63290,1]
	[63306,1]
	[63307,1]
	[245,131]
	[63433,1]
	[63357,1]
	[63372,1]
	[63388,1]
	[63420,1]
	[63452,3]
	[63469,1]
	[246,116]
	[63499,1]
	[63501,1]
	[63500,1]
	[63592,1]
	[63502,1]
	[63564,1]
	[63565,1]
	[63551,1]
	[63583,1]
	[247,205]
	[63646,1]
	[248,24]
	[63695,1]
	[63712,1]
	[63727,1]
	[63758,2]
	[63759,1]
	[63792,2]
	[63791,1]
	[63822,1]
	[63823,1]
	[63838,1]
	[63825,1]
	[63941,1]
	[63837,1]
	[63870,1]
	[63885,1]
	[63902,1]
	[63903,1]
	[63904,4]
	[250,135]
	[249,107]
	[63966,1]
	[63964,1]
	[63963,2]
	[63997,1]
	[251,159]
	[64076,1]
	[64157,1]
	[64204,1]
	[64236,1]
	[64253,2]
	[64296,1]
	[64312,1]
	[64345,6]
	[64376,1]
	[64377,1]
	[252,135]
	[64407,1]
	[64440,1]
	[64468,3]
	[64435,1]
	[64450,1]
	[64467,1]
	[64484,1]
	[64532,1]
	[253,158]
	[64579,2]
	[64595,1]
	[64611,2]
	[64612,1]
	[64642,1]
	[64659,1]
	[64644,1]
	[64675,1]
	[64692,2]
	[64725,1]
	[64717,1]
	[64733,1]
	[255,132]
	[64797,1]
	[64798,1]
	[254,140]
	[64845,1]
	[64860,1]
	[64916,1]
	[64932,2]
	[256,152]
	[64965,1]
	[64981,1]
	[64912,1]
	[64982,1]
	[64997,2]
	[65029,1]
	[65030,3]
	[65041,2]
	[65021,1]
	[65022,3]
	[65053,3]
	[65054,1]
	[257,115]
	[65084,1]
	[65117,2]
	[65133,1]
	[65165,1]
	[65155,1]
	[258,128]
	[65204,2]
	[259,134]
	[65250,1]
	[65251,1]
	[65299,1]
	[65315,2]
	[65407,1]
	[65357,1]
	[65404,1]
	[65389,1]
	[65420,1]
	[65437,2]
	[65468,1]
	[65469,1]
	[65484,1]
	[65501,1]
	[65550,1]
	[260,149]
	[65538,1]
	[65553,1]
	[65554,1]
	[65587,1]
	[65602,1]
	[65634,1]
	[65650,2]
	[65742,1]
	[65704,1]
	[65721,1]
	[65737,1]
	[65752,1]
	[65768,1]
	[65769,1]
	[65800,1]
	[65801,1]
	[65816,1]
	[65852,1]
	[65772,1]
	[261,138]
	[65804,1]
	[65835,1]
	[65867,1]
	[65883,1]
	[65915,1]
	[65931,1]
	[66057,1]
	[263,139]
	[65996,1]
	[66012,1]
	[66044,2]
	[262,107]
	[66076,3]
	[66124,1]
	[66183,1]
	[66063,1]
	[66092,1]
	[66141,1]
	[66157,1]
	[66174,1]
	[66190,1]
	[66221,1]
	[66237,7]
	[66373,1]
	[66254,2]
	[264,162]
	[66285,1]
	[66301,1]
	[66317,2]
	[66333,1]
	[66349,5]
	[66398,2]
	[66429,1]
	[66531,1]
	[265,58]
	[66412,1]
	[66444,1]
	[66474,1]
	[66467,1]
	[66492,1]
	[66494,1]
	[266,99]
	[66525,1]
	[66554,1]
	[267,129]
	[66586,1]
	[66618,1]
	[66682,1]
	[66714,1]
	[66732,1]
	[66763,1]
	[66810,1]
	[66838,2]
	[268,126]
	[66854,1]
	[66855,1]
	[66870,1]
	[66887,3]
	[66918,2]
	[66916,1]
	[66919,2]
	[66935,1]
	[269,112]
	[66982,1]
	[66977,1]
	[66960,1]
	[66991,1]
	[66992,1]
	[270,193]
	[67039,1]
	[67055,2]
	[67072,1]
	[67103,1]
	[67149,2]
	[67144,1]
	[67159,1]
	[67160,1]
	[67161,3]
	[67177,2]
	[67209,2]
	[67240,1]
	[67226,1]
	[67225,1]
	[67273,2]
	[67279,1]
	[67281,1]
	[67296,2]
	[271,93]
	[67298,1]
	[272,149]
	[67328,1]
	[67329,2]
	[67360,1]
	[67361,2]
	[67408,1]
	[67430,1]
	[67416,2]
	[67414,1]
	[67432,1]
	[67448,1]
	[67450,1]
	[67464,1]
	[67497,1]
	[67528,1]
	[67521,4]
	[67502,1]
	[273,144]
	[67533,1]
	[67534,2]
	[67550,1]
	[274,80]
	[67598,3]
	[67644,1]
	[68715,1]
	[67649,1]
	[67665,1]
	[275,163]
	[67683,1]
	[67682,1]
	[67713,2]
	[67730,1]
	[67762,4]
	[67814,1]
	[67764,1]
	[67796,1]
	[276,118]
	[67828,1]
	[67860,1]
	[67877,2]
	[277,168]
	[67907,2]
	[67937,1]
	[67939,2]
	[67955,1]
	[67986,1]
	[68003,1]
	[68034,2]
	[68023,1]
	[68070,2]
	[68071,3]
	[68102,1]
	[68118,1]
	[68119,1]
	[68135,2]
	[68151,2]
	[68184,1]
	[278,144]
	[279,70]
	[68166,1]
	[68167,2]
	[68214,1]
	[68213,1]
	[68246,1]
	[68261,2]
	[280,201]
	[68277,2]
	[68308,1]
	[68324,2]
	[68325,2]
	[68356,1]
	[68357,1]
	[68374,1]
	[68420,1]
	[68491,1]
	[68492,1]
	[68387,1]
	[68417,1]
	[68419,2]
	[68449,1]
	[68483,1]
	[281,70]
	[68514,3]
	[68647,1]
	[68528,1]
	[68545,1]
	[282,16]
	[68591,1]
	[68592,1]
	[68623,1]
	[68639,1]
	[68672,1]
	[69236,2]
	[69133,1]
	[284,93]
	[69164,1]
	[69226,1]
	[283,39]
	[69273,1]
	[69321,1]
	[69368,1]
	[285,57]
	[69509,1]
	[69518,2]
	[286,149]
	[69566,1]
	[69600,1]
	[69618,5]
	[69666,2]
	[69699,2]
	[69718,1]
	[69717,1]
	[69750,1]
	[69790,1]
	[69776,1]
	[288,128]
	[287,87]
	[69822,1]
	[69824,1]
	[69870,3]
	[69926,1]
	[69893,3]
	[69939,1]
	[69941,2]
	[69971,1]
	[69972,1]
	[69988,1]
	[69990,1]
	[289,180]
	[70005,1]
	[70063,1]
	[70043,2]
	[70074,1]
	[70090,1]
	[70091,1]
	[70123,1]
	[290,63]
	[70154,1]
	[70155,1]
	[70137,1]
	[70128,1]
	[70159,1]
	[70161,1]
	[291,174]
	[70192,1]
	[70223,1]
	[70224,1]
	[70240,1]
	[70321,2]
	[70291,1]
	[70292,1]
	[70323,2]
	[70339,1]
	[70340,1]
	[70356,2]
	[70385,1]
	[70404,3]
	[292,93]
	[70405,1]
	[70410,1]
	[70376,1]
	[293,116]
	[70422,5]
	[70423,1]
	[70440,1]
	[70471,1]
	[70487,2]
	[70515,1]
	[70473,2]
	[294,143]
	[70503,1]
	[70520,1]
	[70521,1]
	[70537,3]
	[70584,1]
	[70585,1]
	[70586,1]
	[70668,3]
	[70649,1]
	[70666,1]
	[295,91]
	[70699,1]
	[70745,1]
	[70731,1]
	[70730,2]
	[70757,2]
	[70697,1]
	[70698,5]
	[296,176]
	[70761,1]
	[70762,1]
	[70794,1]
	[70825,4]
	[70826,1]
	[70909,1]
	[70840,1]
	[70856,1]
	[70888,2]
	[70903,1]
	[70904,2]
	[70918,1]
	[70920,1]
	[71015,2]
	[70934,1]
	[297,106]
	[70951,1]
	[298,86]
	[70982,2]
	[70998,2]
	[71045,2]
	[71046,1]
	[71121,2]
	[71029,1]
	[300,92]
	[299,162]
	[71061,2]
	[71092,1]
	[71093,1]
	[71110,1]
	[71139,1]
	[71142,1]
	[71153,1]
	[71198,1]
	[71199,1]
	[71185,1]
	[71232,2]
	[71377,1]
	[74851,1]
	[71258,4]
	[71275,1]
	[301,150]
	[71290,1]
	[71322,1]
	[71338,1]
	[71370,1]
	[71467,1]
	[71348,2]
	[302,59]
	[71364,1]
	[71411,1]
	[71412,6]
	[71443,1]
	[71445,1]
	[71452,1]
	[304,83]
	[303,153]
	[305,146]
	[71531,1]
	[71580,1]
	[71644,1]
	[71687,1]
	[306,125]
	[71689,1]
	[71688,1]
	[71721,1]
	[71767,1]
	[71768,3]
	[71761,1]
	[71775,1]
	[71728,1]
	[71806,1]
	[71808,1]
	[71824,1]
	[71856,1]
	[71932,3]
	[71931,1]
	[71912,1]
	[71928,2]
	[307,99]
	[71959,1]
	[71960,1]
	[71977,1]
	[72008,1]
	[72006,1]
	[71999,2]
	[308,163]
	[72000,2]
	[72030,1]
	[72031,1]
	[72032,1]
	[72047,1]
	[72078,1]
	[72079,1]
	[72146,1]
	[72116,1]
	[72117,1]
	[72133,1]
	[72163,1]
	[72165,2]
	[72181,1]
	[309,92]
	[72213,1]
	[72228,1]
	[72188,1]
	[310,142]
	[72219,1]
	[72235,1]
	[72234,2]
	[311,91]
	[72282,1]
	[72283,1]
	[72299,3]
	[72313,1]
	[72271,1]
	[72287,1]
	[72318,1]
	[72350,1]
	[72454,1]
	[312,107]
	[72421,8]
	[72467,2]
	[72468,1]
	[72484,1]
	[72485,1]
	[72516,1]
	[72561,1]
	[72562,1]
	[72504,1]
	[314,80]
	[313,146]
	[72550,1]
	[72551,1]
	[72568,1]
	[72583,1]
	[72599,1]
	[72685,1]
	[72632,1]
	[72664,1]
	[72696,1]
	[72713,1]
	[72762,2]
	[315,129]
	[72697,1]
	[72729,1]
	[72745,1]
	[72761,1]
	[316,115]
	[72901,1]
	[72809,1]
	[317,110]
	[72825,1]
	[72840,1]
	[72872,1]
	[72889,1]
	[72905,3]
	[72921,1]
	[73009,1]
	[73010,1]
	[72890,1]
	[72920,1]
	[72922,1]
	[72952,1]
	[72953,1]
	[72954,1]
	[72969,2]
	[73134,1]
	[73016,1]
	[318,155]
	[73032,1]
	[73048,1]
	[73064,1]
	[73078,1]
	[73097,1]
	[73212,1]
	[77216,1]
	[73093,2]
	[73109,1]
	[319,16]
	[73124,1]
	[73157,1]
	[73173,3]
	[73153,1]
	[320,77]
	[73186,1]
	[321,118]
	[73217,1]
	[73371,1]
	[73372,1]
	[322,136]
	[73420,1]
	[73451,1]
	[73462,1]
	[73445,1]
	[73460,1]
	[323,80]
	[73507,1]
	[73523,1]
	[73524,1]
	[73505,4]
	[73522,1]
	[324,148]
	[73539,1]
	[73554,1]
	[73571,1]
	[73602,1]
	[73586,1]
	[73594,3]
	[325,88]
	[73627,1]
	[73642,1]
	[73658,1]
	[73708,1]
	[73710,2]
	[74670,1]
	[73711,1]
	[73729,1]
	[327,139]
	[326,108]
	[73744,1]
	[73760,1]
	[73786,1]
	[73766,1]
	[73799,1]
	[73814,1]
	[73830,1]
	[73831,1]
	[73846,1]
	[73862,1]
	[73834,1]
	[73850,1]
	[73881,1]
	[73882,3]
	[328,88]
	[73914,1]
	[74005,1]
	[74004,1]
	[73969,1]
	[73986,1]
	[329,93]
	[74017,2]
	[74018,1]
	[74049,1]
	[74050,1]
	[74097,1]
	[74054,2]
	[330,148]
	[74085,1]
	[74101,1]
	[74117,1]
	[74118,1]
	[74207,1]
	[74208,1]
	[74154,1]
	[74169,1]
	[74186,1]
	[331,66]
	[74217,2]
	[74218,1]
	[74233,1]
	[74268,1]
	[74267,2]
	[74219,1]
	[332,97]
	[74234,1]
	[74250,2]
	[74266,1]
	[74390,2]
	[74313,1]
	[333,133]
	[74330,1]
	[74329,1]
	[74345,2]
	[74393,2]
	[74410,1]
	[74466,1]
	[74361,2]
	[74376,1]
	[334,71]
	[74424,1]
	[74425,1]
	[74440,1]
	[74470,1]
	[335,124]
	[74502,1]
	[74518,1]
	[74535,2]
	[74566,1]
	[74563,1]
	[74579,1]
	[74595,1]
	[74596,1]
	[336,35]
	[74612,1]
	[74628,2]
	[74605,1]
	[74607,1]
	[337,78]
	[74639,1]
	[74640,1]
	[338,113]
	[74672,1]
	[74688,1]
	[74777,3]
	[339,70]
	[74808,1]
	[74809,2]
	[340,65]
	[74857,1]
	[74850,1]
	[74848,1]
	[74864,3]
	[74865,1]
	[74896,1]
	[74936,1]
	[341,138]
	[74967,1]
	[74984,3]
	[75016,1]
	[75014,1]
	[342,60]
	[75020,1]
	[75007,1]
	[75037,1]
	[75038,1]
	[75039,1]
	[343,129]
	[75069,1]
	[75089,1]
	[75059,1]
	[75060,4]
	[75091,1]
	[75107,1]
	[75108,1]
	[75138,1]
	[75139,1]
	[75096,1]
	[346,106]
	[345,102]
	[75142,2]
	[75143,3]
	[344,95]
	[75145,1]
	[75176,1]
	[75192,1]
	[75241,1]
	[75304,1]
	[75320,1]
	[75345,1]
	[75287,1]
	[348,119]
	[75317,1]
	[75333,1]
	[75334,2]
	[347,92]
	[75364,1]
	[75365,1]
	[75421,1]
	[75352,1]
	[75383,1]
	[75399,1]
	[75416,1]
	[75432,1]
	[75382,1]
	[349,64]
	[75414,1]
	[75428,2]
	[75430,2]
	[75444,1]
	[75550,1]
	[75458,1]
	[351,105]
	[75489,1]
	[75490,2]
	[75505,1]
	[75522,2]
	[350,85]
	[75553,1]
	[75639,1]
	[75519,1]
	[75518,2]
	[75549,1]
	[75566,1]
	[75581,1]
	[75582,1]
	[75712,1]
	[75593,1]
	[352,57]
	[75624,1]
	[75641,2]
	[75640,1]
	[75655,1]
	[75656,2]
	[76256,2]
	[355,63]
	[354,39]
	[76349,1]
	[76396,1]
	[76444,1]
	[356,28]
	[76439,2]
	[76455,2]
	[76488,3]
	[357,125]
	[76578,1]
	[76593,2]
	[358,74]
	[76609,1]
	[76625,1]
	[76626,1]
	[359,64]
	[76647,4]
	[76645,2]
	[76630,1]
	[76662,1]
	[360,107]
	[76663,1]
	[76718,2]
	[76714,1]
	[361,27]
	[76745,1]
	[76761,1]
	[76762,1]
	[76733,1]
	[76749,1]
	[76764,1]
	[76763,1]
	[76765,1]
	[76766,4]
	[76845,1]
	[76815,1]
	[76847,2]
	[76878,2]
	[76880,5]
	[363,63]
	[76883,1]
	[76849,2]
	[365,79]
	[364,84]
	[76896,2]
	[76905,1]
	[76907,1]
	[76864,1]
	[76911,1]
	[76912,1]
	[77010,1]
	[76959,1]
	[76975,1]
	[366,67]
	[77022,1]
	[77032,1]
	[76972,1]
	[76973,3]
	[368,36]
	[367,131]
	[76990,1]
	[77020,1]
	[77021,1]
	[77063,1]
	[77065,1]
	[77113,2]
	[77157,1]
	[77076,1]
	[77094,1]
	[369,65]
	[77124,2]
	[77125,1]
	[77182,1]
	[77090,1]
	[370,133]
	[77107,1]
	[77137,2]
	[77154,1]
	[77236,2]
	[77116,1]
	[371,36]
	[77178,1]
	[77306,2]
	[77187,1]
	[77203,1]
	[373,31]
	[372,104]
	[77234,1]
	[77250,2]
	[77330,5]
	[77211,2]
	[77242,1]
	[77259,1]
	[77233,7]
	[375,32]
	[374,109]
	[77312,1]
	[77339,2]
	[376,84]
	[77370,2]
	[77385,1]
	[77386,3]
	[77378,1]
	[77346,1]
	[77375,1]
	[77376,1]
	[77392,2]
	[77432,1]
	[378,50]
	[77478,1]
	[377,88]
	[77495,1]
	[77452,1]
	[77467,1]
	[77483,2]
	[77533,1]
	[77504,2]
	[379,73]
	[77536,1]
	[380,31]
	[77567,3]
	[77559,1]
	[77525,2]
	[381,81]
	[77556,1]
	[77572,1]
	[77571,1]
	[77568,1]
	[77527,1]
	[77541,1]
	[382,39]
	[77573,1]
	[77574,1]
	[77659,1]
	[77608,1]
	[77609,1]
	[77623,1]
	[383,85]
	[77656,1]
	[77685,3]
	[77625,1]
	[77627,2]
	[384,63]
	[77642,1]
	[77658,2]
	[77690,1]
	[77705,2]
	[77720,3]
	[77722,2]
	[385,63]
	[77769,2]
	[77843,2]
	[77766,1]
	[387,55]
	[77783,1]
	[77782,1]
	[77796,1]
	[77798,1]
	[77870,1]
	[77765,1]
	[77780,1]
	[77797,1]
	[388,56]
	[77928,2]
	[77929,2]
	[79051,1]
	[77825,1]
	[77841,1]
	[389,103]
	[77858,1]
	[77857,1]
	[77940,1]
	[77836,2]
	[77837,1]
	[77852,1]
	[77814,2]
	[77813,1]
	[391,57]
	[77845,1]
	[392,43]
	[77918,3]
	[393,53]
	[77933,1]
	[77935,1]
	[77942,4]
	[77910,1]
	[77925,4]
	[77906,1]
	[395,101]
	[77936,1]
	[77952,3]
	[394,30]
	[77927,2]
	[77992,1]
	[77963,1]
	[396,15]
	[77979,1]
	[77980,1]
	[78002,2]
	[77967,1]
	[77968,2]
	[398,72]
	[77983,1]
	[77996,1]
	[77969,2]
	[78089,1]
	[78088,1]
	[78037,1]
	[78038,1]
	[399,18]
	[78055,2]
	[400,57]
	[78040,1]
	[401,63]
	[78056,1]
	[78159,1]
	[78091,1]
	[78090,2]
	[78106,1]
	[78138,1]
	[78137,1]
	[78057,2]
	[402,31]
	[78074,1]
	[403,44]
	[78211,1]
	[78134,1]
	[404,51]
	[78150,1]
	[78205,1]
	[78100,1]
	[78115,1]
	[78247,1]
	[78144,2]
	[406,56]
	[78175,1]
	[78273,1]
	[78272,1]
	[78155,1]
	[407,40]
	[78171,1]
	[78117,1]
	[78132,1]
	[408,17]
	[78173,2]
	[409,33]
	[78188,1]
	[410,73]
	[78180,1]
	[78179,3]
	[78162,1]
	[78217,1]
	[78219,2]
	[78215,1]
	[412,68]
	[78212,1]
	[78202,2]
	[78220,2]
	[78206,1]
	[413,28]
	[78195,2]
	[78176,1]
	[415,65]
	[78170,2]
	[78225,1]
	[78189,2]
	[417,1]
	[416,33]
	[418,50]
	[78222,1]
	[78169,1]
	[78182,1]
	[78116,2]
	[419,20]
	[420,5]
	[78158,1]
	[421,40]
	[78226,1]
	[78121,1]
	[78249,4]
	[78146,1]
	[423,18]
	[78939,1]
	[78851,1]
	[426,45]
	[78832,3]
	[78831,1]
	[78853,1]
	[428,39]
	[78825,1]
	[78824,1]
	[78861,2]
	[429,20]
	[78802,1]
	[78803,1]
	[431,30]
	[78811,1]
	[78812,2]
	[432,12]
	[78753,1]
	[78754,1]
	[434,24]
	[78807,1]
	[78806,1]
	[78744,1]
	[435,6]
	[78783,1]
	[437,10]
	[78741,1]
	[78716,1]
	[439,4]
	[78687,1]
	[78707,1]

1728,
	[2,50]
	[4,82]
	[104,6]
	[31,8]
	[10,29]
	[5,51]
	[115,7]
	[47,3]
	[6,55]
	[21,2]
	[19,6]
	[166,18]
	[8,71]
	[57,11]
	[43,2]
	[37,4]
	[13,36]
	[42,2]
	[67,2]
	[46,3]
	[71,2]
	[9,38]
	[35,5]
	[11,47]
	[56,5]
	[15,36]
	[29,3]
	[17,15]
	[18,6]
	[75,9]
	[49,4]
	[74,4]
	[20,4]
	[3,38]
	[100,1]
	[23,3]
	[25,5]
	[24,4]
	[27,3]
	[26,1]
	[28,3]
	[7,26]
	[82,4]
	[30,1]
	[33,6]
	[32,1]
	[34,2]
	[36,3]
	[38,6]
	[84,4]
	[39,1]
	[41,4]
	[40,5]
	[44,7]
	[48,7]
	[50,4]
	[64,3]
	[92,5]
	[51,2]
	[53,2]
	[52,2]
	[79,4]
	[55,7]
	[54,5]
	[58,3]
	[88,2]
	[59,3]
	[98,3]
	[60,1]
	[96,7]
	[63,7]
	[99,8]
	[65,9]
	[69,7]
	[61,1]
	[94,2]
	[72,1]
	[73,1]
	[62,2]
	[68,1]
	[76,3]
	[77,3]
	[106,7]
	[81,9]
	[80,2]
	[83,10]
	[70,1]
	[85,5]
	[86,3]
	[112,6]
	[87,7]
	[113,7]
	[90,2]
	[89,2]
	[12,31]
	[16,44]
	[91,3]
	[93,7]
	[95,6]
	[97,4]
	[116,9]
	[101,8]
	[102,3]
	[14,26]
	[118,3]
	[103,4]
	[119,6]
	[105,5]
	[107,7]
	[123,2]
	[108,2]
	[110,5]
	[109,2]
	[114,8]
	[111,2]
	[117,4]
	[121,4]
	[120,6]
	[122,3]
	[131,7]
	[124,4]
	[125,3]
	[126,3]
	[132,3]
	[128,4]
	[127,1]
	[130,2]
	[129,4]
	[135,2]
	[133,6]
	[137,6]
	[134,3]
	[136,3]
	[139,6]
	[138,4]
	[140,3]
	[142,3]
	[141,6]
	[143,5]
	[144,12]
	[146,6]
	[145,5]
	[147,8]
	[148,5]
	[149,8]
	[150,5]
	[151,9]
	[153,8]
	[152,5]
	[155,10]
	[154,5]
	[157,14]
	[156,7]
	[158,4]
	[159,8]
	[161,7]
	[162,4]
	[163,8]
	[160,2]
	[164,10]
	[165,8]
	[167,11]
	[168,8]
	[170,4]
	[169,7]
	[171,14]
	[172,6]
	[173,8]
	[175,12]
	[174,6]
	[176,13]
	[177,2]
	[178,9]
	[179,6]
	[180,11]
	[182,21]
	[181,8]
	[183,4]
	[184,8]
	[185,7]
	[186,6]
	[187,14]
	[188,14]
	[190,14]
	[189,2]
	[191,8]
	[192,13]
	[193,9]
	[194,4]
	[196,13]
	[195,6]
	[197,8]
	[198,5]
	[199,8]
	[200,4]
	[203,11]
	[201,10]
	[202,8]
	[204,10]
	[206,7]
	[205,2]
	[207,12]
	[208,12]
	[209,10]
	[210,5]
	[212,2]
	[213,6]
	[214,6]
	[216,7]
	[215,14]
	[217,16]
	[219,8]
	[218,11]
	[211,4]
	[220,14]
	[221,12]
	[222,10]
	[223,13]
	[225,13]
	[224,10]
	[226,10]
	[227,10]
	[228,13]
	[229,7]
	[230,14]
	[231,4]
	[232,6]
	[233,15]
	[234,9]
	[235,11]
	[236,11]
	[237,11]
	[238,7]
	[239,10]
	[240,9]
	[241,11]
	[242,14]
	[243,13]
	[244,8]
	[245,10]
	[246,13]
	[248,3]
	[247,13]
	[249,8]
	[250,9]
	[252,13]
	[251,4]
	[253,17]
	[255,13]
	[254,6]
	[256,18]
	[257,6]
	[258,12]
	[259,14]
	[260,6]
	[261,10]
	[262,7]
	[263,12]
	[264,10]
	[265,3]
	[266,9]
	[267,10]
	[269,7]
	[268,9]
	[270,4]
	[271,6]
	[273,12]
	[272,6]
	[274,4]
	[275,10]
	[276,5]
	[277,10]
	[278,9]
	[279,5]
	[280,11]
	[282,6]
	[281,2]
	[284,3]
	[283,8]
	[286,8]
	[285,3]
	[287,6]
	[288,7]
	[289,10]
	[290,7]
	[291,14]
	[293,7]
	[292,7]
	[295,6]
	[294,3]
	[296,12]
	[297,8]
	[298,9]
	[299,10]
	[300,6]
	[301,7]
	[303,9]
	[304,8]
	[302,2]
	[305,4]
	[306,8]
	[308,16]
	[307,9]
	[309,9]
	[310,8]
	[311,6]
	[312,7]
	[313,11]
	[314,4]
	[315,8]
	[316,5]
	[317,4]
	[318,7]
	[320,3]
	[321,9]
	[323,5]
	[322,5]
	[324,12]
	[319,2]
	[325,2]
	[326,6]
	[327,10]
	[328,2]
	[329,7]
	[330,20]
	[332,7]
	[331,9]
	[333,8]
	[334,7]
	[335,7]
	[337,7]
	[339,12]
	[338,7]
	[340,9]
	[341,8]
	[342,3]
	[343,10]
	[345,8]
	[344,7]
	[346,8]
	[347,2]
	[348,3]
	[349,3]
	[351,6]
	[350,5]
	[336,1]
	[352,7]
	[355,3]
	[354,2]
	[356,4]
	[358,3]
	[357,5]
	[359,2]
	[360,5]
	[361,2]
	[362,6]
	[364,9]
	[363,5]
	[365,3]
	[366,6]
	[367,9]
	[369,8]
	[368,2]
	[353,3]
	[370,2]
	[371,4]
	[372,3]
	[374,7]
	[373,2]
	[376,6]
	[377,8]
	[379,3]
	[378,3]
	[381,4]
	[380,1]
	[383,5]
	[384,5]
	[386,3]
	[387,3]
	[389,7]
	[388,4]
	[375,1]
	[391,2]
	[392,6]
	[390,3]
	[395,6]
	[396,2]
	[394,2]
	[398,5]
	[385,2]
	[399,6]
	[402,1]
	[401,2]
	[403,5]
	[404,4]
	[406,3]
	[407,3]
	[408,1]
	[409,2]
	[410,5]
	[412,4]
	[413,1]
	[415,5]
	[397,1]
	[416,2]
	[418,3]
	[419,4]
	[421,1]
	[423,1]
	[426,3]
	[428,6]
	[432,1]
	[435,1]
	[437,2]

1580,
	[90,1]

1660,
	[1193,1]
	[1303,1]
	[2166,1]
	[2627,1]
	[3572,1]
	[3736,1]
	[5438,1]
	[8600,1]
	[1,11]
	[11699,1]
	[14725,1]
	[14722,1]
	[23,1]
	[18277,1]
	[19,2]
	[21853,1]
	[22996,1]
	[25230,1]
	[29037,1]
	[30084,1]
	[14,1]
	[31847,1]
	[32871,1]
	[33485,1]
	[35916,1]
	[36477,1]
	[27,1]
	[39634,1]
	[129,1]
	[43276,1]
	[44151,1]
	[59,2]
	[46055,1]
	[46051,1]
	[133,1]
	[46314,1]
	[61,1]
	[48103,1]
	[87,3]
	[49159,1]
	[102,3]
	[106,2]
	[52630,1]
	[13,2]
	[164,2]
	[160,2]
	[172,3]
	[54016,1]
	[15,3]
	[116,1]
	[50,3]
	[54500,1]
	[55458,1]
	[101,1]
	[177,3]
	[56367,1]
	[182,4]
	[188,1]
	[118,2]
	[57504,1]
	[149,1]
	[157,1]
	[17,3]
	[195,1]
	[58587,1]
	[127,1]
	[59608,1]
	[4,2]
	[36,1]
	[64,1]
	[104,1]
	[180,2]
	[151,1]
	[168,3]
	[42,1]
	[193,1]
	[64187,1]
	[64397,1]
	[190,2]
	[65315,2]
	[198,1]
	[224,1]
	[230,1]
	[65519,1]
	[65902,1]
	[105,1]
	[66625,1]
	[66819,1]
	[10,1]
	[7,1]
	[171,1]
	[192,1]
	[197,2]
	[21,1]
	[67688,1]
	[53,1]
	[62,1]
	[126,1]
	[148,2]
	[69537,1]
	[69699,1]
	[91,1]
	[163,5]
	[216,2]
	[223,4]
	[70168,1]
	[235,2]
	[259,2]
	[124,1]
	[71324,1]
	[71322,1]
	[71,2]
	[226,4]
	[208,1]
	[96,1]
	[55,1]
	[136,1]
	[72696,1]
	[72985,1]
	[258,2]
	[74204,2]
	[74202,1]
	[112,3]
	[121,1]
	[206,1]
	[74601,1]
	[156,1]
	[279,1]
	[75406,1]
	[57,1]
	[234,2]
	[76206,1]
	[183,1]
	[257,2]
	[174,2]
	[268,1]
	[77034,1]
	[276,2]
	[77488,1]
	[293,1]
	[237,1]
	[31,2]
	[211,1]
	[77865,1]
	[78264,1]
	[130,1]
	[48,1]
	[321,1]
	[254,3]
	[78848,1]
	[239,2]
	[143,2]
	[315,2]
	[79248,2]
	[79244,1]
	[307,2]
	[9,1]
	[278,1]
	[79647,1]
	[286,1]
	[79792,1]
	[327,1]
	[289,2]
	[232,1]
	[80336,1]
	[252,2]
	[282,1]
	[178,1]
	[345,1]
	[80637,1]
	[80635,1]
	[80798,1]
	[200,2]
	[80958,1]
	[228,1]
	[203,1]
	[219,1]
	[146,2]
	[273,1]
	[285,1]
	[162,1]
	[82160,1]
	[317,1]
	[274,2]
	[209,1]
	[82443,1]
	[82509,1]
	[63,1]
	[69,1]
	[340,2]
	[348,2]
	[82687,1]
	[114,1]
	[311,2]
	[214,1]
	[329,1]
	[186,2]
	[179,1]
	[324,1]
	[82976,1]
	[83029,1]
	[304,1]
	[83217,1]
	[83239,1]
	[302,1]
	[83290,1]
	[83287,1]
	[369,1]
	[233,2]
	[161,1]
	[83589,1]
	[215,1]
	[312,2]
	[313,1]
	[40,1]
	[205,2]
	[83678,1]
	[383,1]
	[169,1]
	[83740,1]
	[83864,1]
	[83,1]
	[83933,1]
	[83899,1]
	[358,2]
	[83919,1]
	[84029,1]
	[84031,1]
	[167,1]
	[221,1]
	[365,1]
	[84053,1]
	[153,1]
	[243,1]
	[363,1]
	[236,1]
	[291,1]
	[84340,1]
	[84338,1]
	[241,1]
	[346,1]
	[356,1]
	[361,1]
	[67,1]
	[308,1]
	[103,1]
	[370,1]
	[380,1]
	[80,1]
	[202,1]
	[84424,1]
	[357,1]
	[84400,1]
	[418,1]
	[84430,1]
	[384,1]
	[344,1]
	[85239,1]
	[400,1]
	[207,1]
	[323,1]
	[334,2]
	[85265,1]
	[150,1]
	[220,1]
	[85233,1]
	[250,1]
	[255,1]
	[85275,1]
	[85225,1]
	[316,1]
	[263,1]
	[85261,1]
	[217,1]
	[144,1]
	[422,1]
	[85177,1]

1616,
	[153,1]
	[69,2]
	[18,1]
	[58,2]
	[79,1]
	[66,2]
	[9,1]
	[159,1]
	[32,1]
	[38,1]
	[24,1]
	[26,1]
	[29,1]
	[40,2]
	[45,1]
	[47,1]
	[68,1]
	[6,1]

1632,
	[2051,1]
	[3,11]
	[2166,2]
	[2212,1]
	[2489,1]
	[2780,1]
	[3574,1]
	[3572,2]
	[3774,1]
	[3916,1]
	[7,5]
	[4253,1]
	[1,612]
	[4406,1]
	[10,36]
	[6,20]
	[7365,1]
	[7363,1]
	[8604,1]
	[9238,1]
	[9845,1]
	[9843,1]
	[4,15]
	[11691,1]
	[12321,2]
	[35,24]
	[14105,1]
	[22,10]
	[23,13]
	[14718,1]
	[15338,1]
	[15334,1]
	[15336,1]
	[32,13]
	[38,18]
	[39,13]
	[34,21]
	[18277,1]
	[52,32]
	[19058,1]
	[54,22]
	[20045,1]
	[102,49]
	[20046,1]
	[89,54]
	[24,10]
	[21855,1]
	[404,33]
	[40,22]
	[21852,1]
	[50,16]
	[63,46]
	[19,12]
	[36,19]
	[66,34]
	[26,5]
	[56,23]
	[61,29]
	[15,10]
	[101,44]
	[23554,1]
	[24137,1]
	[53,32]
	[68,37]
	[48,30]
	[73,30]
	[8,13]
	[27,13]
	[64,36]
	[25851,1]
	[57,30]
	[71,34]
	[87,41]
	[72,45]
	[70,41]
	[82,44]
	[27962,1]
	[27961,1]
	[55,28]
	[85,43]
	[21,12]
	[46,10]
	[62,32]
	[69,40]
	[707,1]
	[86,42]
	[29629,2]
	[49,14]
	[29626,1]
	[81,42]
	[30777,1]
	[84,37]
	[88,60]
	[31274,1]
	[33,14]
	[51,28]
	[58,23]
	[31276,1]
	[92,46]
	[37,13]
	[59,24]
	[79,31]
	[96,44]
	[65,31]
	[77,3]
	[93,46]
	[5,7]
	[207,142]
	[67,38]
	[78,8]
	[98,54]
	[104,57]
	[33965,1]
	[100,60]
	[103,69]
	[29,11]
	[34236,1]
	[240,140]
	[95,42]
	[105,67]
	[123,81]
	[36484,1]
	[36482,1]
	[36476,1]
	[36477,1]
	[94,61]
	[97,49]
	[113,64]
	[37048,1]
	[80,32]
	[83,46]
	[91,57]
	[112,35]
	[37553,1]
	[37551,1]
	[20,11]
	[90,36]
	[119,67]
	[37505,1]
	[75,10]
	[1187,1]
	[116,55]
	[120,57]
	[37154,1]
	[106,54]
	[37663,1]
	[111,21]
	[115,53]
	[117,62]
	[118,58]
	[60,31]
	[855,1]
	[110,15]
	[40064,1]
	[1415,1]
	[127,89]
	[28,13]
	[30,10]
	[40626,1]
	[39197,1]
	[108,11]
	[121,55]
	[41071,1]
	[41072,1]
	[124,56]
	[125,65]
	[128,57]
	[129,61]
	[99,42]
	[42168,1]
	[399,48]
	[114,68]
	[126,99]
	[132,64]
	[42565,1]
	[16,2]
	[131,68]
	[134,78]
	[42413,1]
	[47,14]
	[74,21]
	[41912,1]
	[135,62]
	[469,1]
	[122,67]
	[130,63]
	[137,70]
	[138,59]
	[44680,1]
	[133,66]
	[143,91]
	[43097,1]
	[136,74]
	[142,28]
	[43376,1]
	[107,27]
	[43623,1]
	[145,139]
	[146,149]
	[44829,1]
	[44348,1]
	[45155,1]
	[46053,1]
	[44627,1]
	[144,155]
	[147,125]
	[150,151]
	[46576,1]
	[46574,1]
	[148,128]
	[149,129]
	[45905,1]
	[45526,1]
	[152,122]
	[47113,1]
	[47111,1]
	[139,44]
	[47374,1]
	[13,1]
	[47382,1]
	[25,10]
	[410,35]
	[45969,1]
	[1203,1]
	[151,129]
	[153,139]
	[154,139]
	[47627,2]
	[46226,1]
	[47865,1]
	[155,136]
	[47894,1]
	[46559,1]
	[156,139]
	[162,142]
	[41,12]
	[48355,1]
	[44,1]
	[46735,1]
	[48968,1]
	[46871,1]
	[46872,1]
	[157,132]
	[160,65]
	[49358,1]
	[49356,1]
	[262,134]
	[793,1]
	[161,121]
	[49625,1]
	[48688,1]
	[47995,1]
	[47996,3]
	[163,131]
	[48748,1]
	[164,140]
	[31,11]
	[48142,1]
	[50638,1]
	[50637,1]
	[49701,1]
	[49242,1]
	[165,138]
	[49032,1]
	[48655,1]
	[158,56]
	[51167,1]
	[51164,1]
	[51166,1]
	[109,23]
	[49297,1]
	[48904,1]
	[166,147]
	[168,140]
	[51413,2]
	[50476,1]
	[51058,1]
	[49163,1]
	[167,128]
	[51657,1]
	[49408,1]
	[169,134]
	[171,163]
	[51885,2]
	[45,1]
	[51590,1]
	[50786,1]
	[170,134]
	[173,146]
	[52403,1]
	[50966,1]
	[50524,1]
	[172,109]
	[174,135]
	[50747,1]
	[50380,1]
	[51429,1]
	[53313,1]
	[52674,1]
	[51888,1]
	[51082,1]
	[50827,1]
	[178,83]
	[53566,1]
	[53424,1]
	[52400,1]
	[53823,1]
	[53547,1]
	[53818,1]
	[51893,1]
	[51289,1]
	[177,63]
	[179,98]
	[51749,1]
	[51654,1]
	[52832,1]
	[439,3]
	[51743,1]
	[180,152]
	[181,166]
	[182,139]
	[53612,1]
	[53097,1]
	[52836,1]
	[52248,1]
	[51978,1]
	[183,137]
	[52823,2]
	[52465,1]
	[52194,1]
	[184,156]
	[54498,1]
	[53120,1]
	[52493,1]
	[175,80]
	[55227,1]
	[54820,1]
	[14,1]
	[53351,1]
	[354,4]
	[52995,1]
	[185,134]
	[186,152]
	[55458,1]
	[53582,1]
	[52957,1]
	[187,152]
	[55689,1]
	[54290,1]
	[53792,1]
	[53440,1]
	[53170,1]
	[520,1]
	[53683,1]
	[189,161]
	[56162,1]
	[56157,1]
	[53910,1]
	[188,146]
	[56369,1]
	[55926,1]
	[54137,1]
	[53882,1]
	[190,150]
	[18,7]
	[54737,1]
	[54378,3]
	[55482,1]
	[54960,1]
	[956,1]
	[54586,1]
	[54092,1]
	[191,140]
	[194,65]
	[55880,1]
	[54761,1]
	[57496,1]
	[56127,1]
	[55234,2]
	[54964,1]
	[56789,1]
	[176,62]
	[195,50]
	[196,61]
	[197,161]
	[57965,1]
	[57966,1]
	[55193,1]
	[198,148]
	[58130,1]
	[57239,1]
	[56793,1]
	[56808,1]
	[56306,1]
	[192,116]
	[57992,1]
	[57424,1]
	[55595,1]
	[55594,1]
	[199,148]
	[200,148]
	[58581,1]
	[56047,1]
	[56048,1]
	[201,158]
	[202,142]
	[58704,1]
	[58484,1]
	[56036,1]
	[56755,1]
	[56500,1]
	[57641,1]
	[56230,1]
	[203,136]
	[57831,1]
	[57352,1]
	[57355,1]
	[56969,1]
	[56459,1]
	[205,158]
	[326,116]
	[57147,2]
	[58169,1]
	[56892,1]
	[204,134]
	[59608,1]
	[57356,1]
	[57116,1]
	[56861,1]
	[58438,1]
	[57579,1]
	[206,142]
	[58189,1]
	[57292,1]
	[208,150]
	[1318,1]
	[58660,1]
	[193,107]
	[209,147]
	[210,157]
	[61239,1]
	[59380,1]
	[58965,1]
	[58693,1]
	[58694,2]
	[58441,1]
	[59376,2]
	[59377,2]
	[58609,1]
	[214,134]
	[213,57]
	[61854,2]
	[61448,1]
	[1596,1]
	[215,154]
	[62057,1]
	[62053,1]
	[60426,1]
	[211,86]
	[62268,1]
	[59998,1]
	[59432,1]
	[61041,1]
	[59948,1]
	[59424,1]
	[212,13]
	[217,149]
	[216,173]
	[218,139]
	[219,152]
	[62861,1]
	[62859,1]
	[61450,1]
	[61145,1]
	[59783,1]
	[221,143]
	[60809,1]
	[159,21]
	[220,155]
	[62720,1]
	[60714,1]
	[60174,1]
	[222,156]
	[42,1]
	[61198,1]
	[61200,1]
	[60413,1]
	[223,138]
	[224,153]
	[63668,1]
	[63666,1]
	[61393,1]
	[61114,2]
	[62269,1]
	[63473,1]
	[60858,1]
	[61948,1]
	[63843,1]
	[61556,1]
	[60765,1]
	[60766,3]
	[225,153]
	[64015,1]
	[63134,1]
	[60939,1]
	[226,137]
	[63735,1]
	[62301,1]
	[61651,1]
	[61398,1]
	[61937,1]
	[227,144]
	[64389,1]
	[63084,1]
	[62142,1]
	[62143,1]
	[61585,1]
	[61315,1]
	[62686,1]
	[62687,1]
	[62328,1]
	[61771,1]
	[64020,1]
	[64956,1]
	[63065,1]
	[62426,1]
	[62150,1]
	[61642,1]
	[230,25]
	[65112,2]
	[63706,1]
	[63235,1]
	[1472,1]
	[62864,2]
	[62597,1]
	[61796,1]
	[61797,1]
	[228,131]
	[231,93]
	[232,133]
	[65313,1]
	[64935,1]
	[64409,1]
	[62030,1]
	[233,150]
	[529,1]
	[62988,1]
	[62422,1]
	[235,158]
	[65687,1]
	[329,106]
	[62639,1]
	[62385,1]
	[234,170]
	[64993,1]
	[64505,1]
	[63634,1]
	[63635,1]
	[63377,1]
	[62823,1]
	[62552,1]
	[236,148]
	[64636,1]
	[63785,1]
	[63529,1]
	[63259,1]
	[62989,1]
	[62718,1]
	[238,155]
	[65312,1]
	[273,133]
	[64378,1]
	[63746,1]
	[63218,1]
	[62948,1]
	[229,70]
	[239,149]
	[65507,1]
	[65046,1]
	[64181,1]
	[63914,1]
	[63640,1]
	[63400,1]
	[63115,1]
	[65748,1]
	[237,154]
	[66623,1]
	[17,5]
	[65916,1]
	[64376,1]
	[63595,1]
	[241,160]
	[66817,1]
	[66076,1]
	[66561,2]
	[64733,1]
	[64177,1]
	[63952,1]
	[63682,1]
	[242,146]
	[67173,1]
	[64927,1]
	[64354,1]
	[63844,1]
	[243,138]
	[244,134]
	[67351,1]
	[67272,1]
	[67206,1]
	[65102,1]
	[64847,1]
	[245,125]
	[67526,1]
	[67527,1]
	[67643,1]
	[67684,1]
	[66259,1]
	[65788,1]
	[65166,1]
	[64866,1]
	[66759,1]
	[64098,1]
	[247,68]
	[68002,3]
	[65513,1]
	[64701,1]
	[248,60]
	[68191,1]
	[67296,1]
	[290,122]
	[66289,1]
	[140,7]
	[65684,1]
	[64602,1]
	[68290,1]
	[66428,1]
	[65549,1]
	[67565,1]
	[64760,1]
	[249,74]
	[250,109]
	[67102,1]
	[66614,1]
	[65981,1]
	[65704,1]
	[65440,1]
	[65154,1]
	[64899,1]
	[68657,1]
	[67771,1]
	[66404,1]
	[65891,1]
	[65623,1]
	[65354,1]
	[246,78]
	[251,146]
	[252,143]
	[253,154]
	[68853,1]
	[66963,1]
	[66605,1]
	[66334,1]
	[66061,1]
	[65521,1]
	[66821,1]
	[254,147]
	[68069,1]
	[68985,1]
	[581,1]
	[68711,1]
	[67587,1]
	[67095,1]
	[66738,1]
	[66196,1]
	[65401,1]
	[255,151]
	[256,144]
	[68346,1]
	[66701,1]
	[65904,1]
	[65634,1]
	[68450,1]
	[67493,1]
	[67137,2]
	[67422,1]
	[69216,1]
	[257,151]
	[67303,1]
	[69191,2]
	[66769,1]
	[66492,1]
	[66252,1]
	[65982,1]
	[258,157]
	[259,144]
	[69699,2]
	[288,147]
	[68764,1]
	[66902,1]
	[66901,1]
	[66113,1]
	[69843,1]
	[67627,1]
	[67357,1]
	[68167,1]
	[67096,1]
	[854,1]
	[66946,1]
	[66945,1]
	[66435,1]
	[261,143]
	[69722,1]
	[70163,1]
	[69237,1]
	[70164,1]
	[68278,1]
	[67121,1]
	[66867,1]
	[66627,1]
	[69929,1]
	[68124,2]
	[67614,1]
	[66786,1]
	[70517,1]
	[68624,1]
	[68250,1]
	[67996,1]
	[67183,1]
	[66929,2]
	[265,63]
	[69414,1]
	[68922,1]
	[68549,1]
	[68295,1]
	[68055,1]
	[67772,2]
	[69364,1]
	[67243,1]
	[260,155]
	[266,41]
	[68719,1]
	[67927,2]
	[67380,1]
	[67126,1]
	[263,120]
	[267,90]
	[71117,1]
	[69762,1]
	[69257,1]
	[68617,1]
	[68114,1]
	[67581,1]
	[70929,1]
	[659,1]
	[68784,1]
	[68785,1]
	[68545,1]
	[68268,2]
	[67717,1]
	[268,132]
	[269,163]
	[270,130]
	[71452,1]
	[70363,1]
	[68140,1]
	[67885,1]
	[68886,1]
	[71592,1]
	[71587,1]
	[70195,1]
	[70725,1]
	[68814,1]
	[68541,1]
	[271,151]
	[71269,1]
	[69840,1]
	[69456,1]
	[68930,1]
	[68389,2]
	[272,141]
	[71556,1]
	[69819,1]
	[68551,1]
	[68311,2]
	[71080,1]
	[70610,1]
	[70146,1]
	[69761,1]
	[69504,1]
	[68968,1]
	[68679,2]
	[68169,2]
	[274,130]
	[72176,1]
	[72175,2]
	[72199,1]
	[71650,1]
	[69908,2]
	[69909,1]
	[68602,1]
	[68332,1]
	[72289,1]
	[70882,1]
	[69766,1]
	[69511,1]
	[71217,1]
	[275,144]
	[70992,2]
	[70549,1]
	[69653,1]
	[69094,1]
	[68857,1]
	[276,137]
	[71180,1]
	[70322,1]
	[69811,1]
	[69552,1]
	[69238,1]
	[68981,1]
	[277,156]
	[72700,1]
	[289,133]
	[72551,1]
	[69952,1]
	[69694,1]
	[69140,1]
	[278,114]
	[279,150]
	[72935,1]
	[534,1]
	[71768,1]
	[69924,1]
	[69684,1]
	[69445,1]
	[264,103]
	[280,131]
	[73767,1]
	[72861,1]
	[71908,1]
	[71494,1]
	[70730,1]
	[70158,2]
	[70159,4]
	[69890,1]
	[69666,1]
	[281,123]
	[73687,1]
	[72611,1]
	[71007,1]
	[70724,1]
	[70450,3]
	[70451,2]
	[70180,2]
	[69940,1]
	[72379,1]
	[284,52]
	[74202,4]
	[72872,1]
	[72335,1]
	[71943,1]
	[71652,1]
	[71381,1]
	[70876,2]
	[70314,1]
	[286,134]
	[72469,1]
	[73295,1]
	[71292,1]
	[70240,1]
	[285,106]
	[287,139]
	[74484,2]
	[71392,1]
	[71131,1]
	[70851,1]
	[70325,1]
	[74586,1]
	[74602,1]
	[71558,1]
	[71313,1]
	[70760,1]
	[70521,1]
	[282,56]
	[73850,1]
	[71959,1]
	[71688,1]
	[71146,1]
	[70621,1]
	[74861,1]
	[73452,1]
	[72327,1]
	[72057,1]
	[71785,1]
	[71530,1]
	[71531,1]
	[70989,1]
	[292,130]
	[74991,1]
	[73097,1]
	[72744,1]
	[72472,1]
	[72217,1]
	[71946,1]
	[71693,1]
	[73538,1]
	[71149,1]
	[71150,4]
	[70895,1]
	[291,147]
	[74219,1]
	[73724,1]
	[73225,1]
	[72584,1]
	[71791,1]
	[71262,1]
	[75246,1]
	[75244,1]
	[72987,1]
	[72471,2]
	[72201,1]
	[75045,1]
	[71404,1]
	[73432,1]
	[71684,1]
	[293,131]
	[294,120]
	[73504,1]
	[72597,1]
	[72064,1]
	[71769,1]
	[73551,1]
	[71275,1]
	[295,129]
	[70917,1]
	[75497,1]
	[74098,1]
	[73582,1]
	[73212,1]
	[72932,1]
	[72692,1]
	[72586,2]
	[71625,1]
	[71369,1]
	[296,150]
	[74220,2]
	[74221,1]
	[74237,2]
	[71988,1]
	[71732,1]
	[297,111]
	[74309,1]
	[75711,1]
	[73824,1]
	[72666,1]
	[72425,1]
	[71870,1]
	[71871,3]
	[71616,1]
	[298,118]
	[75713,1]
	[73976,1]
	[73977,3]
	[75454,1]
	[73327,1]
	[73059,1]
	[72549,1]
	[72247,1]
	[71977,1]
	[299,107]
	[75819,1]
	[74564,1]
	[74078,1]
	[74079,1]
	[73721,1]
	[73435,3]
	[73162,1]
	[72669,2]
	[72096,1]
	[283,5]
	[301,35]
	[75283,1]
	[74327,1]
	[74328,2]
	[73415,1]
	[72621,1]
	[72346,1]
	[72077,4]
	[71822,2]
	[302,77]
	[76329,1]
	[74918,1]
	[74445,1]
	[73445,1]
	[73009,1]
	[72181,2]
	[71925,1]
	[300,49]
	[303,106]
	[75914,1]
	[73948,1]
	[73670,1]
	[74808,1]
	[72896,1]
	[72897,1]
	[72350,1]
	[72094,1]
	[75204,1]
	[73503,1]
	[72436,1]
	[304,144]
	[306,137]
	[76241,1]
	[75744,3]
	[74189,1]
	[73907,1]
	[73382,1]
	[74468,1]
	[73123,1]
	[72331,1]
	[76845,1]
	[74583,1]
	[74325,1]
	[74041,1]
	[73771,1]
	[73227,1]
	[72957,1]
	[73459,1]
	[72417,1]
	[305,129]
	[307,141]
	[75977,1]
	[75033,1]
	[74651,1]
	[74396,1]
	[76564,1]
	[74125,1]
	[73583,1]
	[73314,1]
	[73058,1]
	[74825,1]
	[308,134]
	[75619,1]
	[74530,1]
	[74257,1]
	[73191,1]
	[77176,1]
	[77178,1]
	[75309,1]
	[74914,1]
	[74647,1]
	[73846,1]
	[73849,1]
	[73307,1]
	[309,126]
	[310,126]
	[77277,1]
	[75402,1]
	[75027,1]
	[76332,1]
	[74247,1]
	[73712,1]
	[73180,1]
	[72910,1]
	[311,137]
	[75529,2]
	[75531,2]
	[75589,1]
	[74074,1]
	[73795,1]
	[73515,1]
	[73260,1]
	[73006,1]
	[77483,1]
	[76066,1]
	[75623,1]
	[75625,1]
	[1471,1]
	[75253,3]
	[74201,1]
	[73941,1]
	[73404,1]
	[73405,1]
	[73134,1]
	[73135,4]
	[312,127]
	[77642,1]
	[75137,1]
	[74824,1]
	[74054,1]
	[73756,1]
	[76771,1]
	[73230,1]
	[77028,1]
	[313,129]
	[314,131]
	[76317,1]
	[75861,1]
	[74934,4]
	[74935,1]
	[74696,1]
	[74441,1]
	[74184,1]
	[73898,1]
	[73645,1]
	[73374,1]
	[315,125]
	[77416,1]
	[77864,1]
	[75983,1]
	[75985,1]
	[75617,1]
	[75362,1]
	[75060,1]
	[74534,2]
	[74279,1]
	[73992,1]
	[75176,1]
	[316,116]
	[77941,1]
	[77030,1]
	[75677,2]
	[75422,1]
	[74593,1]
	[74354,2]
	[74355,1]
	[74070,1]
	[73796,1]
	[73288,1]
	[319,54]
	[318,52]
	[77677,1]
	[78126,3]
	[77236,2]
	[76242,1]
	[75894,1]
	[75639,1]
	[75096,1]
	[74827,1]
	[74572,1]
	[74304,2]
	[73505,1]
	[320,79]
	[76852,1]
	[76364,1]
	[76081,2]
	[75478,1]
	[75202,1]
	[74932,1]
	[74678,1]
	[74425,1]
	[73610,1]
	[73611,1]
	[317,60]
	[321,98]
	[78352,1]
	[77429,1]
	[76424,1]
	[75822,1]
	[75542,2]
	[75280,1]
	[75011,1]
	[74491,1]
	[74213,1]
	[73943,1]
	[322,122]
	[77046,1]
	[75648,1]
	[75649,1]
	[74843,1]
	[74580,1]
	[74582,1]
	[74031,1]
	[73773,1]
	[323,110]
	[324,116]
	[76266,1]
	[75753,1]
	[75215,1]
	[75216,3]
	[74961,1]
	[74702,1]
	[74165,1]
	[73909,1]
	[78665,2]
	[75872,1]
	[75873,7]
	[75333,1]
	[75063,1]
	[73997,1]
	[325,127]
	[78734,2]
	[78287,1]
	[78731,1]
	[77333,1]
	[75687,1]
	[76929,1]
	[75147,1]
	[74875,1]
	[74606,1]
	[74351,1]
	[74080,1]
	[78881,1]
	[77979,2]
	[76635,1]
	[75823,2]
	[75030,1]
	[74741,1]
	[74231,1]
	[327,120]
	[77107,1]
	[76751,1]
	[75924,1]
	[75684,1]
	[75130,1]
	[74842,1]
	[74617,2]
	[74331,1]
	[328,111]
	[78146,1]
	[76565,1]
	[76300,1]
	[77019,1]
	[75249,2]
	[74957,1]
	[74717,1]
	[74447,1]
	[330,121]
	[77781,1]
	[76932,1]
	[76662,1]
	[76383,1]
	[74783,1]
	[79248,3]
	[77027,1]
	[75706,1]
	[75445,1]
	[74910,1]
	[74639,1]
	[331,111]
	[78974,1]
	[78020,1]
	[76868,1]
	[76296,1]
	[75526,3]
	[75213,1]
	[74972,2]
	[77547,1]
	[77201,4]
	[79028,1]
	[75636,1]
	[75638,1]
	[75338,1]
	[75099,1]
	[74828,2]
	[332,106]
	[333,100]
	[78663,2]
	[79590,2]
	[78992,1]
	[76832,1]
	[76530,1]
	[76260,1]
	[76004,2]
	[75447,4]
	[74921,2]
	[79648,1]
	[79649,1]
	[78750,2]
	[77385,1]
	[77386,1]
	[76592,1]
	[76064,1]
	[76065,1]
	[75825,1]
	[75525,1]
	[77276,1]
	[335,68]
	[79788,1]
	[78674,1]
	[76488,1]
	[75695,1]
	[75436,1]
	[75166,1]
	[74911,1]
	[336,43]
	[337,34]
	[79492,1]
	[78993,1]
	[1282,1]
	[77147,1]
	[77148,2]
	[77325,1]
	[79717,1]
	[76320,1]
	[75524,1]
	[74998,1]
	[334,90]
	[338,82]
	[78606,1]
	[78620,2]
	[79032,2]
	[78115,1]
	[77743,1]
	[76440,1]
	[76182,1]
	[75905,2]
	[75903,1]
	[75371,1]
	[75118,1]
	[75117,1]
	[339,125]
	[77878,1]
	[77593,1]
	[77353,1]
	[76796,1]
	[76526,1]
	[76270,1]
	[75743,1]
	[75459,1]
	[75203,1]
	[340,112]
	[341,110]
	[79235,2]
	[78302,1]
	[77917,1]
	[77646,1]
	[76866,2]
	[76611,1]
	[76357,1]
	[75814,3]
	[75289,1]
	[80270,1]
	[78871,1]
	[78016,2]
	[77746,1]
	[77217,1]
	[76933,1]
	[76408,1]
	[76134,1]
	[75866,1]
	[75341,3]
	[342,108]
	[78066,2]
	[77796,1]
	[77540,1]
	[77268,1]
	[76999,1]
	[76744,1]
	[76473,1]
	[75932,1]
	[79418,1]
	[75676,1]
	[75406,1]
	[343,83]
	[344,107]
	[80384,1]
	[79449,1]
	[78997,1]
	[356,94]
	[77891,2]
	[77367,1]
	[77079,1]
	[76839,1]
	[76569,1]
	[76012,1]
	[75772,1]
	[75773,1]
	[80090,2]
	[77446,1]
	[77157,5]
	[76647,1]
	[75580,2]
	[75579,2]
	[80136,1]
	[345,102]
	[80595,1]
	[78305,1]
	[78050,1]
	[79025,1]
	[76728,1]
	[76463,1]
	[76171,1]
	[75916,1]
	[75660,1]
	[346,112]
	[80630,1]
	[79227,1]
	[79228,2]
	[78367,1]
	[77857,1]
	[77045,6]
	[76790,1]
	[76512,1]
	[76217,3]
	[75963,1]
	[75723,4]
	[347,105]
	[80661,1]
	[78412,1]
	[79897,1]
	[77119,1]
	[76605,1]
	[76055,1]
	[75799,1]
	[348,107]
	[78280,1]
	[78024,1]
	[77766,1]
	[77452,1]
	[77196,1]
	[76943,2]
	[76699,3]
	[76385,1]
	[76129,1]
	[75875,1]
	[75876,1]
	[79419,2]
	[79420,1]
	[78981,6]
	[78578,2]
	[78083,1]
	[77527,1]
	[79267,1]
	[77271,1]
	[77272,2]
	[79553,4]
	[76775,1]
	[76221,1]
	[75966,2]
	[349,93]
	[350,98]
	[81132,2]
	[80877,4]
	[81150,1]
	[79758,1]
	[79337,1]
	[78261,1]
	[77751,1]
	[80125,1]
	[77511,2]
	[79547,1]
	[77031,1]
	[76792,1]
	[76566,1]
	[76567,2]
	[351,115]
	[352,116]
	[353,45]
	[78967,2]
	[78730,1]
	[78431,2]
	[78430,1]
	[78159,1]
	[77667,1]
	[77368,1]
	[77366,1]
	[77096,2]
	[76842,1]
	[76588,1]
	[81890,1]
	[81493,1]
	[78861,1]
	[78304,1]
	[80447,1]
	[78034,1]
	[77794,1]
	[77237,1]
	[76982,1]
	[77404,1]
	[357,103]
	[80596,1]
	[80139,1]
	[80141,2]
	[79747,1]
	[79455,1]
	[79185,1]
	[78946,1]
	[78680,2]
	[78389,1]
	[78118,1]
	[77613,1]
	[77322,1]
	[77065,1]
	[77066,2]
	[355,44]
	[82042,1]
	[82041,1]
	[80714,1]
	[80417,2]
	[79523,2]
	[79013,5]
	[78472,1]
	[78202,1]
	[77962,4]
	[77683,3]
	[77405,1]
	[77150,1]
	[77151,1]
	[76896,1]
	[358,91]
	[80271,1]
	[79886,1]
	[79605,1]
	[79320,1]
	[79065,3]
	[78237,3]
	[77996,1]
	[77997,1]
	[77721,1]
	[76928,1]
	[359,85]
	[360,82]
	[79954,1]
	[79402,1]
	[79147,1]
	[78351,1]
	[78110,2]
	[77836,1]
	[77554,1]
	[77044,2]
	[80053,2]
	[79769,2]
	[79497,1]
	[79499,1]
	[78969,2]
	[78160,1]
	[78161,2]
	[77887,2]
	[77363,1]
	[77685,1]
	[77093,1]
	[361,89]
	[81390,1]
	[81388,1]
	[80990,1]
	[79259,1]
	[80255,1]
	[79005,1]
	[78733,1]
	[78208,1]
	[77938,1]
	[77651,1]
	[362,82]
	[363,85]
	[80137,1]
	[79086,1]
	[79085,2]
	[78797,1]
	[78542,1]
	[78286,1]
	[78018,1]
	[77729,1]
	[77730,1]
	[77490,1]
	[77235,1]
	[82478,1]
	[82476,1]
	[80564,1]
	[80201,1]
	[79926,1]
	[79671,1]
	[79386,1]
	[79133,1]
	[78604,2]
	[78333,1]
	[78334,1]
	[77777,1]
	[77537,1]
	[77267,1]
	[364,93]
	[79986,1]
	[79460,1]
	[79211,1]
	[78919,1]
	[78409,1]
	[81040,1]
	[77852,1]
	[77597,1]
	[77343,2]
	[365,70]
	[366,91]
	[82612,1]
	[78725,1]
	[78484,1]
	[78207,1]
	[77912,2]
	[77658,1]
	[77402,1]
	[77403,5]
	[79550,1]
	[79008,2]
	[78498,1]
	[77686,1]
	[77413,1]
	[80156,1]
	[367,77]
	[82683,1]
	[81984,1]
	[80132,1]
	[79362,2]
	[79049,2]
	[78538,1]
	[79077,1]
	[78296,1]
	[77727,1]
	[368,82]
	[82709,1]
	[82255,1]
	[81758,1]
	[81322,2]
	[80820,2]
	[79663,1]
	[79421,1]
	[79120,2]
	[78611,1]
	[78069,1]
	[77816,1]
	[77545,1]
	[369,88]
	[82797,1]
	[82795,1]
	[82794,1]
	[80905,1]
	[80259,2]
	[79989,2]
	[79718,1]
	[79478,1]
	[79479,1]
	[79407,1]
	[77839,1]
	[77569,1]
	[370,58]
	[81428,1]
	[82832,1]
	[81445,1]
	[80941,1]
	[80585,1]
	[80027,1]
	[79233,1]
	[78960,1]
	[78690,1]
	[78691,1]
	[78449,1]
	[77383,1]
	[81158,1]
	[79862,1]
	[79622,1]
	[78795,1]
	[80145,1]
	[78540,1]
	[78271,1]
	[80720,1]
	[77998,1]
	[77728,1]
	[373,48]
	[374,72]
	[82994,1]
	[82992,2]
	[82563,1]
	[80477,1]
	[80187,1]
	[80186,1]
	[79677,1]
	[79411,1]
	[78595,1]
	[77541,1]
	[77542,2]
	[80056,1]
	[372,20]
	[81623,1]
	[81152,1]
	[80798,1]
	[80534,1]
	[80256,2]
	[79205,1]
	[78934,1]
	[78416,1]
	[78138,8]
	[77868,1]
	[77629,1]
	[83053,1]
	[81236,2]
	[80866,3]
	[80604,1]
	[79784,3]
	[79522,2]
	[79258,2]
	[78971,1]
	[78191,3]
	[77665,1]
	[81743,1]
	[81253,1]
	[80888,1]
	[80642,1]
	[80643,1]
	[80361,1]
	[80091,2]
	[79837,1]
	[79040,1]
	[78525,1]
	[78242,1]
	[375,76]
	[376,99]
	[377,77]
	[81840,1]
	[81857,2]
	[80987,1]
	[80175,1]
	[79092,1]
	[78562,1]
	[77770,2]
	[378,80]
	[83252,1]
	[1307,1]
	[466,1]
	[80989,1]
	[80463,1]
	[80193,1]
	[79651,1]
	[79395,1]
	[79125,1]
	[78854,3]
	[78599,1]
	[78313,1]
	[78042,1]
	[78043,1]
	[77787,1]
	[379,74]
	[380,66]
	[81875,2]
	[79446,1]
	[79447,3]
	[78922,1]
	[78380,1]
	[78123,1]
	[77886,1]
	[83385,1]
	[82447,6]
	[83027,1]
	[81970,1]
	[81122,1]
	[80853,1]
	[80580,1]
	[80054,2]
	[79513,2]
	[79273,1]
	[78190,2]
	[77920,1]
	[381,84]
	[83401,1]
	[80101,1]
	[79835,1]
	[79834,1]
	[79034,1]
	[78492,1]
	[77983,1]
	[382,71]
	[383,69]
	[82061,1]
	[81231,1]
	[80657,1]
	[80418,2]
	[80147,1]
	[79870,1]
	[79081,2]
	[78818,1]
	[83126,1]
	[78269,2]
	[78014,1]
	[83493,1]
	[82428,1]
	[81261,1]
	[80999,1]
	[80705,1]
	[80480,2]
	[80209,1]
	[80210,1]
	[79669,1]
	[79413,1]
	[79142,1]
	[79143,1]
	[78897,1]
	[78601,1]
	[78602,1]
	[78346,2]
	[78075,1]
	[384,73]
	[385,54]
	[83584,1]
	[82666,1]
	[82166,1]
	[80526,1]
	[79997,2]
	[79443,1]
	[79174,1]
	[78945,2]
	[78376,1]
	[78107,1]
	[371,21]
	[386,62]
	[82695,1]
	[81736,1]
	[1744,1]
	[80572,1]
	[80316,1]
	[79775,4]
	[81035,1]
	[79521,1]
	[79250,3]
	[80829,1]
	[78708,1]
	[78453,2]
	[78183,1]
	[387,50]
	[82757,1]
	[81795,1]
	[80870,1]
	[80614,1]
	[80088,1]
	[79801,1]
	[79531,1]
	[79261,1]
	[79021,1]
	[79022,2]
	[78735,1]
	[78464,1]
	[78194,2]
	[388,33]
	[81788,1]
	[81976,1]
	[80608,1]
	[80339,3]
	[80099,1]
	[79814,1]
	[79541,1]
	[79272,1]
	[78747,1]
	[78474,1]
	[78205,1]
	[77949,1]
	[389,23]
	[83332,1]
	[80425,1]
	[79628,2]
	[79356,1]
	[79103,1]
	[78836,1]
	[78576,1]
	[78308,1]
	[78052,1]
	[391,34]
	[390,39]
	[82920,1]
	[81913,1]
	[81706,1]
	[81026,1]
	[79684,1]
	[78892,1]
	[78617,1]
	[78345,1]
	[78092,2]
	[81112,1]
	[83817,1]
	[82925,1]
	[81526,1]
	[80221,1]
	[79679,3]
	[79154,1]
	[78875,1]
	[78612,1]
	[78343,3]
	[78087,1]
	[392,44]
	[82949,1]
	[82462,1]
	[1310,1]
	[83500,1]
	[80799,1]
	[82254,1]
	[80258,2]
	[79733,1]
	[79192,1]
	[78915,2]
	[81510,1]
	[78666,1]
	[78381,1]
	[78124,1]
	[78125,1]
	[394,76]
	[83853,1]
	[1003,1]
	[81345,1]
	[81347,1]
	[81087,1]
	[80819,1]
	[80294,1]
	[80036,1]
	[79245,2]
	[78700,1]
	[78177,1]
	[78178,1]
	[393,51]
	[82517,2]
	[82043,1]
	[81412,2]
	[81140,1]
	[82672,1]
	[80331,2]
	[80058,4]
	[79790,4]
	[79535,3]
	[79264,1]
	[78990,2]
	[78723,1]
	[78468,3]
	[78198,1]
	[395,62]
	[83934,1]
	[81144,1]
	[80619,1]
	[80620,1]
	[80079,1]
	[79552,1]
	[79282,1]
	[79011,1]
	[78469,1]
	[78470,2]
	[396,71]
	[397,60]
	[83973,1]
	[84001,1]
	[83668,1]
	[84017,1]
	[82604,1]
	[82112,1]
	[81485,1]
	[80943,1]
	[80688,2]
	[79861,2]
	[79351,1]
	[78809,1]
	[78555,2]
	[78300,1]
	[83164,2]
	[82176,1]
	[81821,1]
	[81535,1]
	[80994,1]
	[80754,1]
	[80469,1]
	[80200,1]
	[79687,1]
	[79134,3]
	[78859,1]
	[78319,2]
	[398,62]
	[84057,1]
	[84054,1]
	[82657,1]
	[83647,1]
	[81823,1]
	[81553,1]
	[81012,1]
	[80502,1]
	[80237,1]
	[79705,1]
	[79435,1]
	[79170,2]
	[78893,1]
	[78636,1]
	[78369,4]
	[78368,1]
	[400,49]
	[84122,1]
	[84117,1]
	[84118,1]
	[83595,1]
	[81600,2]
	[81321,1]
	[80533,1]
	[79960,1]
	[79721,1]
	[79466,3]
	[80680,1]
	[79188,2]
	[78908,2]
	[81295,1]
	[79367,1]
	[78383,1]
	[976,1]
	[81899,1]
	[81629,2]
	[81368,1]
	[80578,5]
	[80317,2]
	[80021,1]
	[80022,1]
	[79781,1]
	[78970,1]
	[78715,1]
	[78714,3]
	[78444,4]
	[82809,1]
	[82292,4]
	[82229,1]
	[81674,1]
	[80591,1]
	[80332,1]
	[80019,2]
	[79509,2]
	[78711,1]
	[78441,1]
	[401,57]
	[402,51]
	[403,49]
	[84173,1]
	[81686,2]
	[80874,1]
	[80875,1]
	[80635,1]
	[80078,1]
	[79568,2]
	[79026,1]
	[78501,1]
	[82016,1]
	[81761,1]
	[81204,1]
	[80934,1]
	[80678,1]
	[80423,1]
	[80121,1]
	[79865,1]
	[79341,1]
	[79069,1]
	[79068,1]
	[78799,1]
	[78798,1]
	[81921,1]
	[405,33]
	[84257,1]
	[82369,1]
	[81740,1]
	[81500,1]
	[80673,1]
	[80433,2]
	[80133,1]
	[79875,1]
	[79606,1]
	[79350,1]
	[78792,1]
	[78522,1]
	[78267,2]
	[407,28]
	[84249,1]
	[83915,1]
	[82374,1]
	[81747,1]
	[80950,1]
	[80695,1]
	[80694,1]
	[80157,1]
	[79373,1]
	[79106,1]
	[78847,1]
	[78577,1]
	[408,21]
	[409,40]
	[84338,2]
	[81560,1]
	[80732,1]
	[80478,1]
	[80212,1]
	[79936,1]
	[79665,1]
	[79145,1]
	[78598,1]
	[78344,1]
	[84247,1]
	[81024,1]
	[80770,1]
	[80514,2]
	[80235,1]
	[79972,1]
	[79448,1]
	[78906,1]
	[78650,1]
	[78651,1]
	[78396,1]
	[84396,1]
	[84312,1]
	[703,1]
	[81060,1]
	[80008,1]
	[79722,2]
	[79467,2]
	[79190,1]
	[78926,1]
	[78655,1]
	[78400,1]
	[411,32]
	[412,36]
	[82500,1]
	[82115,1]
	[81606,2]
	[83249,1]
	[80809,2]
	[80554,1]
	[80012,1]
	[79742,1]
	[79212,2]
	[78675,1]
	[78420,1]
	[83002,3]
	[83018,1]
	[83797,1]
	[82533,1]
	[81878,1]
	[81622,1]
	[81349,2]
	[81064,1]
	[80266,1]
	[79998,3]
	[79743,2]
	[79472,1]
	[78916,1]
	[78676,1]
	[78406,1]
	[78403,1]
	[413,38]
	[83481,1]
	[81862,1]
	[81065,4]
	[80539,1]
	[79201,1]
	[79202,1]
	[78660,4]
	[414,44]
	[415,30]
	[84367,1]
	[83433,1]
	[82130,1]
	[81620,1]
	[81063,1]
	[80284,1]
	[79757,1]
	[79502,1]
	[79234,1]
	[78451,1]
	[84421,1]
	[83492,1]
	[82558,1]
	[82173,1]
	[81917,1]
	[81648,2]
	[82002,1]
	[81769,1]
	[80581,2]
	[79783,1]
	[79514,3]
	[79246,2]
	[78955,1]
	[78956,2]
	[78716,1]
	[416,36]
	[82543,1]
	[82157,1]
	[81902,1]
	[81647,1]
	[81381,1]
	[81090,1]
	[80315,2]
	[80023,2]
	[82918,1]
	[79768,1]
	[78447,1]
	[417,31]
	[418,29]
	[84435,1]
	[83030,1]
	[82571,1]
	[82169,2]
	[80845,1]
	[80592,1]
	[81089,1]
	[80314,1]
	[79764,1]
	[79765,1]
	[79247,3]
	[78952,3]
	[78713,1]
	[78442,1]
	[84398,1]
	[84397,1]
	[83477,1]
	[81908,1]
	[81653,1]
	[81096,1]
	[81097,1]
	[83938,1]
	[80045,1]
	[80046,1]
	[79274,1]
	[81990,1]
	[78978,1]
	[78738,2]
	[78739,1]
	[419,26]
	[420,27]
	[84470,2]
	[83063,1]
	[81695,1]
	[81436,1]
	[83982,1]
	[80612,1]
	[80613,1]
	[79545,1]
	[79546,2]
	[78989,2]
	[78748,1]
	[78479,1]
	[80049,1]
	[84429,1]
	[82182,1]
	[81687,1]
	[81131,2]
	[79826,1]
	[79570,1]
	[81889,2]
	[78773,1]
	[78774,1]
	[78503,1]
	[421,25]
	[82487,1]
	[82247,1]
	[82023,1]
	[81799,1]
	[81528,1]
	[80569,2]
	[80329,1]
	[80330,1]
	[80105,1]
	[79880,1]
	[79882,1]
	[79626,1]
	[79401,1]
	[79162,1]
	[406,23]
	[422,29]
	[423,20]
	[424,8]
	[85239,1]
	[84301,1]
	[83380,1]
	[82965,2]
	[82439,1]
	[81631,1]
	[81363,1]
	[80060,2]
	[79761,1]
	[79504,1]
	[79800,1]
	[426,11]
	[83792,1]
	[910,1]
	[82955,1]
	[82186,2]
	[81904,2]
	[81360,2]
	[81120,1]
	[80837,2]
	[80562,1]
	[81274,1]
	[79771,2]
	[82659,2]
	[79527,2]
	[79002,3]
	[428,18]
	[85266,2]
	[83856,1]
	[82445,2]
	[83606,1]
	[81649,1]
	[81378,2]
	[81139,1]
	[80873,1]
	[80326,1]
	[80072,1]
	[79243,2]
	[427,16]
	[85234,1]
	[84163,1]
	[82208,1]
	[81944,1]
	[81666,2]
	[81156,2]
	[82600,1]
	[80599,1]
	[80344,1]
	[80089,1]
	[79548,1]
	[79039,2]
	[79038,1]
	[429,22]
	[85288,1]
	[85284,2]
	[83400,1]
	[82193,1]
	[81125,1]
	[80847,1]
	[80584,1]
	[79516,1]
	[79517,1]
	[78991,1]
	[82291,1]
	[430,17]
	[431,24]
	[85254,1]
	[82464,1]
	[81965,2]
	[81413,1]
	[80898,3]
	[80616,1]
	[80106,1]
	[79831,2]
	[79295,1]
	[79055,1]
	[79056,1]
	[85299,1]
	[83049,1]
	[82495,1]
	[81966,4]
	[81682,1]
	[80883,1]
	[80360,2]
	[79816,1]
	[79533,1]
	[79278,3]
	[432,16]
	[85265,1]
	[83855,1]
	[83360,1]
	[84481,1]
	[83551,1]
	[82461,3]
	[82190,1]
	[81394,1]
	[81138,1]
	[80868,1]
	[80055,1]
	[79498,2]
	[433,10]
	[434,12]
	[84316,1]
	[804,1]
	[83340,1]
	[84462,1]
	[82712,1]
	[82457,1]
	[81933,1]
	[81135,1]
	[80084,1]
	[81646,1]
	[79033,1]
	[83863,1]
	[82723,1]
	[82184,1]
	[81931,1]
	[80574,1]
	[80335,1]
	[80065,1]
	[79797,1]
	[79507,1]
	[79252,1]
	[78982,1]
	[435,9]
	[82964,2]
	[81925,1]
	[81928,1]
	[80860,1]
	[80568,1]
	[80313,1]
	[79809,2]
	[79518,1]
	[79262,1]
	[436,11]
	[437,5]
	[85278,1]
	[82725,1]
	[82473,1]
	[81391,1]
	[80872,1]
	[83172,1]
	[80068,1]
	[79805,2]
	[79806,1]
	[79511,1]
	[84464,1]
	[79257,1]
	[79001,1]
	[84769,1]
	[82940,1]
	[84263,1]
	[82149,1]
	[81608,1]
	[81353,1]
	[81098,1]
	[80541,1]
	[80286,1]
	[79770,1]
	[79475,1]
	[79219,1]
	[78964,1]
	[438,4]
	[84823,1]
	[82411,2]
	[82141,1]
	[82755,1]
	[81328,1]
	[81074,1]
	[80830,1]
	[80517,1]
	[80261,1]
	[79991,1]
	[79992,1]
	[79763,1]
	[79450,1]
	[78938,1]
	[84692,1]
	[83288,1]
	[82640,1]
	[82386,1]
	[82131,1]
	[81335,2]
	[81080,1]
	[80838,1]
	[80538,1]
	[80283,1]
	[80013,1]
	[79471,1]
	[79215,1]
	[79216,1]
	[440,2]

1628,
	[3,43]
	[5,37]
	[20,7]
	[7,29]
	[6,53]
	[10,68]
	[14,36]
	[8,48]
	[17,10]
	[24,2]
	[33,4]
	[15,27]
	[41,3]
	[34,4]
	[43,4]
	[48,4]
	[4,37]
	[62,4]
	[74,3]
	[79,2]
	[69,4]
	[56,4]
	[61,6]
	[11,43]
	[63,5]
	[44,3]
	[60,3]
	[82,4]
	[102,3]
	[70,4]
	[89,3]
	[98,2]
	[25,2]
	[13,42]
	[55,7]
	[110,2]
	[116,11]
	[124,5]
	[119,3]
	[16,32]
	[58,2]
	[51,6]
	[127,6]
	[104,5]
	[57,4]
	[111,5]
	[54,4]
	[117,6]
	[52,4]
	[49,5]
	[88,3]
	[105,6]
	[134,6]
	[31,3]
	[129,6]
	[126,5]
	[96,3]
	[133,8]
	[91,8]
	[114,7]
	[136,6]
	[85,3]
	[9,43]
	[150,7]
	[152,7]
	[42,2]
	[86,2]
	[137,2]
	[27,1]
	[128,3]
	[144,10]
	[132,5]
	[138,5]
	[159,7]
	[18,5]
	[125,4]
	[19,3]
	[162,10]
	[32,3]
	[26,2]
	[160,7]
	[168,10]
	[145,10]
	[163,7]
	[169,12]
	[59,3]
	[184,9]
	[154,7]
	[65,2]
	[122,2]
	[153,10]
	[170,6]
	[142,9]
	[38,4]
	[21,3]
	[171,6]
	[12,48]
	[112,1]
	[131,5]
	[156,10]
	[177,9]
	[147,7]
	[151,9]
	[181,9]
	[139,2]
	[94,3]
	[115,5]
	[140,3]
	[113,2]
	[180,10]
	[67,4]
	[121,5]
	[36,2]
	[97,3]
	[103,5]
	[165,5]
	[101,3]
	[23,3]
	[123,6]
	[80,5]
	[143,6]
	[166,11]
	[193,8]
	[161,9]
	[185,9]
	[195,9]
	[81,4]
	[164,5]
	[176,6]
	[189,7]
	[107,2]
	[90,5]
	[196,6]
	[95,2]
	[186,2]
	[182,10]
	[50,5]
	[106,7]
	[155,6]
	[198,9]
	[47,2]
	[68,1]
	[190,11]
	[200,5]
	[157,4]
	[194,8]
	[208,12]
	[213,13]
	[2,30]
	[203,7]
	[211,6]
	[204,10]
	[172,5]
	[174,5]
	[99,3]
	[158,4]
	[167,6]
	[191,7]
	[210,9]
	[29,5]
	[175,6]
	[53,1]
	[146,2]
	[192,8]
	[219,11]
	[188,7]
	[221,7]
	[100,2]
	[214,6]
	[77,1]
	[215,8]
	[218,7]
	[232,11]
	[224,11]
	[183,3]
	[225,10]
	[212,3]
	[30,2]
	[226,7]
	[239,18]
	[75,2]
	[217,11]
	[178,6]
	[209,8]
	[220,8]
	[234,13]
	[93,4]
	[187,6]
	[206,10]
	[245,8]
	[231,4]
	[236,5]
	[243,9]
	[149,5]
	[237,8]
	[222,8]
	[35,4]
	[109,2]
	[199,8]
	[205,9]
	[233,10]
	[238,7]
	[201,7]
	[228,9]
	[118,3]
	[229,9]
	[241,16]
	[250,10]
	[252,10]
	[202,10]
	[242,9]
	[135,5]
	[240,4]
	[255,7]
	[261,10]
	[72,3]
	[249,8]
	[251,9]
	[207,7]
	[262,7]
	[244,7]
	[265,10]
	[235,7]
	[230,6]
	[268,9]
	[37,2]
	[258,6]
	[269,6]
	[179,5]
	[271,7]
	[264,4]
	[246,4]
	[266,9]
	[273,8]
	[141,3]
	[275,8]
	[272,11]
	[73,6]
	[216,11]
	[256,8]
	[267,6]
	[71,4]
	[173,4]
	[197,6]
	[257,9]
	[84,3]
	[260,9]
	[253,13]
	[280,8]
	[247,8]
	[259,9]
	[22,3]
	[293,4]
	[285,8]
	[286,9]
	[289,6]
	[278,7]
	[284,9]
	[254,7]
	[274,10]
	[281,8]
	[270,7]
	[288,9]
	[223,11]
	[227,7]
	[290,6]
	[305,11]
	[299,7]
	[83,3]
	[277,13]
	[308,9]
	[301,7]
	[292,8]
	[307,9]
	[297,7]
	[279,9]
	[303,7]
	[287,11]
	[282,4]
	[313,9]
	[294,13]
	[319,4]
	[317,11]
	[302,4]
	[321,5]
	[291,10]
	[326,11]
	[327,5]
	[296,7]
	[311,8]
	[304,9]
	[318,4]
	[328,6]
	[320,9]
	[316,11]
	[298,7]
	[306,9]
	[28,4]
	[314,13]
	[333,10]
	[323,6]
	[322,7]
	[336,7]
	[309,12]
	[330,2]
	[337,3]
	[331,8]
	[248,2]
	[283,5]
	[312,4]
	[338,5]
	[344,8]
	[295,6]
	[310,7]
	[332,9]
	[341,2]
	[343,5]
	[334,3]
	[349,4]
	[130,3]
	[345,9]
	[300,5]
	[356,9]
	[350,12]
	[355,3]
	[339,8]
	[324,5]
	[325,5]
	[276,5]
	[340,6]
	[353,3]
	[361,8]
	[329,6]
	[362,2]
	[346,2]
	[347,2]
	[360,6]
	[372,3]
	[357,2]
	[367,2]
	[39,2]
	[348,5]
	[375,8]
	[352,2]
	[366,7]
	[373,4]
	[363,6]
	[365,5]
	[351,4]
	[370,4]
	[381,3]
	[342,5]
	[383,4]
	[358,2]
	[379,7]
	[382,5]
	[335,5]
	[376,10]
	[391,3]
	[354,1]
	[374,4]
	[380,4]
	[387,3]
	[263,1]
	[371,5]
	[384,4]
	[377,5]
	[385,6]
	[148,2]
	[359,4]
	[397,5]
	[315,2]
	[78,1]
	[393,5]
	[394,6]
	[369,4]
	[378,3]
	[401,2]
	[399,4]
	[368,3]
	[392,2]
	[396,4]
	[386,2]
	[398,5]
	[395,4]
	[404,3]
	[408,3]
	[389,4]
	[400,1]
	[410,2]
	[409,2]
	[411,2]
	[120,1]
	[402,3]
	[415,3]
	[405,2]
	[424,1]
	[416,1]
	[425,2]
	[108,1]
	[418,3]
	[388,2]
	[420,2]
	[406,2]
	[414,2]
	[422,4]
	[431,2]
	[430,1]
	[412,2]
	[413,1]
	[423,2]
	[419,1]
	[433,1]
	[87,1]
	[432,1]
	[435,1]
	[429,1]

1648,
	[9,13]
	[14,1]
	[61,4]
	[3,11]
	[5,8]
	[39,4]
	[40,7]
	[53,1]
	[71,31]
	[18,2]
	[22,4]
	[66,5]
	[13,2]
	[51,3]
	[64,3]
	[56,5]
	[69,47]
	[32,4]
	[67,3]
	[7,9]
	[68,18]
	[38,4]
	[21,1]
	[42,1]
	[70,250]
	[85,2]
	[19,3]
	[95,1]
	[169,1]
	[91,3]
	[81,4]
	[54,2]
	[45,3]
	[15,3]
	[113,1]
	[65,2]
	[58,5]
	[33,3]
	[31,2]
	[78,3]
	[84,2]
	[72,4]
	[79,5]
	[145,1]
	[103,1]
	[77,3]
	[109,3]
	[88,1]
	[96,1]
	[75,2]
	[89,2]
	[80,4]
	[125,2]
	[116,2]
	[131,1]
	[76,3]
	[111,1]
	[57,3]
	[10,2]
	[43,10]
	[60,4]
	[36,5]
	[63,4]
	[47,4]
	[50,2]
	[98,2]
	[83,4]
	[30,2]
	[34,2]
	[62,3]
	[35,1]
	[99,2]
	[44,1]
	[59,3]
	[107,3]
	[94,3]
	[82,1]
	[92,4]
	[73,2]
	[122,1]
	[126,2]
	[23,3]
	[26,1]
	[16,1]
	[48,2]
	[20,1]
	[24,4]
	[46,2]
	[17,1]
	[37,3]
	[28,1]
	[106,1]
	[97,1]
	[110,3]
	[118,1]
	[119,2]
	[127,1]
	[129,1]
	[100,1]
	[123,1]
	[25,1]
	[12,1]
	[74,1]

1680,
	[2,1]
	[31,1]
	[4,1]

len(carl_order):
41
Printing carl assignment order:
1680,4,0.2
1680,31,0.037037037037037035
1660,1,0.030303030303030304
1716,5,0.02702702702702703
1616,79,0.019138755980861243
1632,1,0.01652089407191448
1716,57,0.016293279022403257
1648,169,0.015897803491884695
1728,8,0.015497112468320246
1628,14,0.01500740940320625
1728,11,0.013873676524278934
1728,16,0.013328197226502312
1732,1,0.013306666666666666
1616,159,0.012987012987012988
1628,16,0.012773327560077938
1748,138,0.012688464798499987
1580,90,0.011111111111111112
1716,223,0.009505703422053232
1728,17,0.006031363088057901
1728,437,0.004815249849523442
1628,435,0.00470737939939328
1632,436,0.0037012630650024663
1732,434,0.00369092386070808
1660,370,0.0027852231674629995
1732,435,0.002224694104560623
1632,437,0.002054231717337716
1660,384,0.0019023462270133164
1732,437,0.0018580453363062058
1632,438,0.0016467682173734047
1632,439,0.0012371134020618556
1632,440,0.0008257638315441783
1732,439,0.0007459903021260724
1660,422,0.0007221954742416948
1732,451,3.112937367700162e-05
1632,469,2.8499365889108968e-05
1660,1303,2.124111855730323e-05
1732,545,1.988751620832571e-05
1632,534,1.9089919885969544e-05
1732,79051,1.827407798775787e-05
1660,85275,1.6217473540033528e-05
1632,85299,1.3883794411462879e-05
bin_width: 4223064
assigning lease 4 to address 1680
Average Cache Occupancy Per Bin: [0.00,0.0,0.0,0.00,0.00]
Total cost: 512.0
assigning lease 31 to address 1680
Average Cache Occupancy Per Bin: [0.00,0.0,0.0,0.00,0.00]
Total cost: 512.0
assigning lease 1 to address 1660
Average Cache Occupancy Per Bin: [0.00,0.00,0.00,0.00,0.00]
Total cost: 16128.0
assigning lease 5 to address 1716
Average Cache Occupancy Per Bin: [0.00,0.00,0.00,0.00,0.00]
Total cost: 32512.0
assigning lease 79 to address 1616
Average Cache Occupancy Per Bin: [0.01,0.01,0.01,0.01,0.02]
Total cost: 75008.0
assigning lease 1 to address 1632
Average Cache Occupancy Per Bin: [0.13,0.30,0.45,0.61,0.82]
Total cost: 579072.0
assigning lease 57 to address 1716
Average Cache Occupancy Per Bin: [0.16,0.30,0.45,0.61,0.82]
Total cost: 688896.0
assigning lease 169 to address 1648
Average Cache Occupancy Per Bin: [0.29,0.60,0.96,1.24,1.62]
Total cost: 1236992.0
assigning lease 8 to address 1728
Average Cache Occupancy Per Bin: [0.85,0.99,1.21,1.43,1.69]
Total cost: 3604480.0
assigning lease 14 to address 1628
Average Cache Occupancy Per Bin: [1.02,1.30,1.63,2.01,2.46]
Total cost: 4317184.0
assigning lease 11 to address 1728
Average Cache Occupancy Per Bin: [1.20,1.43,1.72,2.08,2.48]
Total cost: 5091328.0
assigning lease 16 to address 1728
Average Cache Occupancy Per Bin: [1.49,1.65,1.87,2.18,2.52]
Total cost: 6310912.0
assigning lease 1 to address 1732
Average Cache Occupancy Per Bin: [2.26,2.27,2.34,2.48,2.63]
Total cost: 9556224.0
assigning lease 159 to address 1616
Average Cache Occupancy Per Bin: [2.26,2.27,2.34,2.48,2.63]
Total cost: 9575168.0
assigning lease 16 to address 1628
Average Cache Occupancy Per Bin: [2.28,2.31,2.40,2.55,2.73]
Total cost: 9658112.0
assigning lease 138 to address 1748
Average Cache Occupancy Per Bin: [3.15,2.87,2.94,2.86,2.81]
Total cost: 13330944.0
assigning lease 90 to address 1580
Average Cache Occupancy Per Bin: [3.16,2.87,2.94,2.86,2.81]
Total cost: 13353984.0
assigning lease 223 to address 1716
Average Cache Occupancy Per Bin: [3.19,2.87,2.94,2.86,2.81]
Total cost: 13488640.0
assigning lease 17 to address 1728
Average Cache Occupancy Per Bin: [3.24,2.91,2.97,2.88,2.82]
Total cost: 13724672.0
assigning lease 437 to address 1728
Average Cache Occupancy Per Bin: [9.07,11.7,10.5,9.10,5.42]
Total cost: 38328832.0
assigning lease 435 to address 1628
Average Cache Occupancy Per Bin: [9.84,14.5,15.3,17.2,18.0]
Total cost: 41585664.0
assigning lease 436 to address 1632
Average Cache Occupancy Per Bin: [26.9,67.1,113.,173.,250.]
Total cost: 113691648.0
assigning lease 434 to address 1732
Average Cache Occupancy Per Bin: [147.,215.,255.,281.,294.]
Total cost: 624161536.0
assigning lease 370 to address 1660
Average Cache Occupancy Per Bin: [148.,216.,256.,282.,296.]
Total cost: 628032768.0
assigning lease 435 to address 1732
Average Cache Occupancy Per Bin: [148.,216.,256.,282.,296.]
Total cost: 628281344.0
assigning lease 437 to address 1632
Average Cache Occupancy Per Bin: [148.,216.,256.,282.,296.]
Total cost: 628331008.0
assigning lease 384 to address 1660
Average Cache Occupancy Per Bin: [148.,216.,256.,282.,296.]
Total cost: 628456448.0
assigning lease 437 to address 1732
Average Cache Occupancy Per Bin: [148.,216.,256.,282.,296.]
Total cost: 628953600.0
assigning lease 438 to address 1632
Average Cache Occupancy Per Bin: [148.,216.,256.,282.,296.]
Total cost: 629003264.0
assigning lease 439 to address 1632
Average Cache Occupancy Per Bin: [148.,216.,256.,282.,296.]
Total cost: 629052928.0
assigning lease 440 to address 1632
Average Cache Occupancy Per Bin: [148.,216.,256.,282.,296.]
Total cost: 629102336.0
assigning lease 439 to address 1732
Average Cache Occupancy Per Bin: [149.,216.,256.,282.,296.]
Total cost: 629599488.0
assigning lease 422 to address 1660
Average Cache Occupancy Per Bin: [149.,216.,256.,282.,296.]
Total cost: 629939968.0
assigning lease 451 to address 1732
Average Cache Occupancy Per Bin: [149.,217.,257.,282.,296.]
Total cost: 632922880.0
assigning lease 469 to address 1632
Average Cache Occupancy Per Bin: [150.,217.,258.,284.,298.]
Total cost: 634355712.0
assigning lease 1303 to address 1660
Average Cache Occupancy Per Bin: [152.,218.,258.,285.,299.]
Total cost: 642221312.0
assigning lease 545 to address 1732
Average Cache Occupancy Per Bin: [157.,222.,262.,287.,300.]
Total cost: 665530112.0
assigning lease 534 to address 1632
Average Cache Occupancy Per Bin: [158.,223.,263.,289.,303.]
Total cost: 668721408.0
addr: 1732 ri: 79051
bin target: 2162208768
	bin: 0.0 current capacity: 158.34981615244288  avg impact: 1817.593550085909
	bin: 1.0 current capacity: 223.73278927338066  avg impact: 2427.5933265515273
	bin: 2.0 current capacity: 263.9461850447921  avg impact: 2300.1102895906856
	bin: 3.0 current capacity: 289.63145242411673  avg impact: 1585.5335216326346
	bin: 4.0 current capacity: 303.31127162647783  avg impact: 729.5160177539341
num_full_bins: 0
printing bin ranks sorted:
	bin: 2.0 rank: 0.10784431341305381
	selecting this^ bin
	bin: 1.0 rank: 0.1187460879768161
	bin: 3.0 rank: 0.14024840505857544
	bin: 0.0 rank: 0.19457055392325845
	bin: 4.0 rank: 0.2860646281846452
acceptable_ratio: 0.10784431341305381
Assigning 1732 dual lease lease 79051 * 0.10784431341305381. Bin saturation: [354.,485.,512.,460.,381.]
addr: 1660 ri: 85275
bin target: 2162208768
	bin: 1.0 current capacity: 485.5349248214415  avg impact: 58.032556456639064
	bin: 2.0 current capacity: 512.0  avg impact: 67.11208354881668
	bin: 3.0 current capacity: 460.62222645796953  avg impact: 102.18058168192573
num_full_bins: 1
printing bin ranks sorted:
	bin: 2.0 rank: 0.0
	bin: 1.0 rank: 0.45603841695881125
	bin: 3.0 rank: 0.5028134768498629
acceptable_ratio: 0
addr: 1632 ri: 85299
bin target: 2162208768
	bin: 0.0 current capacity: 354.36694462545273  avg impact: 450.23249470053025
	bin: 1.0 current capacity: 485.5349248214415  avg impact: 1150.5587109264743
	bin: 2.0 current capacity: 512.0  avg impact: 2103.25727481279
	bin: 3.0 current capacity: 460.62222645796953  avg impact: 2979.818724982619
	bin: 4.0 current capacity: 381.985425684976  avg impact: 3860.5180011479815
num_full_bins: 1
printing bin ranks sorted:
	bin: 2.0 rank: 0.0
	bin: 3.0 rank: 0.017241912439599882
	bin: 1.0 rank: 0.023001933692934122
	bin: 4.0 rank: 0.03367801271134139
	bin: 0.0 rank: 0.35011479009171925
acceptable_ratio: 0
Final saturation:
	0.0,1496514286.637743
	1.0,2050445061.756136
	2.0,2162208768.0
	3.0,1945237142.1544986
	4.0,1613148899.7348976
DUMP LEASES
0, 6d4, 8a, 0, 1 
0, 6b4, df, 0, 1 
0, 6c4, 221, 134cb, 0.8921556865869462 
0, 6c0, 1b5, 0, 1 
0, 62c, 5a, 0, 1 
0, 67c, 517, 0, 1 
0, 650, 9f, 0, 1 
0, 660, 216, 0, 1 
0, 65c, 1b3, 0, 1 
0, 670, a9, 0, 1 
0, 690, 1f, 0, 1 
Dump dual leases

