sample rate: 0.00390625
1804,
	[196,122]
	[102,50]
	[131,71]
	[210,49]
	[2,16]
	[256,122]
	[363,47]
	[365,16]
	[388,22]
	[398,61]
	[401,30]
	[452,1]
	[540,1]
	[546,1]
	[516,1]
	[589,1]
	[634,1]
	[641,1]
	[778,1]
	[918,1]
	[925,1]
	[927,1]
	[944,1]
	[950,1]
	[981,1]
	[1056,1]
	[1062,1]
	[1074,1]
	[1093,1]
	[1097,1]
	[1042,1]
	[1065,1]
	[1170,1]
	[1176,1]
	[1180,1]
	[1183,1]
	[1194,1]
	[1196,1]
	[1197,1]
	[1233,1]
	[1278,1]
	[1284,1]
	[1306,1]
	[1314,1]
	[1322,1]
	[1331,1]
	[1339,1]
	[1411,1]
	[1420,1]
	[4,32]
	[1440,1]
	[1442,1]
	[1511,1]
	[1518,1]
	[1526,1]
	[1534,1]
	[1542,1]
	[1545,1]
	[1812,1]
	[1918,1]
	[1923,1]
	[2024,1]
	[2048,1]
	[2148,1]
	[2152,1]
	[2154,1]
	[2155,1]
	[2159,1]
	[2163,1]
	[2165,1]
	[2106,1]
	[2176,1]
	[2177,1]
	[2181,1]
	[2198,1]
	[2202,1]
	[2207,1]
	[2209,1]
	[2327,1]
	[2331,1]
	[33,18]
	[2415,1]
	[2447,1]
	[2449,1]
	[2451,1]
	[2461,1]
	[2462,1]
	[2463,1]
	[2474,1]
	[2476,1]
	[2489,1]
	[2490,1]
	[2493,1]
	[2508,1]
	[2520,1]
	[2586,1]
	[2619,1]
	[2623,1]
	[2636,1]
	[2637,1]
	[2641,1]
	[2578,1]
	[2649,1]
	[2654,1]
	[2567,1]
	[2656,1]
	[2600,1]
	[14,3]
	[2676,1]
	[2678,1]
	[2695,1]
	[21,13]
	[2659,1]
	[2770,1]
	[2773,1]
	[6,17]
	[2911,1]
	[3067,1]
	[8,35]
	[3358,1]
	[3393,1]
	[3397,1]
	[3272,1]
	[3301,1]
	[3406,1]
	[3410,1]
	[3413,1]
	[3414,1]
	[3422,1]
	[3429,1]
	[3434,1]
	[3437,1]
	[3441,1]
	[3573,1]
	[3728,1]
	[3733,1]
	[3734,1]
	[3736,1]
	[3740,1]
	[3741,1]
	[3742,1]
	[3744,1]
	[3617,1]
	[3745,1]
	[3749,1]
	[3751,1]
	[3752,1]
	[3754,1]
	[3756,1]
	[3760,1]
	[3765,2]
	[3767,1]
	[3773,1]
	[3777,1]
	[3782,1]
	[3784,1]
	[3883,1]
	[3916,1]
	[3918,2]
	[3922,1]
	[3931,1]
	[3963,1]
	[3995,1]
	[4058,1]
	[4062,1]
	[4066,1]
	[4072,1]
	[4075,1]
	[4076,1]
	[37,18]
	[4078,1]
	[4084,1]
	[56,34]
	[4093,1]
	[4098,1]
	[3933,1]
	[22,3]
	[4109,1]
	[4112,2]
	[4115,1]
	[4116,1]
	[4257,1]
	[4261,1]
	[4265,1]
	[4269,1]
	[11,8]
	[43,10]
	[4781,1]
	[4875,1]
	[5298,1]
	[5345,1]
	[5392,1]
	[5463,1]
	[15,18]
	[5836,1]
	[6727,1]
	[17,12]
	[6913,1]
	[6944,1]
	[7036,1]
	[7067,1]
	[6855,1]
	[7098,1]
	[7222,1]
	[7284,1]
	[7315,1]
	[7365,1]
	[19,13]
	[13,1]
	[7521,1]
	[18,5]
	[7728,1]
	[7821,1]
	[20,3]
	[7972,1]
	[75,37]
	[8303,1]
	[8365,2]
	[8599,1]
	[23,18]
	[8754,1]
	[9233,1]
	[8881,1]
	[25,15]
	[9296,1]
	[9451,1]
	[24,8]
	[76,34]
	[9605,1]
	[9606,3]
	[9810,1]
	[63,34]
	[27,16]
	[9900,1]
	[9566,1]
	[10054,1]
	[26,8]
	[10085,1]
	[29,13]
	[28,11]
	[10642,1]
	[10829,1]
	[10922,1]
	[11055,1]
	[31,16]
	[11117,1]
	[55,38]
	[30,8]
	[11210,1]
	[10821,1]
	[10960,1]
	[80,32]
	[81,58]
	[32,12]
	[11367,1]
	[11991,1]
	[12084,3]
	[12269,1]
	[35,15]
	[12398,1]
	[11903,1]
	[11980,1]
	[34,12]
	[12006,1]
	[12553,1]
	[12740,1]
	[50,38]
	[36,23]
	[84,23]
	[13102,1]
	[12642,1]
	[13289,1]
	[13413,2]
	[12915,1]
	[39,12]
	[38,25]
	[13570,1]
	[54,22]
	[13773,1]
	[13898,1]
	[13929,1]
	[13960,1]
	[13451,1]
	[85,53]
	[41,12]
	[40,35]
	[13574,1]
	[13635,1]
	[13651,1]
	[14329,1]
	[13807,1]
	[14485,2]
	[13900,1]
	[14246,1]
	[14288,1]
	[14424,1]
	[14579,1]
	[86,30]
	[42,25]
	[14790,1]
	[14252,1]
	[15254,1]
	[14654,1]
	[45,7]
	[44,34]
	[15404,1]
	[14915,1]
	[87,66]
	[15766,1]
	[47,12]
	[48,26]
	[16038,1]
	[16100,1]
	[16162,1]
	[16271,1]
	[16381,1]
	[49,15]
	[16676,1]
	[15973,1]
	[16799,1]
	[16846,1]
	[17073,1]
	[16401,1]
	[17368,1]
	[17430,1]
	[17639,1]
	[16888,1]
	[52,32]
	[51,11]
	[91,62]
	[17762,1]
	[53,23]
	[18041,1]
	[17292,1]
	[17308,1]
	[17375,1]
	[18166,1]
	[18197,1]
	[17505,1]
	[18311,1]
	[17515,1]
	[17664,1]
	[18682,1]
	[17855,1]
	[18888,1]
	[18084,1]
	[94,32]
	[57,30]
	[19106,1]
	[18301,1]
	[19137,1]
	[18305,1]
	[18295,1]
	[18346,1]
	[19296,1]
	[18572,1]
	[58,20]
	[59,44]
	[95,61]
	[18854,1]
	[18930,1]
	[19856,1]
	[19062,1]
	[19996,1]
	[20042,1]
	[60,21]
	[19291,1]
	[20212,1]
	[19327,1]
	[96,36]
	[20258,1]
	[20289,1]
	[20382,1]
	[19574,1]
	[19613,1]
	[61,34]
	[19676,1]
	[19766,1]
	[62,17]
	[19757,1]
	[19838,1]
	[21077,1]
	[21170,1]
	[20317,1]
	[64,35]
	[21277,1]
	[65,33]
	[20450,1]
	[21401,1]
	[20486,1]
	[98,30]
	[20622,1]
	[20656,2]
	[20682,1]
	[20973,1]
	[66,27]
	[20896,1]
	[99,71]
	[67,37]
	[22000,1]
	[77,36]
	[22314,1]
	[68,31]
	[21440,1]
	[21409,1]
	[69,42]
	[21513,1]
	[21637,1]
	[21825,1]
	[21889,1]
	[21873,1]
	[21917,1]
	[21911,1]
	[70,22]
	[22993,1]
	[21989,1]
	[23163,1]
	[22205,1]
	[23319,1]
	[101,71]
	[71,40]
	[22438,1]
	[23539,1]
	[73,46]
	[23585,1]
	[22550,1]
	[23616,1]
	[22567,1]
	[72,22]
	[23848,1]
	[103,43]
	[22906,1]
	[22939,1]
	[24036,1]
	[23480,1]
	[24150,1]
	[23085,1]
	[23132,1]
	[74,37]
	[23379,1]
	[23429,1]
	[24553,1]
	[104,42]
	[23866,1]
	[23578,1]
	[24740,1]
	[23676,1]
	[24821,1]
	[23851,1]
	[23867,1]
	[23913,1]
	[24026,1]
	[79,26]
	[25301,1]
	[25332,1]
	[24252,1]
	[25393,1]
	[24299,1]
	[24362,1]
	[82,36]
	[78,10]
	[24763,1]
	[107,38]
	[108,57]
	[24982,1]
	[26184,1]
	[25028,1]
	[25048,1]
	[25124,1]
	[26496,1]
	[25355,1]
	[106,63]
	[25591,1]
	[25632,1]
	[83,41]
	[25980,1]
	[109,39]
	[26172,1]
	[26177,1]
	[26237,2]
	[26264,3]
	[26285,1]
	[26332,1]
	[26511,1]
	[26652,1]
	[26683,1]
	[26625,1]
	[27938,1]
	[26649,1]
	[26684,1]
	[111,28]
	[26779,1]
	[88,29]
	[28235,1]
	[27022,1]
	[27057,3]
	[27100,1]
	[27113,1]
	[28442,1]
	[89,55]
	[27189,1]
	[27213,1]
	[27219,1]
	[28534,1]
	[112,86]
	[90,26]
	[27578,1]
	[27662,1]
	[29033,1]
	[27698,1]
	[27735,1]
	[27776,1]
	[46,2]
	[113,51]
	[27916,1]
	[28007,1]
	[28008,1]
	[92,38]
	[28079,1]
	[29498,1]
	[28193,2]
	[28200,1]
	[93,60]
	[28296,1]
	[28396,1]
	[29808,1]
	[28443,1]
	[28490,1]
	[28487,1]
	[28504,1]
	[28588,1]
	[29985,1]
	[30016,1]
	[28681,1]
	[28658,1]
	[28735,1]
	[29013,1]
	[29022,1]
	[29184,1]
	[29206,1]
	[29237,1]
	[29299,1]
	[115,60]
	[29395,1]
	[29488,1]
	[97,71]
	[30944,1]
	[29581,1]
	[29612,1]
	[31069,1]
	[29690,1]
	[114,41]
	[29798,1]
	[29897,1]
	[30414,1]
	[29885,1]
	[29904,2]
	[29994,1]
	[31438,1]
	[31500,1]
	[30185,1]
	[30243,1]
	[31810,1]
	[100,25]
	[30537,1]
	[30549,1]
	[30582,1]
	[30753,1]
	[30906,1]
	[32432,1]
	[30961,1]
	[30994,1]
	[30992,1]
	[31089,1]
	[118,71]
	[31151,1]
	[31121,1]
	[31230,1]
	[31276,1]
	[31290,1]
	[31321,1]
	[105,63]
	[32936,1]
	[31421,1]
	[31452,1]
	[31561,1]
	[119,57]
	[31700,1]
	[31746,1]
	[31776,1]
	[31921,1]
	[120,58]
	[121,72]
	[33300,1]
	[34026,1]
	[32513,1]
	[32530,1]
	[32745,1]
	[32793,1]
	[32869,1]
	[32904,1]
	[32905,2]
	[110,38]
	[33119,1]
	[33134,1]
	[33228,1]
	[33382,1]
	[33492,1]
	[33463,1]
	[33479,1]
	[125,60]
	[33542,1]
	[123,46]
	[33633,1]
	[124,52]
	[33872,1]
	[33886,1]
	[35599,1]
	[34045,1]
	[34214,1]
	[34226,2]
	[116,49]
	[34307,1]
	[34368,1]
	[126,72]
	[34692,1]
	[34741,1]
	[34752,2]
	[117,48]
	[36500,1]
	[34790,1]
	[34821,1]
	[34872,1]
	[34929,1]
	[35060,1]
	[35163,1]
	[35200,1]
	[35230,1]
	[35356,1]
	[37173,1]
	[35500,1]
	[35510,3]
	[35607,1]
	[35625,1]
	[127,75]
	[35681,1]
	[35704,1]
	[35750,2]
	[35777,1]
	[35788,1]
	[35796,1]
	[128,71]
	[129,42]
	[35941,1]
	[35966,1]
	[36059,1]
	[36090,1]
	[130,77]
	[122,60]
	[36174,1]
	[36246,1]
	[36267,1]
	[36307,1]
	[36320,1]
	[36329,1]
	[36352,1]
	[36376,1]
	[36407,1]
	[36400,1]
	[36408,1]
	[36423,1]
	[36494,1]
	[36501,1]
	[36562,1]
	[36586,1]
	[36616,2]
	[36647,1]
	[36743,1]
	[36785,1]
	[36786,2]
	[36825,1]
	[36872,1]
	[36887,1]
	[36981,1]
	[37012,1]
	[37167,1]
	[37190,1]
	[37221,1]
	[37273,1]
	[37351,1]
	[37390,2]
	[37429,1]
	[37523,1]
	[37549,1]
	[37816,1]
	[37821,1]
	[132,70]
	[37836,1]
	[37842,2]
	[37866,1]
	[37919,1]
	[37961,1]
	[38013,1]
	[38014,1]
	[38119,1]
	[38218,1]
	[135,41]
	[134,59]
	[38624,1]
	[38750,1]
	[38641,1]
	[38657,1]
	[38715,1]
	[38761,1]
	[133,72]
	[38781,1]
	[38794,1]
	[38797,1]
	[38812,1]
	[38858,1]
	[39082,1]
	[136,93]
	[39156,1]
	[39284,1]
	[39315,1]
	[39393,1]
	[39547,1]
	[39593,1]
	[39734,1]
	[39581,1]
	[39626,1]
	[39800,1]
	[39969,1]
	[40306,1]
	[40110,1]
	[137,98]
	[40189,1]
	[40219,1]
	[40249,1]
	[40299,1]
	[138,89]
	[40441,1]
	[40442,3]
	[40457,1]
	[40696,1]
	[41751,1]
	[139,114]
	[140,106]
	[40612,1]
	[40738,2]
	[40816,1]
	[40845,1]
	[40877,1]
	[40923,1]
	[40953,1]
	[41391,1]
	[41140,1]
	[41188,1]
	[41205,1]
	[41220,1]
	[41236,1]
	[41269,1]
	[41285,1]
	[141,39]
	[41348,1]
	[41363,1]
	[41365,1]
	[41394,1]
	[41395,1]
	[142,114]
	[41507,1]
	[143,115]
	[144,133]
	[41619,1]
	[41651,1]
	[41683,1]
	[41842,1]
	[41843,1]
	[41953,1]
	[42000,1]
	[42033,2]
	[42096,1]
	[42140,1]
	[42156,2]
	[42188,1]
	[42204,1]
	[145,134]
	[42284,1]
	[42330,1]
	[42332,1]
	[42396,1]
	[146,138]
	[42535,1]
	[42582,1]
	[42568,1]
	[42567,1]
	[42615,1]
	[42656,1]
	[42657,1]
	[42672,1]
	[42704,1]
	[42721,1]
	[42754,1]
	[147,117]
	[42785,1]
	[42815,1]
	[42816,1]
	[42817,1]
	[42913,1]
	[42967,1]
	[42937,1]
	[148,98]
	[43034,1]
	[43050,1]
	[43033,1]
	[43096,1]
	[43114,1]
	[43161,1]
	[43221,1]
	[43202,2]
	[43218,2]
	[149,136]
	[43233,1]
	[43266,2]
	[43283,1]
	[43394,1]
	[43410,1]
	[43433,1]
	[43449,1]
	[43465,1]
	[43481,1]
	[150,131]
	[43512,1]
	[43513,2]
	[43529,1]
	[43577,1]
	[43624,1]
	[43657,1]
	[43673,1]
	[43711,1]
	[43727,1]
	[43790,1]
	[43823,1]
	[43855,1]
	[152,151]
	[151,135]
	[43935,1]
	[43968,1]
	[43972,1]
	[43989,1]
	[44099,1]
	[44132,1]
	[44149,1]
	[44180,1]
	[44263,1]
	[44294,1]
	[44295,1]
	[44328,1]
	[153,115]
	[44375,1]
	[44391,1]
	[44426,2]
	[44441,1]
	[44458,1]
	[154,126]
	[44537,2]
	[44570,1]
	[44634,1]
	[44650,1]
	[44638,1]
	[155,159]
	[44686,1]
	[44734,1]
	[44765,1]
	[44766,1]
	[156,111]
	[44862,1]
	[44879,1]
	[44878,1]
	[44851,1]
	[44974,1]
	[44990,2]
	[45006,1]
	[45022,1]
	[45023,1]
	[157,129]
	[45101,1]
	[45118,2]
	[45117,1]
	[45134,1]
	[45196,1]
	[45214,1]
	[45261,1]
	[45293,1]
	[158,67]
	[45325,1]
	[45371,1]
	[45387,1]
	[45418,1]
	[45419,1]
	[45498,1]
	[45499,1]
	[45579,1]
	[45610,2]
	[159,102]
	[45626,2]
	[160,132]
	[45770,1]
	[45801,1]
	[45882,1]
	[45963,1]
	[45962,2]
	[45994,1]
	[46072,1]
	[46074,1]
	[46122,1]
	[46107,1]
	[161,148]
	[46155,1]
	[46171,3]
	[46219,1]
	[46235,1]
	[46313,1]
	[46344,1]
	[46408,1]
	[46409,1]
	[46410,1]
	[163,146]
	[162,100]
	[46519,1]
	[46520,1]
	[46617,1]
	[46616,1]
	[46693,1]
	[46678,1]
	[46741,1]
	[46742,1]
	[46757,1]
	[46774,1]
	[46841,1]
	[46817,1]
	[46850,1]
	[164,126]
	[46928,1]
	[46961,1]
	[47025,1]
	[47056,1]
	[47057,1]
	[47083,1]
	[165,134]
	[47133,3]
	[47132,1]
	[47196,1]
	[47212,1]
	[47244,2]
	[47292,1]
	[47308,3]
	[47337,1]
	[47303,1]
	[47319,1]
	[166,141]
	[47350,1]
	[47351,1]
	[47348,1]
	[47430,1]
	[47447,1]
	[47479,1]
	[47536,1]
	[47552,1]
	[47569,1]
	[168,122]
	[47616,1]
	[167,112]
	[47664,1]
	[47680,1]
	[47695,1]
	[47729,1]
	[47728,1]
	[47744,1]
	[47761,1]
	[47801,1]
	[47818,1]
	[47819,1]
	[47850,1]
	[47883,1]
	[47882,1]
	[47897,1]
	[169,144]
	[47946,1]
	[48011,2]
	[49354,1]
	[48097,1]
	[48242,1]
	[170,118]
	[48319,1]
	[48265,1]
	[171,160]
	[48296,1]
	[48311,1]
	[48377,1]
	[48392,1]
	[48408,1]
	[48409,1]
	[48472,2]
	[48462,1]
	[48494,1]
	[48542,1]
	[48543,1]
	[48589,1]
	[48606,1]
	[172,131]
	[48670,1]
	[48686,1]
	[48688,1]
	[48708,2]
	[48709,1]
	[173,130]
	[48771,1]
	[48867,3]
	[48868,1]
	[48900,1]
	[48931,1]
	[48948,1]
	[49057,1]
	[48938,1]
	[48937,1]
	[48968,1]
	[48984,1]
	[49001,1]
	[49063,1]
	[49095,1]
	[174,162]
	[49129,1]
	[49160,1]
	[49176,1]
	[49213,1]
	[49276,2]
	[49292,1]
	[49340,1]
	[49356,1]
	[49357,1]
	[49404,1]
	[49540,1]
	[49406,1]
	[175,49]
	[49437,1]
	[49453,1]
	[49502,1]
	[49548,1]
	[176,92]
	[49629,1]
	[49632,1]
	[178,160]
	[177,154]
	[49744,1]
	[49809,1]
	[49888,1]
	[49920,1]
	[49937,2]
	[49953,1]
	[50111,1]
	[50143,1]
	[50159,1]
	[50160,1]
	[50224,2]
	[50255,1]
	[50317,1]
	[179,109]
	[50365,1]
	[50380,1]
	[50397,1]
	[50399,1]
	[180,157]
	[50430,3]
	[50477,1]
	[50478,1]
	[50508,1]
	[50525,1]
	[50541,2]
	[50528,1]
	[50544,1]
	[50560,1]
	[50592,1]
	[50609,1]
	[50640,1]
	[50656,1]
	[50642,1]
	[50671,1]
	[50688,1]
	[50720,1]
	[50726,1]
	[50733,1]
	[181,112]
	[50781,1]
	[50798,1]
	[182,145]
	[50860,1]
	[50861,2]
	[50877,1]
	[50926,1]
	[50984,1]
	[51000,1]
	[51017,2]
	[51048,1]
	[51065,1]
	[51096,2]
	[51112,1]
	[51113,1]
	[51191,1]
	[51171,1]
	[51187,1]
	[51188,2]
	[183,151]
	[51251,1]
	[51282,1]
	[51315,1]
	[51378,1]
	[51404,1]
	[185,162]
	[184,100]
	[51484,1]
	[51500,3]
	[51501,1]
	[51549,1]
	[51580,2]
	[51596,1]
	[51692,1]
	[51656,1]
	[51675,1]
	[51689,1]
	[51721,1]
	[51720,4]
	[51737,1]
	[51769,1]
	[51785,1]
	[51833,1]
	[51832,3]
	[51848,1]
	[51901,1]
	[186,138]
	[51889,1]
	[187,131]
	[51986,2]
	[52017,1]
	[52034,2]
	[52081,1]
	[52145,1]
	[52138,1]
	[52139,1]
	[52171,1]
	[52170,4]
	[52169,1]
	[52186,1]
	[52202,1]
	[188,159]
	[52266,1]
	[52282,1]
	[52321,2]
	[52353,1]
	[52384,1]
	[52385,1]
	[52417,1]
	[52433,2]
	[52435,1]
	[52434,1]
	[52496,1]
	[52594,1]
	[52501,1]
	[190,127]
	[189,121]
	[52565,1]
	[52564,1]
	[52581,1]
	[52580,1]
	[52582,1]
	[52614,1]
	[52628,1]
	[52629,1]
	[52661,2]
	[52693,1]
	[52724,1]
	[52740,1]
	[52818,1]
	[52697,1]
	[52714,3]
	[52760,4]
	[52776,1]
	[52809,1]
	[52840,1]
	[52858,1]
	[191,149]
	[52889,1]
	[52921,1]
	[52920,1]
	[52940,1]
	[52956,1]
	[192,73]
	[53003,1]
	[53019,1]
	[53020,1]
	[53067,2]
	[53100,1]
	[53099,2]
	[53115,2]
	[53116,1]
	[53148,1]
	[53179,1]
	[53228,1]
	[53260,2]
	[193,77]
	[53308,1]
	[53325,1]
	[53342,1]
	[53373,1]
	[53404,1]
	[53392,2]
	[194,167]
	[53440,1]
	[53505,1]
	[53600,1]
	[53696,1]
	[53714,1]
	[53744,1]
	[53791,1]
	[53838,1]
	[53855,2]
	[195,109]
	[53886,1]
	[53887,2]
	[53919,1]
	[53951,3]
	[53967,1]
	[54012,1]
	[54027,1]
	[54090,1]
	[54091,1]
	[197,180]
	[54170,1]
	[54187,1]
	[54219,1]
	[54218,1]
	[54267,1]
	[54279,2]
	[54278,4]
	[54295,1]
	[54326,1]
	[54343,1]
	[54328,1]
	[54407,2]
	[54408,3]
	[54439,1]
	[54458,1]
	[54434,1]
	[198,108]
	[54450,1]
	[199,186]
	[54514,1]
	[54530,1]
	[54546,1]
	[54578,1]
	[54609,2]
	[54682,1]
	[54653,1]
	[54685,1]
	[54701,1]
	[54732,2]
	[54749,2]
	[54765,1]
	[54828,1]
	[54840,1]
	[200,145]
	[54836,1]
	[54837,1]
	[54869,1]
	[54900,1]
	[54901,2]
	[201,116]
	[54964,1]
	[55005,1]
	[55035,1]
	[202,163]
	[55084,1]
	[55115,1]
	[55179,1]
	[55181,1]
	[55197,1]
	[55196,2]
	[55213,1]
	[55267,1]
	[55217,1]
	[55265,1]
	[55249,1]
	[55266,1]
	[55314,1]
	[55361,1]
	[55393,1]
	[55454,1]
	[55397,1]
	[203,117]
	[204,172]
	[55442,1]
	[55458,1]
	[55459,1]
	[55486,1]
	[55539,1]
	[55556,1]
	[55588,1]
	[55586,1]
	[55603,1]
	[55634,1]
	[55679,1]
	[55611,1]
	[55641,1]
	[55658,3]
	[55657,1]
	[55674,1]
	[55705,2]
	[205,135]
	[55801,2]
	[55821,1]
	[206,114]
	[55884,1]
	[55885,1]
	[55949,1]
	[56074,1]
	[207,195]
	[56014,1]
	[56045,1]
	[56061,1]
	[56062,1]
	[56080,1]
	[56109,2]
	[56110,1]
	[56142,3]
	[56159,2]
	[56205,1]
	[56175,1]
	[56207,4]
	[56238,1]
	[56224,6]
	[56270,1]
	[56261,1]
	[56335,1]
	[208,134]
	[56351,1]
	[56382,1]
	[56502,1]
	[56383,1]
	[56400,1]
	[209,126]
	[56431,1]
	[56462,1]
	[56463,1]
	[56480,1]
	[56479,1]
	[56510,1]
	[56512,1]
	[56511,1]
	[56527,1]
	[56559,2]
	[56543,1]
	[56591,1]
	[56728,1]
	[56700,1]
	[56745,1]
	[56777,1]
	[56808,1]
	[56809,1]
	[211,154]
	[56840,2]
	[56872,2]
	[56920,1]
	[56951,1]
	[212,93]
	[57014,1]
	[57031,1]
	[57109,1]
	[57159,1]
	[57205,1]
	[57206,1]
	[57223,1]
	[57315,1]
	[57300,1]
	[213,148]
	[57316,2]
	[57347,2]
	[57364,1]
	[57380,1]
	[57443,3]
	[57444,6]
	[57460,1]
	[57471,3]
	[57486,1]
	[57518,1]
	[57534,1]
	[57550,1]
	[57581,2]
	[57583,1]
	[214,155]
	[57598,1]
	[57644,1]
	[57645,1]
	[57662,2]
	[57723,1]
	[215,110]
	[57751,1]
	[57752,1]
	[57768,1]
	[57799,1]
	[57832,1]
	[57849,1]
	[57865,1]
	[57841,2]
	[57842,1]
	[57872,1]
	[216,194]
	[57905,1]
	[57936,1]
	[57985,1]
	[58016,2]
	[58034,1]
	[58118,1]
	[58089,1]
	[58136,1]
	[217,128]
	[58153,2]
	[58183,1]
	[58201,1]
	[58233,1]
	[58275,1]
	[58240,1]
	[218,132]
	[58272,1]
	[58289,1]
	[58352,1]
	[58400,1]
	[58416,1]
	[58447,1]
	[58449,1]
	[58422,1]
	[219,159]
	[58469,1]
	[58470,1]
	[58471,1]
	[58486,1]
	[58534,1]
	[58550,1]
	[58566,1]
	[58581,1]
	[58619,2]
	[58582,1]
	[58635,1]
	[58666,1]
	[58651,1]
	[58667,1]
	[58697,1]
	[58699,2]
	[58730,1]
	[220,106]
	[58779,2]
	[58795,1]
	[58826,1]
	[58768,1]
	[221,195]
	[58830,1]
	[58847,1]
	[58879,1]
	[58910,1]
	[58911,1]
	[58944,1]
	[58959,1]
	[58975,1]
	[59062,1]
	[58993,1]
	[59009,1]
	[59105,1]
	[222,111]
	[59139,1]
	[59154,1]
	[223,143]
	[59203,2]
	[59220,1]
	[59266,1]
	[59267,2]
	[59299,2]
	[59331,1]
	[59410,1]
	[224,151]
	[59334,1]
	[59365,1]
	[59381,1]
	[59398,1]
	[59414,1]
	[59447,3]
	[59479,2]
	[59582,1]
	[59509,2]
	[59540,1]
	[59526,1]
	[59525,1]
	[59541,1]
	[59558,1]
	[226,142]
	[225,153]
	[59605,1]
	[59621,1]
	[59637,1]
	[59786,1]
	[59667,1]
	[59684,1]
	[59715,1]
	[59747,1]
	[59811,1]
	[59843,1]
	[59989,2]
	[59855,3]
	[59871,1]
	[227,41]
	[59919,2]
	[59935,1]
	[59952,1]
	[60015,1]
	[60032,1]
	[60046,1]
	[228,137]
	[60079,1]
	[229,130]
	[60158,1]
	[60190,1]
	[60254,1]
	[60286,2]
	[60318,4]
	[60350,2]
	[60413,1]
	[60398,1]
	[230,124]
	[60414,1]
	[60429,1]
	[60446,1]
	[60461,1]
	[60463,1]
	[60478,2]
	[60494,1]
	[60495,1]
	[60526,1]
	[60542,2]
	[60539,2]
	[231,149]
	[60618,1]
	[60633,1]
	[60650,1]
	[60666,1]
	[60682,2]
	[60712,1]
	[60713,5]
	[60794,1]
	[60793,1]
	[60773,1]
	[60790,1]
	[232,150]
	[60821,1]
	[60822,1]
	[60854,1]
	[60855,1]
	[60870,3]
	[60933,3]
	[60919,1]
	[60922,1]
	[60913,1]
	[60929,1]
	[60944,1]
	[234,133]
	[233,159]
	[60977,1]
	[60992,1]
	[61009,1]
	[61072,1]
	[61115,1]
	[61131,1]
	[61146,1]
	[61148,1]
	[61164,1]
	[61179,1]
	[61195,1]
	[61211,1]
	[61227,1]
	[61226,1]
	[61259,1]
	[61275,1]
	[61269,1]
	[61285,2]
	[61302,1]
	[235,129]
	[61333,1]
	[61349,1]
	[61366,1]
	[61396,1]
	[61432,1]
	[61433,1]
	[236,141]
	[61453,1]
	[61532,1]
	[61533,1]
	[61549,3]
	[61565,2]
	[61582,1]
	[61657,1]
	[61638,1]
	[61653,1]
	[61655,2]
	[61670,1]
	[61687,1]
	[237,110]
	[61717,1]
	[61734,1]
	[61750,1]
	[61767,1]
	[238,196]
	[61805,1]
	[61821,1]
	[61853,1]
	[61901,1]
	[61917,2]
	[61933,2]
	[61934,1]
	[62023,1]
	[62024,1]
	[61970,1]
	[61986,1]
	[62002,2]
	[62018,1]
	[62034,1]
	[62066,1]
	[62081,1]
	[62082,2]
	[62083,1]
	[62097,1]
	[62098,1]
	[62100,1]
	[240,167]
	[62152,1]
	[239,94]
	[62103,1]
	[62151,3]
	[62168,1]
	[241,148]
	[62199,2]
	[62231,1]
	[62248,1]
	[62376,2]
	[62300,1]
	[62315,1]
	[62330,1]
	[62331,1]
	[62362,1]
	[62380,1]
	[62395,1]
	[62412,1]
	[242,134]
	[62443,1]
	[62432,1]
	[62464,1]
	[62496,1]
	[62511,1]
	[62526,1]
	[243,183]
	[62575,1]
	[62590,2]
	[62591,1]
	[62592,1]
	[62642,1]
	[62704,1]
	[62705,1]
	[62706,1]
	[62739,1]
	[62770,1]
	[62786,1]
	[62771,1]
	[62920,1]
	[244,24]
	[62817,1]
	[62849,1]
	[62866,1]
	[62883,1]
	[245,112]
	[62928,1]
	[62945,1]
	[62981,1]
	[246,139]
	[63028,2]
	[63060,1]
	[63092,1]
	[63125,1]
	[63187,1]
	[63188,4]
	[63220,1]
	[63236,1]
	[63237,4]
	[63282,1]
	[247,145]
	[63313,1]
	[63331,1]
	[63363,2]
	[63395,1]
	[63426,1]
	[63427,1]
	[63439,2]
	[63456,1]
	[248,100]
	[63472,1]
	[63503,1]
	[63518,1]
	[249,199]
	[63566,1]
	[63583,1]
	[63589,1]
	[63585,1]
	[250,117]
	[63601,1]
	[63602,1]
	[63632,1]
	[63633,2]
	[63634,1]
	[63665,1]
	[63713,2]
	[63718,1]
	[63727,1]
	[251,136]
	[63788,1]
	[63790,1]
	[63821,1]
	[63837,1]
	[63853,1]
	[63908,1]
	[63909,1]
	[63895,1]
	[63911,1]
	[63975,2]
	[63976,1]
	[252,182]
	[64024,1]
	[64037,1]
	[64018,1]
	[64049,1]
	[64050,1]
	[64082,1]
	[64113,1]
	[64114,1]
	[64128,1]
	[64144,1]
	[64161,4]
	[64154,1]
	[253,113]
	[64185,1]
	[64201,1]
	[64203,1]
	[254,146]
	[64233,3]
	[64249,1]
	[64281,1]
	[64297,1]
	[64313,1]
	[64357,1]
	[64389,1]
	[64420,1]
	[64437,1]
	[64468,1]
	[64493,1]
	[64494,1]
	[64556,3]
	[64558,1]
	[255,154]
	[64588,1]
	[64589,1]
	[64606,1]
	[64620,1]
	[64668,1]
	[64747,3]
	[64677,1]
	[64709,1]
	[64741,2]
	[64740,3]
	[64756,2]
	[64773,1]
	[64805,1]
	[64821,1]
	[64820,1]
	[64859,1]
	[64858,2]
	[64778,1]
	[257,154]
	[64810,3]
	[64841,1]
	[64842,1]
	[64857,1]
	[64873,1]
	[64890,1]
	[64905,1]
	[64921,1]
	[64937,1]
	[65065,1]
	[259,154]
	[65004,1]
	[65020,1]
	[65036,1]
	[65053,1]
	[258,104]
	[65069,1]
	[65068,1]
	[65084,1]
	[65102,1]
	[65101,1]
	[65131,1]
	[65073,2]
	[65072,2]
	[65103,1]
	[65151,2]
	[65150,1]
	[65153,1]
	[65167,2]
	[65232,1]
	[65266,1]
	[260,147]
	[65297,1]
	[65298,2]
	[65329,1]
	[65346,1]
	[65361,1]
	[65377,1]
	[65379,1]
	[65410,1]
	[65442,1]
	[261,63]
	[65456,1]
	[65471,1]
	[65489,1]
	[65520,1]
	[65536,1]
	[65538,1]
	[262,90]
	[65570,1]
	[65569,1]
	[65600,1]
	[65588,1]
	[65636,1]
	[263,136]
	[65667,1]
	[65781,1]
	[65859,1]
	[65890,1]
	[65889,1]
	[264,120]
	[65907,1]
	[65921,1]
	[65938,1]
	[65969,2]
	[65970,1]
	[65987,2]
	[265,84]
	[66030,1]
	[66014,1]
	[66028,1]
	[66061,1]
	[66092,1]
	[66109,1]
	[266,195]
	[66125,1]
	[66199,1]
	[66215,1]
	[66231,1]
	[66232,1]
	[66233,1]
	[66264,1]
	[66295,1]
	[66281,3]
	[66296,1]
	[66328,1]
	[66337,1]
	[66339,1]
	[66354,1]
	[268,165]
	[66386,1]
	[267,96]
	[66417,1]
	[66434,1]
	[66465,2]
	[66475,1]
	[66491,1]
	[66507,1]
	[66508,1]
	[66525,1]
	[66524,1]
	[66557,1]
	[66556,1]
	[66582,1]
	[66563,2]
	[269,136]
	[66594,2]
	[66595,2]
	[66612,1]
	[270,95]
	[66658,1]
	[66659,5]
	[66691,1]
	[66712,1]
	[66730,1]
	[271,180]
	[66745,1]
	[66792,1]
	[66793,1]
	[66824,1]
	[66880,1]
	[66829,1]
	[66862,1]
	[66861,1]
	[66892,1]
	[66878,1]
	[66973,1]
	[66972,1]
	[66943,1]
	[272,118]
	[273,177]
	[67005,1]
	[67006,1]
	[67023,1]
	[67054,1]
	[67070,2]
	[67069,1]
	[67161,1]
	[67108,1]
	[67139,1]
	[67141,1]
	[67140,3]
	[67171,1]
	[67189,1]
	[67174,2]
	[274,123]
	[275,86]
	[67237,1]
	[67238,2]
	[67270,1]
	[67285,1]
	[67286,1]
	[67317,1]
	[67426,1]
	[67334,1]
	[276,172]
	[67350,1]
	[67382,1]
	[67381,1]
	[67429,1]
	[67445,3]
	[67447,1]
	[67462,2]
	[67526,1]
	[67525,1]
	[67542,1]
	[67558,2]
	[67724,1]
	[67606,1]
	[277,113]
	[278,110]
	[67653,1]
	[67652,1]
	[67668,1]
	[67701,1]
	[67749,1]
	[68018,2]
	[67884,2]
	[67932,1]
	[67949,1]
	[67948,4]
	[67964,1]
	[67963,1]
	[67979,1]
	[67981,3]
	[279,54]
	[68012,1]
	[68011,3]
	[280,173]
	[68090,2]
	[68204,1]
	[68234,1]
	[68277,1]
	[68263,1]
	[282,150]
	[68312,1]
	[68359,9]
	[281,68]
	[68376,1]
	[68416,1]
	[68417,1]
	[68385,1]
	[68415,1]
	[68432,1]
	[68463,1]
	[68479,1]
	[283,185]
	[68557,1]
	[68537,2]
	[68568,1]
	[68584,4]
	[68617,1]
	[68648,1]
	[68649,1]
	[68632,1]
	[68633,1]
	[68634,1]
	[284,78]
	[68658,1]
	[285,166]
	[68689,1]
	[68720,3]
	[68721,2]
	[68821,1]
	[68792,1]
	[68823,2]
	[68839,2]
	[68856,1]
	[68888,1]
	[68904,1]
	[68879,1]
	[287,104]
	[68925,2]
	[68926,1]
	[286,100]
	[68990,2]
	[68989,1]
	[69022,1]
	[69010,1]
	[69027,1]
	[69028,1]
	[288,134]
	[69059,1]
	[69091,1]
	[69178,1]
	[289,102]
	[69190,1]
	[69176,2]
	[69191,1]
	[69253,1]
	[69254,1]
	[69240,1]
	[69269,1]
	[69268,2]
	[69210,1]
	[290,185]
	[69241,1]
	[69242,1]
	[69273,2]
	[69306,1]
	[69337,1]
	[69338,1]
	[69356,1]
	[69355,1]
	[69371,1]
	[69403,1]
	[69435,1]
	[69465,1]
	[69483,1]
	[69532,2]
	[69452,1]
	[292,97]
	[291,98]
	[69469,1]
	[69500,1]
	[69516,1]
	[69533,1]
	[69563,2]
	[69564,1]
	[69551,1]
	[293,179]
	[69566,1]
	[69582,1]
	[69613,1]
	[69614,1]
	[69661,2]
	[69662,1]
	[69663,2]
	[69765,1]
	[69644,1]
	[69660,1]
	[294,89]
	[69723,2]
	[69709,2]
	[69755,3]
	[69756,5]
	[69903,1]
	[69904,1]
	[69784,1]
	[69785,1]
	[295,130]
	[69848,1]
	[69849,1]
	[69865,1]
	[69897,2]
	[70041,1]
	[69923,2]
	[69924,1]
	[69987,1]
	[296,45]
	[70018,1]
	[70020,1]
	[70033,1]
	[70034,1]
	[297,126]
	[70066,1]
	[298,93]
	[70113,1]
	[70162,1]
	[70209,1]
	[70227,1]
	[70272,1]
	[299,155]
	[70274,1]
	[70304,1]
	[70306,1]
	[70337,2]
	[70353,8]
	[70349,1]
	[70363,1]
	[70364,1]
	[70396,1]
	[70411,1]
	[70445,1]
	[300,115]
	[70523,1]
	[70503,1]
	[70519,2]
	[301,111]
	[70551,2]
	[70550,1]
	[70568,2]
	[70599,1]
	[70600,1]
	[70593,2]
	[70624,1]
	[70625,1]
	[70626,1]
	[302,149]
	[70672,1]
	[70673,1]
	[70743,1]
	[70714,3]
	[303,77]
	[70730,1]
	[70761,1]
	[70778,1]
	[70809,1]
	[70826,2]
	[70821,1]
	[70788,1]
	[304,160]
	[70819,1]
	[70835,2]
	[70850,1]
	[70883,1]
	[70898,1]
	[70874,1]
	[70921,2]
	[70922,1]
	[305,94]
	[70938,1]
	[70953,2]
	[70986,1]
	[71061,1]
	[71010,1]
	[306,118]
	[71073,1]
	[71059,2]
	[71058,1]
	[71074,1]
	[71091,3]
	[71122,1]
	[71171,1]
	[307,145]
	[71128,1]
	[71158,1]
	[71160,1]
	[71297,1]
	[71228,1]
	[71276,2]
	[71292,2]
	[71291,1]
	[71308,1]
	[71251,1]
	[308,82]
	[71377,1]
	[71376,1]
	[71313,2]
	[309,105]
	[71344,1]
	[71360,3]
	[71359,1]
	[71393,1]
	[71518,1]
	[71427,2]
	[310,116]
	[71444,1]
	[71443,2]
	[71459,1]
	[71507,1]
	[71523,1]
	[71539,1]
	[71510,1]
	[311,135]
	[71574,1]
	[71575,1]
	[71607,1]
	[71759,1]
	[71655,1]
	[312,150]
	[71672,1]
	[71688,1]
	[71704,1]
	[71720,1]
	[71737,1]
	[71883,1]
	[71884,4]
	[71765,1]
	[71766,1]
	[71781,2]
	[313,18]
	[71798,2]
	[71829,1]
	[71845,2]
	[71832,4]
	[314,71]
	[71865,1]
	[315,128]
	[71960,1]
	[72053,1]
	[316,131]
	[72069,1]
	[72085,1]
	[72133,1]
	[72134,1]
	[72147,1]
	[72130,1]
	[72144,1]
	[72161,2]
	[72162,2]
	[317,94]
	[72177,1]
	[72193,1]
	[72209,1]
	[72199,1]
	[72194,1]
	[318,128]
	[72227,1]
	[72226,2]
	[72258,1]
	[72290,1]
	[72279,1]
	[72286,3]
	[72317,1]
	[72318,2]
	[319,108]
	[72334,1]
	[72333,2]
	[72349,1]
	[72403,1]
	[72390,1]
	[72406,3]
	[72423,1]
	[320,95]
	[72438,1]
	[72454,1]
	[72470,1]
	[72483,1]
	[72464,4]
	[321,131]
	[72495,2]
	[72496,1]
	[72528,2]
	[72561,1]
	[72550,2]
	[72566,1]
	[72583,1]
	[322,88]
	[72614,1]
	[72706,1]
	[72689,1]
	[323,93]
	[72720,1]
	[72721,1]
	[72736,1]
	[72753,1]
	[72803,1]
	[72760,2]
	[324,160]
	[72775,1]
	[72791,1]
	[72807,1]
	[72823,1]
	[72824,1]
	[72839,2]
	[72916,1]
	[72864,1]
	[72878,1]
	[325,83]
	[72927,1]
	[72942,1]
	[72979,1]
	[72931,2]
	[326,108]
	[72946,1]
	[72962,3]
	[72978,1]
	[73105,2]
	[327,120]
	[73046,1]
	[73053,1]
	[73092,1]
	[73108,1]
	[73125,1]
	[73184,2]
	[73080,1]
	[73094,1]
	[73110,1]
	[328,57]
	[73142,1]
	[73143,1]
	[73158,1]
	[73295,2]
	[73191,2]
	[73208,1]
	[329,160]
	[73223,1]
	[73239,1]
	[73257,1]
	[73288,2]
	[73287,2]
	[73333,1]
	[73348,1]
	[73365,1]
	[330,36]
	[73381,1]
	[73397,1]
	[73383,3]
	[331,72]
	[73415,3]
	[332,102]
	[73447,1]
	[73465,1]
	[73464,1]
	[73511,1]
	[73555,1]
	[73556,1]
	[73557,1]
	[333,68]
	[73588,2]
	[73589,1]
	[73575,1]
	[334,81]
	[73632,1]
	[73615,1]
	[73614,1]
	[73630,1]
	[73647,2]
	[73678,2]
	[73725,1]
	[74055,1]
	[335,169]
	[73752,1]
	[73769,2]
	[73768,1]
	[73801,2]
	[73794,1]
	[336,71]
	[73825,1]
	[337,108]
	[73859,1]
	[73880,2]
	[73851,1]
	[73882,3]
	[73899,1]
	[73924,1]
	[339,74]
	[73936,1]
	[73937,5]
	[338,109]
	[73985,1]
	[73942,2]
	[73973,1]
	[73990,1]
	[340,115]
	[74091,1]
	[74073,2]
	[74104,2]
	[74090,2]
	[74119,1]
	[342,140]
	[74120,3]
	[74136,1]
	[74137,1]
	[341,82]
	[74169,1]
	[74227,1]
	[74159,1]
	[74158,1]
	[74190,1]
	[74189,2]
	[74206,2]
	[74205,1]
	[74222,1]
	[74272,1]
	[74191,1]
	[343,73]
	[74223,2]
	[74238,1]
	[74239,1]
	[74254,1]
	[74271,1]
	[345,96]
	[74301,2]
	[74317,1]
	[344,96]
	[74364,1]
	[74365,1]
	[74455,1]
	[74334,1]
	[74397,2]
	[74530,2]
	[74411,1]
	[346,99]
	[74443,1]
	[74459,1]
	[74474,2]
	[74491,1]
	[78114,1]
	[74640,3]
	[347,62]
	[74656,1]
	[74655,1]
	[74671,1]
	[74687,2]
	[74705,1]
	[74704,1]
	[74701,1]
	[74702,2]
	[349,101]
	[348,42]
	[74735,1]
	[74783,3]
	[74782,1]
	[74826,1]
	[74841,1]
	[350,83]
	[74872,1]
	[74873,1]
	[74874,1]
	[351,72]
	[74899,1]
	[74882,1]
	[74913,1]
	[74914,1]
	[74974,1]
	[74970,1]
	[352,127]
	[75001,2]
	[75018,1]
	[75002,1]
	[74993,1]
	[353,27]
	[75009,1]
	[75024,2]
	[75025,1]
	[354,107]
	[75108,1]
	[75111,2]
	[355,79]
	[75142,1]
	[75143,1]
	[75151,2]
	[356,83]
	[75148,1]
	[75137,1]
	[75136,2]
	[75152,1]
	[75183,1]
	[75185,1]
	[357,98]
	[75285,1]
	[75252,2]
	[358,59]
	[75284,3]
	[75312,4]
	[359,119]
	[75269,1]
	[75300,1]
	[75301,1]
	[75333,1]
	[75349,1]
	[75381,2]
	[75397,1]
	[75446,2]
	[75364,1]
	[75365,1]
	[360,37]
	[75382,2]
	[362,117]
	[361,97]
	[75412,1]
	[75413,3]
	[75474,5]
	[75399,1]
	[75429,1]
	[75532,1]
	[75427,3]
	[75606,6]
	[75487,1]
	[75503,1]
	[75504,1]
	[364,80]
	[75535,1]
	[75534,1]
	[75549,1]
	[75694,1]
	[75575,3]
	[75622,1]
	[75623,1]
	[75605,1]
	[366,98]
	[75654,1]
	[367,32]
	[75685,1]
	[75715,1]
	[368,80]
	[75748,1]
	[75747,1]
	[75763,1]
	[75759,1]
	[75726,1]
	[75727,1]
	[75774,1]
	[75835,1]
	[75816,1]
	[370,54]
	[75863,1]
	[369,94]
	[75865,1]
	[75841,1]
	[75856,1]
	[75857,3]
	[75872,1]
	[75927,6]
	[75897,1]
	[371,77]
	[75929,3]
	[372,37]
	[75960,1]
	[75956,1]
	[75921,1]
	[373,83]
	[75953,2]
	[75969,2]
	[374,38]
	[75943,1]
	[75975,1]
	[76065,4]
	[76014,5]
	[76031,2]
	[375,68]
	[76094,1]
	[76035,1]
	[376,55]
	[76051,1]
	[76066,1]
	[76067,1]
	[76171,1]
	[76103,2]
	[76117,1]
	[76135,1]
	[377,82]
	[76186,2]
	[76185,1]
	[76105,2]
	[76122,1]
	[379,52]
	[378,62]
	[76138,1]
	[76264,1]
	[76204,1]
	[76219,1]
	[76295,2]
	[76190,1]
	[76189,1]
	[76205,1]
	[76222,1]
	[380,68]
	[76358,1]
	[76254,1]
	[76270,1]
	[381,99]
	[76286,1]
	[76433,1]
	[76328,1]
	[76330,1]
	[76345,1]
	[76316,1]
	[76315,1]
	[383,52]
	[76348,1]
	[385,58]
	[384,48]
	[76424,2]
	[76425,1]
	[76441,1]
	[76452,1]
	[76420,4]
	[76419,1]
	[386,27]
	[76439,1]
	[387,110]
	[76451,5]
	[76470,1]
	[76445,1]
	[76446,1]
	[76514,1]
	[76485,2]
	[76502,4]
	[390,72]
	[389,50]
	[76492,1]
	[76493,2]
	[76494,3]
	[76509,1]
	[76525,1]
	[76526,1]
	[76484,1]
	[76483,1]
	[76498,1]
	[76623,1]
	[76572,1]
	[391,24]
	[76589,2]
	[392,44]
	[76638,1]
	[76578,1]
	[393,51]
	[76594,1]
	[76701,1]
	[76633,1]
	[76684,1]
	[76603,1]
	[394,37]
	[76619,1]
	[76620,1]
	[395,53]
	[76761,1]
	[76685,3]
	[396,60]
	[76700,1]
	[76759,1]
	[76655,1]
	[76654,1]
	[76669,1]
	[76805,1]
	[76703,1]
	[76702,2]
	[76733,2]
	[76895,1]
	[76896,1]
	[76777,1]
	[399,40]
	[76792,1]
	[76748,1]
	[76763,1]
	[400,17]
	[76808,1]
	[76824,2]
	[76823,1]
	[402,55]
	[76818,2]
	[76801,4]
	[76862,1]
	[76858,3]
	[404,57]
	[76849,2]
	[76871,1]
	[405,35]
	[76850,2]
	[76831,1]
	[407,61]
	[76829,1]
	[76802,1]
	[76887,1]
	[76852,1]
	[408,40]
	[76863,1]
	[76819,1]
	[76820,1]
	[409,1]
	[410,50]
	[76893,1]
	[76894,1]
	[76840,1]
	[76857,1]
	[76856,1]
	[76791,1]
	[411,24]
	[76899,2]
	[412,3]
	[76838,1]
	[413,39]
	[76804,1]
	[76936,1]
	[76833,1]
	[414,1]
	[415,35]
	[77114,1]
	[77115,1]
	[82393,1]
	[76996,1]
	[416,41]
	[76963,2]
	[76989,2]
	[418,38]
	[76966,1]
	[76965,2]
	[419,13]
	[76953,1]
	[76954,1]
	[421,35]
	[77012,1]
	[76973,1]
	[422,16]
	[76919,1]
	[76920,1]
	[424,17]
	[76923,1]
	[425,15]
	[76964,2]
	[427,12]
	[76926,1]
	[76907,1]
	[429,4]
	[76883,2]
	[76908,1]
	[81539,1]

1784,
	[124,1]
	[151,1]
	[100,2]
	[149,1]
	[225,1]
	[162,1]
	[112,1]
	[119,1]
	[135,1]
	[140,1]
	[148,1]
	[155,1]
	[176,1]
	[190,1]
	[200,1]
	[213,1]
	[259,1]
	[271,1]
	[274,1]
	[282,1]
	[284,1]
	[311,1]
	[388,1]
	[20718631,1]

1800,
	[2,44]
	[106,8]
	[4,88]
	[109,2]
	[41,3]
	[14,37]
	[6,52]
	[8,63]
	[13,33]
	[40,8]
	[9,31]
	[24,2]
	[11,52]
	[55,7]
	[15,33]
	[20,3]
	[17,14]
	[32,6]
	[19,4]
	[18,1]
	[21,3]
	[98,4]
	[23,9]
	[22,1]
	[77,5]
	[25,4]
	[27,6]
	[26,3]
	[28,3]
	[108,2]
	[29,3]
	[31,2]
	[3,35]
	[30,4]
	[33,1]
	[35,3]
	[34,4]
	[5,31]
	[50,5]
	[37,3]
	[36,5]
	[38,7]
	[7,33]
	[39,1]
	[42,2]
	[43,2]
	[72,5]
	[44,6]
	[45,2]
	[48,5]
	[47,4]
	[49,2]
	[76,6]
	[51,3]
	[52,4]
	[91,6]
	[70,3]
	[10,28]
	[53,3]
	[54,5]
	[145,10]
	[56,6]
	[93,8]
	[46,1]
	[12,50]
	[58,2]
	[87,4]
	[59,4]
	[60,2]
	[61,7]
	[62,5]
	[63,5]
	[65,5]
	[64,6]
	[66,4]
	[99,6]
	[82,6]
	[67,8]
	[100,4]
	[69,2]
	[68,2]
	[71,3]
	[75,2]
	[73,5]
	[74,2]
	[90,1]
	[78,1]
	[81,8]
	[80,2]
	[83,8]
	[86,5]
	[85,6]
	[84,2]
	[16,41]
	[88,2]
	[89,3]
	[92,1]
	[95,4]
	[94,1]
	[96,4]
	[97,6]
	[102,3]
	[116,3]
	[101,5]
	[119,3]
	[105,2]
	[115,5]
	[104,3]
	[120,8]
	[103,1]
	[107,4]
	[122,9]
	[110,4]
	[111,3]
	[112,3]
	[113,2]
	[114,6]
	[117,4]
	[126,8]
	[118,4]
	[121,7]
	[123,4]
	[124,3]
	[125,2]
	[127,5]
	[128,10]
	[133,11]
	[132,3]
	[134,4]
	[129,3]
	[130,4]
	[135,2]
	[131,4]
	[136,3]
	[137,5]
	[138,5]
	[139,10]
	[140,7]
	[142,11]
	[141,3]
	[144,9]
	[143,9]
	[147,8]
	[146,6]
	[148,11]
	[149,12]
	[150,4]
	[151,11]
	[152,8]
	[153,8]
	[154,5]
	[155,14]
	[156,5]
	[157,5]
	[158,4]
	[159,11]
	[160,8]
	[161,13]
	[162,16]
	[163,5]
	[164,7]
	[165,9]
	[166,10]
	[167,8]
	[169,16]
	[168,6]
	[171,11]
	[170,7]
	[173,4]
	[172,5]
	[174,9]
	[175,2]
	[176,7]
	[177,14]
	[178,13]
	[179,7]
	[180,12]
	[181,12]
	[182,9]
	[183,10]
	[184,8]
	[185,11]
	[186,8]
	[187,10]
	[188,4]
	[189,10]
	[190,7]
	[193,7]
	[191,12]
	[192,4]
	[194,10]
	[196,4]
	[195,6]
	[199,13]
	[197,14]
	[198,10]
	[200,7]
	[201,4]
	[202,10]
	[204,11]
	[203,8]
	[205,12]
	[206,8]
	[207,7]
	[208,3]
	[209,4]
	[210,12]
	[212,6]
	[211,7]
	[213,4]
	[214,5]
	[215,5]
	[216,11]
	[217,12]
	[218,8]
	[219,9]
	[220,13]
	[221,12]
	[222,12]
	[223,5]
	[224,6]
	[225,14]
	[226,5]
	[228,13]
	[229,16]
	[230,12]
	[231,12]
	[232,13]
	[233,7]
	[235,10]
	[234,11]
	[236,9]
	[227,2]
	[237,13]
	[238,15]
	[240,9]
	[239,8]
	[241,11]
	[242,6]
	[243,13]
	[244,3]
	[246,6]
	[245,4]
	[247,11]
	[248,6]
	[249,11]
	[251,19]
	[250,6]
	[252,11]
	[253,6]
	[254,15]
	[255,12]
	[256,13]
	[257,11]
	[258,8]
	[259,11]
	[260,10]
	[261,4]
	[262,13]
	[263,9]
	[264,10]
	[265,4]
	[266,13]
	[268,13]
	[267,6]
	[270,3]
	[269,6]
	[271,13]
	[272,7]
	[274,9]
	[273,10]
	[276,9]
	[275,2]
	[277,10]
	[278,6]
	[280,10]
	[279,4]
	[282,8]
	[281,2]
	[283,8]
	[284,6]
	[286,8]
	[285,19]
	[287,9]
	[288,9]
	[290,13]
	[289,5]
	[291,2]
	[292,4]
	[293,15]
	[294,6]
	[295,12]
	[297,11]
	[296,1]
	[299,10]
	[298,4]
	[300,9]
	[301,7]
	[302,9]
	[304,10]
	[303,3]
	[305,6]
	[306,9]
	[307,14]
	[308,8]
	[309,3]
	[310,7]
	[311,10]
	[312,10]
	[313,4]
	[314,8]
	[316,9]
	[315,5]
	[317,8]
	[319,12]
	[318,6]
	[320,6]
	[321,9]
	[322,7]
	[324,9]
	[323,5]
	[325,5]
	[326,8]
	[327,6]
	[328,11]
	[329,4]
	[330,4]
	[332,8]
	[331,3]
	[333,3]
	[334,3]
	[335,5]
	[336,5]
	[337,6]
	[339,2]
	[338,8]
	[340,7]
	[342,5]
	[341,4]
	[343,9]
	[345,3]
	[344,5]
	[346,8]
	[347,5]
	[348,2]
	[349,6]
	[350,4]
	[352,8]
	[351,4]
	[353,4]
	[354,11]
	[356,6]
	[355,6]
	[357,2]
	[359,12]
	[361,4]
	[363,5]
	[360,2]
	[362,6]
	[364,9]
	[365,2]
	[366,5]
	[368,4]
	[367,1]
	[370,2]
	[369,3]
	[371,4]
	[358,1]
	[373,5]
	[372,4]
	[374,1]
	[375,5]
	[377,5]
	[376,2]
	[378,3]
	[379,5]
	[380,2]
	[381,11]
	[385,4]
	[384,4]
	[383,5]
	[387,5]
	[386,2]
	[388,2]
	[389,5]
	[390,4]
	[382,2]
	[391,1]
	[393,7]
	[392,1]
	[395,4]
	[396,5]
	[398,2]
	[399,4]
	[57,1]
	[400,4]
	[394,1]
	[402,3]
	[404,7]
	[405,5]
	[407,2]
	[408,4]
	[410,6]
	[411,1]
	[397,1]
	[413,3]
	[415,2]
	[416,4]
	[418,1]
	[421,2]
	[422,1]
	[424,1]
	[427,2]
	[20745613,1]
	[19326936,1]
	[16747251,1]
	[15943555,1]
	[12590809,1]
	[11816647,1]
	[11602367,1]
	[5612949,1]
	[5612934,1]
	[3162813,1]
	[2419295,1]
	[1092442,1]
	[1009168,1]
	[10293,1]

1932,
	[474,1]
	[532,1]
	[2166,1]
	[2650,1]
	[2780,1]
	[3409,1]
	[3591,1]
	[3933,1]
	[4253,1]
	[7945,1]
	[9823,1]
	[14696,1]
	[15888,1]
	[18256,1]
	[19400,1]
	[20024,1]
	[23530,1]
	[31,1]
	[31255,1]
	[91,4]
	[17,2]
	[22,1]
	[33993,1]
	[73,1]
	[34538,1]
	[34534,1]
	[93,1]
	[61,1]
	[39058,1]
	[40593,1]
	[41050,1]
	[42149,1]
	[50,1]
	[43127,1]
	[44834,1]
	[41,3]
	[13,1]
	[146,4]
	[143,4]
	[50000,1]
	[149,1]
	[150,2]
	[95,1]
	[111,2]
	[120,1]
	[52703,1]
	[35,1]
	[154,1]
	[53892,1]
	[142,1]
	[144,1]
	[155,3]
	[54857,2]
	[54854,1]
	[52,1]
	[55297,1]
	[55769,1]
	[56030,1]
	[15,3]
	[164,3]
	[58665,1]
	[161,1]
	[145,2]
	[59469,1]
	[201,1]
	[60433,1]
	[210,1]
	[61269,1]
	[61483,1]
	[160,1]
	[81,1]
	[215,1]
	[219,2]
	[63014,1]
	[62,3]
	[53,1]
	[63975,1]
	[177,1]
	[183,1]
	[202,1]
	[203,2]
	[167,2]
	[234,3]
	[57,1]
	[92,2]
	[151,2]
	[153,1]
	[66607,1]
	[67117,1]
	[138,1]
	[67430,1]
	[211,1]
	[67925,1]
	[68148,1]
	[230,1]
	[178,2]
	[34,1]
	[103,1]
	[69786,1]
	[121,2]
	[188,1]
	[250,1]
	[69977,1]
	[70456,1]
	[70591,1]
	[70587,1]
	[47,1]
	[253,1]
	[70,1]
	[71181,1]
	[26,1]
	[235,1]
	[71405,1]
	[237,2]
	[275,2]
	[259,1]
	[269,1]
	[72890,1]
	[134,1]
	[204,1]
	[148,2]
	[228,1]
	[171,1]
	[216,2]
	[185,1]
	[74683,1]
	[231,2]
	[74824,1]
	[75095,1]
	[23,2]
	[75548,1]
	[184,1]
	[289,1]
	[162,1]
	[207,1]
	[223,1]
	[187,1]
	[189,1]
	[133,1]
	[77272,1]
	[48,1]
	[77341,1]
	[229,1]
	[283,1]
	[77803,1]
	[77798,1]
	[314,1]
	[169,1]
	[220,1]
	[247,2]
	[199,1]
	[64,1]
	[78674,1]
	[9,1]
	[279,1]
	[78718,1]
	[78971,1]
	[78969,1]
	[75,1]
	[214,1]
	[165,2]
	[298,2]
	[342,1]
	[80016,1]
	[3,1]
	[288,1]
	[80175,1]
	[222,1]
	[80332,1]
	[65,1]
	[301,1]
	[25,1]
	[80537,1]
	[348,1]
	[1,1]
	[287,1]
	[340,1]
	[196,2]
	[80793,1]
	[42,1]
	[124,1]
	[80977,1]
	[217,1]
	[71,1]
	[158,1]
	[302,2]
	[318,1]
	[81527,1]
	[81531,1]
	[19,1]
	[354,2]
	[225,1]
	[181,1]
	[285,1]
	[297,2]
	[198,1]
	[81918,2]
	[81937,1]
	[267,1]
	[82059,1]
	[82106,1]
	[332,1]
	[172,1]
	[383,1]
	[351,2]
	[82335,1]
	[310,1]
	[82385,1]
	[82467,1]
	[240,1]
	[370,1]
	[82749,1]
	[82831,1]
	[82829,1]
	[373,1]
	[346,1]
	[82935,1]
	[58,1]
	[82907,1]
	[400,1]
	[82995,1]
	[335,1]
	[82990,1]
	[307,1]
	[290,1]
	[326,1]
	[374,1]
	[264,1]
	[83096,1]
	[401,1]
	[236,1]
	[353,1]
	[358,1]
	[68,1]
	[83255,1]
	[392,1]
	[83309,1]
	[40,1]
	[369,1]
	[391,1]
	[125,1]
	[350,1]
	[362,1]
	[268,1]
	[83259,1]
	[367,1]
	[83223,1]

1908,
	[1243,1]
	[2027,1]
	[2051,1]
	[2166,2]
	[3,16]
	[5,14]
	[3431,1]
	[3572,1]
	[3591,1]
	[3736,1]
	[3916,1]
	[7,12]
	[4,10]
	[6,19]
	[6698,1]
	[6509,1]
	[10,31]
	[7341,1]
	[7339,2]
	[33,16]
	[7938,1]
	[21,14]
	[46,22]
	[2,14]
	[27,15]
	[11672,1]
	[11668,1]
	[30,15]
	[12297,1]
	[12295,1]
	[12869,1]
	[12879,1]
	[25,12]
	[8,21]
	[37,19]
	[14696,1]
	[26,8]
	[28,15]
	[15310,1]
	[15435,1]
	[15884,1]
	[17073,1]
	[35,15]
	[40,25]
	[38,19]
	[19020,1]
	[22,20]
	[49,23]
	[20022,1]
	[20594,1]
	[53,34]
	[57,32]
	[17,8]
	[331,108]
	[39,25]
	[21231,1]
	[60,32]
	[21832,1]
	[84,42]
	[64,37]
	[31,22]
	[56,32]
	[23524,1]
	[19,10]
	[50,32]
	[24113,1]
	[63,36]
	[72,33]
	[25207,1]
	[24910,1]
	[48,16]
	[25827,1]
	[25825,1]
	[52,27]
	[67,31]
	[32,11]
	[47,20]
	[27332,1]
	[27327,1]
	[27329,1]
	[27944,1]
	[34,8]
	[51,29]
	[59,22]
	[69,31]
	[81,42]
	[287,117]
	[87,56]
	[28928,1]
	[13,1]
	[29010,1]
	[28099,1]
	[55,22]
	[68,36]
	[83,41]
	[88,65]
	[62,35]
	[71,32]
	[80,38]
	[30059,1]
	[29633,1]
	[30058,1]
	[79,36]
	[91,45]
	[30313,1]
	[54,19]
	[65,40]
	[31252,1]
	[31253,1]
	[70,32]
	[31254,1]
	[85,54]
	[92,58]
	[96,53]
	[31822,1]
	[232,148]
	[234,178]
	[86,36]
	[93,53]
	[82,48]
	[31927,1]
	[78,22]
	[95,58]
	[101,43]
	[33463,1]
	[32535,1]
	[89,64]
	[97,46]
	[33063,1]
	[94,45]
	[98,43]
	[99,48]
	[105,52]
	[104,50]
	[58,30]
	[73,32]
	[35125,1]
	[111,61]
	[36455,1]
	[35556,1]
	[112,58]
	[113,61]
	[37025,1]
	[61,36]
	[20,10]
	[35651,1]
	[116,51]
	[36,20]
	[36152,1]
	[102,49]
	[37528,1]
	[100,56]
	[103,49]
	[114,60]
	[115,58]
	[14,3]
	[110,43]
	[118,63]
	[124,101]
	[38707,1]
	[38226,1]
	[117,58]
	[40043,1]
	[40037,1]
	[74,9]
	[38625,1]
	[122,69]
	[126,79]
	[128,59]
	[66,28]
	[106,37]
	[90,43]
	[41057,1]
	[120,69]
	[125,87]
	[130,78]
	[41570,1]
	[1,20]
	[18,7]
	[40179,1]
	[127,57]
	[131,59]
	[133,69]
	[123,73]
	[132,61]
	[24,6]
	[107,13]
	[576,1]
	[129,56]
	[136,80]
	[43133,1]
	[119,78]
	[43492,1]
	[42097,1]
	[135,75]
	[44001,1]
	[43124,1]
	[108,4]
	[44286,1]
	[29,16]
	[141,106]
	[44552,2]
	[43156,1]
	[140,38]
	[142,130]
	[143,150]
	[44834,1]
	[42979,1]
	[121,75]
	[45099,1]
	[44917,1]
	[44043,1]
	[134,74]
	[145,153]
	[45378,1]
	[44679,1]
	[146,150]
	[45575,1]
	[44757,1]
	[77,8]
	[109,6]
	[144,119]
	[148,137]
	[44524,1]
	[44042,1]
	[46183,1]
	[46180,2]
	[44799,1]
	[147,137]
	[46224,1]
	[41,8]
	[45058,1]
	[149,143]
	[152,144]
	[46717,1]
	[46713,1]
	[44846,1]
	[150,139]
	[46959,1]
	[45589,1]
	[45073,1]
	[46806,1]
	[186,148]
	[45845,1]
	[153,148]
	[154,134]
	[155,129]
	[45848,1]
	[137,60]
	[47528,1]
	[47042,1]
	[46604,1]
	[157,31]
	[852,1]
	[46257,1]
	[48382,1]
	[48712,1]
	[46865,1]
	[151,132]
	[47134,1]
	[158,109]
	[49249,1]
	[159,143]
	[49499,1]
	[47283,1]
	[156,28]
	[161,150]
	[162,128]
	[49764,1]
	[49357,1]
	[47915,1]
	[47534,1]
	[47532,1]
	[163,151]
	[49070,1]
	[48618,1]
	[48148,1]
	[160,147]
	[49367,1]
	[48048,1]
	[164,156]
	[165,153]
	[166,146]
	[1282,1]
	[48932,1]
	[167,131]
	[169,144]
	[51037,1]
	[50105,1]
	[49178,1]
	[51250,1]
	[16,2]
	[49049,1]
	[170,122]
	[50137,2]
	[51422,1]
	[49680,1]
	[171,161]
	[51770,1]
	[168,154]
	[51998,1]
	[51110,1]
	[50590,1]
	[50975,1]
	[49794,1]
	[50656,1]
	[172,151]
	[52255,1]
	[52253,1]
	[50845,1]
	[50388,1]
	[51899,1]
	[175,88]
	[51290,1]
	[176,162]
	[52956,1]
	[51977,1]
	[50738,1]
	[50483,2]
	[177,160]
	[178,164]
	[53401,2]
	[51999,1]
	[51548,1]
	[50915,1]
	[53637,1]
	[51421,5]
	[51847,1]
	[52282,1]
	[52577,1]
	[51165,1]
	[51167,1]
	[180,167]
	[53438,1]
	[449,1]
	[52032,1]
	[51401,1]
	[52699,1]
	[51617,1]
	[179,140]
	[182,154]
	[183,165]
	[52545,1]
	[52189,1]
	[52188,1]
	[173,39]
	[181,147]
	[53245,1]
	[53465,1]
	[52137,1]
	[54854,2]
	[53935,1]
	[53009,1]
	[52384,1]
	[184,147]
	[185,153]
	[52868,1]
	[139,7]
	[52598,1]
	[55302,1]
	[54375,1]
	[55298,1]
	[52843,1]
	[52842,1]
	[187,155]
	[55558,1]
	[55557,1]
	[53070,1]
	[55327,1]
	[55767,1]
	[188,143]
	[189,159]
	[56028,3]
	[783,1]
	[138,7]
	[53825,1]
	[56270,1]
	[55340,1]
	[54885,1]
	[54036,1]
	[53782,1]
	[53543,1]
	[53542,1]
	[174,16]
	[54822,2]
	[55518,1]
	[54213,1]
	[53972,1]
	[193,127]
	[56878,1]
	[56018,1]
	[56415,1]
	[54688,1]
	[54687,1]
	[54686,2]
	[54176,1]
	[194,179]
	[57142,1]
	[23,12]
	[56212,1]
	[55768,1]
	[54444,2]
	[195,139]
	[57395,1]
	[56474,1]
	[348,64]
	[55523,1]
	[54647,1]
	[196,160]
	[57611,1]
	[55741,1]
	[55376,1]
	[55106,1]
	[55043,1]
	[190,75]
	[197,156]
	[56401,1]
	[192,56]
	[198,147]
	[56136,1]
	[55506,1]
	[55249,1]
	[199,163]
	[57351,1]
	[56365,1]
	[57542,1]
	[58440,2]
	[56573,1]
	[56574,2]
	[56214,1]
	[201,138]
	[58688,1]
	[58463,1]
	[57245,1]
	[56430,1]
	[55919,1]
	[200,161]
	[202,153]
	[57439,1]
	[56983,1]
	[56608,1]
	[56098,2]
	[59039,1]
	[58193,1]
	[57192,1]
	[56818,1]
	[56578,1]
	[56674,1]
	[191,19]
	[203,183]
	[204,128]
	[58807,1]
	[57043,1]
	[57042,1]
	[56788,1]
	[56532,1]
	[205,160]
	[59469,1]
	[59466,1]
	[58548,1]
	[57250,1]
	[56996,1]
	[56757,1]
	[56756,1]
	[206,147]
	[59846,1]
	[58469,1]
	[57373,1]
	[60054,1]
	[58751,1]
	[57068,1]
	[209,70]
	[60433,1]
	[60434,1]
	[58216,1]
	[57704,1]
	[58236,1]
	[210,111]
	[60652,1]
	[60650,1]
	[45,4]
	[59271,1]
	[58435,1]
	[58162,1]
	[57890,1]
	[58244,1]
	[207,102]
	[211,146]
	[60853,1]
	[60407,1]
	[60851,1]
	[59942,1]
	[60852,1]
	[60854,1]
	[60554,1]
	[58654,1]
	[57886,1]
	[212,167]
	[61068,1]
	[58840,1]
	[58580,1]
	[58294,1]
	[213,133]
	[61088,1]
	[59875,1]
	[59073,1]
	[58812,3]
	[60774,1]
	[58718,1]
	[208,20]
	[214,151]
	[60570,1]
	[60202,1]
	[215,148]
	[60974,1]
	[59790,1]
	[59192,1]
	[58652,2]
	[217,137]
	[60484,1]
	[429,3]
	[59406,1]
	[59150,1]
	[58881,1]
	[216,137]
	[62075,1]
	[881,1]
	[59836,1]
	[60403,1]
	[59812,1]
	[218,146]
	[220,150]
	[61112,1]
	[60611,1]
	[60242,1]
	[59734,1]
	[59735,1]
	[59464,1]
	[219,137]
	[62655,1]
	[61740,1]
	[61273,1]
	[60406,1]
	[59914,1]
	[59644,1]
	[221,146]
	[62835,1]
	[61916,1]
	[61480,1]
	[59818,1]
	[222,129]
	[63007,1]
	[61151,1]
	[63009,1]
	[60789,1]
	[60534,1]
	[223,162]
	[63213,1]
	[62784,1]
	[409,30]
	[791,1]
	[61371,1]
	[61872,1]
	[63040,1]
	[60229,1]
	[60947,1]
	[60690,1]
	[60420,1]
	[60421,1]
	[60196,1]
	[226,20]
	[62924,1]
	[61956,1]
	[61584,1]
	[60803,1]
	[60563,3]
	[227,93]
	[62598,1]
	[61755,1]
	[61502,1]
	[61228,1]
	[60959,1]
	[224,139]
	[228,166]
	[64178,1]
	[605,1]
	[62331,1]
	[61724,1]
	[61195,1]
	[229,155]
	[64381,1]
	[64379,1]
	[62147,1]
	[61350,1]
	[62155,1]
	[62099,1]
	[61313,1]
	[225,33]
	[230,141]
	[231,157]
	[64421,1]
	[62023,1]
	[61483,1]
	[233,160]
	[62687,1]
	[61651,2]
	[62711,1]
	[235,133]
	[65120,2]
	[65121,1]
	[65122,1]
	[62904,1]
	[62409,1]
	[62154,1]
	[65169,1]
	[62826,1]
	[62577,1]
	[62336,1]
	[62051,1]
	[236,149]
	[64571,1]
	[65502,1]
	[64118,2]
	[63283,1]
	[63284,1]
	[62534,2]
	[238,158]
	[65696,1]
	[444,1]
	[347,64]
	[63465,1]
	[63813,1]
	[62683,1]
	[62413,1]
	[237,139]
	[65846,1]
	[65400,1]
	[63643,1]
	[63119,1]
	[62894,1]
	[62625,1]
	[239,143]
	[66057,1]
	[64209,1]
	[62789,2]
	[240,160]
	[64845,1]
	[699,1]
	[64020,1]
	[63763,1]
	[63254,1]
	[63255,1]
	[64211,1]
	[63686,1]
	[63175,1]
	[241,145]
	[64738,1]
	[63834,1]
	[66166,1]
	[63083,1]
	[66926,1]
	[66037,1]
	[64864,1]
	[64198,1]
	[63432,1]
	[243,25]
	[244,90]
	[67112,1]
	[64896,1]
	[64641,1]
	[64373,1]
	[63844,1]
	[63590,1]
	[242,35]
	[245,156]
	[65027,1]
	[64787,1]
	[64520,1]
	[64276,1]
	[64006,1]
	[246,169]
	[67429,1]
	[65199,1]
	[64432,2]
	[64146,1]
	[63890,2]
	[247,141]
	[67586,1]
	[66181,1]
	[64618,3]
	[66902,1]
	[66396,1]
	[65570,1]
	[65299,1]
	[65034,1]
	[64518,1]
	[64248,1]
	[248,151]
	[249,159]
	[250,158]
	[67921,1]
	[64399,1]
	[252,141]
	[67254,1]
	[65159,1]
	[64905,1]
	[64904,1]
	[64634,1]
	[66917,1]
	[66109,1]
	[66108,1]
	[65823,1]
	[65312,1]
	[65072,1]
	[64786,1]
	[253,148]
	[68476,1]
	[67085,1]
	[68374,1]
	[66631,1]
	[66630,1]
	[67925,1]
	[64986,1]
	[254,139]
	[255,154]
	[67340,1]
	[66778,1]
	[700,1]
	[65880,1]
	[65613,2]
	[65374,1]
	[251,127]
	[66334,1]
	[66076,1]
	[65569,1]
	[65315,1]
	[68985,1]
	[68983,1]
	[67116,1]
	[66497,1]
	[67789,1]
	[66241,1]
	[65700,1]
	[65446,1]
	[65445,1]
	[65444,1]
	[256,147]
	[66404,1]
	[258,144]
	[67958,1]
	[66612,2]
	[66085,1]
	[65830,1]
	[65831,1]
	[69501,1]
	[67626,1]
	[68648,1]
	[66773,1]
	[66233,1]
	[65978,1]
	[65982,1]
	[257,154]
	[42,1]
	[519,1]
	[67315,1]
	[67076,1]
	[66806,2]
	[66549,1]
	[66294,1]
	[69033,1]
	[261,80]
	[69979,1]
	[520,1]
	[67230,1]
	[66688,1]
	[66433,1]
	[66179,1]
	[259,65]
	[260,18]
	[262,157]
	[263,142]
	[69738,1]
	[68742,3]
	[826,1]
	[67911,1]
	[67912,1]
	[67642,1]
	[67417,1]
	[69866,1]
	[69371,1]
	[68446,1]
	[67813,1]
	[67305,1]
	[67045,1]
	[66520,1]
	[265,142]
	[266,161]
	[67949,1]
	[67461,1]
	[67199,1]
	[66690,1]
	[264,167]
	[68100,1]
	[67318,2]
	[67063,1]
	[67036,1]
	[267,137]
	[70590,1]
	[69778,1]
	[68218,3]
	[67962,1]
	[67700,1]
	[67452,1]
	[67197,2]
	[69974,1]
	[268,153]
	[269,151]
	[70751,1]
	[69012,1]
	[69583,1]
	[68398,1]
	[67882,1]
	[68592,1]
	[71021,1]
	[71014,1]
	[68542,2]
	[69019,1]
	[68272,1]
	[67746,1]
	[67236,1]
	[70798,1]
	[69307,1]
	[68692,1]
	[68178,1]
	[67671,1]
	[270,138]
	[272,138]
	[71296,1]
	[71293,1]
	[71084,1]
	[69907,1]
	[68806,2]
	[68551,1]
	[68010,1]
	[67515,2]
	[69495,1]
	[271,135]
	[708,1]
	[70012,2]
	[69190,1]
	[68695,1]
	[68438,1]
	[68169,1]
	[67930,1]
	[67675,3]
	[273,140]
	[71602,1]
	[71598,1]
	[69754,1]
	[69111,1]
	[68598,3]
	[68599,1]
	[67804,1]
	[274,139]
	[71499,1]
	[69493,1]
	[69238,1]
	[68999,1]
	[68472,1]
	[67963,1]
	[275,134]
	[69821,1]
	[69566,1]
	[69055,1]
	[68784,1]
	[68258,1]
	[72181,1]
	[71839,1]
	[68912,1]
	[68386,1]
	[68161,1]
	[278,59]
	[72434,1]
	[72432,1]
	[69958,1]
	[69704,1]
	[69464,1]
	[69195,1]
	[279,126]
	[72288,1]
	[72459,1]
	[70765,2]
	[346,8]
	[69841,1]
	[69349,1]
	[280,156]
	[72724,1]
	[72722,1]
	[71811,2]
	[71343,1]
	[70264,1]
	[69755,1]
	[69244,1]
	[68735,1]
	[68734,1]
	[281,147]
	[72888,1]
	[71035,1]
	[70114,1]
	[69859,1]
	[69348,1]
	[68822,1]
	[282,152]
	[283,153]
	[70281,4]
	[69792,2]
	[72800,1]
	[69261,1]
	[69021,1]
	[276,88]
	[70160,1]
	[69649,1]
	[69379,1]
	[284,122]
	[71896,1]
	[71050,1]
	[70532,2]
	[70014,2]
	[69240,1]
	[285,126]
	[286,150]
	[73409,1]
	[72498,1]
	[71546,1]
	[70695,1]
	[73183,1]
	[69659,1]
	[69404,1]
	[73554,2]
	[73553,2]
	[72189,1]
	[71675,1]
	[71314,1]
	[70278,1]
	[72816,1]
	[69774,1]
	[69504,1]
	[72780,2]
	[71801,1]
	[71802,1]
	[71209,1]
	[70955,1]
	[70685,2]
	[70441,1]
	[70175,1]
	[70174,1]
	[69919,1]
	[289,128]
	[73753,1]
	[72445,1]
	[432,1]
	[71960,2]
	[70814,1]
	[70286,1]
	[70287,1]
	[69793,1]
	[288,142]
	[73924,1]
	[73923,1]
	[72557,1]
	[72041,1]
	[70912,4]
	[70146,1]
	[69891,1]
	[290,135]
	[73780,2]
	[74053,1]
	[72699,1]
	[71308,1]
	[71307,1]
	[70795,1]
	[73540,1]
	[70256,1]
	[70002,1]
	[291,137]
	[74149,1]
	[71927,1]
	[71672,1]
	[70652,1]
	[70397,1]
	[70143,1]
	[71463,1]
	[292,144]
	[74301,1]
	[73412,3]
	[72961,1]
	[71588,1]
	[71078,1]
	[70807,1]
	[293,109]
	[74459,1]
	[72239,1]
	[71970,1]
	[71712,1]
	[72778,3]
	[71219,1]
	[70935,1]
	[70678,2]
	[74182,1]
	[277,17]
	[70169,1]
	[74507,1]
	[71698,3]
	[70932,1]
	[72381,1]
	[295,35]
	[296,99]
	[73898,1]
	[72972,1]
	[72348,1]
	[72075,1]
	[71805,3]
	[71566,1]
	[71313,1]
	[74579,1]
	[71040,1]
	[70768,1]
	[294,24]
	[74941,1]
	[73583,1]
	[73096,1]
	[72488,1]
	[72229,1]
	[72230,1]
	[71721,1]
	[71469,1]
	[71210,1]
	[70940,1]
	[297,143]
	[298,127]
	[73231,1]
	[72611,1]
	[73839,1]
	[71561,1]
	[71316,1]
	[70775,1]
	[299,138]
	[300,135]
	[74405,1]
	[72969,2]
	[71948,1]
	[71699,1]
	[71453,1]
	[71183,1]
	[70929,1]
	[75354,1]
	[15,3]
	[73975,1]
	[73121,1]
	[73029,1]
	[74221,1]
	[72340,1]
	[72279,1]
	[71558,1]
	[71287,1]
	[301,123]
	[74983,1]
	[74043,2]
	[73573,1]
	[72944,1]
	[72697,1]
	[73431,1]
	[71894,1]
	[71661,1]
	[71391,2]
	[71120,1]
	[303,138]
	[74163,1]
	[73328,1]
	[73081,1]
	[72308,1]
	[72046,1]
	[71541,1]
	[71272,1]
	[302,117]
	[73855,1]
	[73462,1]
	[73201,1]
	[72952,1]
	[72712,2]
	[72426,1]
	[72164,1]
	[71916,1]
	[73151,1]
	[73318,1]
	[72298,1]
	[72048,1]
	[72047,1]
	[71792,1]
	[71522,1]
	[304,135]
	[305,146]
	[306,110]
	[73709,2]
	[73435,1]
	[72658,1]
	[71877,1]
	[71622,1]
	[76010,2]
	[74181,1]
	[73809,2]
	[73059,1]
	[72789,2]
	[72024,1]
	[307,124]
	[75703,1]
	[74325,1]
	[73174,1]
	[72903,1]
	[72122,1]
	[71853,1]
	[308,122]
	[76270,1]
	[74054,1]
	[73798,1]
	[75256,1]
	[73528,1]
	[73289,1]
	[73034,1]
	[72522,1]
	[72268,1]
	[71998,1]
	[309,138]
	[334,97]
	[72905,1]
	[72649,1]
	[72123,1]
	[310,114]
	[75115,1]
	[74292,1]
	[74037,1]
	[73752,1]
	[72476,2]
	[72206,1]
	[71967,1]
	[312,15]
	[75825,1]
	[75318,5]
	[75084,1]
	[73990,1]
	[73749,1]
	[73223,1]
	[72187,1]
	[72186,1]
	[313,88]
	[314,117]
	[76854,1]
	[74988,1]
	[74383,1]
	[73586,1]
	[72820,1]
	[72550,1]
	[311,27]
	[315,139]
	[75533,1]
	[74356,1]
	[73666,2]
	[73668,1]
	[73159,1]
	[72901,1]
	[72631,2]
	[72376,1]
	[76132,1]
	[74810,1]
	[74555,1]
	[74289,1]
	[74044,3]
	[74623,1]
	[73759,1]
	[75249,1]
	[73253,1]
	[73008,1]
	[72467,1]
	[316,104]
	[317,131]
	[318,124]
	[77117,3]
	[77115,1]
	[76378,1]
	[75712,1]
	[74644,1]
	[74645,2]
	[74395,1]
	[73878,1]
	[73624,2]
	[73129,1]
	[72859,1]
	[72604,1]
	[75878,1]
	[1457,1]
	[74781,1]
	[74270,1]
	[74000,1]
	[73729,1]
	[73218,1]
	[72964,1]
	[72694,1]
	[77339,1]
	[76932,1]
	[408,32]
	[75122,2]
	[74852,1]
	[74086,1]
	[73306,1]
	[73051,1]
	[319,115]
	[320,127]
	[321,120]
	[76620,1]
	[75633,1]
	[75006,1]
	[74744,1]
	[74240,1]
	[73971,1]
	[73970,1]
	[73708,1]
	[76193,1]
	[73445,1]
	[72935,1]
	[72934,1]
	[77205,1]
	[75750,1]
	[75395,1]
	[75109,1]
	[74849,1]
	[74599,2]
	[74359,1]
	[73813,1]
	[73812,1]
	[73038,1]
	[322,113]
	[76763,1]
	[76306,1]
	[74463,1]
	[73932,1]
	[73427,1]
	[73426,1]
	[73156,1]
	[323,123]
	[324,115]
	[77800,1]
	[75582,1]
	[75312,1]
	[75039,2]
	[74770,1]
	[74276,1]
	[74003,1]
	[73734,2]
	[73495,2]
	[73240,1]
	[77455,1]
	[76487,1]
	[77867,1]
	[76015,1]
	[75411,1]
	[75152,2]
	[76580,1]
	[74884,1]
	[73864,1]
	[73354,2]
	[325,129]
	[75795,2]
	[75267,2]
	[74473,1]
	[73930,1]
	[73421,1]
	[326,114]
	[78061,1]
	[77620,1]
	[78059,2]
	[76680,1]
	[75606,1]
	[75079,1]
	[74825,2]
	[74585,1]
	[74329,1]
	[74059,1]
	[73550,1]
	[327,109]
	[78222,1]
	[76364,1]
	[76020,1]
	[75764,1]
	[75509,1]
	[74982,1]
	[74201,1]
	[73960,1]
	[73691,1]
	[328,39]
	[76099,1]
	[75844,1]
	[75604,1]
	[75063,1]
	[74809,1]
	[74569,1]
	[73774,1]
	[73518,1]
	[78473,1]
	[77103,1]
	[76612,2]
	[78147,1]
	[75493,1]
	[75236,1]
	[74981,1]
	[74457,1]
	[74215,1]
	[74216,1]
	[330,55]
	[77912,3]
	[75071,1]
	[74817,1]
	[74564,2]
	[74306,1]
	[74305,1]
	[74035,1]
	[73781,1]
	[77299,1]
	[76468,2]
	[76199,1]
	[75707,1]
	[75448,1]
	[75194,2]
	[74939,1]
	[74672,1]
	[74157,1]
	[73902,1]
	[329,7]
	[332,111]
	[333,96]
	[76605,1]
	[76320,1]
	[76321,5]
	[76080,1]
	[75553,1]
	[75283,2]
	[75028,1]
	[74532,1]
	[74247,1]
	[74246,1]
	[73991,1]
	[335,100]
	[78883,1]
	[77934,2]
	[78877,1]
	[77010,1]
	[76137,1]
	[75888,3]
	[75626,1]
	[75371,1]
	[75116,1]
	[78380,1]
	[74335,1]
	[74081,1]
	[78646,2]
	[77111,1]
	[76479,1]
	[75696,1]
	[75442,1]
	[74659,1]
	[74660,1]
	[336,112]
	[76532,1]
	[77186,1]
	[75240,1]
	[74977,1]
	[74729,1]
	[74203,2]
	[337,101]
	[76629,1]
	[76374,1]
	[76112,1]
	[75338,1]
	[75077,1]
	[74812,1]
	[74573,4]
	[74318,1]
	[338,102]
	[79202,1]
	[77340,1]
	[77988,1]
	[76725,1]
	[76455,1]
	[78770,1]
	[75928,1]
	[75704,1]
	[75419,1]
	[75157,2]
	[74892,1]
	[74893,1]
	[74653,1]
	[339,97]
	[79282,1]
	[77880,2]
	[77049,2]
	[76795,1]
	[76539,2]
	[76013,2]
	[75504,1]
	[74979,1]
	[74722,1]
	[74467,1]
	[340,101]
	[341,113]
	[79353,1]
	[77944,1]
	[77490,1]
	[77114,2]
	[76860,1]
	[76604,1]
	[76329,4]
	[75568,1]
	[75295,1]
	[75026,2]
	[74772,1]
	[74533,1]
	[79381,2]
	[77536,1]
	[76667,1]
	[75903,1]
	[75902,1]
	[75389,1]
	[75121,2]
	[74866,1]
	[74612,1]
	[342,84]
	[79520,1]
	[79521,1]
	[578,1]
	[78131,1]
	[77288,1]
	[76521,2]
	[79299,1]
	[76237,1]
	[75728,1]
	[74946,1]
	[74945,1]
	[74691,1]
	[343,108]
	[78664,1]
	[77334,1]
	[76584,1]
	[76314,1]
	[76060,1]
	[75805,1]
	[75040,1]
	[74784,1]
	[344,98]
	[79816,2]
	[79861,1]
	[78971,1]
	[78453,2]
	[77986,1]
	[77343,3]
	[77342,1]
	[76832,1]
	[76561,2]
	[76305,3]
	[75525,2]
	[75524,2]
	[75014,1]
	[75013,1]
	[345,55]
	[79904,1]
	[78073,1]
	[77673,1]
	[77417,6]
	[77161,2]
	[76923,4]
	[76382,1]
	[76110,1]
	[76149,1]
	[75603,1]
	[75347,1]
	[75092,1]
	[79740,1]
	[78181,1]
	[575,1]
	[77542,1]
	[77047,3]
	[76777,1]
	[76011,1]
	[75742,1]
	[75231,1]
	[74975,1]
	[80136,1]
	[78755,1]
	[78300,2]
	[76610,1]
	[76338,1]
	[76098,1]
	[76100,1]
	[75847,2]
	[75574,2]
	[75064,1]
	[349,101]
	[80175,1]
	[79263,2]
	[78781,1]
	[76,2]
	[79775,1]
	[78354,1]
	[815,1]
	[77976,9]
	[77716,1]
	[77208,2]
	[76697,1]
	[76427,1]
	[76187,1]
	[75920,2]
	[75405,1]
	[350,85]
	[78437,1]
	[78438,5]
	[938,1]
	[78064,1]
	[77804,1]
	[77871,1]
	[77011,1]
	[76466,1]
	[76225,1]
	[75716,1]
	[75446,1]
	[75190,2]
	[351,85]
	[78936,1]
	[77874,2]
	[77603,1]
	[76345,1]
	[76079,1]
	[352,95]
	[80449,1]
	[80447,1]
	[78237,1]
	[77975,3]
	[77704,1]
	[78595,1]
	[76922,1]
	[76653,1]
	[76397,1]
	[76133,2]
	[75872,1]
	[75632,1]
	[75362,1]
	[353,73]
	[80035,1]
	[79600,1]
	[78258,1]
	[78010,1]
	[79973,1]
	[78625,1]
	[77470,3]
	[77223,1]
	[76974,1]
	[76704,1]
	[76705,1]
	[76449,1]
	[75923,1]
	[75668,1]
	[75397,5]
	[354,93]
	[80536,2]
	[78327,1]
	[78078,1]
	[77823,1]
	[77553,1]
	[77306,1]
	[77042,1]
	[76787,1]
	[76006,1]
	[75767,1]
	[75512,1]
	[355,103]
	[80634,1]
	[78394,1]
	[77889,2]
	[77604,1]
	[77357,1]
	[77092,1]
	[77093,1]
	[76853,1]
	[76057,1]
	[75817,3]
	[75546,1]
	[75547,1]
	[356,110]
	[80665,1]
	[78443,1]
	[78208,1]
	[77953,1]
	[77683,2]
	[77439,3]
	[77172,2]
	[76917,1]
	[76662,1]
	[76136,1]
	[75881,1]
	[357,96]
	[358,104]
	[80432,1]
	[78033,2]
	[77763,3]
	[77503,1]
	[79080,1]
	[76982,4]
	[76742,1]
	[76200,2]
	[75944,1]
	[75946,1]
	[75691,1]
	[79878,1]
	[78050,1]
	[77780,1]
	[77537,1]
	[77269,1]
	[77014,1]
	[76759,1]
	[76500,1]
	[79614,1]
	[76233,1]
	[75978,1]
	[75708,2]
	[359,86]
	[80857,1]
	[80855,1]
	[79968,1]
	[79502,2]
	[78636,1]
	[78111,2]
	[77840,1]
	[77841,2]
	[77598,1]
	[80173,2]
	[77059,2]
	[76805,1]
	[76563,1]
	[76279,1]
	[76023,1]
	[75753,1]
	[360,78]
	[80887,2]
	[78665,1]
	[77901,1]
	[77659,1]
	[77390,3]
	[78872,1]
	[76881,2]
	[79275,2]
	[76640,1]
	[76370,3]
	[78335,1]
	[75845,1]
	[361,75]
	[80979,1]
	[80975,2]
	[430,1]
	[79133,1]
	[78261,4]
	[77751,5]
	[77480,1]
	[77225,3]
	[77224,3]
	[76954,2]
	[76458,1]
	[76204,1]
	[76203,3]
	[75933,1]
	[362,66]
	[81080,1]
	[79705,2]
	[79718,1]
	[80052,1]
	[77557,1]
	[77301,1]
	[77032,1]
	[76791,1]
	[76522,1]
	[76266,1]
	[75997,1]
	[75757,1]
	[75756,2]
	[364,18]
	[81218,1]
	[81203,1]
	[79330,2]
	[78447,2]
	[77936,1]
	[77668,2]
	[77141,1]
	[76886,1]
	[76632,2]
	[76106,1]
	[76105,1]
	[75865,1]
	[365,63]
	[366,85]
	[81251,1]
	[79875,1]
	[79403,2]
	[78779,1]
	[78235,1]
	[77743,1]
	[77198,1]
	[76943,1]
	[76707,1]
	[76434,1]
	[76163,1]
	[75924,1]
	[80861,1]
	[81290,1]
	[81292,1]
	[81001,3]
	[78838,1]
	[78579,1]
	[78069,1]
	[77818,3]
	[77817,1]
	[77559,1]
	[81066,1]
	[77035,1]
	[77034,2]
	[76782,1]
	[76523,1]
	[76253,1]
	[76014,1]
	[367,77]
	[80988,1]
	[80020,2]
	[78366,1]
	[78110,1]
	[77861,1]
	[77616,1]
	[77330,3]
	[77075,1]
	[76295,1]
	[76054,1]
	[368,90]
	[369,88]
	[80509,1]
	[78691,1]
	[80858,1]
	[78168,1]
	[77672,5]
	[78843,1]
	[76897,1]
	[76636,1]
	[76366,1]
	[76127,1]
	[80145,1]
	[80161,2]
	[79291,1]
	[78780,1]
	[78510,1]
	[78239,1]
	[77727,1]
	[77458,1]
	[77188,1]
	[76938,1]
	[76677,1]
	[76422,2]
	[79678,1]
	[79297,1]
	[79049,1]
	[78801,1]
	[78532,1]
	[77998,1]
	[77766,2]
	[76714,1]
	[76444,1]
	[76188,1]
	[371,82]
	[372,72]
	[81571,1]
	[79106,1]
	[78070,1]
	[77821,1]
	[77566,2]
	[77296,1]
	[77050,4]
	[76785,1]
	[76531,2]
	[76291,1]
	[370,85]
	[81673,1]
	[79831,1]
	[79438,1]
	[78686,1]
	[78139,1]
	[77651,1]
	[77366,1]
	[77119,1]
	[76855,1]
	[76599,1]
	[373,77]
	[81690,1]
	[79847,1]
	[79848,1]
	[79213,1]
	[78962,1]
	[78722,2]
	[78452,2]
	[78192,1]
	[78193,1]
	[77416,1]
	[77171,1]
	[76905,1]
	[76650,4]
	[374,67]
	[375,88]
	[9,2]
	[80401,1]
	[79281,1]
	[79280,3]
	[78228,1]
	[77719,1]
	[77207,1]
	[76940,1]
	[76431,1]
	[80873,1]
	[79961,5]
	[79062,1]
	[78569,5]
	[77533,1]
	[77337,1]
	[76767,1]
	[76497,1]
	[376,65]
	[377,69]
	[81887,1]
	[81885,1]
	[81886,2]
	[79414,1]
	[79130,1]
	[79274,1]
	[78619,1]
	[78362,2]
	[78092,1]
	[77837,1]
	[77568,1]
	[77341,1]
	[77057,1]
	[378,76]
	[80073,1]
	[79704,1]
	[79178,1]
	[78939,1]
	[78428,1]
	[78172,1]
	[77919,1]
	[77648,1]
	[76883,1]
	[76613,1]
	[77309,1]
	[379,54]
	[80577,1]
	[79016,1]
	[79014,2]
	[79015,2]
	[78745,1]
	[78233,1]
	[77978,1]
	[77708,1]
	[77469,1]
	[77212,1]
	[77213,3]
	[76957,3]
	[76687,1]
	[380,22]
	[82057,1]
	[79827,1]
	[79571,1]
	[79288,1]
	[79046,2]
	[78537,1]
	[78268,1]
	[78011,1]
	[77502,2]
	[77233,2]
	[76976,1]
	[76706,1]
	[363,13]
	[76451,1]
	[381,9]
	[82108,1]
	[82105,1]
	[80709,1]
	[79905,2]
	[79650,1]
	[78868,2]
	[77834,1]
	[77325,1]
	[77082,1]
	[76813,1]
	[76558,4]
	[383,67]
	[82198,2]
	[81748,1]
	[82194,1]
	[80330,1]
	[79980,1]
	[79457,2]
	[78928,2]
	[78162,2]
	[77638,2]
	[77385,2]
	[81837,1]
	[76856,2]
	[76601,2]
	[76602,3]
	[382,43]
	[82207,1]
	[80778,1]
	[80312,1]
	[79709,1]
	[79442,2]
	[80762,1]
	[78927,1]
	[78929,1]
	[78421,3]
	[77637,1]
	[77126,1]
	[384,58]
	[80867,1]
	[79767,2]
	[79255,1]
	[78970,1]
	[78715,1]
	[78465,1]
	[78220,2]
	[77935,1]
	[77414,1]
	[77184,2]
	[76899,1]
	[76643,1]
	[385,52]
	[386,53]
	[82251,1]
	[82246,1]
	[82245,1]
	[79776,1]
	[79526,1]
	[79010,1]
	[78756,1]
	[78506,2]
	[78260,1]
	[77990,1]
	[77736,1]
	[76699,1]
	[80476,1]
	[80118,1]
	[79336,1]
	[78284,1]
	[78030,1]
	[77495,3]
	[77494,1]
	[77249,1]
	[76994,1]
	[387,44]
	[82340,1]
	[1200,1]
	[75,2]
	[80124,1]
	[79591,1]
	[79357,1]
	[79088,1]
	[78817,1]
	[78555,1]
	[78052,1]
	[77781,1]
	[77518,2]
	[77517,1]
	[77270,1]
	[76729,3]
	[388,56]
	[389,51]
	[79927,1]
	[79665,1]
	[79664,2]
	[79416,1]
	[78891,1]
	[78629,1]
	[78364,1]
	[78124,1]
	[77854,1]
	[78749,1]
	[77592,1]
	[77089,1]
	[82090,1]
	[82327,1]
	[79719,1]
	[79470,1]
	[79230,1]
	[78946,1]
	[78683,1]
	[78419,2]
	[78194,2]
	[77909,1]
	[77647,1]
	[77398,3]
	[77142,6]
	[76857,1]
	[390,42]
	[82475,1]
	[82472,1]
	[80272,1]
	[80002,2]
	[79492,1]
	[79253,1]
	[79252,1]
	[78982,2]
	[78456,1]
	[78216,1]
	[77945,1]
	[77435,1]
	[77181,1]
	[77180,1]
	[76911,1]
	[391,66]
	[392,59]
	[80675,1]
	[80053,1]
	[78744,1]
	[78743,1]
	[78475,1]
	[78236,1]
	[77982,1]
	[77981,1]
	[77707,1]
	[77454,1]
	[77199,1]
	[77200,1]
	[80086,1]
	[80087,2]
	[79320,1]
	[78809,1]
	[78808,1]
	[78541,1]
	[78031,1]
	[77520,1]
	[77519,1]
	[77264,1]
	[76993,1]
	[393,61]
	[394,55]
	[82623,1]
	[80754,1]
	[80405,1]
	[79595,1]
	[80613,1]
	[79083,1]
	[78542,1]
	[80268,1]
	[78032,1]
	[77790,1]
	[77265,1]
	[76995,1]
	[76996,1]
	[395,49]
	[80751,1]
	[80151,1]
	[79895,1]
	[79626,1]
	[79371,2]
	[78605,1]
	[78097,1]
	[78095,8]
	[77839,2]
	[77584,2]
	[77061,1]
	[396,42]
	[82703,1]
	[82522,1]
	[81322,1]
	[80844,1]
	[80500,2]
	[80499,1]
	[79463,1]
	[78682,2]
	[78441,1]
	[78171,1]
	[77917,1]
	[77676,2]
	[77420,1]
	[77150,1]
	[397,19]
	[82763,1]
	[82162,1]
	[79751,1]
	[79494,1]
	[79240,1]
	[80980,1]
	[78717,1]
	[78474,2]
	[78205,1]
	[77680,1]
	[77423,1]
	[80484,1]
	[76898,1]
	[399,31]
	[82765,1]
	[80899,1]
	[80049,1]
	[79781,2]
	[79523,1]
	[78232,2]
	[77977,1]
	[77723,1]
	[77724,1]
	[78310,1]
	[400,37]
	[401,39]
	[82403,1]
	[82847,1]
	[81920,1]
	[81465,1]
	[80986,1]
	[80618,1]
	[80616,1]
	[81186,1]
	[80106,1]
	[79565,1]
	[79055,1]
	[78802,1]
	[78544,1]
	[78273,1]
	[77509,2]
	[77507,1]
	[76983,3]
	[82829,1]
	[80626,1]
	[80355,1]
	[79865,1]
	[79351,1]
	[79095,1]
	[78828,1]
	[78584,2]
	[78315,1]
	[77792,2]
	[77550,1]
	[77549,2]
	[77294,1]
	[77040,1]
	[402,40]
	[82799,1]
	[78853,1]
	[78624,1]
	[78083,2]
	[77574,2]
	[77573,1]
	[77304,1]
	[77048,1]
	[78967,1]
	[403,45]
	[404,41]
	[80674,1]
	[80404,1]
	[80164,1]
	[79915,1]
	[81480,1]
	[79653,1]
	[79398,1]
	[79143,1]
	[78107,1]
	[77842,1]
	[77581,1]
	[77326,1]
	[77071,2]
	[82933,1]
	[80186,1]
	[79920,1]
	[79132,1]
	[78622,1]
	[78367,1]
	[78098,1]
	[77832,1]
	[77571,1]
	[80391,1]
	[77331,1]
	[77060,1]
	[398,4]
	[405,34]
	[82039,1]
	[81060,1]
	[80698,1]
	[79663,1]
	[79662,1]
	[78874,1]
	[78627,1]
	[78371,1]
	[78100,1]
	[82569,1]
	[77319,3]
	[406,33]
	[407,36]
	[82906,1]
	[81973,1]
	[81505,1]
	[81520,1]
	[82607,1]
	[81061,1]
	[461,1]
	[80191,1]
	[79928,1]
	[79424,1]
	[79154,1]
	[78893,1]
	[78628,1]
	[78134,2]
	[77608,1]
	[77369,3]
	[80492,1]
	[79471,1]
	[79187,1]
	[79186,3]
	[78924,1]
	[78660,1]
	[77888,2]
	[77624,1]
	[77383,1]
	[77098,1]
	[77097,1]
	[82971,1]
	[82939,1]
	[80735,1]
	[80480,1]
	[79699,1]
	[79459,1]
	[79189,1]
	[78663,4]
	[78408,1]
	[78153,1]
	[77894,1]
	[77893,1]
	[77627,2]
	[77387,2]
	[77118,1]
	[410,32]
	[82983,1]
	[82984,1]
	[82985,1]
	[81126,1]
	[79967,1]
	[80545,1]
	[79206,1]
	[78931,1]
	[81585,1]
	[78409,1]
	[78170,1]
	[78169,2]
	[77895,1]
	[82955,1]
	[80619,1]
	[79219,2]
	[78961,1]
	[78694,1]
	[78183,2]
	[77925,1]
	[77657,1]
	[77419,1]
	[77418,5]
	[81102,1]
	[77147,1]
	[411,25]
	[412,25]
	[83032,1]
	[82109,1]
	[81185,1]
	[80796,1]
	[80795,1]
	[80029,1]
	[80028,1]
	[80840,1]
	[78197,1]
	[78198,4]
	[80738,1]
	[82685,1]
	[77956,1]
	[77671,1]
	[77431,3]
	[82995,1]
	[80776,1]
	[79757,1]
	[82342,1]
	[79247,3]
	[82204,1]
	[78737,1]
	[78482,1]
	[78226,1]
	[77701,1]
	[77460,1]
	[77192,1]
	[77190,1]
	[413,23]
	[81363,4]
	[80719,1]
	[80464,1]
	[80209,1]
	[79938,1]
	[79684,1]
	[79682,1]
	[79412,1]
	[82370,1]
	[78390,1]
	[79648,1]
	[78136,2]
	[77640,1]
	[414,7]
	[83231,1]
	[83232,1]
	[81838,1]
	[83233,1]
	[80743,1]
	[80250,1]
	[79439,1]
	[79440,1]
	[78674,1]
	[78420,1]
	[78164,1]
	[77368,1]
	[77113,2]
	[416,14]
	[83197,1]
	[82755,1]
	[81530,1]
	[80230,1]
	[79194,1]
	[78925,1]
	[78666,1]
	[78668,3]
	[78414,1]
	[78413,1]
	[78158,1]
	[77890,1]
	[77663,2]
	[77393,1]
	[77138,5]
	[418,27]
	[83254,2]
	[82963,1]
	[83252,1]
	[81037,1]
	[79727,2]
	[78965,1]
	[78692,1]
	[78182,1]
	[77655,1]
	[77384,2]
	[77130,1]
	[417,15]
	[81029,1]
	[80009,1]
	[79750,1]
	[79480,1]
	[81477,1]
	[78973,1]
	[78714,1]
	[78459,1]
	[78204,2]
	[77694,1]
	[419,20]
	[83282,1]
	[81052,1]
	[80792,2]
	[80507,1]
	[80251,3]
	[80000,1]
	[78949,1]
	[78704,1]
	[78434,1]
	[78178,1]
	[420,16]
	[421,10]
	[82808,1]
	[82372,1]
	[81859,1]
	[81415,1]
	[81057,2]
	[82929,1]
	[82667,1]
	[79777,1]
	[79507,1]
	[79268,1]
	[79002,1]
	[77966,1]
	[77705,1]
	[77451,1]
	[83305,1]
	[81095,1]
	[80832,1]
	[80563,1]
	[81962,1]
	[79511,1]
	[78991,2]
	[78728,1]
	[78490,1]
	[78219,1]
	[77954,1]
	[77183,1]
	[422,14]
	[83278,1]
	[82393,1]
	[80804,4]
	[80803,1]
	[80534,1]
	[80263,1]
	[80015,1]
	[80016,1]
	[79498,2]
	[79242,1]
	[78980,1]
	[78716,1]
	[80030,1]
	[78190,1]
	[77926,1]
	[77665,2]
	[77394,4]
	[423,15]
	[80790,1]
	[80535,1]
	[80266,1]
	[80019,1]
	[79754,1]
	[82493,1]
	[79244,1]
	[78718,2]
	[78479,2]
	[78225,1]
	[77963,1]
	[77697,6]
	[77442,1]
	[77444,1]
	[77204,1]
	[424,11]
	[83296,1]
	[80807,2]
	[80552,1]
	[79756,1]
	[82798,1]
	[79516,1]
	[79246,1]
	[82679,1]
	[78720,1]
	[79107,1]
	[78209,1]
	[77684,1]
	[77428,1]
	[77158,1]
	[77157,1]
	[425,15]
	[81025,1]
	[80789,1]
	[81963,2]
	[80265,2]
	[79499,1]
	[78984,1]
	[78719,1]
	[78463,1]
	[77965,2]
	[77443,3]
	[77189,1]
	[78392,1]
	[426,9]
	[427,8]
	[81928,1]
	[83310,1]
	[81074,1]
	[80037,1]
	[79769,1]
	[79515,1]
	[79001,1]
	[78733,2]
	[78224,1]
	[77696,1]
	[77441,1]
	[81376,1]
	[81010,1]
	[80758,1]
	[80518,1]
	[80247,1]
	[80005,1]
	[79737,1]
	[81355,1]
	[79482,1]
	[78969,2]
	[82371,1]
	[78701,1]
	[78446,1]
	[78176,2]
	[77410,1]
	[77155,1]
	[428,5]
	[81038,1]
	[80244,1]
	[79717,1]
	[79462,1]
	[79207,1]
	[78426,1]
	[77930,1]
	[77646,1]
	[77134,1]
	[77136,1]
	[83221,1]
	[81867,1]
	[81702,1]
	[81003,1]
	[79998,1]
	[79728,1]
	[79473,1]
	[78978,1]
	[78708,3]
	[82019,1]
	[77942,1]
	[77162,7]
	[82882,1]
	[51318,1]
	[26896,1]
	[36446,1]
	[42414,1]
	[24584,1]
	[37525,1]
	[84156,1]
	[61234,1]
	[87550,1]
	[41009,1]
	[71751,1]
	[47539,1]
	[79657,1]
	[94535,1]
	[100973,1]
	[81667,1]
	[38530,1]
	[55602,1]

1904,
	[3,62]
	[5,40]
	[7,49]
	[65,6]
	[33,9]
	[10,66]
	[4,35]
	[27,8]
	[42,9]
	[29,9]
	[23,6]
	[47,5]
	[30,8]
	[34,5]
	[6,66]
	[15,37]
	[53,6]
	[62,6]
	[21,9]
	[36,6]
	[57,12]
	[90,6]
	[50,7]
	[94,5]
	[95,3]
	[66,6]
	[9,32]
	[73,7]
	[96,3]
	[113,4]
	[84,3]
	[99,5]
	[18,6]
	[67,5]
	[56,7]
	[86,4]
	[122,7]
	[14,40]
	[59,8]
	[93,4]
	[106,6]
	[103,1]
	[68,5]
	[124,6]
	[17,12]
	[12,33]
	[69,4]
	[44,6]
	[2,40]
	[127,4]
	[55,7]
	[83,7]
	[107,1]
	[31,9]
	[11,38]
	[112,7]
	[129,5]
	[20,6]
	[78,3]
	[91,3]
	[116,3]
	[16,43]
	[137,3]
	[101,8]
	[25,9]
	[104,2]
	[149,10]
	[28,7]
	[61,9]
	[41,6]
	[142,8]
	[146,9]
	[72,8]
	[8,44]
	[79,3]
	[148,6]
	[87,4]
	[126,7]
	[125,7]
	[13,36]
	[128,2]
	[152,8]
	[156,5]
	[100,4]
	[37,5]
	[134,4]
	[150,8]
	[158,9]
	[109,4]
	[39,5]
	[160,5]
	[144,8]
	[140,4]
	[163,5]
	[46,8]
	[168,5]
	[162,7]
	[76,5]
	[166,3]
	[121,6]
	[32,6]
	[40,7]
	[49,9]
	[143,10]
	[135,5]
	[147,8]
	[164,9]
	[102,8]
	[153,7]
	[167,7]
	[145,6]
	[138,3]
	[176,9]
	[183,5]
	[74,8]
	[171,14]
	[177,7]
	[178,8]
	[180,12]
	[169,5]
	[185,13]
	[184,8]
	[118,4]
	[165,7]
	[48,3]
	[64,6]
	[186,8]
	[179,6]
	[188,11]
	[71,7]
	[194,11]
	[70,1]
	[114,3]
	[206,11]
	[161,6]
	[52,8]
	[187,11]
	[203,8]
	[174,5]
	[195,8]
	[170,9]
	[175,6]
	[201,16]
	[209,2]
	[19,4]
	[133,2]
	[81,4]
	[182,15]
	[63,4]
	[191,7]
	[215,14]
	[189,6]
	[221,16]
	[213,4]
	[218,11]
	[223,13]
	[157,7]
	[198,13]
	[207,8]
	[210,14]
	[119,6]
	[181,6]
	[196,8]
	[117,4]
	[97,4]
	[141,5]
	[54,8]
	[88,2]
	[151,7]
	[226,9]
	[228,6]
	[230,11]
	[105,2]
	[229,11]
	[193,11]
	[227,4]
	[190,5]
	[26,4]
	[130,3]
	[204,5]
	[205,9]
	[232,6]
	[233,8]
	[108,4]
	[200,5]
	[222,7]
	[231,11]
	[216,8]
	[239,10]
	[235,11]
	[214,13]
	[220,5]
	[234,12]
	[139,2]
	[173,6]
	[172,9]
	[244,10]
	[248,7]
	[212,8]
	[237,10]
	[219,8]
	[132,5]
	[246,7]
	[249,10]
	[22,5]
	[77,3]
	[136,5]
	[82,2]
	[202,4]
	[245,6]
	[253,14]
	[199,5]
	[242,7]
	[240,9]
	[241,14]
	[192,8]
	[159,6]
	[256,6]
	[35,4]
	[238,9]
	[236,5]
	[255,7]
	[261,6]
	[60,6]
	[265,7]
	[58,6]
	[263,6]
	[85,3]
	[257,10]
	[267,6]
	[260,9]
	[269,4]
	[155,6]
	[266,7]
	[271,10]
	[272,6]
	[278,5]
	[279,11]
	[268,9]
	[259,4]
	[243,9]
	[274,12]
	[247,1]
	[270,6]
	[251,4]
	[250,8]
	[281,5]
	[115,2]
	[287,7]
	[208,7]
	[224,4]
	[277,4]
	[290,6]
	[275,9]
	[276,9]
	[92,4]
	[273,9]
	[284,6]
	[296,8]
	[38,7]
	[286,16]
	[254,8]
	[294,6]
	[258,6]
	[283,6]
	[80,2]
	[293,9]
	[197,3]
	[292,8]
	[299,11]
	[304,9]
	[282,7]
	[302,10]
	[306,14]
	[262,10]
	[111,3]
	[154,3]
	[307,7]
	[264,5]
	[295,7]
	[308,11]
	[312,5]
	[303,3]
	[298,7]
	[313,11]
	[45,1]
	[297,5]
	[285,9]
	[315,9]
	[301,7]
	[51,1]
	[252,9]
	[305,10]
	[310,11]
	[217,9]
	[314,7]
	[325,3]
	[211,6]
	[317,7]
	[280,3]
	[311,10]
	[332,7]
	[321,8]
	[291,5]
	[309,6]
	[327,6]
	[338,5]
	[319,7]
	[300,3]
	[318,4]
	[336,5]
	[322,14]
	[331,12]
	[340,4]
	[288,5]
	[334,4]
	[289,5]
	[344,8]
	[123,2]
	[324,6]
	[337,6]
	[341,7]
	[329,3]
	[330,4]
	[348,8]
	[326,8]
	[328,7]
	[333,5]
	[320,7]
	[342,7]
	[352,3]
	[355,9]
	[350,4]
	[354,3]
	[24,1]
	[349,8]
	[335,4]
	[316,4]
	[362,9]
	[359,2]
	[225,2]
	[120,1]
	[356,6]
	[351,2]
	[363,2]
	[347,3]
	[360,10]
	[364,4]
	[372,3]
	[345,2]
	[339,5]
	[357,3]
	[366,7]
	[369,4]
	[371,4]
	[367,8]
	[382,3]
	[353,5]
	[358,3]
	[365,4]
	[343,3]
	[383,2]
	[389,5]
	[387,5]
	[375,1]
	[386,7]
	[346,2]
	[392,4]
	[98,3]
	[390,5]
	[131,1]
	[373,3]
	[396,2]
	[399,2]
	[361,4]
	[379,3]
	[395,2]
	[401,3]
	[323,2]
	[378,3]
	[391,2]
	[394,4]
	[368,4]
	[404,1]
	[75,1]
	[370,5]
	[400,2]
	[403,3]
	[413,2]
	[385,2]
	[388,2]
	[377,1]
	[397,2]
	[407,3]
	[384,3]
	[406,2]
	[411,3]
	[412,1]
	[381,1]
	[419,2]
	[424,1]
	[402,3]
	[405,2]
	[425,2]
	[416,1]
	[423,2]
	[374,1]
	[380,1]
	[420,1]
	[421,1]

1824,
	[3,5]
	[2,1]
	[4,3]
	[5,5]
	[6,5]
	[30,2]
	[7,3]
	[8,3]
	[34,4]
	[9,6]
	[10,3]
	[11,6]
	[12,5]
	[13,2]
	[14,1]
	[16,3]
	[15,3]
	[18,2]
	[19,2]
	[20,4]
	[23,3]
	[25,4]
	[24,6]
	[26,2]
	[27,4]
	[28,6]
	[29,5]
	[59,7]
	[57,9]
	[33,3]
	[35,3]
	[39,5]
	[38,3]
	[37,4]
	[43,4]
	[46,5]
	[45,2]
	[49,3]
	[50,5]
	[51,3]
	[53,2]
	[55,5]
	[54,1]
	[58,5]
	[61,7]
	[62,2]
	[65,4]
	[67,3]
	[66,2]
	[68,3]
	[69,2]
	[17,6]
	[21,3]
	[22,3]
	[31,1]
	[32,2]
	[42,4]
	[44,4]
	[47,3]
	[48,2]
	[63,3]
	[64,1]
	[52,3]
	[56,1]

1952,
	[2,2]
	[5,2]
	[22,1]
	[6,2]
	[26,2]
	[52,1]
	[8,2]
	[11,1]
	[23,1]
	[56,1]
	[4,2]
	[14,2]
	[17,1]
	[12,1]

1892,
	[69,1]
	[158,3]
	[53,1]
	[111,1]
	[192,1]
	[193,1]
	[106,2]
	[71,1]
	[176,1]
	[38,2]
	[313,1]
	[261,1]
	[244,1]
	[141,1]
	[88,1]

1856,
	[9,1]

2028,
	[2,9]
	[11608,1]

2032,
	[2,11]
	[88,1]
	[386,1]
	[49,1]
	[29,1]
	[93,1]
	[70,1]
	[435,1]
	[108,1]

2016,
	[14,1]
	[15,1]
	[16,1]
	[34,1]

2196,
	[2,4]

2144,
	[2,10]
	[25,1]
	[124,1]

2140,
	[2,3]

len(carl_order):
51
Printing carl assignment order:
2196,2,0.5
2140,2,0.5
2028,2,0.45
2144,2,0.4166666666666667
2032,2,0.2894736842105263
1856,9,0.1111111111111111
1952,8,0.07246376811594203
1952,26,0.06976744186046512
2016,34,0.05063291139240506
1952,56,0.03571428571428571
1824,69,0.028900255754475704
2144,25,0.021739130434782608
1904,10,0.015114051889256486
1904,16,0.015038092083471347
1800,12,0.014376453241082061
1800,16,0.013859480269489894
2144,124,0.010101010101010102
2032,108,0.009419152276295133
1892,313,0.007105459985041137
1800,17,0.005588822355289421
1904,425,0.005162006762662641
1800,427,0.004825920081048961
1784,388,0.004746835443037975
1908,425,0.003752954292475722
1804,425,0.0037121600104088933
1908,426,0.003497862417411582
1932,1,0.003389830508474576
2032,435,0.003305785123966942
1908,427,0.0031201248049922
1932,374,0.0026761325032238384
1804,427,0.0021291696238466998
1908,428,0.0019561815336463224
1932,401,0.001859427296392711
1908,429,0.0011760094080752645
1804,429,0.0007127583749109052
1908,430,0.0003924646781789639
1908,432,0.00019630938358853554
1932,532,0.00015976993129892953
2028,11608,8.616232982939858e-05
1908,449,4.6213924255378144e-05
1908,461,3.275681341719078e-05
1932,4253,2.042096357775282e-05
1804,82393,1.897858424584064e-05
1908,578,1.6811865141942578e-05
1932,83309,1.6761597676958158e-05
1908,605,1.4593001196626098e-05
1908,100973,1.416565511400446e-05
1800,10293,7.239871419883583e-06
1800,1092442,1.4301381449091766e-07
1800,20745613,9.686141967123526e-08
1784,20718631,4.826664114326683e-08
bin_width: 4158953
assigning lease 2 to address 2196
Average Cache Occupancy Per Bin: [0.0,0.0,0.0,0.0,0.00]
Total cost: 0
assigning lease 2 to address 2140
Average Cache Occupancy Per Bin: [0.0,0.0,0.0,0.0,0.00]
Total cost: 0
assigning lease 2 to address 2028
Average Cache Occupancy Per Bin: [0.0,0.0,0.0,0.0,0.00]
Total cost: 0
assigning lease 2 to address 2144
Average Cache Occupancy Per Bin: [0.0,0.0,0.0,0.0,0.00]
Total cost: 0
assigning lease 2 to address 2032
Average Cache Occupancy Per Bin: [0.0,0.0,0.0,0.0,0.00]
Total cost: 0
assigning lease 9 to address 1856
Average Cache Occupancy Per Bin: [0.0,0.0,0.00,0.0,0.00]
Total cost: 0
assigning lease 8 to address 1952
Average Cache Occupancy Per Bin: [0.00,0.00,0.00,0.00,0.00]
Total cost: 9472.0
assigning lease 26 to address 1952
Average Cache Occupancy Per Bin: [0.00,0.00,0.00,0.00,0.00]
Total cost: 22272.0
assigning lease 34 to address 2016
Average Cache Occupancy Per Bin: [0.00,0.00,0.00,0.00,0.01]
Total cost: 22272.0
assigning lease 56 to address 1952
Average Cache Occupancy Per Bin: [0.00,0.00,0.00,0.00,0.01]
Total cost: 28928.0
assigning lease 69 to address 1824
Average Cache Occupancy Per Bin: [0.24,0.14,0.05,0.03,0.02]
Total cost: 1019392.0
assigning lease 25 to address 2144
Average Cache Occupancy Per Bin: [0.24,0.14,0.05,0.03,0.02]
Total cost: 1019392.0
assigning lease 10 to address 1904
Average Cache Occupancy Per Bin: [0.38,0.37,0.39,0.50,0.62]
Total cost: 1584896.0
assigning lease 16 to address 1904
Average Cache Occupancy Per Bin: [0.44,0.49,0.57,0.74,0.94]
Total cost: 1861120.0
assigning lease 12 to address 1800
Average Cache Occupancy Per Bin: [1.29,1.04,0.98,0.98,1.06]
Total cost: 5376256.0
assigning lease 16 to address 1800
Average Cache Occupancy Per Bin: [1.53,1.21,1.11,1.05,1.10]
Total cost: 6376448.0
assigning lease 124 to address 2144
Average Cache Occupancy Per Bin: [1.53,1.21,1.11,1.05,1.10]
Total cost: 6376448.0
assigning lease 108 to address 2032
Average Cache Occupancy Per Bin: [1.53,1.21,1.11,1.05,1.14]
Total cost: 6376448.0
assigning lease 313 to address 1892
Average Cache Occupancy Per Bin: [1.55,1.24,1.15,1.09,1.17]
Total cost: 6476544.0
assigning lease 17 to address 1800
Average Cache Occupancy Per Bin: [1.61,1.28,1.18,1.11,1.18]
Total cost: 6716928.0
assigning lease 425 to address 1904
Average Cache Occupancy Per Bin: [2.34,3.77,6.10,9.17,13.3]
Total cost: 9762048.0
assigning lease 427 to address 1800
Average Cache Occupancy Per Bin: [8.31,12.1,14.2,14.9,16.6]
Total cost: 34573824.0
assigning lease 388 to address 1784
Average Cache Occupancy Per Bin: [8.44,12.1,14.3,14.9,16.7]
Total cost: 35133440.0
assigning lease 425 to address 1908
Average Cache Occupancy Per Bin: [26.1,64.8,113.,173.,250.]
Total cost: 108564736.0
assigning lease 425 to address 1804
Average Cache Occupancy Per Bin: [149.,216.,254.,282.,295.]
Total cost: 622989568.0
assigning lease 426 to address 1908
Average Cache Occupancy Per Bin: [149.,216.,255.,282.,295.]
Total cost: 623043072.0
assigning lease 1 to address 1932
Average Cache Occupancy Per Bin: [149.,216.,255.,282.,295.]
Total cost: 623058176.0
assigning lease 435 to address 2032
Average Cache Occupancy Per Bin: [149.,216.,255.,282.,295.]
Total cost: 623058176.0
assigning lease 427 to address 1908
Average Cache Occupancy Per Bin: [149.,216.,255.,282.,295.]
Total cost: 623111680.0
assigning lease 374 to address 1932
Average Cache Occupancy Per Bin: [150.,217.,255.,283.,296.]
Total cost: 627077888.0
assigning lease 427 to address 1804
Average Cache Occupancy Per Bin: [150.,217.,255.,283.,296.]
Total cost: 627643648.0
assigning lease 428 to address 1908
Average Cache Occupancy Per Bin: [150.,217.,255.,283.,296.]
Total cost: 627697152.0
assigning lease 401 to address 1932
Average Cache Occupancy Per Bin: [150.,217.,255.,283.,296.]
Total cost: 627945984.0
assigning lease 429 to address 1908
Average Cache Occupancy Per Bin: [150.,217.,255.,283.,296.]
Total cost: 627999488.0
assigning lease 429 to address 1804
Average Cache Occupancy Per Bin: [151.,217.,255.,283.,296.]
Total cost: 628565248.0
assigning lease 430 to address 1908
Average Cache Occupancy Per Bin: [151.,217.,255.,283.,297.]
Total cost: 628618752.0
assigning lease 432 to address 1908
Average Cache Occupancy Per Bin: [151.,217.,256.,283.,297.]
Total cost: 628725760.0
assigning lease 532 to address 1932
Average Cache Occupancy Per Bin: [151.,217.,256.,283.,297.]
Total cost: 629918208.0
assigning lease 11608 to address 2028
Average Cache Occupancy Per Bin: [151.,217.,256.,283.,297.]
Total cost: 629918208.0
assigning lease 449 to address 1908
Average Cache Occupancy Per Bin: [151.,217.,256.,284.,298.]
Total cost: 630827776.0
assigning lease 461 to address 1908
Average Cache Occupancy Per Bin: [151.,218.,256.,284.,299.]
Total cost: 631466752.0
assigning lease 4253 to address 1932
Average Cache Occupancy Per Bin: [159.,220.,260.,288.,304.]
Total cost: 662065152.0
addr: 1804 ri: 82393
bin target: 2129383936
	bin: 0.0 current capacity: 159.19034237703576  avg impact: 2114.6154121001127
	bin: 1.0 current capacity: 220.85484688093374  avg impact: 2576.0082751596374
	bin: 2.0 current capacity: 260.1477516095998  avg impact: 2120.603319152681
	bin: 3.0 current capacity: 288.09275411383584  avg impact: 1553.212208938163
	bin: 4.0 current capacity: 304.1294672000381  avg impact: 723.3924038093242
num_full_bins: 0
printing bin ranks sorted:
	bin: 1.0 rank: 0.11302182369776112
	selecting this^ bin
	bin: 2.0 rank: 0.11876443185566245
	bin: 3.0 rank: 0.14415753661840963
	bin: 0.0 rank: 0.16684341540506142
	bin: 4.0 rank: 0.2873551501305972
acceptable_ratio: 0.11302182369776112
Assigning 1804 dual lease lease 82393 * 0.11302182369776112. Bin saturation: [398.,512.,499.,463.,385.]
addr: 1908 ri: 578
bin target: 2129383936
	bin: 1.0 current capacity: 512.0  avg impact: 2.398203586335311
num_full_bins: 1
printing bin ranks sorted:
	bin: 1.0 rank: 0.0
acceptable_ratio: 0
addr: 1932 ri: 83309
bin target: 2129383936
	bin: 1.0 current capacity: 512.0  avg impact: 43.980238295551786
	bin: 2.0 current capacity: 499.82220607976114  avg impact: 59.220689437942674
	bin: 3.0 current capacity: 463.63963055765504  avg impact: 65.0797025116658
num_full_bins: 1
printing bin ranks sorted:
	bin: 1.0 rank: 0.0
	bin: 2.0 rank: 0.20563411260181194
	bin: 3.0 rank: 0.7430945068268588
acceptable_ratio: 0
addr: 1908 ri: 605
bin target: 2129383936
	bin: 1.0 current capacity: 512.0  avg impact: 2.951635183181921
num_full_bins: 1
printing bin ranks sorted:
	bin: 1.0 rank: 0.0
acceptable_ratio: 0
addr: 1908 ri: 100973
bin target: 2129383936
	bin: 0.0 current capacity: 398.18803267198314  avg impact: 497.55741120421413
	bin: 1.0 current capacity: 512.0  avg impact: 1232.7365353732057
	bin: 2.0 current capacity: 499.82220607976114  avg impact: 1951.2288751519914
	bin: 3.0 current capacity: 463.63963055765504  avg impact: 3190.1638320990883
	bin: 4.0 current capacity: 385.8885959276751  avg impact: 4174.85209186062
num_full_bins: 1
printing bin ranks sorted:
	bin: 1.0 rank: 0.0
	bin: 2.0 rank: 0.00624108943615866
	bin: 3.0 rank: 0.015159211873618558
	bin: 4.0 rank: 0.0302073944890633
	bin: 0.0 rank: 0.22874137690475407
acceptable_ratio: 0
assigning lease 10293 to address 1800
Average Cache Occupancy Per Bin: [398.,512.,499.,463.,394.]
Total cost: 1656045313.0452423
addr: 1800 ri: 1092442
bin target: 2129383936
	bin: 1.0 current capacity: 512.0  avg impact: 0.0
	bin: 4.0 current capacity: 394.3906742151672  avg impact: 860.8112974587594
num_full_bins: 1
printing bin ranks sorted:
	bin: 4.0 rank: 0.13662614109739576
acceptable_ratio: 0
addr: 1800 ri: 20745613
bin target: 2129383936
	bin: 1.0 current capacity: 512.0  avg impact: 0.0
	bin: 4.0 current capacity: 394.3906742151672  avg impact: 7851.1433815193395
num_full_bins: 1
printing bin ranks sorted:
	bin: 4.0 rank: 0.014979897840315998
acceptable_ratio: 0
addr: 1784 ri: 20718631
bin target: 2129383936
	bin: 1.0 current capacity: 512.0  avg impact: 0.0
	bin: 4.0 current capacity: 394.3906742151672  avg impact: 1275.289768362374
num_full_bins: 1
printing bin ranks sorted:
	bin: 4.0 rank: 0.09222164930865663
acceptable_ratio: 0
Final saturation:
	0.0,1656045313.0452423
	1.0,2129383936.0
	2.0,2078737063.442041
	3.0,1928255432.426651
	4.0,1640252277.6991923
DUMP LEASES
0, 70c, 1ad, 141d9, 0.8869781763022389 
0, 6f8, 184, 0, 1 
0, 708, 2835, 0, 1 
0, 78c, 109d, 0, 1 
0, 774, 1cd, 0, 1 
0, 770, 1a9, 0, 1 
0, 720, 45, 0, 1 
0, 7a0, 38, 0, 1 
0, 764, 139, 0, 1 
0, 740, 9, 0, 1 
0, 7ec, 2d58, 0, 1 
0, 7f0, 1b3, 0, 1 
0, 7e0, 22, 0, 1 
0, 894, 2, 0, 1 
0, 860, 7c, 0, 1 
0, 85c, 2, 0, 1 
Dump dual leases

