sample rate: 0.00390625
1372,
	[2,3]
	[8,1]
	[24,2]
	[12,6]
	[42,1]
	[23,1]
	[31,1]
	[68,3]
	[47,1]
	[98,1]
	[38,3]
	[25,4]
	[129,2]
	[5,2]
	[101,1]
	[141,1]
	[110,1]
	[15,3]
	[87,2]
	[21,2]
	[156,2]
	[102,3]
	[7,3]
	[429,1]
	[120,1]
	[22539,1]
	[17,2]
	[138,2]
	[92,1]
	[118,3]
	[111,1]
	[155,2]
	[13,4]
	[59,1]
	[89,2]
	[137,1]
	[180,1]
	[135,2]
	[16,2]
	[185,2]
	[124,1]
	[26,1]
	[88,2]
	[86,3]
	[167,2]
	[90,2]
	[296,3]
	[162,1]
	[3,9]
	[19318,1]
	[20114,1]
	[267,1]
	[10,1]
	[132,2]
	[196,3]
	[198,1]
	[85,1]
	[187,1]
	[30,1]
	[220,3]
	[107,3]
	[227,1]
	[67,1]
	[84,1]
	[244,2]
	[225,1]
	[121,2]
	[115,1]
	[144,1]
	[188,1]
	[147,2]
	[177,4]
	[252,2]
	[103,1]
	[46,1]
	[191,1]
	[258,2]
	[142,1]
	[218,1]
	[236,1]
	[9,5]
	[221,1]
	[30078,1]
	[18,2]
	[72,1]
	[246,2]
	[278,1]
	[251,4]
	[276,1]
	[11,8]
	[32,2]
	[19,1]
	[112,1]
	[301,2]
	[105,2]
	[226,2]
	[234,1]
	[134,2]
	[140,1]
	[249,1]
	[131,1]
	[161,1]
	[299,2]
	[81,2]
	[149,2]
	[183,1]
	[594,1]
	[217,1]
	[238,2]
	[257,2]
	[295,2]
	[49,2]
	[206,1]
	[245,2]
	[284,1]
	[208,3]
	[313,1]
	[266,1]
	[309,1]
	[62,1]
	[334,2]
	[33,1]
	[273,1]
	[265,1]
	[455,2]
	[281,1]
	[291,1]
	[308,2]
	[293,2]
	[324,1]
	[352,2]
	[94,2]
	[211,2]
	[184,3]
	[56,2]
	[50,1]
	[78,1]
	[351,1]
	[145,1]
	[361,1]
	[179,1]
	[247,2]
	[367,3]
	[207,2]
	[318,2]
	[233,3]
	[282,3]
	[248,2]
	[327,1]
	[139,2]
	[178,2]
	[262,2]
	[193,1]
	[383,1]
	[125,2]
	[311,1]
	[260,1]
	[153,1]
	[108,1]
	[172,3]
	[6,2]
	[317,1]
	[382,3]
	[335,1]
	[344,2]
	[381,1]
	[347,2]
	[41,2]
	[194,1]
	[283,1]
	[255,1]
	[20,1]
	[75613,1]
	[40,2]
	[199,1]
	[369,2]
	[402,2]
	[52,1]
	[182,1]
	[417,1]
	[300,1]
	[328,1]
	[424,1]
	[95,1]
	[271,2]
	[80,1]
	[374,1]
	[202,1]
	[350,2]
	[372,1]
	[224,1]
	[174,1]
	[287,1]
	[396,2]
	[285,1]
	[150,1]
	[231,1]
	[392,1]
	[209,1]
	[197,1]
	[323,2]
	[205,1]
	[288,1]
	[341,1]
	[394,1]
	[166,1]
	[75,2]
	[212,2]
	[232,1]
	[253,2]
	[97,2]
	[356,1]
	[414,1]
	[306,1]
	[388,1]
	[312,2]
	[447,1]
	[473,2]
	[100206,1]
	[215,1]
	[171,1]
	[186,1]
	[330,1]
	[477,1]
	[109,1]
	[468,1]
	[449,1]
	[492,1]
	[375,2]
	[310,1]
	[415,1]
	[436,1]
	[53,1]
	[430,1]
	[277,1]
	[133,2]
	[346,2]
	[481,1]
	[213,1]
	[151,1]
	[203,1]
	[36,1]
	[200,1]
	[189,1]
	[349,1]
	[510,1]
	[223,1]
	[254,1]
	[437,1]
	[371,2]
	[391,1]
	[404,1]
	[290,1]
	[448,1]
	[461,1]
	[320,1]
	[431,1]
	[256,1]
	[302,1]
	[362,1]
	[501,1]
	[418,1]
	[517,1]
	[451,1]
	[504,1]
	[157,1]
	[175,1]
	[474,1]
	[526,1]
	[533,1]
	[326,1]
	[427,1]

1552,
	[70,4]
	[2,52]
	[141,3]
	[4,11]
	[36,2]
	[32,2]
	[2503,1]
	[24,1]
	[38,4]
	[29,3]
	[46,70]
	[17,1]
	[57,3]
	[61,4]
	[40,19]
	[90,4]
	[11,1]
	[64,5]
	[42,11]
	[71,4]
	[35,1]
	[74,5]
	[9019,1]
	[54,6]
	[43,11]
	[66,5]
	[37,5]
	[47,263]
	[3,51]
	[5,7]
	[68,11]
	[152,1]
	[67,6]
	[50,4]
	[27,1]
	[381,1]
	[41,10]
	[116,2]
	[137,56]
	[51,5]
	[151,7]
	[39,6]
	[140,1]
	[128,1]
	[153,4]
	[134,2]
	[48,175]
	[63,4]
	[122,2]
	[130,3]
	[20889,1]
	[75,2]
	[31,2]
	[77,6]
	[159,3]
	[96,3]
	[180,1]
	[154,3]
	[13,2]
	[52,4]
	[45,5]
	[138,51]
	[65,3]
	[139,18]
	[157,4]
	[19,2]
	[23,2]
	[49,3]
	[80,2]
	[146,3]
	[103,1]
	[225,1]
	[84,5]
	[144,3]
	[111,4]
	[62,4]
	[145,1]
	[97,2]
	[123,3]
	[148,4]
	[7,1]
	[78,3]
	[110,2]
	[166,2]
	[44,4]
	[91,5]
	[55,4]
	[8,1]
	[196,1]
	[170,2]
	[142,2]
	[6,1]
	[53,2]
	[177,1]
	[102,3]
	[85,3]
	[176,1]
	[95,1]
	[69,2]
	[135,2]
	[136,15]
	[72,3]
	[108,2]
	[73,5]
	[81,1]
	[99,1]
	[89,5]
	[20,3]
	[174,1]
	[21,4]
	[33,2]
	[113,2]
	[56,3]
	[87,3]
	[76,5]
	[164,2]
	[120,1]
	[132,2]
	[9,2]
	[121,3]
	[106,1]
	[94,2]
	[158,2]
	[93,4]
	[59,2]
	[124,2]
	[115,2]
	[100,1]
	[60,2]
	[184,1]
	[16,1]
	[161,2]
	[143,3]
	[83,3]
	[125,1]
	[98,1]
	[117,1]
	[275,1]
	[30,2]
	[88,2]
	[191,2]
	[114,3]
	[150,2]
	[14,1]
	[119,1]
	[58,2]
	[173,2]
	[178,2]
	[95144,1]
	[211,1]
	[206,1]
	[92,4]
	[209,1]
	[172,2]
	[168,1]
	[79,1]
	[155,3]
	[221,1]
	[133,1]
	[207,1]
	[181,1]
	[182,1]
	[169,2]
	[165,1]
	[216,1]
	[175,2]
	[156,1]
	[86,2]
	[167,1]
	[171,2]
	[112,1]
	[160,1]
	[208,1]
	[109,1]
	[127,1]
	[104,1]
	[82,1]

1348,
	[180,1]
	[377,1]
	[183,1]
	[318,1]
	[242,1]
	[4,2]
	[459,1]
	[361,2]
	[351,1]
	[554,1]
	[128,1]
	[134,1]
	[143,3]
	[142,10]
	[141,5]
	[3,1]
	[126,1]
	[133,1]
	[140,1]
	[311,1]
	[165,1]
	[431,1]
	[50,1]

1352,
	[5,3]
	[115,1]
	[3,2]
	[11,7]
	[14,2]
	[9,4]
	[64,1]
	[55,2]
	[32,1]
	[82,1]
	[46,1]
	[6960,1]
	[19,3]
	[17,1]
	[4,1]
	[13,5]
	[8,2]
	[19529,1]
	[12,2]
	[7,2]
	[35,1]
	[36,1]
	[6,3]
	[20,2]
	[16,1]
	[31,1]
	[23,1]
	[114846,1]
	[44,1]
	[2,2]
	[18,3]
	[33,1]
	[89234,1]
	[37,1]
	[124272,1]
	[59,1]

1464,
	[104,96]
	[100,137]
	[3,72]
	[301,200]
	[2,43]
	[376,237]
	[16,15]
	[365,173]
	[503,73]
	[7,10]
	[13,17]
	[467,129]
	[18,16]
	[543,27]
	[10,4]
	[32,16]
	[5,5]
	[698,3]
	[699,1]
	[20,16]
	[728,1]
	[732,2]
	[927,1]
	[25,19]
	[889,1]
	[35,25]
	[31,16]
	[46,29]
	[22,21]
	[23,11]
	[687,2]
	[41,28]
	[19,17]
	[39,21]
	[21,20]
	[47,43]
	[1197,1]
	[27,22]
	[44,36]
	[1201,1]
	[1202,1]
	[4,11]
	[40,32]
	[11,15]
	[1084,1]
	[48,34]
	[42,34]
	[55,43]
	[160,134]
	[51,33]
	[56,57]
	[52,31]
	[1175,1]
	[34,23]
	[38,22]
	[391,162]
	[54,46]
	[1228,1]
	[1683,1]
	[315,238]
	[1199,1]
	[61,57]
	[49,36]
	[1879,1]
	[1812,1]
	[1,1070]
	[59,45]
	[15,7]
	[1858,1]
	[1905,1]
	[64,54]
	[67,59]
	[36,20]
	[1723,1]
	[57,54]
	[507,70]
	[2115,1]
	[63,46]
	[2090,1]
	[277,189]
	[72,58]
	[2160,1]
	[58,46]
	[73,60]
	[53,33]
	[2260,1]
	[2243,1]
	[37,24]
	[65,64]
	[71,64]
	[2287,1]
	[2329,1]
	[248,184]
	[43,34]
	[62,43]
	[70,65]
	[2236,1]
	[78,75]
	[2525,1]
	[50,41]
	[77,68]
	[81,77]
	[9,10]
	[45,39]
	[69,63]
	[79,73]
	[2245,1]
	[2540,1]
	[24,15]
	[2204,1]
	[1778,1]
	[1785,1]
	[68,55]
	[2110,1]
	[1782,1]
	[82,78]
	[83,103]
	[2802,1]
	[2996,1]
	[66,58]
	[80,80]
	[84,79]
	[3042,1]
	[86,81]
	[75,50]
	[89,84]
	[3188,1]
	[87,82]
	[3214,1]
	[60,31]
	[2203,1]
	[74,43]
	[3403,1]
	[2492,1]
	[3305,1]
	[85,83]
	[88,78]
	[92,94]
	[28,21]
	[91,89]
	[3615,1]
	[426,143]
	[2863,1]
	[90,78]
	[93,111]
	[284,51]
	[95,121]
	[17,8]
	[3224,1]
	[2721,1]
	[97,117]
	[4128,1]
	[3537,1]
	[3458,1]
	[4102,1]
	[3255,1]
	[3949,1]
	[29,22]
	[3919,1]
	[205,231]
	[2963,1]
	[94,106]
	[442,143]
	[99,109]
	[3336,1]
	[101,139]
	[4441,1]
	[4476,1]
	[314,203]
	[4495,1]
	[4020,1]
	[103,122]
	[407,171]
	[96,106]
	[102,139]
	[3855,1]
	[224,236]
	[3547,1]
	[76,46]
	[3362,1]
	[177,155]
	[4286,1]
	[106,122]
	[4763,1]
	[12,4]
	[4785,1]
	[4165,1]
	[110,126]
	[109,127]
	[5128,1]
	[5045,1]
	[5685,1]
	[26,14]
	[167,119]
	[4980,1]
	[4704,1]
	[108,92]
	[5273,1]
	[5292,1]
	[5178,1]
	[105,133]
	[5384,1]
	[4188,1]
	[4987,1]
	[98,111]
	[112,113]
	[5664,1]
	[4874,1]
	[4558,1]
	[107,81]
	[114,126]
	[5741,1]
	[350,274]
	[4293,1]
	[5146,1]
	[111,128]
	[113,136]
	[116,110]
	[5945,1]
	[5556,1]
	[6083,1]
	[115,94]
	[120,135]
	[5458,1]
	[5310,1]
	[4873,1]
	[118,116]
	[123,100]
	[6359,1]
	[6302,1]
	[303,182]
	[6116,1]
	[529,30]
	[117,125]
	[6375,1]
	[121,113]
	[6703,1]
	[6111,1]
	[125,116]
	[6313,1]
	[126,96]
	[6777,1]
	[5123,1]
	[119,127]
	[124,141]
	[6668,1]
	[6443,1]
	[127,98]
	[129,86]
	[7153,1]
	[30,21]
	[166,155]
	[6304,1]
	[5885,1]
	[5818,1]
	[5750,1]
	[5558,2]
	[5557,1]
	[5491,1]
	[128,91]
	[6444,1]
	[5649,1]
	[5703,1]
	[122,90]
	[130,105]
	[7416,1]
	[6984,1]
	[33,17]
	[6689,1]
	[6684,1]
	[346,226]
	[131,91]
	[135,130]
	[6449,1]
	[395,144]
	[5858,1]
	[6050,1]
	[137,140]
	[7678,1]
	[596,2]
	[133,87]
	[7805,1]
	[6574,1]
	[6907,1]
	[132,103]
	[134,109]
	[136,125]
	[6734,1]
	[6349,1]
	[7400,1]
	[8079,1]
	[6834,1]
	[6570,1]
	[138,97]
	[142,101]
	[6993,1]
	[6882,1]
	[8327,1]
	[140,141]
	[569,3]
	[6782,1]
	[139,111]
	[469,102]
	[7367,1]
	[7902,1]
	[141,126]
	[146,95]
	[145,103]
	[8799,1]
	[150,69]
	[7331,1]
	[144,91]
	[148,122]
	[151,96]
	[394,147]
	[7657,1]
	[143,75]
	[147,127]
	[153,130]
	[8177,1]
	[154,106]
	[156,72]
	[9709,1]
	[9650,1]
	[9618,1]
	[9469,1]
	[8772,1]
	[8979,1]
	[7852,1]
	[633,2]
	[8227,1]
	[152,91]
	[157,84]
	[8911,1]
	[7913,1]
	[537,20]
	[9189,1]
	[149,79]
	[159,126]
	[10054,1]
	[9281,1]
	[161,122]
	[10211,1]
	[661,1]
	[8793,1]
	[9064,1]
	[162,114]
	[8882,1]
	[591,1]
	[623,1]
	[9669,1]
	[163,123]
	[9947,1]
	[9776,1]
	[9810,1]
	[9276,1]
	[369,200]
	[155,101]
	[10497,1]
	[168,78]
	[169,116]
	[11800,1]
	[15839,1]
	[273,171]
	[294,205]
	[308,175]
	[318,203]
	[319,232]
	[322,243]
	[324,214]
	[20380,1]
	[335,177]
	[15082,1]
	[9163,1]
	[10248,1]
	[164,139]
	[11063,1]
	[9558,1]
	[496,57]
	[9666,1]
	[11143,1]
	[170,145]
	[459,127]
	[465,122]
	[9786,1]
	[9679,1]
	[9961,1]
	[165,156]
	[11334,1]
	[11123,1]
	[10778,1]
	[10776,1]
	[371,197]
	[10445,1]
	[9463,1]
	[11186,1]
	[9228,1]
	[10784,1]
	[10159,1]
	[9444,1]
	[11774,1]
	[11798,1]
	[11222,1]
	[10835,1]
	[10191,1]
	[746,1]
	[158,136]
	[172,131]
	[175,117]
	[176,127]
	[402,193]
	[173,85]
	[180,101]
	[327,220]
	[10377,1]
	[10223,1]
	[477,132]
	[171,167]
	[11990,1]
	[12255,1]
	[11744,1]
	[267,214]
	[372,181]
	[11532,1]
	[10460,1]
	[10277,1]
	[10196,1]
	[11127,1]
	[179,104]
	[12433,1]
	[11562,1]
	[10696,1]
	[11176,1]
	[10330,1]
	[182,116]
	[183,139]
	[185,113]
	[184,139]
	[11372,1]
	[11751,1]
	[11050,1]
	[10982,1]
	[10392,1]
	[10203,1]
	[181,123]
	[11177,1]
	[11290,1]
	[174,82]
	[178,145]
	[11955,1]
	[12777,1]
	[12031,1]
	[11887,1]
	[12077,1]
	[12834,1]
	[11097,1]
	[188,108]
	[191,200]
	[189,112]
	[12453,1]
	[12343,1]
	[11748,1]
	[515,45]
	[11051,1]
	[10971,1]
	[186,104]
	[13319,1]
	[193,177]
	[12304,1]
	[12534,1]
	[12772,1]
	[12918,1]
	[192,188]
	[13808,1]
	[13788,1]
	[13142,1]
	[12528,1]
	[555,1]
	[769,1]
	[11318,1]
	[187,77]
	[13945,1]
	[12201,1]
	[11649,1]
	[14131,1]
	[12727,1]
	[12355,1]
	[14362,1]
	[11773,1]
	[11678,1]
	[14040,1]
	[190,143]
	[14205,1]
	[197,171]
	[13813,2]
	[13806,1]
	[306,185]
	[12511,1]
	[12104,1]
	[11868,1]
	[14351,1]
	[14526,1]
	[12894,1]
	[194,170]
	[195,206]
	[196,168]
	[14685,1]
	[13104,1]
	[14815,1]
	[14833,1]
	[201,210]
	[12929,1]
	[14453,1]
	[12843,1]
	[12895,1]
	[15388,1]
	[14465,1]
	[568,1]
	[14124,1]
	[13506,1]
	[13424,1]
	[13816,1]
	[199,214]
	[15539,1]
	[13881,1]
	[13572,1]
	[12881,1]
	[13130,1]
	[13890,1]
	[200,198]
	[15262,1]
	[14250,1]
	[14359,1]
	[13701,1]
	[13637,1]
	[13463,1]
	[12980,1]
	[13318,1]
	[198,237]
	[202,214]
	[204,161]
	[423,134]
	[14049,1]
	[13431,1]
	[14994,1]
	[203,185]
	[448,134]
	[14929,1]
	[13857,1]
	[13346,1]
	[13269,1]
	[15999,1]
	[15997,1]
	[15031,1]
	[14436,1]
	[13555,1]
	[13899,1]
	[15469,1]
	[451,87]
	[14710,1]
	[586,1]
	[619,1]
	[14361,1]
	[14089,1]
	[206,196]
	[208,181]
	[207,180]
	[16252,1]
	[15876,1]
	[15810,1]
	[344,227]
	[15065,1]
	[15003,1]
	[14879,1]
	[14071,1]
	[13902,1]
	[14617,1]
	[16759,1]
	[16809,1]
	[16406,1]
	[14322,1]
	[14245,1]
	[16066,1]
	[16320,1]
	[15771,1]
	[491,82]
	[14452,1]
	[209,220]
	[17042,1]
	[257,206]
	[16251,1]
	[15616,1]
	[15120,1]
	[15034,1]
	[14943,1]
	[14523,1]
	[17264,1]
	[17469,1]
	[499,87]
	[15526,1]
	[15018,1]
	[210,211]
	[17482,1]
	[214,167]
	[17730,1]
	[271,257]
	[16364,1]
	[15988,1]
	[15165,1]
	[15038,1]
	[211,170]
	[215,194]
	[15768,1]
	[767,2]
	[15168,1]
	[15335,1]
	[18029,1]
	[493,93]
	[16874,1]
	[16746,1]
	[461,121]
	[677,1]
	[445,137]
	[15584,1]
	[16454,1]
	[213,204]
	[218,218]
	[216,210]
	[18437,1]
	[16956,1]
	[16394,1]
	[16391,1]
	[16230,1]
	[16894,1]
	[212,141]
	[217,206]
	[17703,1]
	[17199,1]
	[480,101]
	[16648,1]
	[669,1]
	[18629,1]
	[18006,1]
	[17579,1]
	[17772,1]
	[220,176]
	[18693,1]
	[18889,1]
	[559,3]
	[17012,1]
	[16195,1]
	[17354,1]
	[219,214]
	[19278,1]
	[18468,1]
	[17736,1]
	[17467,1]
	[16340,1]
	[16284,1]
	[16225,1]
	[19116,1]
	[16551,1]
	[222,198]
	[19361,1]
	[17334,1]
	[16828,1]
	[18433,1]
	[19185,1]
	[343,178]
	[18652,1]
	[17831,1]
	[17594,1]
	[17010,1]
	[221,174]
	[19987,1]
	[418,174]
	[450,120]
	[18247,1]
	[16987,1]
	[17266,1]
	[18992,1]
	[223,249]
	[19881,1]
	[18598,1]
	[17473,1]
	[848,1]
	[17163,1]
	[17165,2]
	[18229,2]
	[18230,1]
	[225,243]
	[593,3]
	[18466,1]
	[18321,1]
	[703,1]
	[17437,2]
	[19521,1]
	[227,236]
	[22843,1]
	[23879,1]
	[237,141]
	[243,211]
	[242,224]
	[261,223]
	[269,211]
	[278,207]
	[584,1]
	[30747,1]
	[226,180]
	[33610,1]
	[31201,1]
	[32935,1]
	[20860,1]
	[18920,1]
	[17832,1]
	[18884,1]
	[19764,1]
	[20887,1]
	[20902,1]
	[14,11]
	[20978,1]
	[18553,1]
	[18298,1]
	[896,1]
	[18019,1]
	[228,225]
	[21054,1]
	[231,237]
	[20582,1]
	[20779,1]
	[20424,1]
	[20198,1]
	[20303,1]
	[385,170]
	[19236,1]
	[18588,1]
	[21301,1]
	[230,197]
	[20645,1]
	[19924,1]
	[19551,1]
	[19286,1]
	[18937,1]
	[18397,1]
	[21693,1]
	[21666,1]
	[21606,1]
	[20696,1]
	[20858,1]
	[20719,1]
	[20503,1]
	[18785,1]
	[18727,1]
	[20882,1]
	[232,219]
	[233,197]
	[22047,1]
	[21524,1]
	[21443,1]
	[20774,1]
	[19283,1]
	[18833,1]
	[21952,1]
	[22187,1]
	[22299,1]
	[20905,1]
	[19930,1]
	[19566,1]
	[19387,1]
	[19129,1]
	[21171,1]
	[234,194]
	[21891,1]
	[21765,1]
	[20932,1]
	[19929,1]
	[19595,1]
	[229,216]
	[22587,1]
	[22608,1]
	[21523,1]
	[21145,1]
	[20078,2]
	[19942,1]
	[19941,1]
	[19765,1]
	[19647,1]
	[21761,1]
	[22703,1]
	[21981,1]
	[21822,1]
	[20492,1]
	[19837,1]
	[20080,1]
	[240,174]
	[22728,1]
	[564,1]
	[21207,1]
	[20872,1]
	[20263,1]
	[20200,1]
	[20012,1]
	[238,160]
	[23385,1]
	[22857,1]
	[22560,1]
	[22457,1]
	[21618,1]
	[20360,1]
	[22468,1]
	[235,111]
	[239,201]
	[241,182]
	[23648,1]
	[22126,1]
	[733,2]
	[20956,1]
	[20875,1]
	[20471,1]
	[20767,1]
	[23585,1]
	[244,206]
	[6,3]
	[22417,1]
	[21547,1]
	[20911,1]
	[20851,1]
	[20661,1]
	[23714,1]
	[24017,1]
	[22475,1]
	[22418,1]
	[22289,1]
	[22060,1]
	[21397,1]
	[23193,1]
	[245,176]
	[24301,1]
	[24412,1]
	[22875,1]
	[22084,1]
	[23077,2]
	[21104,1]
	[22392,1]
	[246,155]
	[24401,1]
	[22965,1]
	[23335,1]
	[21219,1]
	[236,84]
	[247,244]
	[498,85]
	[558,2]
	[23549,1]
	[22787,1]
	[22452,1]
	[21980,1]
	[249,226]
	[25507,1]
	[24890,1]
	[24705,1]
	[360,203]
	[23894,1]
	[24796,1]
	[23351,1]
	[22645,2]
	[22581,1]
	[22273,1]
	[22508,1]
	[23454,1]
	[24795,1]
	[25304,1]
	[25080,1]
	[24015,1]
	[22626,1]
	[22346,1]
	[251,192]
	[25534,1]
	[24720,1]
	[23992,1]
	[23863,1]
	[24350,1]
	[24710,1]
	[25608,1]
	[25310,1]
	[25674,1]
	[24564,1]
	[24493,1]
	[23929,1]
	[23249,1]
	[23048,1]
	[22981,1]
	[22669,1]
	[22528,1]
	[24842,1]
	[252,232]
	[329,166]
	[347,187]
	[24335,1]
	[22714,1]
	[22588,1]
	[24930,1]
	[250,185]
	[25937,1]
	[254,211]
	[26233,1]
	[24635,1]
	[520,26]
	[24956,1]
	[696,1]
	[23558,1]
	[22886,1]
	[255,151]
	[25770,1]
	[25371,1]
	[25714,1]
	[25227,1]
	[25226,1]
	[24880,1]
	[24377,1]
	[25014,1]
	[23771,1]
	[23414,1]
	[23227,1]
	[253,186]
	[26610,1]
	[256,194]
	[26613,1]
	[25021,1]
	[24681,1]
	[23471,1]
	[23404,1]
	[27132,1]
	[27080,1]
	[26393,1]
	[25864,1]
	[24972,1]
	[24459,1]
	[24295,1]
	[24421,1]
	[23728,1]
	[25934,1]
	[27225,1]
	[26003,1]
	[26146,1]
	[25287,1]
	[24579,1]
	[24274,1]
	[23876,1]
	[258,207]
	[259,220]
	[260,204]
	[24790,1]
	[24732,1]
	[24179,1]
	[24511,2]
	[24512,1]
	[26525,1]
	[26527,1]
	[27554,1]
	[27553,1]
	[27872,1]
	[28062,1]
	[26664,1]
	[25160,1]
	[24714,1]
	[26907,1]
	[27423,1]
	[26340,1]
	[26263,1]
	[25455,1]
	[25047,1]
	[262,218]
	[264,233]
	[263,246]
	[28412,1]
	[27311,1]
	[26433,1]
	[25935,1]
	[25850,1]
	[25763,1]
	[25451,1]
	[25390,1]
	[25139,1]
	[24997,1]
	[25333,1]
	[685,1]
	[26101,1]
	[27849,1]
	[25836,1]
	[25769,2]
	[25636,1]
	[25634,1]
	[25565,1]
	[25493,1]
	[266,227]
	[28912,1]
	[28374,1]
	[27858,1]
	[27259,1]
	[27739,1]
	[545,24]
	[26624,1]
	[805,1]
	[26036,1]
	[26035,1]
	[28920,1]
	[25875,1]
	[25777,1]
	[25720,1]
	[25601,1]
	[25543,1]
	[25481,1]
	[265,199]
	[268,222]
	[29042,1]
	[29322,2]
	[28140,1]
	[26051,1]
	[25984,1]
	[26944,1]
	[25696,1]
	[29225,1]
	[28964,1]
	[786,1]
	[28219,1]
	[26674,1]
	[26475,1]
	[26355,1]
	[26043,1]
	[26044,1]
	[29732,1]
	[447,132]
	[28891,1]
	[320,193]
	[28956,1]
	[27974,1]
	[441,139]
	[27150,1]
	[26616,1]
	[29504,1]
	[28847,2]
	[28071,1]
	[29338,1]
	[27284,1]
	[26911,1]
	[26693,1]
	[28114,1]
	[26561,1]
	[27828,1]
	[26434,1]
	[27957,1]
	[270,260]
	[30380,1]
	[30064,1]
	[29663,1]
	[29946,1]
	[636,1]
	[27587,1]
	[27015,1]
	[26888,1]
	[30232,1]
	[353,219]
	[28810,1]
	[614,1]
	[28440,1]
	[28360,1]
	[28292,1]
	[28131,1]
	[28128,1]
	[28050,1]
	[27970,1]
	[27665,1]
	[27603,1]
	[27492,1]
	[27298,1]
	[27463,1]
	[28650,1]
	[28550,1]
	[27411,1]
	[27359,1]
	[27248,1]
	[28733,1]
	[275,223]
	[274,211]
	[29532,1]
	[28044,1]
	[27591,1]
	[29014,1]
	[30819,1]
	[29859,1]
	[594,1]
	[29313,1]
	[29794,1]
	[29055,1]
	[28431,1]
	[31270,2]
	[272,212]
	[30170,1]
	[31256,1]
	[31306,1]
	[337,165]
	[30392,1]
	[29736,1]
	[29666,1]
	[29176,1]
	[28274,1]
	[28166,1]
	[32037,1]
	[31805,1]
	[333,143]
	[30356,1]
	[28187,1]
	[28683,1]
	[32188,1]
	[31198,1]
	[30086,1]
	[29415,1]
	[31715,1]
	[28707,1]
	[31053,1]
	[276,200]
	[279,210]
	[31206,1]
	[31603,1]
	[30079,1]
	[30078,1]
	[30003,1]
	[29936,2]
	[32524,1]
	[29363,1]
	[29247,1]
	[29188,1]
	[29127,1]
	[31683,1]
	[30025,1]
	[29963,1]
	[29896,1]
	[30539,1]
	[29456,1]
	[29317,1]
	[29253,1]
	[280,232]
	[32924,1]
	[31141,1]
	[31138,1]
	[31139,1]
	[30077,1]
	[29605,1]
	[32922,1]
	[283,163]
	[30948,1]
	[30309,1]
	[30311,1]
	[30024,1]
	[29906,1]
	[29847,1]
	[29789,1]
	[33491,1]
	[282,192]
	[33740,1]
	[32923,1]
	[32766,1]
	[436,167]
	[679,1]
	[31433,1]
	[31193,1]
	[30455,1]
	[30320,2]
	[29992,1]
	[30971,1]
	[281,197]
	[286,184]
	[33964,1]
	[32345,1]
	[31778,1]
	[31688,1]
	[31339,1]
	[921,1]
	[30799,1]
	[30606,1]
	[30056,2]
	[30055,1]
	[34205,1]
	[31799,2]
	[31072,1]
	[30942,1]
	[30510,1]
	[31017,1]
	[288,232]
	[34109,1]
	[32825,1]
	[32419,1]
	[790,1]
	[31717,1]
	[31463,1]
	[31464,1]
	[31060,1]
	[30761,1]
	[30703,1]
	[287,172]
	[34581,1]
	[34582,1]
	[289,199]
	[34876,1]
	[34155,1]
	[33828,1]
	[33291,1]
	[32675,1]
	[32555,1]
	[31979,1]
	[31779,1]
	[31419,1]
	[31235,1]
	[31006,1]
	[33628,1]
	[290,255]
	[35032,1]
	[33434,1]
	[33305,1]
	[31936,1]
	[31626,1]
	[31167,1]
	[31105,1]
	[31104,1]
	[31035,1]
	[32654,1]
	[291,220]
	[35171,1]
	[452,138]
	[34295,1]
	[34291,1]
	[33574,1]
	[34100,1]
	[32474,1]
	[32235,1]
	[31932,1]
	[31534,1]
	[35471,1]
	[35469,1]
	[293,204]
	[34085,1]
	[34710,1]
	[33238,1]
	[32793,1]
	[32560,1]
	[31866,1]
	[32243,3]
	[292,220]
	[35788,1]
	[34502,1]
	[32782,1]
	[32440,1]
	[31911,1]
	[34994,1]
	[396,182]
	[34777,1]
	[508,59]
	[33930,1]
	[33335,1]
	[33099,1]
	[32817,1]
	[32598,1]
	[32494,1]
	[295,212]
	[296,229]
	[36367,1]
	[34898,1]
	[34646,1]
	[33622,1]
	[33568,1]
	[34211,1]
	[36539,1]
	[36849,1]
	[36856,1]
	[35695,1]
	[473,87]
	[33728,1]
	[33392,1]
	[32823,1]
	[35595,1]
	[35886,1]
	[298,194]
	[297,225]
	[36740,1]
	[37145,1]
	[34946,1]
	[34877,1]
	[34277,1]
	[34222,2]
	[34165,1]
	[34054,1]
	[33822,1]
	[299,236]
	[37331,1]
	[37260,1]
	[36609,1]
	[35875,1]
	[35194,1]
	[33842,1]
	[36706,1]
	[34718,1]
	[33933,1]
	[33880,1]
	[36448,1]
	[302,177]
	[37953,1]
	[37339,1]
	[36823,1]
	[36822,1]
	[37138,2]
	[36687,1]
	[38129,1]
	[36272,1]
	[34757,1]
	[34697,1]
	[34462,1]
	[34405,1]
	[34351,1]
	[34289,1]
	[34221,1]
	[285,52]
	[34626,1]
	[38175,1]
	[38478,1]
	[38012,1]
	[37807,1]
	[37274,1]
	[36313,1]
	[36927,1]
	[35990,1]
	[35421,1]
	[37958,1]
	[34713,1]
	[34596,2]
	[36146,1]
	[34804,1]
	[300,232]
	[304,204]
	[38662,1]
	[37885,1]
	[37553,2]
	[36817,1]
	[35877,1]
	[35756,1]
	[35621,1]
	[35565,1]
	[35502,1]
	[34759,1]
	[34489,1]
	[38931,1]
	[36381,1]
	[38019,1]
	[37547,1]
	[35807,1]
	[35430,1]
	[35310,1]
	[35247,1]
	[35175,1]
	[305,240]
	[37787,2]
	[37720,1]
	[37938,1]
	[36602,2]
	[36535,1]
	[36153,1]
	[35815,1]
	[35750,1]
	[38066,1]
	[307,204]
	[39593,1]
	[39148,1]
	[37635,1]
	[37196,1]
	[36748,1]
	[38366,1]
	[36192,1]
	[36125,1]
	[35885,1]
	[35656,1]
	[35523,1]
	[35386,1]
	[38668,1]
	[37877,1]
	[39853,1]
	[36957,1]
	[36023,1]
	[35900,1]
	[35836,1]
	[35769,1]
	[35558,1]
	[37247,1]
	[40044,1]
	[37881,1]
	[37489,1]
	[37065,1]
	[36585,1]
	[36373,1]
	[39953,1]
	[36060,1]
	[36623,1]
	[310,173]
	[39225,1]
	[38481,1]
	[38125,1]
	[38118,1]
	[37945,1]
	[37618,1]
	[37563,1]
	[36815,1]
	[36404,1]
	[36892,1]
	[40061,1]
	[309,199]
	[40515,1]
	[39242,1]
	[40070,1]
	[39104,1]
	[38327,1]
	[755,1]
	[37985,1]
	[37597,1]
	[37476,1]
	[36983,1]
	[311,182]
	[41133,1]
	[46322,1]
	[50434,1]
	[317,235]
	[325,217]
	[336,180]
	[52341,1]
	[51011,1]
	[50738,2]
	[50685,1]
	[50581,1]
	[50259,1]
	[50196,1]
	[51966,1]
	[312,220]
	[39923,1]
	[39415,1]
	[38892,1]
	[38285,1]
	[37897,1]
	[37713,2]
	[37386,1]
	[39037,1]
	[316,204]
	[41510,1]
	[41778,1]
	[41764,1]
	[39777,1]
	[38943,1]
	[38890,1]
	[38830,1]
	[38169,1]
	[37926,1]
	[37711,1]
	[37580,1]
	[37524,1]
	[37408,1]
	[39190,1]
	[313,170]
	[41574,1]
	[41111,1]
	[40591,1]
	[39999,1]
	[39759,1]
	[39590,1]
	[39514,1]
	[38934,1]
	[38818,1]
	[38759,1]
	[38700,1]
	[38643,1]
	[38593,1]
	[38545,1]
	[38219,1]
	[39819,1]
	[42537,1]
	[42140,1]
	[40564,1]
	[40390,1]
	[41009,1]
	[39304,1]
	[38816,1]
	[41112,1]
	[38355,1]
	[38231,2]
	[41148,1]
	[42409,1]
	[42677,1]
	[41836,1]
	[40687,1]
	[40068,1]
	[42438,1]
	[38399,1]
	[38336,1]
	[38270,1]
	[43207,1]
	[44838,1]
	[45551,1]
	[966,1]
	[48855,1]
	[326,232]
	[1586,1]
	[52968,1]
	[52893,1]
	[51891,1]
	[51781,1]
	[51497,1]
	[51443,1]
	[51380,1]
	[321,231]
	[41913,1]
	[41286,1]
	[41115,1]
	[41041,1]
	[41040,1]
	[40874,1]
	[40427,1]
	[40045,2]
	[39977,1]
	[39848,1]
	[39786,1]
	[39559,1]
	[39423,1]
	[39180,1]
	[39117,1]
	[43756,1]
	[42764,1]
	[41036,1]
	[40378,1]
	[40982,1]
	[39588,1]
	[39526,1]
	[43365,1]
	[39265,1]
	[39845,1]
	[42339,1]
	[43958,1]
	[43288,1]
	[42823,1]
	[42460,1]
	[41269,1]
	[41108,1]
	[40820,1]
	[40702,1]
	[40349,1]
	[39997,1]
	[39941,1]
	[40346,1]
	[42853,1]
	[44129,1]
	[323,213]
	[44485,1]
	[456,161]
	[41567,1]
	[41504,1]
	[40584,1]
	[40333,1]
	[40270,1]
	[330,167]
	[43118,1]
	[42555,1]
	[42307,2]
	[41855,1]
	[41396,1]
	[41023,1]
	[40910,1]
	[40587,1]
	[40320,1]
	[40189,1]
	[43307,1]
	[44002,1]
	[434,132]
	[42595,1]
	[42181,1]
	[41564,1]
	[41039,1]
	[40833,1]
	[40641,1]
	[40519,1]
	[44812,1]
	[45142,1]
	[44713,1]
	[43744,1]
	[43619,1]
	[43506,1]
	[43263,1]
	[43178,1]
	[42921,1]
	[42427,1]
	[41821,1]
	[41762,1]
	[41542,1]
	[41297,1]
	[41120,1]
	[44070,1]
	[45638,1]
	[45308,1]
	[43868,1]
	[43792,1]
	[44351,2]
	[43341,1]
	[42778,1]
	[42655,1]
	[43400,1]
	[42094,1]
	[41976,1]
	[41915,1]
	[41305,1]
	[41113,1]
	[41711,1]
	[328,233]
	[45439,1]
	[44492,1]
	[616,1]
	[44175,1]
	[44826,1]
	[42194,1]
	[41678,1]
	[41448,1]
	[41386,1]
	[41935,1]
	[44821,1]
	[43908,1]
	[43646,1]
	[46226,1]
	[43229,1]
	[42103,1]
	[42464,1]
	[45029,1]
	[46662,1]
	[45214,1]
	[45197,1]
	[44143,1]
	[44058,1]
	[43599,1]
	[43485,1]
	[43154,1]
	[42911,1]
	[42722,1]
	[42185,1]
	[42125,1]
	[43956,1]
	[46557,1]
	[45923,2]
	[45802,1]
	[44951,1]
	[44108,1]
	[43996,1]
	[43995,1]
	[43031,1]
	[42946,1]
	[332,89]
	[47171,1]
	[47207,1]
	[46426,1]
	[544,12]
	[45513,1]
	[44555,1]
	[43860,1]
	[43681,1]
	[43624,1]
	[43182,1]
	[43059,1]
	[42866,1]
	[42810,1]
	[334,173]
	[46656,1]
	[45605,1]
	[46078,1]
	[45347,1]
	[45012,1]
	[44925,1]
	[44863,1]
	[44736,1]
	[44671,1]
	[44090,1]
	[43838,1]
	[43775,1]
	[43641,1]
	[43566,1]
	[43568,1]
	[43430,1]
	[43132,1]
	[43074,2]
	[44021,1]
	[43023,1]
	[331,104]
	[47906,1]
	[411,145]
	[510,54]
	[45481,1]
	[45300,1]
	[44865,1]
	[44028,1]
	[43971,1]
	[43917,1]
	[43603,1]
	[47779,1]
	[47438,1]
	[47355,1]
	[46758,1]
	[501,63]
	[45812,1]
	[44950,1]
	[44772,1]
	[44711,1]
	[45724,1]
	[338,189]
	[48388,1]
	[652,1]
	[45920,1]
	[45427,1]
	[44784,2]
	[44719,1]
	[44446,1]
	[44208,1]
	[45943,1]
	[339,166]
	[47327,1]
	[46692,1]
	[46428,1]
	[46253,2]
	[45922,1]
	[45408,1]
	[46385,1]
	[45178,1]
	[340,233]
	[49240,1]
	[49257,1]
	[47845,1]
	[46695,1]
	[48229,1]
	[46391,1]
	[46047,1]
	[45985,1]
	[45794,1]
	[45730,1]
	[47257,1]
	[45609,1]
	[45034,1]
	[44862,1]
	[44750,1]
	[48025,1]
	[49379,1]
	[47771,1]
	[47515,1]
	[46781,1]
	[46516,1]
	[46182,1]
	[45946,1]
	[45948,1]
	[45819,1]
	[45628,1]
	[45568,1]
	[45398,1]
	[48434,1]
	[342,197]
	[50143,1]
	[49285,1]
	[48794,1]
	[48669,1]
	[48551,1]
	[47917,1]
	[47554,1]
	[49832,1]
	[47286,1]
	[47161,1]
	[46969,1]
	[46601,1]
	[46481,1]
	[46423,1]
	[46313,1]
	[46194,1]
	[45474,1]
	[45411,1]
	[48619,1]
	[341,156]
	[50310,1]
	[49425,1]
	[47362,1]
	[47183,1]
	[47064,1]
	[46531,1]
	[46530,1]
	[46337,1]
	[46265,1]
	[46127,1]
	[45821,1]
	[45712,1]
	[47532,1]
	[345,189]
	[49902,1]
	[49068,1]
	[49013,1]
	[48753,1]
	[49328,1]
	[48683,1]
	[48440,1]
	[47795,1]
	[46922,1]
	[46854,1]
	[49944,1]
	[46606,1]
	[46431,1]
	[46367,1]
	[46733,1]
	[46732,1]
	[49416,2]
	[49153,1]
	[48895,1]
	[48444,1]
	[48180,1]
	[48003,1]
	[47885,1]
	[46903,1]
	[46455,1]
	[46947,1]
	[50536,1]
	[49949,1]
	[49267,1]
	[49183,1]
	[49026,1]
	[48419,1]
	[48355,1]
	[48288,1]
	[47608,1]
	[47106,1]
	[46993,1]
	[46928,1]
	[46868,1]
	[47196,1]
	[49901,1]
	[348,232]
	[50895,1]
	[512,67]
	[631,1]
	[49248,1]
	[48637,1]
	[48469,1]
	[48135,1]
	[48032,1]
	[47611,1]
	[47850,1]
	[47492,1]
	[47112,1]
	[49099,1]
	[50467,1]
	[349,214]
	[52185,1]
	[51805,1]
	[52259,1]
	[49672,1]
	[48617,1]
	[48618,1]
	[48439,1]
	[48104,1]
	[47777,1]
	[51173,1]
	[47654,1]
	[47537,1]
	[49336,1]
	[52367,1]
	[51594,1]
	[51265,1]
	[514,56]
	[50746,1]
	[51763,1]
	[49125,1]
	[51993,1]
	[48986,1]
	[48917,1]
	[48789,1]
	[48731,1]
	[48614,1]
	[48556,1]
	[48487,1]
	[48297,2]
	[47796,1]
	[49639,1]
	[352,213]
	[713,1]
	[51884,1]
	[51311,1]
	[51119,1]
	[654,1]
	[50327,1]
	[49651,1]
	[49474,1]
	[48910,1]
	[48163,1]
	[48165,3]
	[48167,1]
	[48807,1]
	[50165,1]
	[51544,1]
	[351,211]
	[53282,1]
	[52763,1]
	[52573,1]
	[51400,1]
	[50179,2]
	[49656,1]
	[49270,1]
	[48761,1]
	[48398,2]
	[52155,1]
	[53436,1]
	[413,158]
	[51145,1]
	[742,1]
	[51069,1]
	[50456,1]
	[50123,1]
	[49784,1]
	[49563,1]
	[49508,1]
	[49380,1]
	[48939,1]
	[48821,1]
	[48682,1]
	[52316,1]
	[50562,1]
	[50561,1]
	[53848,1]
	[53131,1]
	[53119,1]
	[52989,1]
	[51381,1]
	[51379,1]
	[51023,2]
	[50967,1]
	[50752,1]
	[50634,1]
	[50400,1]
	[49959,1]
	[49663,1]
	[49297,1]
	[49298,1]
	[354,174]
	[356,148]
	[357,194]
	[54142,1]
	[54309,1]
	[53903,1]
	[54198,1]
	[53463,1]
	[52983,1]
	[52912,1]
	[52088,1]
	[50395,1]
	[50332,1]
	[50056,1]
	[49932,1]
	[49819,1]
	[49760,1]
	[52785,1]
	[53673,1]
	[53410,1]
	[52438,1]
	[808,1]
	[51926,1]
	[51870,1]
	[51737,1]
	[51551,1]
	[51291,1]
	[50928,1]
	[50868,1]
	[50271,1]
	[50083,1]
	[49800,1]
	[49738,1]
	[53179,1]
	[53181,1]
	[355,159]
	[358,185]
	[55050,1]
	[489,90]
	[562,1]
	[52032,1]
	[52031,1]
	[51972,1]
	[51865,1]
	[51491,1]
	[51112,1]
	[51041,1]
	[50906,1]
	[359,179]
	[54482,1]
	[525,28]
	[609,1]
	[53031,1]
	[52863,1]
	[52773,1]
	[52385,2]
	[51915,1]
	[50946,2]
	[50888,1]
	[50572,1]
	[52562,1]
	[362,197]
	[54164,1]
	[53637,1]
	[53462,1]
	[54140,1]
	[52931,1]
	[52874,2]
	[52816,1]
	[52330,1]
	[52035,1]
	[51967,1]
	[51766,1]
	[51438,1]
	[51370,1]
	[51224,1]
	[53030,1]
	[361,173]
	[55965,1]
	[55087,1]
	[53882,1]
	[52727,1]
	[52599,1]
	[52329,1]
	[52133,1]
	[51941,1]
	[51868,1]
	[51387,1]
	[51208,1]
	[54441,1]
	[56272,1]
	[55667,1]
	[54804,1]
	[54739,1]
	[54280,1]
	[54789,1]
	[56393,1]
	[53287,1]
	[52751,1]
	[56705,1]
	[52593,1]
	[52595,1]
	[53714,1]
	[52529,1]
	[52402,1]
	[52339,1]
	[52272,1]
	[52209,1]
	[52075,1]
	[51959,1]
	[51632,1]
	[51508,1]
	[52176,1]
	[56774,1]
	[55034,1]
	[54693,1]
	[54331,1]
	[54245,1]
	[54076,1]
	[53578,1]
	[53456,1]
	[52552,1]
	[52350,2]
	[51971,1]
	[51735,1]
	[52405,1]
	[364,159]
	[54636,1]
	[53934,1]
	[53809,1]
	[53252,1]
	[52736,1]
	[52187,2]
	[56966,1]
	[56957,1]
	[56558,1]
	[56306,1]
	[55692,1]
	[56186,1]
	[55623,1]
	[54996,1]
	[54487,1]
	[53472,1]
	[53350,1]
	[53533,1]
	[53173,1]
	[53050,1]
	[363,148]
	[57575,1]
	[366,163]
	[367,224]
	[58011,1]
	[422,112]
	[651,1]
	[55821,1]
	[55630,1]
	[55379,1]
	[55303,1]
	[55070,1]
	[55015,1]
	[54777,1]
	[54498,1]
	[54431,1]
	[54365,1]
	[55378,1]
	[54050,1]
	[53468,1]
	[53276,1]
	[55048,1]
	[57107,1]
	[56785,1]
	[56022,1]
	[56013,1]
	[55372,1]
	[55259,1]
	[54807,1]
	[54310,1]
	[54183,1]
	[53992,1]
	[53869,1]
	[53868,1]
	[53388,1]
	[53259,1]
	[368,160]
	[58526,1]
	[56933,1]
	[56153,1]
	[55621,1]
	[55249,1]
	[55248,1]
	[55025,1]
	[54724,1]
	[54517,1]
	[54319,1]
	[54247,1]
	[54181,1]
	[54324,1]
	[58048,1]
	[500,85]
	[57351,1]
	[57686,1]
	[56754,1]
	[56500,1]
	[56339,1]
	[55978,1]
	[55665,1]
	[55400,2]
	[55336,1]
	[54885,1]
	[54646,1]
	[53975,1]
	[56087,1]
	[59009,2]
	[440,133]
	[59012,1]
	[58122,1]
	[56679,1]
	[55923,1]
	[55541,1]
	[55488,1]
	[55289,1]
	[59507,1]
	[55216,1]
	[55099,1]
	[54791,1]
	[54673,1]
	[54392,1]
	[58095,1]
	[370,211]
	[57882,1]
	[58443,1]
	[56564,1]
	[56345,1]
	[56287,1]
	[56083,1]
	[55950,1]
	[55878,1]
	[55811,2]
	[59611,1]
	[55747,1]
	[55691,1]
	[54867,1]
	[58469,1]
	[58473,1]
	[373,210]
	[59457,1]
	[693,1]
	[57869,1]
	[57610,1]
	[58901,1]
	[57396,1]
	[57030,1]
	[56889,1]
	[56533,1]
	[56408,1]
	[56356,1]
	[56238,1]
	[55964,1]
	[59193,1]
	[55684,1]
	[57129,1]
	[59974,1]
	[59016,1]
	[58721,1]
	[58490,1]
	[59090,1]
	[57449,1]
	[57382,1]
	[57156,1]
	[56823,1]
	[56191,1]
	[56055,1]
	[58845,1]
	[55990,1]
	[55801,1]
	[55736,2]
	[55457,1]
	[55401,1]
	[55900,1]
	[375,196]
	[57788,1]
	[57689,1]
	[56942,1]
	[56801,1]
	[56799,1]
	[56735,1]
	[56561,1]
	[56443,1]
	[56278,1]
	[56216,1]
	[57995,1]
	[374,174]
	[61814,1]
	[61738,1]
	[686,1]
	[821,1]
	[59425,1]
	[59424,1]
	[58632,1]
	[58519,1]
	[58392,1]
	[58323,1]
	[57856,1]
	[58755,1]
	[57586,1]
	[57521,1]
	[57738,1]
	[57260,1]
	[57259,1]
	[57890,1]
	[61702,1]
	[60951,1]
	[57836,1]
	[57660,1]
	[57261,1]
	[57189,1]
	[56999,1]
	[56605,1]
	[56433,1]
	[56299,1]
	[58466,1]
	[377,231]
	[378,226]
	[61456,1]
	[61856,1]
	[60671,1]
	[60425,1]
	[60300,1]
	[60165,1]
	[60087,1]
	[59928,1]
	[59243,1]
	[58975,1]
	[58859,1]
	[60510,1]
	[57683,1]
	[57378,1]
	[58547,1]
	[57071,1]
	[57325,1]
	[61773,1]
	[62043,1]
	[60818,1]
	[61908,1]
	[62314,1]
	[60264,1]
	[59426,1]
	[59068,1]
	[58827,1]
	[58368,1]
	[58369,2]
	[58184,1]
	[57760,1]
	[57618,1]
	[57487,1]
	[57887,1]
	[62024,1]
	[62184,1]
	[429,116]
	[61198,1]
	[61066,1]
	[592,1]
	[60642,1]
	[59714,1]
	[59656,1]
	[58767,1]
	[58622,2]
	[58555,1]
	[58229,1]
	[57685,1]
	[61248,1]
	[57501,1]
	[61190,1]
	[383,192]
	[62707,1]
	[382,176]
	[62608,1]
	[61286,1]
	[61075,1]
	[60569,1]
	[61704,1]
	[59590,1]
	[59512,1]
	[59173,1]
	[58986,1]
	[58785,1]
	[58734,1]
	[58495,1]
	[58440,1]
	[57950,1]
	[61369,1]
	[379,127]
	[380,140]
	[63294,1]
	[62795,1]
	[599,2]
	[61230,1]
	[61071,1]
	[60732,1]
	[61033,1]
	[60291,1]
	[60064,1]
	[59738,1]
	[60391,1]
	[59319,1]
	[59083,1]
	[58643,1]
	[58474,1]
	[58413,1]
	[384,177]
	[63933,1]
	[63591,1]
	[62827,1]
	[387,184]
	[62566,1]
	[63548,1]
	[61566,2]
	[61388,1]
	[60787,1]
	[60668,1]
	[60033,1]
	[59689,1]
	[59499,1]
	[59315,1]
	[59127,1]
	[58685,1]
	[381,141]
	[63798,1]
	[427,133]
	[62761,1]
	[63193,1]
	[61849,1]
	[61665,1]
	[61129,1]
	[63781,1]
	[60655,1]
	[60468,1]
	[60353,1]
	[60292,1]
	[59976,1]
	[59912,1]
	[59721,1]
	[59600,1]
	[59322,1]
	[59135,1]
	[59582,1]
	[61070,1]
	[62771,1]
	[62464,1]
	[853,1]
	[61752,1]
	[61701,1]
	[61645,1]
	[63101,1]
	[61365,1]
	[60953,1]
	[60778,1]
	[60323,1]
	[60079,1]
	[60011,1]
	[60010,1]
	[59766,2]
	[60159,1]
	[386,157]
	[389,168]
	[63453,1]
	[63939,1]
	[62611,1]
	[62297,1]
	[61333,1]
	[61074,1]
	[60265,1]
	[59896,1]
	[59774,1]
	[63452,1]
	[65379,1]
	[65300,1]
	[65117,1]
	[64346,1]
	[63780,1]
	[577,1]
	[63114,1]
	[64450,1]
	[62326,1]
	[62195,1]
	[61851,1]
	[61717,2]
	[61253,1]
	[60871,1]
	[60234,1]
	[60043,2]
	[59982,1]
	[63676,1]
	[390,143]
	[388,131]
	[65724,1]
	[65732,1]
	[65037,1]
	[63334,1]
	[63181,1]
	[63115,1]
	[62849,1]
	[62335,1]
	[62222,2]
	[62166,1]
	[62105,2]
	[61782,1]
	[61663,1]
	[60958,1]
	[60789,1]
	[61453,1]
	[64497,1]
	[65092,1]
	[64747,1]
	[63210,1]
	[63088,1]
	[62823,1]
	[62505,1]
	[62112,1]
	[61634,1]
	[61423,1]
	[61161,1]
	[63053,1]
	[392,154]
	[64464,1]
	[731,1]
	[64208,1]
	[63655,1]
	[63521,1]
	[63009,1]
	[62658,1]
	[62188,1]
	[62119,1]
	[61935,1]
	[61532,1]
	[61473,1]
	[61415,1]
	[61169,1]
	[66074,1]
	[65961,1]
	[64923,1]
	[64668,1]
	[64126,1]
	[63860,1]
	[63684,1]
	[63494,1]
	[62500,1]
	[62262,1]
	[61947,1]
	[61949,1]
	[63967,1]
	[67513,1]
	[430,136]
	[479,88]
	[65584,1]
	[65900,1]
	[64500,1]
	[64501,1]
	[64373,1]
	[64306,1]
	[63775,1]
	[63544,1]
	[63406,1]
	[63170,1]
	[63055,1]
	[62812,1]
	[62539,1]
	[62342,1]
	[62154,1]
	[393,144]
	[397,167]
	[67790,1]
	[64885,1]
	[64887,1]
	[64823,1]
	[64326,1]
	[64031,1]
	[63586,1]
	[63522,1]
	[63253,1]
	[63137,1]
	[63073,1]
	[62986,1]
	[67446,1]
	[65815,1]
	[65397,1]
	[64647,1]
	[64444,1]
	[63914,1]
	[63790,1]
	[63598,1]
	[63540,1]
	[63302,1]
	[63050,1]
	[62992,1]
	[62991,1]
	[62927,2]
	[62864,1]
	[62791,1]
	[62525,1]
	[64790,1]
	[67913,1]
	[68544,1]
	[67278,1]
	[66808,1]
	[575,1]
	[607,1]
	[66372,1]
	[66216,1]
	[66774,1]
	[65041,1]
	[64873,1]
	[64340,1]
	[64281,1]
	[64280,1]
	[64217,1]
	[64218,1]
	[64157,1]
	[63758,1]
	[63700,1]
	[63701,1]
	[65504,1]
	[662,1]
	[68297,1]
	[65763,1]
	[64929,1]
	[64855,1]
	[64716,1]
	[64653,1]
	[64206,1]
	[63900,1]
	[63660,1]
	[63489,1]
	[63422,1]
	[65702,1]
	[398,196]
	[400,173]
	[68091,1]
	[67691,1]
	[67564,1]
	[68057,1]
	[612,2]
	[67078,1]
	[66837,1]
	[66656,1]
	[69404,1]
	[66493,1]
	[66248,1]
	[66124,1]
	[66060,1]
	[65442,1]
	[65316,1]
	[64946,1]
	[64597,1]
	[64392,1]
	[64279,1]
	[64155,1]
	[64094,1]
	[64093,1]
	[63834,1]
	[67558,1]
	[399,160]
	[401,182]
	[69462,1]
	[68307,1]
	[68022,1]
	[554,2]
	[604,1]
	[67569,2]
	[68314,1]
	[69576,1]
	[66699,1]
	[66246,1]
	[65977,1]
	[65850,1]
	[65725,1]
	[65548,1]
	[65246,1]
	[66906,1]
	[65179,1]
	[65113,1]
	[65048,1]
	[64878,1]
	[64471,1]
	[65151,1]
	[70554,1]
	[67794,1]
	[67661,1]
	[67368,1]
	[70210,1]
	[66740,1]
	[66616,1]
	[66271,2]
	[65704,1]
	[65638,1]
	[65337,1]
	[65204,1]
	[65078,3]
	[69683,1]
	[68979,1]
	[470,89]
	[630,2]
	[68248,1]
	[68080,1]
	[67816,1]
	[67735,1]
	[67423,1]
	[67099,1]
	[66527,1]
	[66396,1]
	[65770,1]
	[65699,1]
	[65559,1]
	[65437,1]
	[65238,1]
	[65174,1]
	[65054,1]
	[64917,1]
	[67157,1]
	[404,191]
	[70837,1]
	[70044,1]
	[69807,1]
	[69134,1]
	[68988,1]
	[68622,1]
	[67664,1]
	[67069,1]
	[66871,1]
	[66745,1]
	[66684,1]
	[66236,1]
	[66016,1]
	[69500,1]
	[403,160]
	[405,226]
	[69237,1]
	[69062,1]
	[68905,1]
	[68359,1]
	[68300,1]
	[67774,1]
	[67521,1]
	[67241,1]
	[67180,1]
	[67116,1]
	[67117,1]
	[66832,1]
	[66579,1]
	[66273,1]
	[65874,1]
	[71341,1]
	[406,194]
	[71756,1]
	[70298,1]
	[69596,1]
	[69344,1]
	[69255,1]
	[70923,1]
	[68733,1]
	[71668,1]
	[68398,1]
	[67840,1]
	[67592,1]
	[69306,2]
	[67217,1]
	[66959,1]
	[66882,1]
	[66818,1]
	[66581,1]
	[66333,1]
	[66096,1]
	[66097,1]
	[70042,1]
	[69388,1]
	[71174,1]
	[69023,1]
	[68907,1]
	[68498,1]
	[71676,1]
	[68055,1]
	[67818,1]
	[67579,1]
	[67510,1]
	[67397,1]
	[67231,1]
	[67105,1]
	[67039,1]
	[66973,1]
	[66919,1]
	[66731,1]
	[408,149]
	[72136,1]
	[70080,1]
	[72455,1]
	[69225,1]
	[69094,1]
	[68452,1]
	[68454,1]
	[72314,1]
	[67968,1]
	[67969,1]
	[67509,1]
	[67175,1]
	[67040,1]
	[72541,1]
	[409,156]
	[72956,1]
	[73054,1]
	[70203,1]
	[70138,1]
	[70005,1]
	[69823,1]
	[69693,2]
	[69692,2]
	[69624,1]
	[71028,1]
	[69430,1]
	[69076,1]
	[69008,1]
	[68938,1]
	[68872,1]
	[68418,1]
	[68277,1]
	[68203,1]
	[68201,1]
	[67993,1]
	[67992,1]
	[67871,1]
	[67872,1]
	[67692,1]
	[67391,1]
	[68100,1]
	[71320,1]
	[73306,1]
	[72492,1]
	[71933,1]
	[611,1]
	[71312,1]
	[894,1]
	[70665,1]
	[70162,1]
	[69909,1]
	[69724,1]
	[72559,1]
	[69084,1]
	[68547,1]
	[68382,1]
	[68268,1]
	[68010,1]
	[70322,1]
	[412,167]
	[73586,1]
	[73612,1]
	[71802,1]
	[71803,1]
	[446,127]
	[71466,1]
	[72238,1]
	[70263,1]
	[69892,1]
	[69774,1]
	[69718,1]
	[69658,1]
	[69537,1]
	[68941,1]
	[68809,1]
	[68495,1]
	[68496,1]
	[70410,1]
	[69070,1]
	[69069,1]
	[410,146]
	[415,172]
	[74392,1]
	[73182,1]
	[72858,1]
	[72728,1]
	[72666,1]
	[71411,1]
	[71161,1]
	[71104,1]
	[70564,1]
	[69928,1]
	[69861,2]
	[69862,1]
	[69860,1]
	[70642,1]
	[69292,1]
	[69291,1]
	[69100,1]
	[68798,1]
	[74269,1]
	[74669,1]
	[74582,1]
	[73367,1]
	[73655,1]
	[73190,1]
	[73779,1]
	[73242,1]
	[72070,1]
	[71847,1]
	[71620,1]
	[71500,1]
	[71501,1]
	[71382,1]
	[73851,1]
	[70848,1]
	[70715,1]
	[70482,1]
	[71453,1]
	[69883,1]
	[69633,1]
	[69508,1]
	[69448,1]
	[69172,1]
	[69173,1]
	[69013,1]
	[74879,1]
	[74894,1]
	[74895,1]
	[72267,1]
	[70980,1]
	[70865,1]
	[70746,1]
	[70495,3]
	[70223,1]
	[69904,1]
	[69676,1]
	[73545,1]
	[414,147]
	[417,146]
	[74200,1]
	[75598,1]
	[73873,1]
	[73527,1]
	[73172,1]
	[72833,1]
	[72532,1]
	[72474,1]
	[72356,1]
	[72089,1]
	[72017,1]
	[71088,1]
	[71087,1]
	[70971,1]
	[70910,1]
	[70700,1]
	[70513,1]
	[70317,1]
	[70029,1]
	[69842,1]
	[69778,1]
	[72169,1]
	[420,165]
	[74640,1]
	[74388,1]
	[736,1]
	[73359,1]
	[72873,1]
	[72804,1]
	[72216,2]
	[72147,1]
	[72021,1]
	[71641,1]
	[71465,1]
	[71121,1]
	[70668,3]
	[70341,1]
	[76192,1]
	[70157,1]
	[70868,1]
	[74122,1]
	[419,125]
	[76245,1]
	[74856,1]
	[795,1]
	[73830,1]
	[73036,1]
	[72185,1]
	[71790,1]
	[71548,1]
	[71437,1]
	[71030,1]
	[70800,1]
	[71526,1]
	[73163,1]
	[74808,1]
	[76946,2]
	[74074,1]
	[72991,1]
	[72857,1]
	[72721,1]
	[72550,1]
	[72494,1]
	[71824,1]
	[75087,1]
	[416,181]
	[421,123]
	[76987,1]
	[76634,1]
	[75281,1]
	[74252,1]
	[73940,1]
	[73475,1]
	[73351,1]
	[73068,1]
	[72692,1]
	[72638,1]
	[72509,1]
	[72173,1]
	[71911,1]
	[71849,1]
	[73654,1]
	[75416,1]
	[77474,1]
	[77505,1]
	[77094,1]
	[77007,1]
	[77292,1]
	[75027,1]
	[74767,1]
	[74374,1]
	[74197,1]
	[74079,1]
	[73468,1]
	[73270,1]
	[73208,1]
	[72893,1]
	[74798,1]
	[73195,1]
	[72279,1]
	[72064,1]
	[72789,1]
	[77680,1]
	[78058,1]
	[76935,1]
	[76745,1]
	[76478,1]
	[75962,1]
	[75521,1]
	[75316,1]
	[75257,2]
	[75258,1]
	[75195,1]
	[74889,1]
	[74753,1]
	[74680,1]
	[74534,1]
	[74273,1]
	[74213,1]
	[74001,1]
	[73811,1]
	[73275,1]
	[73276,1]
	[72712,1]
	[72643,1]
	[72579,1]
	[72447,1]
	[72337,2]
	[78049,1]
	[77408,1]
	[76884,1]
	[76235,1]
	[74926,1]
	[74390,1]
	[74266,1]
	[74199,1]
	[73956,1]
	[73675,1]
	[73614,1]
	[73557,1]
	[73118,1]
	[72929,1]
	[72931,1]
	[73487,1]
	[424,152]
	[78902,1]
	[77550,1]
	[77118,1]
	[618,1]
	[644,1]
	[76877,1]
	[76606,1]
	[76439,1]
	[75955,1]
	[75727,1]
	[75545,1]
	[75489,1]
	[74646,1]
	[74419,1]
	[74106,1]
	[73941,2]
	[73829,1]
	[73456,1]
	[73343,1]
	[74010,1]
	[79018,1]
	[79439,1]
	[79005,1]
	[79423,1]
	[78610,1]
	[78549,1]
	[521,36]
	[77703,1]
	[77556,1]
	[77407,1]
	[77401,1]
	[76049,1]
	[75604,1]
	[75544,1]
	[75333,1]
	[74966,1]
	[74721,1]
	[74720,1]
	[74447,1]
	[74385,1]
	[74315,1]
	[74243,1]
	[74114,1]
	[74044,1]
	[73911,1]
	[73712,1]
	[73651,1]
	[73652,1]
	[74260,2]
	[428,126]
	[79709,1]
	[79189,1]
	[78155,1]
	[551,2]
	[77689,1]
	[76889,1]
	[78886,1]
	[76528,1]
	[76072,1]
	[75903,1]
	[75652,1]
	[75248,1]
	[75122,1]
	[74779,1]
	[74660,1]
	[74601,1]
	[74051,1]
	[73774,1]
	[77914,1]
	[80037,2]
	[80045,1]
	[78958,1]
	[78826,1]
	[77807,1]
	[77519,2]
	[76822,1]
	[76638,1]
	[76579,1]
	[76444,2]
	[76370,1]
	[76238,1]
	[76237,2]
	[76061,1]
	[75889,1]
	[75891,1]
	[75719,1]
	[75279,1]
	[75109,1]
	[75039,1]
	[74972,1]
	[74854,1]
	[74738,1]
	[77086,1]
	[78781,1]
	[432,123]
	[80918,1]
	[80929,1]
	[79978,1]
	[77642,1]
	[77239,1]
	[77170,1]
	[76375,1]
	[76260,1]
	[76016,1]
	[75810,1]
	[75683,1]
	[75548,1]
	[75234,1]
	[74797,1]
	[77200,1]
	[80612,1]
	[80610,1]
	[433,162]
	[78985,1]
	[77700,1]
	[77222,1]
	[76829,1]
	[76764,1]
	[76561,1]
	[76313,1]
	[76170,1]
	[76110,1]
	[76054,1]
	[75936,1]
	[75746,1]
	[75690,1]
	[75194,1]
	[75193,1]
	[75121,1]
	[425,111]
	[80903,1]
	[431,161]
	[80672,1]
	[79730,1]
	[80202,1]
	[78688,1]
	[78609,1]
	[77939,1]
	[77668,1]
	[77205,1]
	[77137,1]
	[77082,1]
	[76892,1]
	[76775,1]
	[76659,1]
	[76342,1]
	[79171,1]
	[76282,1]
	[76157,1]
	[76017,1]
	[75817,1]
	[75432,1]
	[79490,1]
	[79492,1]
	[81204,1]
	[80880,1]
	[79833,1]
	[80427,1]
	[79110,1]
	[78392,1]
	[78060,1]
	[77746,1]
	[77691,1]
	[77512,1]
	[76755,1]
	[76692,1]
	[76578,1]
	[76344,1]
	[76246,1]
	[80280,1]
	[80283,1]
	[435,195]
	[82372,1]
	[81586,1]
	[80682,1]
	[80606,2]
	[80331,1]
	[79646,1]
	[79509,1]
	[78701,1]
	[78700,1]
	[78643,1]
	[78246,1]
	[77972,1]
	[77662,1]
	[77528,1]
	[77346,1]
	[77347,1]
	[77237,1]
	[77173,1]
	[76943,1]
	[76299,1]
	[78790,1]
	[82637,1]
	[82670,1]
	[82189,1]
	[80900,1]
	[80478,1]
	[80046,1]
	[79820,1]
	[79518,1]
	[80738,1]
	[78897,1]
	[77673,1]
	[77613,1]
	[77158,1]
	[81378,1]
	[76779,1]
	[77406,1]
	[80819,1]
	[82615,1]
	[81752,1]
	[81163,3]
	[80925,1]
	[80593,1]
	[80353,1]
	[80287,1]
	[80109,1]
	[79872,1]
	[79430,1]
	[79014,1]
	[78839,1]
	[78714,1]
	[78461,1]
	[78336,1]
	[78166,1]
	[77538,1]
	[83702,1]
	[82581,1]
	[472,95]
	[504,79]
	[82162,1]
	[81896,1]
	[82500,1]
	[81528,1]
	[80792,1]
	[80530,2]
	[80218,1]
	[79815,1]
	[79749,1]
	[81238,1]
	[79374,1]
	[83539,1]
	[78881,1]
	[78816,1]
	[79775,1]
	[78418,1]
	[78350,1]
	[77954,1]
	[80323,1]
	[438,144]
	[82890,1]
	[82955,1]
	[82906,1]
	[81410,1]
	[80809,1]
	[80467,1]
	[80157,1]
	[79837,1]
	[79525,2]
	[79280,1]
	[79130,1]
	[78879,1]
	[78819,1]
	[82727,1]
	[78424,1]
	[78182,1]
	[78074,1]
	[78010,1]
	[77888,1]
	[82141,1]
	[82146,1]
	[437,142]
	[83748,1]
	[83587,1]
	[83276,2]
	[83546,1]
	[83099,1]
	[83339,1]
	[82585,1]
	[81915,1]
	[81468,1]
	[81409,1]
	[80831,1]
	[80328,1]
	[80017,1]
	[79477,1]
	[79370,1]
	[79316,1]
	[78868,1]
	[78612,1]
	[439,115]
	[83941,1]
	[83189,2]
	[83761,1]
	[82113,1]
	[81800,1]
	[81730,1]
	[81399,1]
	[81276,1]
	[80578,2]
	[80270,2]
	[80271,1]
	[80032,1]
	[82558,1]
	[79899,1]
	[79640,1]
	[79199,1]
	[79003,1]
	[83280,1]
	[85032,1]
	[84909,1]
	[83219,1]
	[82875,1]
	[82869,1]
	[82697,1]
	[82695,1]
	[859,1]
	[82151,1]
	[81741,1]
	[81619,1]
	[81620,1]
	[81207,1]
	[81024,1]
	[80892,1]
	[80434,1]
	[80004,1]
	[79507,1]
	[79203,1]
	[80019,1]
	[83930,1]
	[84693,1]
	[84877,1]
	[84750,1]
	[82774,1]
	[82263,1]
	[81589,1]
	[81418,1]
	[81162,1]
	[81050,1]
	[80996,1]
	[80994,2]
	[80884,1]
	[80834,1]
	[80601,1]
	[85973,1]
	[444,139]
	[85952,1]
	[86377,1]
	[84781,1]
	[85190,1]
	[83409,1]
	[83287,1]
	[83107,1]
	[83039,1]
	[82897,1]
	[82642,1]
	[82579,1]
	[82061,1]
	[83589,1]
	[81570,1]
	[81435,1]
	[81236,1]
	[85857,1]
	[80460,1]
	[80324,1]
	[80325,1]
	[82703,1]
	[82700,1]
	[86715,1]
	[86746,1]
	[85622,1]
	[85418,2]
	[85229,1]
	[86600,3]
	[84480,1]
	[84206,1]
	[84034,1]
	[83838,1]
	[83126,1]
	[82898,1]
	[82570,1]
	[82115,2]
	[81900,1]
	[81525,1]
	[81404,1]
	[80758,1]
	[80635,1]
	[83122,1]
	[86649,1]
	[443,129]
	[85628,1]
	[85320,1]
	[85239,1]
	[84313,1]
	[84312,1]
	[83982,2]
	[83917,1]
	[83728,1]
	[83482,1]
	[82561,1]
	[82497,1]
	[82440,1]
	[82390,1]
	[82288,1]
	[82233,1]
	[82183,2]
	[82010,2]
	[81749,1]
	[81696,1]
	[81638,1]
	[87350,1]
	[85053,1]
	[84850,1]
	[84470,1]
	[83942,1]
	[83883,1]
	[83396,1]
	[82965,1]
	[82831,1]
	[82636,1]
	[82635,1]
	[82568,1]
	[82445,1]
	[81884,1]
	[81886,1]
	[81560,1]
	[81501,1]
	[82345,1]
	[449,136]
	[86274,1]
	[86023,1]
	[85932,1]
	[85397,1]
	[85161,1]
	[84961,1]
	[84664,1]
	[84474,1]
	[83997,1]
	[83926,1]
	[83729,2]
	[82832,1]
	[82590,2]
	[82404,1]
	[82277,1]
	[82213,1]
	[82009,1]
	[81937,1]
	[81936,1]
	[81872,1]
	[84310,1]
	[84311,1]
	[87848,1]
	[88406,1]
	[87112,1]
	[87034,1]
	[86950,1]
	[85998,1]
	[85997,1]
	[85942,1]
	[85817,1]
	[85704,1]
	[88833,1]
	[84918,1]
	[84652,1]
	[86737,1]
	[84344,1]
	[84293,1]
	[83727,1]
	[83652,1]
	[83460,1]
	[83316,1]
	[82751,1]
	[82694,1]
	[82631,1]
	[85214,1]
	[87549,1]
	[86162,2]
	[85920,1]
	[85802,1]
	[85738,1]
	[85491,1]
	[85149,1]
	[85098,1]
	[84791,1]
	[84676,1]
	[84494,1]
	[84495,1]
	[84434,1]
	[84166,1]
	[83852,1]
	[83793,1]
	[83619,1]
	[83505,1]
	[83001,1]
	[83671,1]
	[85427,1]
	[453,142]
	[89545,1]
	[89481,1]
	[88644,1]
	[88137,1]
	[88469,1]
	[87298,1]
	[87033,1]
	[86710,1]
	[85786,1]
	[85376,1]
	[85175,1]
	[84984,1]
	[84925,1]
	[84800,1]
	[84602,1]
	[84440,1]
	[83958,1]
	[83571,1]
	[83380,1]
	[85874,1]
	[89451,1]
	[89912,1]
	[89191,1]
	[88533,1]
	[474,106]
	[658,1]
	[87492,1]
	[85696,1]
	[85629,1]
	[85338,1]
	[85283,1]
	[85230,1]
	[86462,1]
	[85038,1]
	[84971,1]
	[84912,1]
	[84793,1]
	[84466,1]
	[84089,1]
	[83901,1]
	[83631,1]
	[86145,1]
	[89705,1]
	[88733,1]
	[87690,1]
	[86617,1]
	[86564,1]
	[86514,1]
	[86322,1]
	[86200,1]
	[85845,2]
	[85582,1]
	[85523,1]
	[85468,1]
	[85238,1]
	[85006,1]
	[84939,1]
	[85269,1]
	[84733,1]
	[84363,1]
	[86864,1]
	[88656,1]
	[90885,1]
	[89290,1]
	[89068,1]
	[88105,1]
	[87190,1]
	[87129,1]
	[87066,1]
	[86869,1]
	[86469,1]
	[86285,1]
	[86227,1]
	[86025,1]
	[85327,1]
	[84776,1]
	[84646,1]
	[88870,1]
	[88868,1]
	[454,140]
	[455,150]
	[90870,1]
	[90101,1]
	[91203,1]
	[91309,1]
	[89563,1]
	[89495,1]
	[89858,1]
	[87944,1]
	[87736,1]
	[87480,1]
	[87303,1]
	[87302,1]
	[87170,1]
	[87045,1]
	[86857,1]
	[91496,1]
	[86474,1]
	[86398,1]
	[86210,1]
	[85529,1]
	[85406,1]
	[85231,1]
	[88629,1]
	[85064,1]
	[89359,1]
	[91177,1]
	[457,140]
	[91684,2]
	[90798,1]
	[90867,1]
	[90155,1]
	[90399,1]
	[89729,1]
	[89936,1]
	[88831,1]
	[88608,1]
	[90686,1]
	[88313,1]
	[88255,1]
	[88083,1]
	[87572,1]
	[87442,1]
	[87381,1]
	[91161,1]
	[86786,1]
	[86727,1]
	[86428,1]
	[86093,1]
	[86037,1]
	[85968,1]
	[85846,1]
	[85797,1]
	[85675,1]
	[86534,1]
	[458,140]
	[91833,1]
	[91739,1]
	[90911,1]
	[90797,1]
	[488,76]
	[90166,1]
	[89744,2]
	[89384,1]
	[89316,1]
	[89260,1]
	[88946,1]
	[88738,2]
	[88422,1]
	[87778,1]
	[87723,2]
	[87610,1]
	[87545,1]
	[87128,1]
	[86871,1]
	[86603,1]
	[86495,1]
	[86163,1]
	[88565,1]
	[460,116]
	[91072,1]
	[91019,1]
	[89355,1]
	[91728,1]
	[88945,1]
	[88770,1]
	[88662,1]
	[87702,1]
	[87630,1]
	[87428,1]
	[87374,1]
	[87134,1]
	[87064,1]
	[86934,1]
	[86813,1]
	[86584,2]
	[86448,1]
	[86320,1]
	[86106,1]
	[92580,1]
	[92996,1]
	[91628,1]
	[91562,1]
	[90120,1]
	[89965,1]
	[89561,2]
	[89271,1]
	[89204,1]
	[88828,1]
	[88599,1]
	[92511,1]
	[88480,1]
	[88365,1]
	[91688,1]
	[87600,1]
	[87417,1]
	[87359,1]
	[93265,1]
	[462,110]
	[93552,1]
	[92158,1]
	[93879,1]
	[91428,1]
	[91283,1]
	[92706,2]
	[90674,1]
	[90416,1]
	[90415,1]
	[94000,1]
	[90026,1]
	[90028,1]
	[89910,1]
	[89847,1]
	[89572,1]
	[89388,1]
	[89335,1]
	[89268,1]
	[88525,1]
	[88465,1]
	[88124,1]
	[88125,1]
	[88063,1]
	[88064,1]
	[87952,1]
	[87757,1]
	[87612,1]
	[87539,1]
	[93995,1]
	[92592,1]
	[92877,1]
	[92294,1]
	[91882,1]
	[91703,1]
	[91198,1]
	[90820,1]
	[90366,1]
	[90137,1]
	[90139,1]
	[90013,1]
	[89875,1]
	[89681,1]
	[89610,1]
	[89611,1]
	[88852,1]
	[88784,1]
	[88477,1]
	[88268,1]
	[87943,1]
	[87602,1]
	[88464,1]
	[92101,1]
	[93572,1]
	[92994,1]
	[93443,1]
	[92006,1]
	[91570,1]
	[91510,1]
	[91282,1]
	[90966,1]
	[90237,1]
	[90236,1]
	[90077,1]
	[89969,1]
	[89578,1]
	[89291,1]
	[89211,1]
	[89012,1]
	[89010,1]
	[89011,1]
	[88886,1]
	[88774,3]
	[88716,1]
	[88314,1]
	[463,110]
	[464,121]
	[95136,1]
	[93525,1]
	[93466,1]
	[93401,1]
	[93023,1]
	[92847,1]
	[753,1]
	[92833,1]
	[91698,1]
	[91369,1]
	[90718,1]
	[90606,1]
	[90420,2]
	[90421,1]
	[90278,1]
	[90279,1]
	[89952,1]
	[89526,1]
	[89396,1]
	[89138,1]
	[88704,1]
	[89515,1]
	[91328,1]
	[466,120]
	[490,81]
	[93631,1]
	[92832,1]
	[92398,1]
	[92341,1]
	[92102,1]
	[91851,1]
	[94388,1]
	[91150,1]
	[90437,1]
	[90235,1]
	[90049,1]
	[89867,1]
	[89866,1]
	[89614,1]
	[89489,1]
	[89200,1]
	[89128,1]
	[91563,1]
	[93390,1]
	[95695,1]
	[95714,1]
	[94479,1]
	[94256,1]
	[92368,1]
	[91866,1]
	[91654,1]
	[91655,1]
	[91272,1]
	[91103,1]
	[91040,1]
	[90983,1]
	[90811,1]
	[90760,1]
	[90707,1]
	[90649,1]
	[90590,1]
	[90375,1]
	[90315,1]
	[90102,1]
	[90044,1]
	[89856,1]
	[89737,1]
	[92674,1]
	[89419,1]
	[89307,1]
	[89252,1]
	[91950,1]
	[96192,1]
	[556,1]
	[94108,1]
	[93018,1]
	[94336,1]
	[92757,1]
	[92689,1]
	[92636,1]
	[92637,1]
	[92297,1]
	[91505,1]
	[91264,1]
	[91093,1]
	[90743,1]
	[468,108]
	[96445,1]
	[95794,1]
	[95124,1]
	[94781,1]
	[94416,1]
	[94337,2]
	[94248,2]
	[94022,1]
	[93669,1]
	[93485,1]
	[93363,1]
	[93362,1]
	[93174,1]
	[92852,1]
	[92575,1]
	[92077,1]
	[92076,1]
	[91825,1]
	[91537,1]
	[91415,1]
	[91348,1]
	[91224,1]
	[91223,1]
	[90978,1]
	[90516,1]
	[90453,1]
	[93032,1]
	[93035,1]
	[96392,1]
	[97108,1]
	[96420,1]
	[95049,2]
	[94286,1]
	[93947,1]
	[93523,1]
	[92876,1]
	[92643,1]
	[92535,1]
	[92402,1]
	[92331,1]
	[91829,1]
	[91572,1]
	[91388,1]
	[91324,1]
	[97498,1]
	[90773,1]
	[90651,1]
	[97068,2]
	[97519,1]
	[97683,1]
	[95783,1]
	[95456,1]
	[94796,1]
	[94694,1]
	[97285,1]
	[94345,1]
	[94238,1]
	[94129,2]
	[94086,1]
	[93404,1]
	[93217,1]
	[92856,1]
	[92621,1]
	[92566,1]
	[91976,1]
	[91802,1]
	[91738,1]
	[91609,1]
	[91558,1]
	[94224,1]
	[97783,1]
	[96804,1]
	[96430,1]
	[96337,1]
	[96157,2]
	[95977,1]
	[95485,1]
	[95235,1]
	[94871,1]
	[94400,1]
	[94398,1]
	[94254,1]
	[94116,1]
	[93999,1]
	[93869,1]
	[93743,1]
	[93425,1]
	[93055,1]
	[92456,1]
	[92334,1]
	[92193,1]
	[92192,1]
	[95110,1]
	[91929,1]
	[91874,1]
	[91810,1]
	[91811,2]
	[92522,1]
	[92523,2]
	[94359,1]
	[94360,1]
	[94362,1]
	[96227,1]
	[471,86]
	[476,133]
	[475,102]
	[98595,1]
	[96755,1]
	[95729,1]
	[95665,1]
	[95472,1]
	[95474,1]
	[95473,1]
	[95147,1]
	[94570,1]
	[93949,1]
	[93882,1]
	[93810,1]
	[93422,2]
	[93284,1]
	[92844,1]
	[92725,1]
	[92676,1]
	[92613,1]
	[92616,1]
	[92550,1]
	[92492,1]
	[92252,1]
	[98480,1]
	[98476,1]
	[99024,1]
	[97504,1]
	[97803,1]
	[722,1]
	[95625,1]
	[95453,1]
	[94950,1]
	[94757,1]
	[94755,1]
	[96345,1]
	[94376,1]
	[94375,1]
	[94262,1]
	[94211,1]
	[94153,1]
	[94098,1]
	[93886,1]
	[93831,1]
	[93298,1]
	[93234,1]
	[93128,1]
	[92840,1]
	[92784,1]
	[93672,1]
	[97403,1]
	[97402,1]
	[99284,1]
	[99724,1]
	[98591,1]
	[97136,1]
	[96938,1]
	[96664,1]
	[96331,1]
	[96011,1]
	[95950,1]
	[95948,1]
	[98138,1]
	[95885,1]
	[95543,1]
	[95419,1]
	[95250,1]
	[94516,1]
	[94446,1]
	[94312,1]
	[93804,1]
	[93747,1]
	[94082,2]
	[98860,1]
	[98880,1]
	[97643,1]
	[96683,1]
	[96303,1]
	[96250,1]
	[96251,1]
	[96196,1]
	[96077,1]
	[96013,1]
	[95761,1]
	[94993,1]
	[94937,1]
	[94867,1]
	[94802,1]
	[94427,1]
	[94134,1]
	[94136,1]
	[93727,1]
	[93665,1]
	[93529,1]
	[94282,1]
	[99662,1]
	[99372,1]
	[98787,1]
	[98664,1]
	[98661,1]
	[97910,1]
	[97759,1]
	[97694,1]
	[97696,2]
	[97479,1]
	[97380,1]
	[97323,1]
	[96854,1]
	[96601,1]
	[96413,1]
	[97422,1]
	[95805,1]
	[95807,1]
	[95645,1]
	[95477,1]
	[95362,1]
	[95304,1]
	[94992,1]
	[94568,1]
	[94508,1]
	[94445,1]
	[94222,1]
	[94158,1]
	[481,91]
	[100696,1]
	[99977,2]
	[99084,1]
	[98090,1]
	[98028,1]
	[97847,1]
	[96995,1]
	[96569,1]
	[96383,1]
	[96311,1]
	[96240,1]
	[95978,1]
	[95836,1]
	[95777,1]
	[95776,1]
	[95572,1]
	[95437,1]
	[95130,1]
	[95006,1]
	[98367,1]
	[94703,1]
	[94645,1]
	[94644,1]
	[94585,1]
	[100985,1]
	[101568,1]
	[100139,1]
	[98914,1]
	[98336,1]
	[98133,1]
	[97450,1]
	[97386,1]
	[97321,1]
	[96857,1]
	[96652,1]
	[96596,1]
	[96409,1]
	[96288,1]
	[96040,1]
	[96044,1]
	[95929,1]
	[95874,1]
	[95818,1]
	[95640,1]
	[95574,1]
	[97700,1]
	[99601,1]
	[99600,1]
	[102017,1]
	[100152,1]
	[99912,1]
	[99407,1]
	[99101,1]
	[98934,1]
	[98879,2]
	[98695,1]
	[97745,1]
	[97682,1]
	[97277,2]
	[97276,1]
	[97179,1]
	[97072,1]
	[97023,1]
	[96791,1]
	[96534,1]
	[96246,1]
	[96247,1]
	[96122,1]
	[96071,1]
	[96009,1]
	[95839,1]
	[95603,1]
	[98376,1]
	[482,92]
	[485,77]
	[484,96]
	[483,85]
	[101964,1]
	[102042,1]
	[478,105]
	[101161,1]
	[101088,1]
	[574,1]
	[100791,1]
	[608,2]
	[99035,1]
	[99034,1]
	[98479,1]
	[98364,1]
	[98365,1]
	[98251,1]
	[98135,1]
	[99761,1]
	[98074,1]
	[97935,1]
	[97801,1]
	[97351,1]
	[97290,1]
	[96529,1]
	[96356,1]
	[96168,1]
	[102559,1]
	[102243,1]
	[101259,1]
	[103131,1]
	[100379,1]
	[100377,1]
	[100378,1]
	[99289,1]
	[99232,1]
	[99173,1]
	[100232,1]
	[98645,1]
	[98577,1]
	[98453,1]
	[98264,1]
	[98061,1]
	[98059,1]
	[97886,1]
	[99937,1]
	[97644,1]
	[97144,1]
	[97074,1]
	[96994,1]
	[96858,1]
	[96712,1]
	[96523,2]
	[96461,1]
	[96394,1]
	[96395,1]
	[96207,1]
	[101407,1]
	[102828,2]
	[103314,1]
	[101339,1]
	[101246,1]
	[734,1]
	[100902,1]
	[100288,1]
	[100112,1]
	[99387,1]
	[99312,1]
	[99061,1]
	[98999,1]
	[98761,1]
	[98320,1]
	[97928,1]
	[97854,1]
	[97715,1]
	[97595,1]
	[97534,1]
	[97282,1]
	[97219,1]
	[97164,2]
	[97165,1]
	[96922,1]
	[99412,1]
	[103262,1]
	[103813,1]
	[102556,1]
	[102337,1]
	[102986,1]
	[101916,1]
	[781,1]
	[101007,1]
	[100952,1]
	[100586,1]
	[100465,1]
	[100291,1]
	[100182,1]
	[99763,1]
	[98710,1]
	[98471,1]
	[98413,1]
	[98412,1]
	[98265,1]
	[98033,1]
	[97586,1]
	[97460,1]
	[102120,1]
	[486,102]
	[487,85]
	[104531,1]
	[104073,1]
	[102618,1]
	[101856,1]
	[101307,1]
	[101110,1]
	[101049,1]
	[100866,1]
	[100865,1]
	[100804,1]
	[104624,1]
	[100522,1]
	[100392,2]
	[100128,1]
	[99877,1]
	[99748,1]
	[99520,1]
	[99161,1]
	[98517,1]
	[98516,1]
	[98447,1]
	[98803,1]
	[104997,1]
	[104583,1]
	[104228,1]
	[103230,1]
	[103455,1]
	[102002,1]
	[101811,1]
	[101556,1]
	[100945,1]
	[100682,1]
	[100453,1]
	[100335,1]
	[100226,1]
	[99847,1]
	[99722,1]
	[99583,1]
	[99462,1]
	[99880,1]
	[98964,1]
	[98897,1]
	[98518,1]
	[98403,1]
	[98271,1]
	[98134,2]
	[98965,1]
	[105231,1]
	[103914,1]
	[103513,1]
	[103109,1]
	[102772,1]
	[102454,1]
	[102046,1]
	[101776,1]
	[101546,1]
	[101303,1]
	[101243,1]
	[101121,1]
	[101061,1]
	[100222,1]
	[100038,1]
	[99759,1]
	[99631,1]
	[99566,3]
	[99509,1]
	[99394,1]
	[106014,1]
	[105628,1]
	[103797,1]
	[103526,1]
	[102742,1]
	[101698,1]
	[101262,1]
	[101075,1]
	[100958,1]
	[100892,1]
	[100760,1]
	[100702,1]
	[100567,1]
	[100428,1]
	[100353,1]
	[100287,1]
	[100286,1]
	[100170,1]
	[100168,1]
	[99696,1]
	[99694,1]
	[99515,1]
	[105896,1]
	[105642,1]
	[104636,1]
	[104077,1]
	[103994,1]
	[102736,1]
	[102497,1]
	[102304,1]
	[102238,1]
	[101283,1]
	[101282,1]
	[101221,1]
	[101020,1]
	[100826,1]
	[100643,1]
	[99995,1]
	[99806,2]
	[99805,1]
	[102401,1]
	[102380,1]
	[104056,1]
	[104051,1]
	[103669,1]
	[103552,1]
	[103551,1]
	[103432,1]
	[103374,1]
	[103316,1]
	[103258,1]
	[103082,1]
	[102947,1]
	[102757,2]
	[102629,2]
	[102250,1]
	[102182,1]
	[102069,1]
	[102016,1]
	[101904,1]
	[101796,1]
	[101797,1]
	[101743,1]
	[101411,1]
	[105027,1]
	[101230,1]
	[101040,1]
	[100934,1]
	[100810,1]
	[100647,1]
	[104793,2]
	[100401,1]
	[105138,1]
	[105139,1]
	[106002,1]
	[106320,1]
	[615,1]
	[106130,1]
	[105451,1]
	[104942,1]
	[103007,1]
	[102956,1]
	[102762,1]
	[102528,1]
	[102394,1]
	[102004,1]
	[101934,1]
	[101700,1]
	[101431,2]
	[101360,1]
	[101299,1]
	[101297,1]
	[101056,1]
	[101055,1]
	[101008,1]
	[100756,1]
	[101612,1]
	[103541,1]
	[105488,1]
	[106945,1]
	[106196,1]
	[105775,1]
	[105604,1]
	[105509,1]
	[105510,1]
	[105508,1]
	[105422,1]
	[104725,1]
	[104513,1]
	[104378,1]
	[104204,1]
	[103975,1]
	[103726,1]
	[103532,1]
	[103471,1]
	[103072,1]
	[102953,2]
	[102448,1]
	[102384,1]
	[102383,1]
	[102326,2]
	[102264,1]
	[102146,1]
	[102035,1]
	[102036,1]
	[101900,1]
	[102444,1]
	[101359,1]
	[101298,1]
	[101032,1]
	[103885,1]
	[492,75]
	[494,74]
	[495,74]
	[108356,1]
	[108357,1]
	[107837,1]
	[107795,1]
	[107275,1]
	[108546,1]
	[106734,2]
	[106025,1]
	[105533,1]
	[104915,1]
	[106486,1]
	[104800,1]
	[104549,1]
	[104547,1]
	[104068,1]
	[104013,1]
	[103592,1]
	[103366,1]
	[102877,1]
	[102815,1]
	[108630,1]
	[102105,1]
	[101982,1]
	[101858,1]
	[104740,1]
	[108672,1]
	[108670,1]
	[109165,1]
	[107822,1]
	[106385,1]
	[106010,1]
	[106583,1]
	[105038,1]
	[109074,1]
	[105685,1]
	[104612,1]
	[104425,1]
	[104283,1]
	[103682,1]
	[103614,1]
	[103615,1]
	[103547,1]
	[103478,1]
	[103242,1]
	[103174,1]
	[102336,1]
	[102277,1]
	[102218,1]
	[103154,1]
	[103156,1]
	[497,84]
	[108131,1]
	[107625,1]
	[109565,1]
	[108047,1]
	[106944,1]
	[106418,1]
	[106238,2]
	[105906,1]
	[105785,1]
	[105613,1]
	[105156,1]
	[105018,1]
	[104953,1]
	[104764,1]
	[106695,1]
	[104485,2]
	[104370,1]
	[104313,1]
	[103938,1]
	[103476,1]
	[103279,1]
	[102823,1]
	[102750,1]
	[102676,1]
	[102598,1]
	[102545,1]
	[102544,1]
	[107348,1]
	[107347,1]
	[109848,1]
	[108991,1]
	[109203,1]
	[108612,1]
	[108267,1]
	[107992,1]
	[106791,1]
	[106541,1]
	[108024,1]
	[106417,1]
	[105966,1]
	[105898,2]
	[105716,1]
	[105311,1]
	[105246,1]
	[104632,1]
	[104447,1]
	[104332,1]
	[104271,1]
	[104092,1]
	[104093,1]
	[104034,2]
	[103753,1]
	[104227,1]
	[109702,1]
	[108602,1]
	[109237,1]
	[107721,1]
	[106824,1]
	[106759,1]
	[106640,1]
	[106584,1]
	[106021,1]
	[105893,1]
	[105892,1]
	[105827,1]
	[105759,1]
	[105694,1]
	[105692,1]
	[105187,1]
	[104815,1]
	[104691,1]
	[104559,1]
	[104305,1]
	[106974,1]
	[110759,1]
	[109635,1]
	[109580,1]
	[108244,1]
	[107538,1]
	[107472,1]
	[107475,1]
	[106145,1]
	[106074,1]
	[105897,1]
	[105705,1]
	[105707,1]
	[105594,1]
	[105466,1]
	[105403,1]
	[105343,1]
	[105096,1]
	[104948,1]
	[104748,2]
	[104496,2]
	[104497,1]
	[104430,1]
	[104176,1]
	[104052,1]
	[110799,2]
	[110800,1]
	[502,72]
	[111294,1]
	[110919,1]
	[110612,1]
	[109253,1]
	[108441,1]
	[107902,1]
	[107567,1]
	[107310,1]
	[106794,1]
	[105981,1]
	[105583,1]
	[105395,1]
	[105334,1]
	[105112,1]
	[105002,1]
	[104939,1]
	[104878,1]
	[104715,1]
	[104460,1]
	[104395,1]
	[104281,1]
	[105225,1]
	[107188,1]
	[110414,2]
	[109870,1]
	[109547,1]
	[109151,1]
	[109085,1]
	[108964,1]
	[108848,1]
	[108726,2]
	[108035,1]
	[107482,1]
	[107088,1]
	[106966,1]
	[106905,1]
	[106841,1]
	[106553,1]
	[106013,1]
	[105849,1]
	[105725,1]
	[105664,1]
	[105501,2]
	[105433,1]
	[105184,1]
	[110040,1]
	[112477,1]
	[110876,1]
	[111076,1]
	[110401,1]
	[110136,1]
	[109575,1]
	[109217,1]
	[109157,1]
	[109089,1]
	[108889,1]
	[108828,1]
	[108647,1]
	[108235,1]
	[108170,1]
	[108394,1]
	[107529,1]
	[107473,1]
	[108507,1]
	[107132,1]
	[106875,1]
	[106659,1]
	[106609,1]
	[106547,1]
	[106278,1]
	[106209,1]
	[105846,1]
	[105715,1]
	[105589,1]
	[112330,1]
	[505,68]
	[111574,1]
	[111385,1]
	[111318,1]
	[112957,1]
	[109997,1]
	[109550,1]
	[109478,1]
	[109332,1]
	[109333,1]
	[109261,1]
	[109262,1]
	[109190,2]
	[108741,1]
	[108676,1]
	[108329,1]
	[108084,1]
	[107900,1]
	[107777,1]
	[107776,2]
	[107458,1]
	[107396,1]
	[106973,1]
	[106908,1]
	[106351,1]
	[106144,1]
	[106068,1]
	[105870,1]
	[506,73]
	[112740,1]
	[112691,1]
	[112149,1]
	[111808,1]
	[112240,1]
	[111289,1]
	[779,1]
	[110660,2]
	[110248,1]
	[113233,1]
	[110130,1]
	[112527,1]
	[109573,1]
	[111248,1]
	[109211,1]
	[109213,1]
	[109086,1]
	[108657,1]
	[108599,1]
	[108282,1]
	[108164,1]
	[107994,1]
	[107767,1]
	[107577,1]
	[107276,1]
	[107225,1]
	[107111,2]
	[107046,1]
	[106925,1]
	[106922,1]
	[106857,1]
	[109602,1]
	[111609,1]
	[113202,1]
	[112435,1]
	[111837,1]
	[111654,1]
	[111267,1]
	[110793,1]
	[110404,1]
	[110221,1]
	[109941,1]
	[109814,1]
	[109749,1]
	[109500,1]
	[109378,1]
	[109311,1]
	[109064,1]
	[108951,1]
	[112939,1]
	[108891,1]
	[108777,1]
	[108634,1]
	[108169,1]
	[108096,1]
	[107965,1]
	[107896,1]
	[107520,1]
	[107282,1]
	[107230,1]
	[107233,1]
	[107234,1]
	[111968,1]
	[666,1]
	[113360,1]
	[111326,1]
	[110920,1]
	[110666,1]
	[112797,1]
	[109800,1]
	[109733,1]
	[109442,1]
	[108928,1]
	[108677,1]
	[108559,1]
	[113897,1]
	[108384,1]
	[108325,1]
	[108274,1]
	[108275,1]
	[108089,1]
	[108032,1]
	[107611,1]
	[107425,1]
	[107369,1]
	[110256,1]
	[509,61]
	[114793,1]
	[114506,1]
	[113103,1]
	[114786,1]
	[632,1]
	[111983,1]
	[111641,1]
	[111463,1]
	[111114,1]
	[110289,1]
	[109846,1]
	[109686,1]
	[111050,1]
	[109343,2]
	[109221,1]
	[109087,1]
	[109030,1]
	[108930,1]
	[108825,1]
	[108613,2]
	[108489,1]
	[108353,1]
	[108354,1]
	[108248,2]
	[108191,1]
	[111154,1]
	[113168,1]
	[114906,1]
	[114638,1]
	[114865,1]
	[115840,1]
	[114441,1]
	[112969,1]
	[112904,1]
	[112842,1]
	[111671,2]
	[111409,1]
	[111171,1]
	[113261,1]
	[110294,1]
	[109968,1]
	[109424,1]
	[109308,1]
	[109310,1]
	[109124,1]
	[108885,1]
	[108821,1]
	[108819,1]
	[108561,1]
	[109520,1]
	[111517,1]
	[111514,1]
	[115557,1]
	[115556,2]
	[113004,1]
	[112933,1]
	[112803,1]
	[111393,1]
	[111170,1]
	[110735,1]
	[110617,1]
	[110016,1]
	[110015,1]
	[109898,1]
	[109899,2]
	[109748,1]
	[109540,1]
	[109336,1]
	[109071,1]
	[109069,2]
	[109009,1]
	[113805,1]
	[115256,1]
	[114474,1]
	[113239,1]
	[114848,1]
	[112376,2]
	[112312,1]
	[112177,1]
	[111965,2]
	[111544,1]
	[111487,1]
	[111204,2]
	[110943,1]
	[111550,1]
	[110680,1]
	[110328,1]
	[110218,1]
	[110164,1]
	[112460,1]
	[110105,2]
	[110041,1]
	[109983,1]
	[109854,1]
	[109642,1]
	[109587,1]
	[110563,1]
	[112570,1]
	[511,68]
	[513,66]
	[116634,1]
	[115937,1]
	[113953,1]
	[113896,1]
	[113687,2]
	[113253,1]
	[116250,1]
	[113055,1]
	[112812,1]
	[112813,1]
	[112748,1]
	[112514,1]
	[111969,1]
	[111970,2]
	[111843,1]
	[111780,1]
	[116306,1]
	[111421,1]
	[111307,1]
	[110864,1]
	[110866,1]
	[110746,1]
	[110688,1]
	[110643,1]
	[110456,1]
	[110191,1]
	[113000,1]
	[117603,1]
	[117028,1]
	[117475,1]
	[114721,1]
	[115225,1]
	[113374,1]
	[113306,1]
	[113172,1]
	[113050,1]
	[112983,1]
	[112647,1]
	[112991,1]
	[112589,1]
	[112522,1]
	[112307,1]
	[112257,1]
	[111897,2]
	[111207,1]
	[111146,1]
	[111024,1]
	[110956,1]
	[110889,2]
	[110703,1]
	[110461,1]
	[117531,1]
	[117532,1]
	[117354,1]
	[116132,1]
	[116534,1]
	[115797,1]
	[115540,1]
	[114450,1]
	[114205,1]
	[113757,1]
	[113476,1]
	[113412,1]
	[113266,1]
	[113220,1]
	[113171,1]
	[112882,1]
	[112737,1]
	[112620,1]
	[112505,1]
	[112504,1]
	[112445,1]
	[112443,1]
	[112394,1]
	[112264,1]
	[112207,1]
	[112155,1]
	[112096,1]
	[112033,1]
	[111972,1]
	[111870,1]
	[111810,1]
	[111687,1]
	[111621,1]
	[111622,1]
	[111552,1]
	[111438,1]
	[111323,1]
	[114190,1]
	[516,63]
	[117925,1]
	[117493,1]
	[117497,1]
	[115410,1]
	[114981,1]
	[114374,1]
	[114315,1]
	[114313,1]
	[114247,1]
	[113697,1]
	[113638,1]
	[113383,1]
	[113385,1]
	[113314,1]
	[113250,1]
	[113079,1]
	[112578,2]
	[112512,1]
	[112266,1]
	[111988,1]
	[111866,2]
	[111805,1]
	[116716,1]
	[118773,1]
	[518,32]
	[118958,1]
	[118355,1]
	[550,5]
	[118400,1]
	[116129,1]
	[115759,1]
	[115586,1]
	[115531,1]
	[114652,1]
	[114595,1]
	[114299,1]
	[114230,1]
	[113797,1]
	[113615,1]
	[113492,1]
	[113245,1]
	[113099,1]
	[113095,1]
	[113021,1]
	[112960,1]
	[112688,1]
	[112624,1]
	[112563,1]
	[112058,1]
	[112060,1]
	[111996,1]
	[111942,1]
	[111884,1]
	[115383,1]
	[114834,1]
	[118333,1]
	[117807,1]
	[117292,1]
	[580,1]
	[116874,1]
	[116731,1]
	[115843,1]
	[115592,1]
	[115451,1]
	[115382,1]
	[115174,1]
	[115040,1]
	[114919,1]
	[114862,1]
	[114546,2]
	[114548,1]
	[114491,1]
	[114101,1]
	[114038,1]
	[113894,1]
	[113644,1]
	[113579,1]
	[113527,1]
	[113460,1]
	[113330,1]
	[113329,1]
	[113273,1]
	[113031,2]
	[112976,1]
	[112978,1]
	[112852,1]
	[112795,1]
	[112662,1]
	[112543,1]
	[112237,1]
	[117300,1]
	[517,41]
	[119937,1]
	[118408,1]
	[118738,1]
	[117377,1]
	[117075,1]
	[116547,1]
	[115803,1]
	[115484,1]
	[115485,2]
	[115342,1]
	[115277,1]
	[114409,1]
	[114346,1]
	[114237,1]
	[114238,1]
	[114018,1]
	[113959,1]
	[113784,1]
	[113729,1]
	[113672,1]
	[118339,1]
	[113421,1]
	[113249,1]
	[113134,1]
	[118151,1]
	[519,18]
	[522,49]
	[120230,1]
	[523,35]
	[120757,1]
	[119485,1]
	[117550,1]
	[116551,1]
	[116355,1]
	[115781,2]
	[119183,1]
	[115435,1]
	[115263,1]
	[115137,1]
	[115010,1]
	[114625,1]
	[114482,1]
	[114481,1]
	[114417,1]
	[114363,1]
	[114120,1]
	[117768,1]
	[113799,1]
	[113502,1]
	[113501,1]
	[113434,1]
	[120749,1]
	[121208,1]
	[119600,1]
	[119064,1]
	[119614,1]
	[118227,1]
	[118092,1]
	[117767,1]
	[117509,1]
	[117445,1]
	[117443,1]
	[117387,1]
	[116833,1]
	[116653,1]
	[116654,1]
	[116040,1]
	[115642,1]
	[115459,1]
	[115396,1]
	[115333,1]
	[115215,1]
	[115083,1]
	[114835,1]
	[114781,1]
	[114722,1]
	[114451,2]
	[114303,2]
	[114302,1]
	[114045,1]
	[113924,1]
	[114840,1]
	[120438,1]
	[826,1]
	[118752,1]
	[117641,1]
	[117516,1]
	[117280,1]
	[116839,1]
	[116780,1]
	[116668,1]
	[116138,1]
	[122115,2]
	[115796,1]
	[117328,1]
	[115359,1]
	[114944,1]
	[114829,1]
	[114771,1]
	[114659,2]
	[114549,1]
	[119662,1]
	[524,44]
	[526,58]
	[122343,1]
	[119645,1]
	[118127,1]
	[117997,1]
	[117869,1]
	[117560,1]
	[117257,1]
	[117121,1]
	[116584,1]
	[116468,1]
	[116258,1]
	[115516,1]
	[115408,1]
	[115349,1]
	[114980,1]
	[115963,1]
	[118020,1]
	[122185,1]
	[527,46]
	[122686,1]
	[121520,1]
	[121234,1]
	[121172,1]
	[120492,1]
	[119991,1]
	[119712,1]
	[119327,1]
	[119186,1]
	[119117,1]
	[118984,1]
	[118924,1]
	[121533,1]
	[118865,1]
	[118687,2]
	[118430,2]
	[118369,1]
	[118060,1]
	[117595,1]
	[117142,1]
	[117010,1]
	[116597,1]
	[116490,1]
	[116300,1]
	[122107,1]
	[116246,1]
	[116125,1]
	[115990,1]
	[115724,1]
	[115483,1]
	[115293,1]
	[116281,1]
	[122519,1]
	[120369,1]
	[120141,1]
	[119964,1]
	[119963,1]
	[119496,4]
	[119360,1]
	[118914,1]
	[118795,1]
	[118317,1]
	[118156,1]
	[117984,1]
	[117824,1]
	[117770,1]
	[117769,1]
	[117645,1]
	[117518,1]
	[117346,1]
	[117224,2]
	[117164,1]
	[117116,1]
	[117398,1]
	[116878,1]
	[116748,1]
	[116632,1]
	[116574,1]
	[116575,1]
	[121426,1]
	[124030,1]
	[124039,1]
	[122789,1]
	[121986,1]
	[121518,1]
	[121514,1]
	[122159,1]
	[121000,1]
	[120816,1]
	[120817,1]
	[120694,1]
	[120635,1]
	[120104,1]
	[119979,2]
	[119698,1]
	[119398,1]
	[119401,1]
	[119400,1]
	[119344,1]
	[119290,1]
	[119101,1]
	[118539,1]
	[119050,1]
	[118209,1]
	[118036,1]
	[117965,1]
	[117636,1]
	[117341,1]
	[116960,1]
	[116890,1]
	[116831,1]
	[121642,1]
	[121644,1]
	[124059,1]
	[123138,1]
	[121024,1]
	[120953,2]
	[120679,2]
	[120613,1]
	[120556,1]
	[119652,1]
	[119584,1]
	[119586,1]
	[119310,1]
	[118942,1]
	[118883,1]
	[118625,1]
	[118563,1]
	[118506,1]
	[117330,1]
	[117271,1]
	[117209,1]
	[116900,1]
	[116837,1]
	[121991,1]
	[528,26]
	[124097,1]
	[531,32]
	[123862,1]
	[123632,2]
	[122845,1]
	[122774,1]
	[122697,1]
	[122016,1]
	[121582,1]
	[121348,1]
	[121057,1]
	[120805,1]
	[120010,1]
	[119904,1]
	[119847,1]
	[119846,2]
	[119790,2]
	[119791,1]
	[119681,1]
	[119440,1]
	[119372,1]
	[119309,1]
	[119069,1]
	[118880,1]
	[118712,1]
	[118714,1]
	[118240,1]
	[117908,1]
	[118681,1]
	[122866,1]
	[124983,1]
	[534,28]
	[532,32]
	[124792,1]
	[124727,1]
	[124190,1]
	[553,1]
	[124436,1]
	[573,1]
	[125519,1]
	[124292,1]
	[122501,1]
	[122097,1]
	[121858,1]
	[121581,1]
	[121397,1]
	[121338,1]
	[120964,1]
	[120630,1]
	[120429,1]
	[120357,1]
	[120292,1]
	[120223,1]
	[120090,1]
	[119966,2]
	[119855,2]
	[119592,1]
	[119357,3]
	[119356,1]
	[119297,1]
	[119298,1]
	[119240,2]
	[119142,1]
	[119077,1]
	[118743,1]
	[118569,1]
	[118505,1]
	[118308,1]
	[121393,1]
	[530,37]
	[533,23]
	[126088,1]
	[123796,1]
	[122989,1]
	[122796,1]
	[122221,1]
	[121591,1]
	[121328,1]
	[120678,1]
	[120614,1]
	[120557,1]
	[120436,1]
	[120312,1]
	[120257,1]
	[120144,1]
	[119843,1]
	[119844,1]
	[119514,1]
	[119451,1]
	[119388,1]
	[119202,1]
	[119200,1]
	[119134,1]
	[119065,1]
	[118948,1]
	[118885,1]
	[118767,1]
	[118769,1]
	[118578,1]
	[118445,1]
	[121537,1]
	[535,31]
	[126354,1]
	[125977,1]
	[125767,1]
	[124668,1]
	[123063,1]
	[122297,1]
	[122059,1]
	[122006,1]
	[121224,1]
	[120970,1]
	[120912,1]
	[120505,1]
	[120321,1]
	[120323,1]
	[119840,1]
	[119788,1]
	[119732,1]
	[119610,1]
	[119424,1]
	[124500,1]
	[126314,1]
	[124319,1]
	[124189,1]
	[124069,1]
	[123806,1]
	[123663,1]
	[123471,1]
	[123470,1]
	[123291,1]
	[122916,1]
	[122687,1]
	[122511,1]
	[122371,1]
	[122108,1]
	[122043,1]
	[121598,2]
	[121526,1]
	[121404,1]
	[121354,1]
	[121099,1]
	[120546,1]
	[120270,1]
	[120080,1]
	[119959,1]
	[119895,1]
	[119765,1]
	[120641,1]
	[536,34]
	[127534,1]
	[126972,1]
	[126987,1]
	[125984,1]
	[125838,1]
	[751,1]
	[125054,1]
	[124509,1]
	[124269,1]
	[123784,1]
	[123667,1]
	[123476,1]
	[123478,2]
	[123407,1]
	[123339,1]
	[123275,1]
	[122949,1]
	[127731,1]
	[122555,1]
	[122380,1]
	[122245,1]
	[121757,1]
	[121638,1]
	[121489,1]
	[121353,1]
	[121352,1]
	[121278,1]
	[121206,1]
	[121080,1]
	[120891,1]
	[120888,1]
	[120834,2]
	[120835,2]
	[120574,1]
	[120336,1]
	[120032,1]
	[120980,1]
	[127343,1]
	[127867,1]
	[127307,1]
	[126463,1]
	[126880,1]
	[126868,1]
	[125998,1]
	[124964,1]
	[124608,1]
	[124542,1]
	[124338,1]
	[124016,2]
	[123952,1]
	[123619,1]
	[123617,1]
	[123427,1]
	[123196,1]
	[122755,1]
	[122619,1]
	[122487,1]
	[122281,1]
	[122213,1]
	[121968,1]
	[121913,1]
	[121914,1]
	[121847,1]
	[121779,1]
	[124342,1]
	[121717,1]
	[121599,1]
	[121181,1]
	[121182,1]
	[120930,1]
	[120808,1]
	[120427,1]
	[121897,1]
	[123481,1]
	[123480,1]
	[539,19]
	[538,22]
	[127802,1]
	[127352,1]
	[127124,1]
	[126956,1]
	[126777,1]
	[127590,1]
	[124998,1]
	[124939,1]
	[124771,1]
	[124412,2]
	[123994,1]
	[123786,1]
	[123413,1]
	[123124,1]
	[123060,1]
	[122733,1]
	[122681,1]
	[122622,1]
	[122341,1]
	[122278,2]
	[126387,1]
	[121800,1]
	[121750,1]
	[121636,1]
	[121273,1]
	[126540,1]
	[540,20]
	[541,26]
	[126872,1]
	[125818,1]
	[125683,2]
	[125103,1]
	[124965,1]
	[124901,1]
	[123965,1]
	[123737,1]
	[125973,1]
	[123367,1]
	[123157,1]
	[128695,1]
	[122894,1]
	[126461,1]
	[122838,1]
	[122711,1]
	[122714,1]
	[122647,3]
	[129536,1]
	[122463,1]
	[122277,1]
	[122212,1]
	[122036,1]
	[129580,1]
	[121976,1]
	[121771,1]
	[124767,1]
	[127644,1]
	[126674,1]
	[126551,1]
	[126082,1]
	[126011,1]
	[125805,1]
	[125743,1]
	[125741,2]
	[125682,1]
	[125305,1]
	[125248,1]
	[129154,1]
	[123997,1]
	[123814,1]
	[123815,1]
	[123753,1]
	[123571,1]
	[123502,1]
	[123441,1]
	[123385,1]
	[123255,1]
	[123254,1]
	[123192,1]
	[123016,1]
	[122946,1]
	[122881,1]
	[122659,1]
	[122533,1]
	[122399,1]
	[122216,1]
	[122015,1]
	[121955,1]
	[122968,1]
	[127213,1]
	[127215,1]
	[542,19]
	[128333,2]
	[127395,1]
	[127074,1]
	[126841,1]
	[126399,1]
	[126104,1]
	[125982,1]
	[125924,1]
	[125926,1]
	[125495,1]
	[125303,1]
	[125250,1]
	[125194,2]
	[125073,1]
	[124959,1]
	[124605,1]
	[124322,1]
	[124321,1]
	[124130,1]
	[124080,1]
	[124015,1]
	[123949,1]
	[123887,1]
	[123658,1]
	[123601,1]
	[123406,1]
	[123353,1]
	[123300,1]
	[123299,1]
	[123244,1]
	[123879,1]
	[126001,1]
	[546,22]
	[130876,1]
	[622,1]
	[128309,1]
	[128231,1]
	[127636,1]
	[127566,1]
	[127374,1]
	[127315,1]
	[126786,1]
	[126593,1]
	[126471,1]
	[126152,1]
	[125592,1]
	[125246,1]
	[125063,1]
	[124919,1]
	[124921,1]
	[124720,2]
	[124603,1]
	[124540,1]
	[124363,1]
	[128085,1]
	[124304,2]
	[124306,1]
	[123891,1]
	[123706,2]
	[123641,2]
	[123643,1]
	[124393,1]
	[128670,1]
	[130843,1]
	[130723,1]
	[129773,1]
	[129710,1]
	[129240,1]
	[129073,1]
	[128824,1]
	[131182,1]
	[128730,1]
	[127840,1]
	[126952,1]
	[126758,1]
	[126112,1]
	[125794,1]
	[125725,1]
	[125593,1]
	[125536,1]
	[125355,1]
	[125308,1]
	[125180,1]
	[124707,1]
	[124637,1]
	[124571,1]
	[124573,1]
	[124362,1]
	[123876,1]
	[123693,1]
	[131116,1]
	[131698,1]
	[130569,1]
	[130446,1]
	[130393,1]
	[129667,1]
	[128794,1]
	[128570,1]
	[128393,1]
	[128274,1]
	[128215,1]
	[127778,1]
	[127529,1]
	[127082,1]
	[127084,1]
	[126131,1]
	[126005,1]
	[125938,1]
	[125882,1]
	[125168,1]
	[124886,1]
	[124617,1]
	[127662,1]
	[131444,1]
	[132168,1]
	[132704,1]
	[132001,1]
	[131071,1]
	[129797,2]
	[129733,1]
	[129487,1]
	[129488,1]
	[128426,1]
	[128242,1]
	[127960,1]
	[127339,1]
	[129509,1]
	[126939,1]
	[126826,1]
	[126766,1]
	[126567,1]
	[126497,1]
	[126123,1]
	[126016,1]
	[125619,1]
	[125114,1]
	[124992,1]
	[126024,1]
	[126023,1]
	[128163,1]
	[548,7]
	[133825,1]
	[132234,1]
	[131905,1]
	[131817,2]
	[131567,1]
	[131210,1]
	[130748,1]
	[130403,1]
	[131356,1]
	[129807,1]
	[129746,1]
	[129624,1]
	[128971,1]
	[128797,1]
	[128604,1]
	[128166,1]
	[127860,1]
	[127524,1]
	[127391,1]
	[127320,1]
	[127117,1]
	[126774,2]
	[126610,1]
	[126545,1]
	[126480,1]
	[126412,1]
	[129403,1]
	[549,6]
	[133755,1]
	[132791,1]
	[131423,1]
	[130994,1]
	[130257,1]
	[130079,1]
	[132293,1]
	[129902,1]
	[129844,1]
	[129534,1]
	[132364,1]
	[128998,1]
	[128935,1]
	[128868,1]
	[128741,1]
	[130031,1]
	[128522,1]
	[133242,1]
	[132070,1]
	[127984,1]
	[127983,1]
	[127864,1]
	[127502,1]
	[127443,2]
	[127379,1]
	[127269,1]
	[127214,1]
	[127157,1]
	[127156,1]
	[127090,1]
	[126923,1]
	[126866,1]
	[126244,1]
	[131548,1]
	[547,8]
	[552,2]
	[133039,1]
	[132491,1]
	[132872,1]
	[132084,1]
	[131686,1]
	[131007,1]
	[130949,1]
	[129904,1]
	[129671,1]
	[129669,1]
	[129277,1]
	[129210,1]
	[128474,1]
	[127974,1]
	[127863,1]
	[127746,1]
	[127573,2]
	[127501,1]
	[127302,1]
	[127240,1]
	[126738,1]
	[126607,1]
	[127523,1]
	[127525,1]
	[134051,1]
	[134050,1]
	[133834,1]
	[132235,1]
	[132169,1]
	[132498,1]
	[131488,1]
	[130486,1]
	[130241,1]
	[129872,1]
	[129651,1]
	[129407,1]
	[128715,1]
	[128645,1]
	[128587,1]
	[128527,1]
	[128402,1]
	[128350,1]
	[128091,1]
	[128025,1]
	[128024,1]
	[127824,1]
	[127763,1]
	[130966,1]
	[134307,1]
	[133391,1]
	[133316,1]
	[133423,1]
	[134394,1]
	[132094,1]
	[131918,1]
	[131854,1]
	[131788,1]
	[131357,1]
	[131286,1]
	[131214,1]
	[131078,1]
	[130905,1]
	[130064,1]
	[129748,1]
	[129520,1]
	[135318,1]
	[129470,1]
	[129223,1]
	[130080,1]
	[128746,1]
	[128190,1]
	[127911,1]
	[127910,1]
	[127711,1]
	[130911,1]
	[130913,1]
	[135287,1]
	[135286,1]

1388,
	[89,1]
	[28,2]
	[9,2]
	[6,2]
	[38,1]
	[10,9]
	[7,3]
	[26,2]
	[17,1]
	[46,2]
	[39,3]
	[32,3]
	[4,2]
	[19,2]
	[11,7]
	[2,3]
	[20,5]
	[14,3]
	[25,1]
	[13,1]
	[24,1]
	[16,2]
	[31,1]
	[5,2]
	[30,2]
	[27,1]
	[12,5]
	[20185,1]
	[23,3]
	[21,3]
	[10362,1]
	[47646,1]
	[91,1]
	[125,1]
	[29,1]
	[43,1]
	[22,1]
	[8,1]
	[3,1]
	[15,1]

1444,
	[3,2]
	[38,1]
	[48,5]
	[44,2]
	[40,1]
	[89,1]
	[10,1]
	[138,1]
	[25,1]
	[47,1]
	[46,2]
	[139,1]
	[2,1]

1412,
	[60,2]
	[6,4]
	[10,10]
	[59,1]
	[28,1]
	[13,8]
	[14,8]
	[7,4]
	[9,3]
	[3,5]
	[1951,1]
	[2391,1]
	[2028,1]
	[34,1]
	[11,4]
	[19,4]
	[5,2]
	[12,8]
	[7199,1]
	[23,1]
	[17,1]
	[35,1]
	[20,3]
	[10553,1]
	[21,5]
	[186,1]
	[16,5]
	[36,1]
	[18,4]
	[24438,1]
	[24,2]
	[4,1]
	[31474,1]
	[37630,1]
	[39138,1]
	[8,3]
	[41581,1]
	[45879,1]
	[45050,1]
	[15,4]
	[56100,1]
	[55322,1]
	[2,3]
	[63982,1]
	[27,1]
	[267,1]
	[75999,1]
	[83177,1]
	[31,1]
	[89991,1]
	[97922,1]
	[96621,1]
	[63,1]
	[108317,1]
	[50,1]
	[1,1]
	[114479,1]
	[114448,1]
	[124003,1]
	[123249,1]
	[131238,1]
	[125773,1]
	[445,1]

1460,
	[4,85]
	[12,74]
	[25,7]
	[11,78]
	[26,5]
	[16,74]
	[8,71]
	[21,6]
	[50,3]
	[28,5]
	[1045,1]
	[38,5]
	[9,79]
	[56,8]
	[37,4]
	[41,3]
	[13,69]
	[22,5]
	[5,77]
	[53,3]
	[64,5]
	[54,5]
	[19,4]
	[20,7]
	[29,4]
	[36,6]
	[84,7]
	[73,7]
	[49,4]
	[88,2]
	[71,6]
	[15,71]
	[59,1]
	[95,9]
	[23,6]
	[7,86]
	[18,25]
	[80,12]
	[87,8]
	[94,9]
	[99,7]
	[91,10]
	[14,73]
	[35,8]
	[46,4]
	[75,7]
	[17,31]
	[10,64]
	[101,5]
	[110,11]
	[112,10]
	[70,5]
	[106,9]
	[3,62]
	[93,13]
	[85,4]
	[96,7]
	[107,8]
	[2,71]
	[92,9]
	[34,8]
	[90,5]
	[76,2]
	[83,8]
	[102,6]
	[122,12]
	[115,5]
	[89,9]
	[108,9]
	[126,14]
	[109,11]
	[215,14]
	[227,20]
	[60,5]
	[98,10]
	[119,8]
	[136,12]
	[199,15]
	[132,6]
	[67,5]
	[117,10]
	[118,6]
	[97,7]
	[100,14]
	[146,9]
	[135,10]
	[141,8]
	[43,3]
	[45,4]
	[77,14]
	[104,9]
	[125,6]
	[130,10]
	[143,8]
	[154,13]
	[120,8]
	[151,10]
	[129,10]
	[134,8]
	[6,59]
	[156,10]
	[133,7]
	[155,8]
	[256,18]
	[701,1]
	[65,5]
	[105,8]
	[142,9]
	[121,7]
	[148,14]
	[66,7]
	[153,5]
	[24,3]
	[157,8]
	[173,3]
	[144,8]
	[152,8]
	[172,18]
	[149,14]
	[78,7]
	[162,5]
	[165,9]
	[103,9]
	[114,6]
	[139,8]
	[145,6]
	[137,8]
	[150,6]
	[178,11]
	[113,11]
	[123,8]
	[185,7]
	[10324,1]
	[170,15]
	[179,12]
	[168,3]
	[124,12]
	[174,6]
	[167,7]
	[175,9]
	[52,1]
	[301,11]
	[161,4]
	[57,9]
	[51,4]
	[169,6]
	[74,3]
	[158,11]
	[176,9]
	[188,6]
	[197,15]
	[192,13]
	[209,23]
	[160,8]
	[31,5]
	[212,14]
	[62,4]
	[187,9]
	[186,8]
	[86,6]
	[207,14]
	[210,13]
	[200,18]
	[69,7]
	[116,12]
	[326,13]
	[203,12]
	[216,18]
	[300,13]
	[184,9]
	[223,24]
	[205,11]
	[218,22]
	[224,14]
	[163,13]
	[220,9]
	[221,19]
	[290,14]
	[202,15]
	[111,10]
	[328,10]
	[183,7]
	[201,10]
	[182,6]
	[206,11]
	[191,12]
	[230,19]
	[39,5]
	[68,8]
	[42,3]
	[238,13]
	[240,15]
	[33,4]
	[180,10]
	[214,15]
	[222,17]
	[193,9]
	[177,13]
	[217,11]
	[32,2]
	[159,5]
	[213,11]
	[219,19]
	[48,6]
	[241,18]
	[489,6]
	[232,16]
	[138,7]
	[189,8]
	[246,17]
	[211,11]
	[233,15]
	[194,13]
	[198,9]
	[225,10]
	[251,14]
	[248,11]
	[249,20]
	[258,10]
	[229,13]
	[257,11]
	[242,20]
	[267,9]
	[316,14]
	[228,10]
	[252,16]
	[264,16]
	[128,4]
	[190,9]
	[235,11]
	[243,4]
	[244,10]
	[171,9]
	[245,14]
	[253,6]
	[272,15]
	[181,8]
	[234,12]
	[226,12]
	[237,11]
	[254,12]
	[274,16]
	[268,14]
	[271,12]
	[269,7]
	[79,7]
	[204,14]
	[266,15]
	[196,8]
	[195,10]
	[282,15]
	[239,12]
	[261,14]
	[285,10]
	[131,6]
	[276,9]
	[262,13]
	[273,10]
	[289,15]
	[260,13]
	[4974,1]
	[231,15]
	[275,19]
	[297,7]
	[286,13]
	[288,12]
	[236,6]
	[294,13]
	[265,10]
	[291,16]
	[296,11]
	[259,24]
	[263,10]
	[40,2]
	[63,5]
	[140,7]
	[283,7]
	[287,12]
	[299,12]
	[250,6]
	[295,8]
	[305,17]
	[312,19]
	[164,7]
	[278,17]
	[281,6]
	[302,19]
	[307,15]
	[13244,1]
	[55,3]
	[280,10]
	[166,4]
	[279,11]
	[284,8]
	[293,19]
	[292,6]
	[309,12]
	[314,18]
	[484,5]
	[308,16]
	[303,7]
	[321,19]
	[61,2]
	[306,15]
	[319,21]
	[30,3]
	[311,9]
	[304,9]
	[322,12]
	[17603,1]
	[1407,1]
	[127,7]
	[2749,1]
	[255,7]
	[333,6]
	[324,9]
	[327,17]
	[277,13]
	[342,11]
	[323,10]
	[318,12]
	[337,13]
	[335,17]
	[341,7]
	[317,14]
	[82,3]
	[332,12]
	[345,9]
	[348,13]
	[298,14]
	[339,10]
	[58,4]
	[270,14]
	[336,16]
	[340,20]
	[346,11]
	[315,12]
	[208,12]
	[320,10]
	[344,15]
	[353,13]
	[310,13]
	[45287,1]
	[347,12]
	[360,10]
	[147,4]
	[325,17]
	[334,11]
	[351,18]
	[352,20]
	[357,10]
	[338,11]
	[369,13]
	[1494,1]
	[247,7]
	[343,11]
	[365,12]
	[366,12]
	[367,15]
	[371,15]
	[372,11]
	[362,11]
	[358,10]
	[329,9]
	[356,8]
	[330,14]
	[370,9]
	[355,18]
	[377,13]
	[72,3]
	[56379,1]
	[379,9]
	[376,16]
	[373,17]
	[331,11]
	[368,5]
	[361,13]
	[387,14]
	[384,8]
	[313,6]
	[386,10]
	[359,9]
	[390,9]
	[653,1]
	[382,13]
	[350,14]
	[374,14]
	[378,10]
	[349,6]
	[392,9]
	[381,11]
	[398,16]
	[27,1]
	[364,9]
	[383,12]
	[404,14]
	[406,16]
	[469,11]
	[391,11]
	[397,13]
	[393,4]
	[403,14]
	[410,9]
	[412,6]
	[81,6]
	[354,12]
	[394,9]
	[411,11]
	[15973,1]
	[375,6]
	[385,10]
	[363,9]
	[388,9]
	[415,8]
	[414,7]
	[380,5]
	[400,13]
	[408,14]
	[389,12]
	[417,9]
	[423,8]
	[421,12]
	[405,15]
	[418,11]
	[416,10]
	[426,12]
	[399,9]
	[428,12]
	[395,8]
	[413,8]
	[401,11]
	[402,14]
	[409,9]
	[419,7]
	[434,10]
	[433,10]
	[432,9]
	[425,6]
	[427,8]
	[420,10]
	[424,10]
	[396,12]
	[430,7]
	[439,10]
	[441,8]
	[407,6]
	[438,12]
	[435,10]
	[440,8]
	[446,15]
	[431,6]
	[436,11]
	[445,11]
	[448,9]
	[454,5]
	[429,12]
	[449,7]
	[442,7]
	[443,3]
	[450,8]
	[437,6]
	[459,13]
	[447,6]
	[444,11]
	[462,8]
	[457,14]
	[451,12]
	[468,8]
	[455,12]
	[460,10]
	[467,6]
	[458,13]
	[463,7]
	[465,8]
	[461,5]
	[471,4]
	[475,5]
	[453,10]
	[479,4]
	[422,6]
	[474,6]
	[477,9]
	[456,6]
	[472,2]
	[483,9]
	[485,9]
	[473,7]
	[464,10]
	[476,13]
	[480,6]
	[487,7]
	[486,10]
	[488,5]
	[494,9]
	[1958,1]
	[481,6]
	[492,4]
	[493,8]
	[491,5]
	[478,5]
	[466,6]
	[490,6]
	[499,6]
	[495,8]
	[505,7]
	[501,6]
	[504,4]
	[90677,1]
	[470,7]
	[502,5]
	[506,2]
	[498,5]
	[507,2]
	[509,8]
	[500,5]
	[514,3]
	[518,3]
	[497,3]
	[496,4]
	[512,1]
	[513,8]
	[515,5]
	[10064,1]
	[452,7]
	[510,2]
	[511,2]
	[482,5]
	[527,2]
	[519,2]
	[529,6]
	[503,1]
	[508,7]
	[535,3]
	[526,5]
	[517,2]
	[516,2]
	[522,2]
	[523,3]
	[536,2]
	[528,3]
	[532,2]
	[530,2]
	[521,4]
	[628,1]
	[47,1]
	[546,2]
	[524,2]
	[525,3]
	[544,1]
	[539,2]
	[520,1]
	[537,1]
	[533,1]
	[2685,1]
	[542,1]

1408,
	[23,2]
	[13,1]
	[230,2]
	[19,2]
	[51,2]
	[48,1]
	[50,2]
	[86,1]
	[80,3]
	[101,3]
	[93,1]
	[10,2]
	[105,1]
	[89,1]
	[26,1]
	[14,4]
	[113,3]
	[78,4]
	[124,3]
	[21,1]
	[155,1]
	[130,4]
	[106,6]
	[25,1]
	[128,1]
	[61,2]
	[88,2]
	[278,1]
	[167,1]
	[138,1]
	[161,1]
	[154,4]
	[100,1]
	[43,3]
	[58,1]
	[197,2]
	[145,2]
	[17,2]
	[83,2]
	[144,3]
	[12,1]
	[118,3]
	[36,2]
	[220,1]
	[66,2]
	[1,8]
	[224,2]
	[44,1]
	[16,2]
	[186,2]
	[201,4]
	[20,1]
	[79,2]
	[211,1]
	[27,2]
	[212,5]
	[158,1]
	[57,1]
	[214,2]
	[190,1]
	[122,2]
	[63,1]
	[112,1]
	[177,1]
	[29,2]
	[96,2]
	[195,1]
	[35,1]
	[205,3]
	[216,2]
	[221,2]
	[22121,1]
	[219,4]
	[233,2]
	[273,1]
	[199,4]
	[294,1]
	[295,3]
	[246,2]
	[248,1]
	[129,2]
	[160,1]
	[204,2]
	[296,1]
	[67,1]
	[245,2]
	[264,2]
	[280,1]
	[45,1]
	[102,2]
	[72,1]
	[87,1]
	[95,1]
	[226,2]
	[193,2]
	[59,1]
	[176,5]
	[249,2]
	[298,1]
	[311,1]
	[227,3]
	[171,1]
	[217,1]
	[117,1]
	[301,1]
	[251,1]
	[310,2]
	[15,1]
	[399,1]
	[242,2]
	[313,2]
	[243,1]
	[356,1]
	[151,1]
	[97,1]
	[126,1]
	[337,1]
	[344,2]
	[355,2]
	[125,2]
	[268,2]
	[370,1]
	[345,2]
	[275,3]
	[225,2]
	[252,1]
	[334,1]
	[257,2]
	[203,1]
	[134,1]
	[162,1]
	[92,2]
	[157,1]
	[37,1]
	[75,1]
	[94,1]
	[163,1]
	[178,1]
	[322,1]
	[368,2]
	[32,1]
	[375,1]
	[407,1]
	[260,2]
	[382,1]
	[271,2]
	[421,2]
	[182,2]
	[55198,1]
	[388,1]
	[404,1]
	[150,1]
	[281,1]
	[116,1]
	[207,1]
	[179,1]
	[316,1]
	[34,2]
	[127,1]
	[210,2]
	[147,1]
	[405,1]
	[140,1]
	[340,1]
	[389,2]
	[255,1]
	[166,1]
	[326,1]
	[373,1]
	[423,2]
	[369,1]
	[437,1]
	[450,2]
	[309,1]
	[103,2]
	[288,1]
	[427,2]
	[372,2]
	[231,2]
	[266,1]
	[406,1]
	[287,1]
	[432,2]
	[238,1]
	[73626,1]
	[104,1]
	[228,1]
	[343,2]
	[354,1]
	[398,1]
	[436,2]
	[174,1]
	[73,1]
	[289,1]
	[439,1]
	[82,1]
	[392,1]
	[363,1]
	[480,1]
	[132,1]
	[170,1]
	[279,1]
	[120,1]
	[208,2]
	[403,1]
	[263,3]
	[401,1]
	[400,1]
	[455,1]
	[458,1]
	[191,2]
	[324,1]
	[504,1]
	[172,1]
	[449,1]
	[272,1]
	[391,1]
	[253,1]
	[501,1]
	[137,1]
	[362,1]
	[492,1]
	[74,1]
	[101653,1]
	[466,1]
	[366,1]
	[42,1]
	[194,1]
	[359,2]
	[110,1]
	[284,1]
	[262,1]
	[335,1]
	[371,1]
	[317,1]
	[110992,1]
	[2,1]
	[482,1]
	[293,1]
	[312,1]
	[3,1]
	[202,1]
	[60,1]
	[320,1]

1404,
	[146,3]
	[179,1]
	[29,1]
	[208,2]
	[42,2]
	[26,3]
	[20,1]
	[22,2]
	[59,1]
	[69,3]
	[13,1]
	[51,1]
	[55,1]
	[93,4]
	[73,1]
	[106,2]
	[12,2]
	[72,1]
	[98,1]
	[14,1]
	[139,2]
	[122,1]
	[149,1]
	[135,2]
	[133,3]
	[455,1]
	[159,2]
	[97,1]
	[111,5]
	[91,1]
	[137,2]
	[138,2]
	[168,1]
	[94,3]
	[21,3]
	[68,1]
	[171,2]
	[182,1]
	[194,4]
	[18,1]
	[126,1]
	[193,2]
	[215,1]
	[152,1]
	[178,1]
	[330,1]
	[8,3]
	[199,3]
	[99,3]
	[62,2]
	[74,1]
	[86,1]
	[153,1]
	[206,2]
	[142,3]
	[63,2]
	[164,1]
	[136,1]
	[213,1]
	[244,1]
	[81,1]
	[186,1]
	[214,1]
	[242,3]
	[40,2]
	[249,2]
	[23,1]
	[15,1]
	[47,2]
	[131,1]
	[201,2]
	[75,1]
	[110,2]
	[184,2]
	[276,1]
	[272,1]
	[117,3]
	[217,2]
	[280,1]
	[9,1]
	[275,2]
	[11,3]
	[38,1]
	[266,1]
	[460,1]
	[258,3]
	[173,1]
	[147,2]
	[166,1]
	[268,2]
	[259,2]
	[264,1]
	[148,1]
	[240,2]
	[154,1]
	[241,1]
	[188,2]
	[87,1]
	[251,1]
	[283,2]
	[65,1]
	[33,1]
	[77,1]
	[230,1]
	[322,1]
	[270,1]
	[84,1]
	[192,1]
	[254,1]
	[129,2]
	[248,1]
	[262,1]
	[4,1]
	[80,4]
	[292,1]
	[279,1]
	[181,2]
	[53,1]
	[482,1]
	[58,1]
	[299,2]
	[363,1]
	[344,1]
	[267,2]
	[105,3]
	[132,1]
	[256,2]
	[352,1]
	[369,1]
	[108,1]
	[366,1]
	[338,1]
	[172,1]
	[367,2]
	[120,1]
	[43,3]
	[116,1]
	[238,1]
	[229,4]
	[308,3]
	[373,2]
	[218,1]
	[143,1]
	[339,1]
	[88,2]
	[359,1]
	[335,1]
	[271,2]
	[79,1]
	[10,1]
	[354,1]
	[374,2]
	[61,1]
	[150,3]
	[311,1]
	[350,3]
	[304,1]
	[56,1]
	[260,1]
	[219,1]
	[203,1]
	[416,1]
	[402,1]
	[288,1]
	[401,2]
	[336,2]
	[303,3]
	[144,1]
	[355,1]
	[407,2]
	[430,1]
	[24,1]
	[347,1]
	[348,2]
	[191,1]
	[371,1]
	[372,2]
	[109,1]
	[418,1]
	[424,1]
	[309,1]
	[315,2]
	[226,2]
	[89,1]
	[247,2]
	[36,1]
	[343,1]
	[293,1]
	[412,1]
	[385,1]
	[390,1]
	[101,1]
	[255,1]
	[425,1]
	[364,3]
	[413,1]
	[114,1]
	[119,1]
	[197,1]
	[274,1]
	[419,1]
	[394,2]
	[431,1]
	[439,1]
	[25,1]
	[353,1]
	[384,1]
	[225,2]
	[85,1]
	[243,1]
	[420,1]
	[211,2]
	[321,2]
	[389,1]
	[457,1]
	[287,1]
	[397,1]
	[17,1]
	[368,1]
	[476,1]
	[202,1]
	[341,1]
	[411,1]
	[190,1]
	[3,1]
	[490,1]
	[485,1]
	[209,1]
	[261,1]
	[441,1]
	[357,1]
	[443,1]
	[471,1]
	[314,1]
	[505,1]
	[448,1]
	[310,1]
	[115,1]
	[426,1]
	[185,1]
	[472,1]
	[291,1]
	[465,1]
	[519,1]
	[375,1]
	[449,1]
	[513,1]
	[95,1]
	[156,1]
	[76,1]
	[113,1]
	[32,1]
	[528,1]
	[323,1]
	[301,1]
	[334,1]
	[509,1]
	[134,1]
	[295,1]
	[417,1]
	[54,1]
	[269,1]
	[531,1]
	[541,1]
	[246,1]
	[437,1]
	[480,1]
	[492,1]

len(carl_order):
76
Printing carl assignment order:
1444,3,0.05084745762711865
1352,20,0.050505050505050504
1388,32,0.047402597402597405
1388,46,0.04666666666666667
1412,21,0.04524886877828054
1552,3,0.02883538633818589
1412,24,0.022900763358778626
1352,37,0.022727272727272728
1408,1,0.021333333333333333
1444,48,0.020802377414561663
1352,64,0.020689655172413793
1348,4,0.018867924528301886
1464,1,0.013932110258981003
1552,225,0.013880468828938062
1444,139,0.013513513513513514
1412,36,0.01284796573875803
1460,16,0.012433736036220508
1372,3,0.00954653937947494
1372,13,0.00803616273229533
1352,82,0.007936507936507936
1388,91,0.007462686567164179
1388,125,0.007352941176470588
1460,17,0.006353761016601763
1412,63,0.005422993492407809
1460,18,0.005156765676567657
1352,115,0.005050505050505051
1348,554,0.004993252361673414
1372,18,0.00482573726541555
1408,504,0.0047926072047979025
1404,541,0.004653918797140988
1372,533,0.004645341109978451
1460,546,0.0037934380232753674
1552,275,0.0033333333333333335
1464,546,0.002997094286799711
1372,594,0.00234192037470726
1552,381,0.0018867924528301887
1464,547,0.0014096916299559472
1464,548,0.0012352214575613199
1460,701,0.0011240164855751218
1464,549,0.0010600706713780918
1464,550,0.0008843296781039972
1464,552,0.0003541076487252125
1412,267,0.0003311806590495115
1464,554,0.00026574541589157585
1460,1494,0.0002641077559644335
1464,559,0.00024821814829261373
1460,2749,0.00021119324181626187
1412,445,0.00020064205457463884
1552,2503,0.000117813383600377
1464,619,0.00010677264840656652
1464,633,0.00010209811628975445
1460,17603,5.9850374064837907e-05
1464,699,5.970732554605063e-05
1412,2391,5.7983339453796944e-05
1464,736,5.340998475387708e-05
1552,9019,5.11561285041948e-05
1464,755,4.736014549036695e-05
1552,20889,4.212299915754002e-05
1388,20185,3.9716424727446034e-05
1464,769,3.859116519591448e-05
1388,47646,3.641527985142566e-05
1464,795,3.4660603371783496e-05
1352,6960,2.9218407596785974e-05
1464,808,2.7746177963985462e-05
1372,30078,2.6910475575379606e-05
1460,90677,2.1500136167529062e-05
1464,826,2.004630696909862e-05
1352,19529,1.9890206062534807e-05
1372,100206,1.7291614431581404e-05
1464,859,1.6408147192019077e-05
1464,896,1.4641502803847786e-05
1412,131238,1.423336431066927e-05
1408,110992,1.3847730356994489e-05
1552,95144,1.3467106592148677e-05
1464,135318,1.335870681520168e-05
1352,124272,1.1120790317498563e-05
bin_width: 4396871
assigning lease 3 to address 1444
Average Cache Occupancy Per Bin: [0.00,0.00,0.00,0.00,0.00]
Total cost: 4608.0
assigning lease 20 to address 1352
Average Cache Occupancy Per Bin: [0.02,0.00,0.01,0.00,0.00]
Total cost: 120064.0
assigning lease 32 to address 1388
Average Cache Occupancy Per Bin: [0.07,0.02,0.01,0.00,0.01]
Total cost: 344320.0
assigning lease 46 to address 1388
Average Cache Occupancy Per Bin: [0.08,0.03,0.01,0.00,0.01]
Total cost: 367360.0
assigning lease 21 to address 1412
Average Cache Occupancy Per Bin: [0.13,0.05,0.03,0.02,0.02]
Total cost: 596224.0
assigning lease 3 to address 1552
Average Cache Occupancy Per Bin: [0.18,0.09,0.06,0.06,0.06]
Total cost: 830464.0
assigning lease 24 to address 1412
Average Cache Occupancy Per Bin: [0.19,0.09,0.06,0.06,0.06]
Total cost: 845568.0
assigning lease 37 to address 1352
Average Cache Occupancy Per Bin: [0.20,0.09,0.07,0.06,0.07]
Total cost: 889856.0
assigning lease 1 to address 1408
Average Cache Occupancy Per Bin: [0.20,0.10,0.07,0.06,0.07]
Total cost: 920064.0
assigning lease 48 to address 1444
Average Cache Occupancy Per Bin: [0.21,0.10,0.08,0.07,0.08]
Total cost: 960512.0
assigning lease 64 to address 1352
Average Cache Occupancy Per Bin: [0.22,0.10,0.09,0.07,0.08]
Total cost: 1001984.0
assigning lease 4 to address 1348
Average Cache Occupancy Per Bin: [0.23,0.10,0.09,0.07,0.08]
Total cost: 1017344.0
assigning lease 1 to address 1464
Average Cache Occupancy Per Bin: [1.10,1.00,0.99,0.97,0.98]
Total cost: 4856832.0
assigning lease 225 to address 1552
Average Cache Occupancy Per Bin: [2.02,1.92,1.84,1.97,1.89]
Total cost: 8887040.0
assigning lease 139 to address 1444
Average Cache Occupancy Per Bin: [2.02,1.93,1.85,1.97,1.89]
Total cost: 8887040.0
assigning lease 36 to address 1412
Average Cache Occupancy Per Bin: [2.03,1.93,1.85,1.98,1.90]
Total cost: 8939520.0
assigning lease 16 to address 1460
Average Cache Occupancy Per Bin: [3.08,2.94,2.89,2.94,2.95]
Total cost: 13550592.0
assigning lease 3 to address 1372
Average Cache Occupancy Per Bin: [3.10,2.95,2.90,2.95,2.96]
Total cost: 13659904.0
assigning lease 13 to address 1372
Average Cache Occupancy Per Bin: [3.18,3.00,2.94,2.99,3.00]
Total cost: 13995264.0
assigning lease 82 to address 1352
Average Cache Occupancy Per Bin: [3.18,3.00,2.94,2.99,3.00]
Total cost: 14013696.0
assigning lease 91 to address 1388
Average Cache Occupancy Per Bin: [3.19,3.01,2.94,2.99,3.00]
Total cost: 14047744.0
assigning lease 125 to address 1388
Average Cache Occupancy Per Bin: [3.19,3.02,2.94,2.99,3.00]
Total cost: 14065152.0
assigning lease 17 to address 1460
Average Cache Occupancy Per Bin: [3.25,3.07,3.00,3.04,3.06]
Total cost: 14322432.0
assigning lease 63 to address 1412
Average Cache Occupancy Per Bin: [3.27,3.08,3.01,3.05,3.07]
Total cost: 14416640.0
assigning lease 18 to address 1460
Average Cache Occupancy Per Bin: [3.33,3.13,3.06,3.10,3.13]
Total cost: 14672128.0
assigning lease 115 to address 1352
Average Cache Occupancy Per Bin: [3.34,3.14,3.06,3.10,3.13]
Total cost: 14697472.0
assigning lease 554 to address 1348
Average Cache Occupancy Per Bin: [3.55,3.24,3.11,3.16,3.15]
Total cost: 15633920.0
assigning lease 18 to address 1372
Average Cache Occupancy Per Bin: [3.59,3.26,3.12,3.17,3.17]
Total cost: 15787008.0
assigning lease 504 to address 1408
Average Cache Occupancy Per Bin: [4.45,4.14,4.00,4.27,3.85]
Total cost: 19576320.0
assigning lease 541 to address 1404
Average Cache Occupancy Per Bin: [5.48,4.89,5.05,5.31,4.70]
Total cost: 24108544.0
assigning lease 533 to address 1372
Average Cache Occupancy Per Bin: [6.45,5.82,5.79,6.21,5.67]
Total cost: 28366336.0
assigning lease 546 to address 1460
Average Cache Occupancy Per Bin: [15.2,18.6,21.5,22.6,25.7]
Total cost: 66896128.0
assigning lease 275 to address 1552
Average Cache Occupancy Per Bin: [15.2,18.6,21.5,22.6,25.7]
Total cost: 66947328.0
assigning lease 546 to address 1464
Average Cache Occupancy Per Bin: [195.,264.,305.,335.,362.]
Total cost: 861028096.0
assigning lease 594 to address 1372
Average Cache Occupancy Per Bin: [195.,264.,305.,335.,362.]
Total cost: 861106176.0
assigning lease 381 to address 1552
Average Cache Occupancy Per Bin: [195.,264.,305.,335.,362.]
Total cost: 861214720.0
assigning lease 547 to address 1464
Average Cache Occupancy Per Bin: [195.,264.,305.,335.,362.]
Total cost: 861546240.0
assigning lease 548 to address 1464
Average Cache Occupancy Per Bin: [196.,264.,305.,335.,362.]
Total cost: 861877760.0
assigning lease 701 to address 1460
Average Cache Occupancy Per Bin: [196.,264.,305.,335.,362.]
Total cost: 862076160.0
assigning lease 549 to address 1464
Average Cache Occupancy Per Bin: [196.,264.,305.,336.,362.]
Total cost: 862407680.0
assigning lease 550 to address 1464
Average Cache Occupancy Per Bin: [196.,265.,305.,336.,362.]
Total cost: 862739200.0
assigning lease 552 to address 1464
Average Cache Occupancy Per Bin: [196.,265.,306.,336.,362.]
Total cost: 863402240.0
assigning lease 267 to address 1412
Average Cache Occupancy Per Bin: [196.,265.,306.,336.,363.]
Total cost: 863955968.0
assigning lease 554 to address 1464
Average Cache Occupancy Per Bin: [196.,265.,306.,336.,363.]
Total cost: 864619008.0
assigning lease 1494 to address 1460
Average Cache Occupancy Per Bin: [196.,265.,306.,336.,363.]
Total cost: 865316096.0
assigning lease 559 to address 1464
Average Cache Occupancy Per Bin: [197.,265.,306.,336.,363.]
Total cost: 866972160.0
assigning lease 2749 to address 1460
Average Cache Occupancy Per Bin: [197.,266.,306.,336.,363.]
Total cost: 867936000.0
assigning lease 445 to address 1412
Average Cache Occupancy Per Bin: [197.,266.,306.,336.,363.]
Total cost: 868391680.0
assigning lease 2503 to address 1552
Average Cache Occupancy Per Bin: [197.,266.,306.,336.,363.]
Total cost: 870021376.0
assigning lease 619 to address 1464
Average Cache Occupancy Per Bin: [202.,270.,310.,340.,367.]
Total cost: 889712128.0
assigning lease 633 to address 1464
Average Cache Occupancy Per Bin: [203.,271.,311.,341.,368.]
Total cost: 894275584.0
assigning lease 17603 to address 1460
Average Cache Occupancy Per Bin: [204.,273.,312.,342.,368.]
Total cost: 899471104.0
assigning lease 699 to address 1464
Average Cache Occupancy Per Bin: [209.,277.,316.,346.,372.]
Total cost: 920910592.0
assigning lease 2391 to address 1412
Average Cache Occupancy Per Bin: [210.,278.,316.,346.,373.]
Total cost: 925686784.0
assigning lease 736 to address 1464
Average Cache Occupancy Per Bin: [213.,280.,319.,349.,375.]
Total cost: 937618688.0
assigning lease 9019 to address 1552
Average Cache Occupancy Per Bin: [214.,280.,319.,349.,375.]
Total cost: 940954880.0
assigning lease 755 to address 1464
Average Cache Occupancy Per Bin: [215.,282.,320.,350.,376.]
Total cost: 947066624.0
assigning lease 20889 to address 1552
Average Cache Occupancy Per Bin: [216.,282.,321.,350.,376.]
Total cost: 950105344.0
assigning lease 20185 to address 1388
Average Cache Occupancy Per Bin: [217.,283.,321.,350.,376.]
Total cost: 957861376.0
assigning lease 769 to address 1464
Average Cache Occupancy Per Bin: [218.,284.,322.,351.,377.]
Total cost: 962358784.0
assigning lease 47646 to address 1388
Average Cache Occupancy Per Bin: [218.,285.,322.,351.,377.]
Total cost: 962358784.0
assigning lease 795 to address 1464
Average Cache Occupancy Per Bin: [220.,287.,323.,352.,379.]
Total cost: 970695168.0
assigning lease 6960 to address 1352
Average Cache Occupancy Per Bin: [221.,287.,324.,352.,379.]
Total cost: 974199808.0
assigning lease 808 to address 1464
Average Cache Occupancy Per Bin: [222.,288.,325.,353.,380.]
Total cost: 978362368.0
assigning lease 30078 to address 1372
Average Cache Occupancy Per Bin: [227.,288.,326.,355.,380.]
Total cost: 1001318656.0
assigning lease 90677 to address 1460
Average Cache Occupancy Per Bin: [227.,292.,326.,359.,380.]
Total cost: 1001318656.0
assigning lease 826 to address 1464
Average Cache Occupancy Per Bin: [229.,293.,328.,360.,381.]
Total cost: 1007078656.0
assigning lease 19529 to address 1352
Average Cache Occupancy Per Bin: [229.,294.,328.,360.,382.]
Total cost: 1010296320.0
assigning lease 100206 to address 1372
Average Cache Occupancy Per Bin: [229.,294.,331.,364.,382.]
Total cost: 1010296320.0
assigning lease 859 to address 1464
Average Cache Occupancy Per Bin: [232.,296.,333.,367.,384.]
Total cost: 1020853504.0
assigning lease 896 to address 1464
Average Cache Occupancy Per Bin: [234.,298.,335.,369.,386.]
Total cost: 1032682240.0
assigning lease 131238 to address 1412
Average Cache Occupancy Per Bin: [245.,313.,349.,386.,428.]
Total cost: 1077552896.0
assigning lease 110992 to address 1408
Average Cache Occupancy Per Bin: [246.,313.,353.,390.,440.]
Total cost: 1083086848.0
assigning lease 95144 to address 1552
Average Cache Occupancy Per Bin: [246.,313.,357.,390.,440.]
Total cost: 1083086848.0
addr: 1464 ri: 135318
bin target: 2251197952
	bin: 0.0 current capacity: 246.3312769467196  avg impact: 1775.4268178438713
	bin: 1.0 current capacity: 313.7892269297871  avg impact: 3628.016640015138
	bin: 2.0 current capacity: 357.42101144200046  avg impact: 5091.219038266076
	bin: 3.0 current capacity: 390.82856513188585  avg impact: 6365.836534208077
	bin: 4.0 current capacity: 440.56295852209445  avg impact: 7263.508093823994
num_full_bins: 0
printing bin ranks sorted:
	bin: 4.0 rank: 0.009835060490762987
	selecting this^ bin
	bin: 3.0 rank: 0.01903464442056839
	bin: 2.0 rank: 0.03036188138757525
	bin: 1.0 rank: 0.05463336934126792
	bin: 0.0 rank: 0.14963653831472257
acceptable_ratio: 0.009835060490762987
Assigning 1464 dual lease lease 135318 * 0.009835060490762987. Bin saturation: [263.,349.,407.,453.,512.]
addr: 1352 ri: 124272
bin target: 2251197952
	bin: 4.0 current capacity: 512.0  avg impact: 6.098475029174156
num_full_bins: 1
printing bin ranks sorted:
	bin: 4.0 rank: 0.0
acceptable_ratio: 0
Final saturation:
	0.0,1159862503.8468955
	1.0,1536578861.4738016
	2.0,1791696171.0501828
	3.0,1993703786.8641422
	4.0,2251197952.0
DUMP LEASES
0, 55c, 1876e, 0, 1 
0, 610, 173a8, 0, 1 
0, 544, 22a, 0, 1 
0, 548, 4c49, 0, 1 
0, 5b8, 380, 21096, 0.990164939509237 
0, 56c, ba1e, 0, 1 
0, 5a4, 8b, 0, 1 
0, 584, 200a6, 0, 1 
0, 5b4, 16235, 0, 1 
0, 580, 1b190, 0, 1 
0, 57c, 21d, 0, 1 
Dump dual leases

