sample rate: 0.00390625
1632,
	[6,1]
	[52,1]
	[101,1]
	[150,1]
	[201,1]
	[250,1]
	[348,3]
	[377,1]
	[501,1]
	[545,1]
	[550,1]
	[521,1]

1628,
	[1,2]
	[3,3]

1576,
	[5,255]
	[19,11]
	[25,13]
	[28,9]
	[31,19]
	[32,2]
	[34,10]
	[35,1]
	[37,9]
	[43,17]
	[47,2]
	[49,17]
	[50,3]
	[55,1]
	[59,1]
	[58,2]
	[61,1]
	[62,2]
	[71,1]
	[68,1]
	[74,1]
	[77,2]
	[83,2]
	[85,1]
	[84,2]
	[90,1]
	[93,2]
	[95,1]
	[101,1]
	[98,1]
	[102,1]
	[104,1]
	[108,1]
	[114,2]
	[116,2]
	[113,1]
	[119,1]
	[117,1]
	[122,1]
	[120,1]
	[125,1]
	[129,3]
	[126,3]
	[131,1]
	[130,1]
	[135,1]
	[137,1]
	[141,1]
	[144,1]
	[150,2]
	[153,2]
	[185,3]
	[156,4]
	[188,2]
	[157,1]
	[160,1]
	[162,1]
	[163,1]
	[166,4]
	[168,2]
	[172,2]
	[173,1]
	[174,3]
	[177,1]
	[180,1]
	[181,4]
	[184,2]
	[183,2]
	[187,1]
	[186,1]
	[190,2]
	[191,4]
	[193,2]
	[192,1]
	[195,3]
	[234,1]
	[197,1]
	[201,2]
	[199,1]
	[231,2]
	[204,6]
	[202,1]
	[207,3]
	[205,1]
	[210,4]
	[214,1]
	[213,1]
	[215,1]
	[216,3]
	[219,3]
	[220,1]
	[222,4]
	[238,1]
	[225,2]
	[224,2]
	[229,1]
	[230,1]
	[260,4]
	[262,7]
	[232,1]
	[235,3]
	[266,3]
	[269,1]
	[237,1]
	[273,2]
	[272,3]
	[251,2]
	[241,4]
	[242,2]
	[243,2]
	[247,6]
	[252,2]
	[246,1]
	[248,1]
	[250,4]
	[253,4]
	[255,2]
	[256,5]
	[259,4]
	[264,1]
	[265,4]
	[268,4]
	[7,11]
	[271,3]
	[274,3]
	[276,1]
	[302,3]
	[278,6]
	[279,6]
	[281,4]
	[280,4]
	[284,4]
	[13,16]
	[285,2]
	[40,10]
	[4,12]
	[291,1]
	[292,8]
	[290,2]
	[288,1]
	[293,3]
	[296,5]
	[298,2]
	[297,1]
	[299,3]
	[16,11]
	[304,1]
	[307,1]
	[305,1]
	[336,6]
	[309,1]
	[308,2]
	[10,14]
	[313,1]
	[311,2]
	[342,2]
	[267,1]
	[314,1]
	[345,4]
	[347,2]
	[317,2]
	[348,9]
	[353,2]
	[277,1]
	[352,4]
	[322,2]
	[320,1]
	[325,2]
	[46,12]
	[323,1]
	[327,4]
	[331,2]
	[330,2]
	[329,8]
	[328,1]
	[334,2]
	[332,2]
	[333,1]
	[335,2]
	[340,3]
	[339,5]
	[341,6]
	[343,2]
	[350,4]
	[349,4]
	[355,1]
	[351,1]
	[354,7]
	[357,7]
	[356,3]
	[361,3]
	[359,3]
	[358,1]
	[360,4]
	[362,2]
	[365,2]
	[364,1]
	[366,2]
	[363,1]
	[369,4]
	[367,2]
	[368,2]
	[373,3]
	[370,1]
	[376,4]
	[372,2]
	[375,2]
	[378,3]
	[377,1]
	[374,1]
	[382,2]
	[385,2]
	[383,2]
	[400,2]
	[414,4]
	[386,3]
	[388,4]
	[384,1]
	[390,1]
	[392,1]
	[421,5]
	[419,5]
	[423,3]
	[397,1]
	[412,2]
	[425,4]
	[22,9]
	[394,1]
	[431,3]
	[430,4]
	[432,8]
	[398,5]
	[402,2]
	[422,1]
	[399,1]
	[401,1]
	[405,1]
	[435,3]
	[404,3]
	[406,1]
	[407,5]
	[410,2]
	[411,2]
	[416,2]
	[420,2]
	[418,1]
	[417,1]
	[426,5]
	[424,3]
	[427,3]
	[29,4]
	[429,4]
	[428,3]
	[437,2]
	[434,4]
	[438,6]
	[441,3]
	[439,1]
	[442,1]
	[436,2]
	[440,2]
	[444,6]
	[447,4]
	[445,2]
	[452,2]
	[448,2]
	[450,5]
	[20,1]
	[449,1]
	[454,1]
	[451,2]
	[453,6]
	[455,2]
	[456,4]
	[457,7]
	[461,1]
	[460,2]
	[458,1]
	[459,5]
	[463,2]
	[492,5]
	[465,3]
	[464,1]
	[467,1]
	[462,3]
	[497,6]
	[470,1]
	[469,1]
	[468,2]
	[499,6]
	[496,4]
	[503,2]
	[501,6]
	[502,10]
	[500,4]
	[473,1]
	[507,2]
	[510,3]
	[506,5]
	[509,10]
	[508,7]
	[475,3]
	[512,3]
	[479,1]
	[477,1]
	[485,1]
	[482,1]
	[483,3]
	[516,6]
	[517,5]
	[484,1]
	[488,4]
	[489,6]
	[491,6]
	[487,1]
	[490,1]
	[493,6]
	[494,3]
	[498,1]
	[495,1]
	[504,2]
	[505,8]
	[513,3]
	[511,5]
	[514,9]
	[518,1]
	[515,2]
	[520,6]
	[519,6]
	[523,2]
	[526,3]
	[525,4]
	[524,3]
	[522,1]
	[529,7]
	[530,3]
	[527,4]
	[528,1]
	[531,3]
	[535,2]
	[44,2]
	[532,5]
	[537,4]
	[533,1]
	[534,1]
	[536,5]
	[541,2]
	[542,3]
	[540,2]
	[538,3]
	[539,3]
	[544,1]
	[548,1]
	[545,7]
	[543,2]
	[549,2]
	[577,2]
	[579,9]
	[550,2]
	[552,2]
	[563,3]
	[555,2]
	[584,7]
	[585,6]
	[587,4]
	[583,3]
	[569,4]
	[591,7]
	[589,1]
	[586,5]
	[578,6]
	[559,1]
	[590,3]
	[593,5]
	[588,5]
	[558,3]
	[560,1]
	[596,2]
	[594,2]
	[566,8]
	[564,1]
	[565,3]
	[567,1]
	[572,4]
	[568,2]
	[571,2]
	[570,2]
	[38,1]
	[574,2]
	[575,7]
	[576,3]
	[580,4]
	[573,1]
	[581,7]
	[582,1]
	[595,2]
	[598,8]
	[597,1]
	[599,3]
	[11,1]
	[601,2]
	[600,3]
	[602,3]
	[606,7]
	[608,2]
	[605,1]
	[609,2]
	[604,4]
	[610,3]
	[607,6]
	[613,3]
	[611,1]
	[618,2]
	[617,6]
	[615,4]
	[616,2]
	[614,3]
	[619,1]
	[26,1]
	[621,2]

1608,
	[6,1]
	[7,1]
	[9,2]
	[13,1]
	[12,1]
	[15,4]
	[3366,1]
	[19,2]
	[18,6]
	[21,4]
	[24,4]
	[22,1]
	[27,9]
	[29,1]
	[28,3]
	[30,3]
	[33,9]
	[34,3]
	[36,5]
	[37,1]
	[39,10]
	[8754,1]
	[42,3]
	[43,2]
	[9374,1]
	[45,13]
	[46,5]
	[9995,2]
	[49,5]
	[48,8]
	[52,12]
	[51,5]
	[55,8]
	[54,7]
	[58,9]
	[57,9]
	[12728,1]
	[61,8]
	[60,7]
	[62,1]
	[63,8]
	[64,7]
	[14078,1]
	[14815,1]
	[66,4]
	[67,8]
	[83,4]
	[93,8]
	[69,5]
	[70,10]
	[68,1]
	[102,4]
	[82,16]
	[72,7]
	[16442,1]
	[73,12]
	[74,5]
	[89,8]
	[77,2]
	[76,9]
	[75,5]
	[17245,1]
	[92,13]
	[79,5]
	[95,5]
	[111,1]
	[81,10]
	[78,1]
	[18527,1]
	[80,2]
	[18737,1]
	[85,14]
	[18497,2]
	[86,17]
	[84,1]
	[88,9]
	[87,6]
	[19493,1]
	[91,22]
	[20091,1]
	[20168,1]
	[94,12]
	[97,7]
	[98,24]
	[96,1]
	[21248,1]
	[21602,1]
	[99,1]
	[101,18]
	[100,11]
	[22306,1]
	[104,19]
	[103,15]
	[22805,1]
	[106,9]
	[107,20]
	[23609,1]
	[23657,1]
	[105,1]
	[109,14]
	[110,21]
	[24124,1]
	[24188,1]
	[24380,1]
	[24382,1]
	[112,9]
	[113,25]
	[24831,1]
	[114,2]
	[24974,1]
	[25358,1]
	[117,2]
	[116,30]
	[115,7]
	[25699,1]
	[119,28]
	[26134,1]
	[118,5]
	[26373,1]
	[26710,1]
	[120,3]
	[122,28]
	[121,5]
	[26903,1]
	[27208,1]
	[123,2]
	[124,10]
	[125,21]
	[126,4]
	[129,18]
	[127,1]
	[28225,1]
	[28513,1]
	[128,15]
	[132,6]
	[131,34]
	[29138,1]
	[29233,1]
	[130,6]
	[29329,1]
	[135,25]
	[134,6]
	[30099,1]
	[30228,1]
	[138,7]
	[137,21]
	[30395,1]
	[136,7]
	[30485,1]
	[30487,2]
	[30807,1]
	[140,17]
	[30875,1]
	[30922,1]
	[141,25]
	[143,25]
	[144,6]
	[31948,1]
	[32014,1]
	[145,1]
	[32126,1]
	[175,27]
	[174,38]
	[147,38]
	[33348,1]
	[33410,1]
	[33587,1]
	[33842,1]
	[162,40]
	[179,36]
	[150,22]
	[34677,1]
	[181,37]
	[35541,1]
	[182,8]
	[35853,1]
	[151,4]
	[153,31]
	[35337,1]
	[35544,1]
	[168,35]
	[185,50]
	[172,25]
	[35848,1]
	[35849,1]
	[156,28]
	[36168,1]
	[187,46]
	[36706,1]
	[188,2]
	[161,2]
	[36551,1]
	[191,44]
	[37594,1]
	[37645,1]
	[159,35]
	[157,1]
	[158,2]
	[37323,1]
	[194,2]
	[171,23]
	[163,21]
	[37038,1]
	[165,31]
	[36771,1]
	[36869,1]
	[166,20]
	[37331,1]
	[37379,1]
	[169,20]
	[38182,1]
	[173,1]
	[38534,1]
	[176,2]
	[38744,1]
	[38886,1]
	[38969,1]
	[39243,1]
	[177,1]
	[178,24]
	[40189,1]
	[180,12]
	[40334,1]
	[40459,1]
	[40589,1]
	[40654,1]
	[184,23]
	[40705,1]
	[40976,1]
	[41361,1]
	[183,1]
	[41490,1]
	[41556,1]
	[186,16]
	[41636,1]
	[42020,1]
	[42216,1]
	[190,18]
	[193,59]
	[43019,1]
	[192,1]
	[43242,1]
	[43382,1]
	[197,54]
	[195,1]
	[198,2]
	[43868,1]
	[44188,1]
	[201,61]
	[44446,1]
	[200,1]
	[45148,1]
	[202,1]
	[45219,1]
	[204,52]
	[45556,1]
	[45604,2]
	[45652,1]
	[45744,1]
	[45796,1]
	[45891,1]
	[45892,1]
	[207,45]
	[45989,1]
	[46470,1]
	[46519,1]
	[46565,2]
	[211,12]
	[210,57]
	[46617,1]
	[46665,1]
	[208,1]
	[212,1]
	[213,54]
	[47326,1]
	[214,11]
	[47565,1]
	[47676,1]
	[217,3]
	[216,52]
	[48209,1]
	[48607,1]
	[219,55]
	[220,8]
	[48850,1]
	[49041,1]
	[49297,1]
	[222,45]
	[49525,1]
	[223,5]
	[49828,1]
	[49878,1]
	[238,6]
	[225,30]
	[50264,1]
	[226,3]
	[50471,1]
	[50472,1]
	[50522,1]
	[50617,1]
	[227,4]
	[50731,1]
	[50778,1]
	[50856,1]
	[257,19]
	[255,24]
	[256,51]
	[51706,1]
	[229,29]
	[52237,1]
	[231,30]
	[230,8]
	[52431,1]
	[52589,1]
	[52590,1]
	[245,24]
	[260,43]
	[259,40]
	[53696,1]
	[53679,1]
	[53891,1]
	[233,3]
	[53986,1]
	[263,24]
	[262,47]
	[251,28]
	[232,4]
	[237,36]
	[235,24]
	[266,41]
	[241,34]
	[236,7]
	[55140,2]
	[55139,1]
	[239,3]
	[269,32]
	[268,57]
	[56137,1]
	[56181,1]
	[261,21]
	[55625,1]
	[274,33]
	[273,32]
	[56360,1]
	[272,36]
	[56552,1]
	[244,2]
	[243,45]
	[56025,1]
	[242,13]
	[240,1]
	[56396,1]
	[275,25]
	[271,52]
	[55582,1]
	[55726,1]
	[247,63]
	[249,10]
	[55025,1]
	[248,14]
	[55248,1]
	[55280,1]
	[55617,1]
	[55680,1]
	[250,38]
	[252,13]
	[56007,1]
	[56213,1]
	[56261,1]
	[56343,1]
	[253,47]
	[56422,1]
	[56503,1]
	[254,10]
	[56614,1]
	[56902,1]
	[56907,1]
	[56908,1]
	[57028,1]
	[57047,1]
	[57070,1]
	[57132,1]
	[258,17]
	[57261,1]
	[57487,1]
	[57565,1]
	[57756,1]
	[57759,1]
	[58096,1]
	[58223,1]
	[58368,1]
	[264,18]
	[58496,1]
	[58560,1]
	[265,46]
	[58993,1]
	[59038,1]
	[59173,1]
	[59253,1]
	[267,22]
	[59508,1]
	[59782,1]
	[60040,1]
	[60104,1]
	[270,15]
	[60234,1]
	[60312,1]
	[60457,1]
	[60507,1]
	[60624,1]
	[61170,1]
	[276,26]
	[61342,1]
	[61439,1]
	[61628,1]
	[280,68]
	[278,36]
	[279,23]
	[62019,1]
	[62257,1]
	[62259,1]
	[281,19]
	[62660,1]
	[282,20]
	[62790,1]
	[62981,1]
	[63012,1]
	[63059,1]
	[63124,1]
	[63123,1]
	[285,27]
	[283,1]
	[284,29]
	[286,56]
	[287,26]
	[63691,1]
	[288,25]
	[63770,1]
	[63961,1]
	[289,1]
	[64395,1]
	[64460,1]
	[64478,1]
	[64507,1]
	[64539,1]
	[290,33]
	[292,59]
	[291,22]
	[64784,1]
	[64785,2]
	[64989,1]
	[65152,1]
	[65246,1]
	[294,23]
	[65601,1]
	[65602,1]
	[65618,1]
	[65666,1]
	[65667,1]
	[65699,1]
	[293,23]
	[65762,1]
	[65829,1]
	[296,51]
	[65890,1]
	[298,38]
	[66308,1]
	[297,14]
	[66436,1]
	[66485,1]
	[66563,1]
	[66808,1]
	[300,27]
	[67015,1]
	[67017,2]
	[299,34]
	[301,29]
	[302,31]
	[67495,1]
	[306,15]
	[305,27]
	[303,23]
	[304,23]
	[67709,1]
	[67836,1]
	[67899,1]
	[68012,1]
	[68013,1]
	[68090,1]
	[68123,1]
	[319,18]
	[333,52]
	[307,33]
	[69054,1]
	[69086,1]
	[69087,1]
	[309,13]
	[69246,1]
	[69296,1]
	[69408,1]
	[337,43]
	[338,11]
	[70393,1]
	[336,53]
	[70930,1]
	[308,18]
	[310,6]
	[71107,1]
	[311,23]
	[71202,1]
	[71201,1]
	[71235,1]
	[71238,1]
	[325,14]
	[339,60]
	[72073,1]
	[342,61]
	[341,55]
	[332,3]
	[331,49]
	[72612,1]
	[72613,1]
	[312,13]
	[313,12]
	[72710,1]
	[72869,1]
	[72871,1]
	[343,43]
	[73454,1]
	[73751,1]
	[346,29]
	[345,81]
	[344,6]
	[73925,1]
	[321,5]
	[73324,1]
	[314,23]
	[73338,1]
	[317,27]
	[315,5]
	[348,73]
	[74445,1]
	[74514,1]
	[74523,1]
	[316,14]
	[74011,1]
	[74044,1]
	[350,41]
	[74652,1]
	[351,50]
	[74990,1]
	[75099,1]
	[74892,1]
	[318,10]
	[74621,1]
	[74782,1]
	[353,9]
	[352,63]
	[74863,1]
	[354,56]
	[74961,1]
	[323,23]
	[322,18]
	[320,32]
	[74364,1]
	[324,28]
	[74753,1]
	[356,38]
	[74357,1]
	[73907,1]
	[73941,1]
	[327,46]
	[326,6]
	[74034,1]
	[74115,1]
	[74116,1]
	[328,14]
	[74226,1]
	[329,63]
	[73128,1]
	[73127,1]
	[330,13]
	[73334,1]
	[73590,1]
	[73812,1]
	[73813,1]
	[73910,1]
	[73966,1]
	[74029,1]
	[74091,1]
	[74093,1]
	[74186,1]
	[74219,1]
	[74237,1]
	[74297,1]
	[334,33]
	[335,51]
	[74794,1]
	[74927,1]
	[75055,1]
	[75163,1]
	[75247,1]
	[75279,1]
	[75376,1]
	[75375,1]
	[75456,1]
	[75489,1]
	[75535,1]
	[75617,1]
	[75731,1]
	[75764,1]
	[75766,1]
	[75890,1]
	[76037,1]
	[340,19]
	[76166,1]
	[76273,1]
	[76325,1]
	[76327,1]
	[76696,1]
	[76698,1]
	[76857,1]
	[76951,1]
	[77079,1]
	[77066,1]
	[77181,1]
	[349,31]
	[77352,1]
	[347,23]
	[77372,1]
	[77977,1]
	[78476,2]
	[78479,1]
	[78557,1]
	[78653,1]
	[78597,1]
	[78595,1]
	[78865,1]
	[355,18]
	[78992,1]
	[79345,1]
	[79379,1]
	[79509,1]
	[79590,1]
	[357,55]
	[79682,1]
	[79669,1]
	[358,17]
	[79873,1]
	[79877,1]
	[79972,1]
	[361,30]
	[80244,1]
	[360,58]
	[359,16]
	[80407,1]
	[80550,1]
	[80677,1]
	[80712,1]
	[80699,1]
	[364,28]
	[80808,1]
	[363,39]
	[362,32]
	[81240,1]
	[81355,1]
	[81389,1]
	[365,11]
	[81488,1]
	[366,35]
	[367,54]
	[81760,1]
	[81983,1]
	[370,34]
	[82157,1]
	[369,46]
	[368,7]
	[82190,1]
	[82256,1]
	[82318,1]
	[82319,1]
	[82380,1]
	[82478,1]
	[82577,1]
	[82576,1]
	[82764,1]
	[372,52]
	[82821,1]
	[82819,1]
	[82820,1]
	[373,27]
	[82917,1]
	[83105,1]
	[83139,1]
	[83248,1]
	[371,10]
	[83329,1]
	[83331,1]
	[83440,1]
	[83396,1]
	[374,25]
	[83473,1]
	[83474,1]
	[83462,1]
	[376,57]
	[83566,1]
	[83665,1]
	[83762,1]
	[83765,1]
	[375,8]
	[83843,2]
	[83987,1]
	[84082,1]
	[84150,1]
	[379,31]
	[84201,1]
	[377,17]
	[84279,1]
	[378,62]
	[84407,1]
	[84406,1]
	[380,37]
	[84662,1]
	[85005,1]
	[382,44]
	[381,22]
	[85131,1]
	[85150,1]
	[85241,1]
	[85291,1]
	[85292,2]
	[85370,2]
	[85369,1]
	[85341,2]
	[85433,1]
	[85405,2]
	[387,6]
	[386,43]
	[85616,1]
	[86011,1]
	[385,27]
	[86126,1]
	[383,7]
	[86269,1]
	[398,30]
	[86602,1]
	[414,57]
	[416,70]
	[87630,1]
	[87682,1]
	[87758,1]
	[384,20]
	[388,38]
	[87794,1]
	[87884,1]
	[87886,1]
	[87871,1]
	[415,38]
	[419,74]
	[418,31]
	[88815,1]
	[392,10]
	[89445,1]
	[89583,1]
	[390,48]
	[89762,1]
	[405,30]
	[423,73]
	[90730,1]
	[417,41]
	[91400,1]
	[395,15]
	[394,33]
	[91492,1]
	[91560,1]
	[91627,1]
	[421,57]
	[92118,1]
	[425,49]
	[92436,1]
	[92503,1]
	[92531,1]
	[92565,2]
	[92550,1]
	[397,17]
	[412,46]
	[429,68]
	[93189,1]
	[426,81]
	[93308,1]
	[93476,1]
	[93452,1]
	[93295,1]
	[92913,1]
	[93013,1]
	[93016,1]
	[396,9]
	[93017,1]
	[432,113]
	[93901,1]
	[430,33]
	[93976,1]
	[93979,2]
	[431,60]
	[94077,2]
	[94095,1]
	[94233,1]
	[402,33]
	[93628,1]
	[93866,1]
	[93902,1]
	[436,48]
	[422,55]
	[420,34]
	[93566,1]
	[403,22]
	[93202,1]
	[404,35]
	[401,15]
	[93279,1]
	[93283,1]
	[406,28]
	[93407,1]
	[435,31]
	[92949,1]
	[439,30]
	[93058,1]
	[93075,1]
	[93054,1]
	[93045,1]
	[92752,1]
	[92454,1]
	[408,19]
	[92722,1]
	[92863,1]
	[92886,1]
	[407,46]
	[409,3]
	[91835,1]
	[410,27]
	[91925,1]
	[411,48]
	[92019,1]
	[92021,1]
	[92009,1]
	[92117,1]
	[92122,1]
	[92212,1]
	[92325,1]
	[92343,1]
	[92136,1]
	[413,57]
	[92358,1]
	[92346,1]
	[92443,1]
	[92523,3]
	[92617,1]
	[92619,2]
	[92743,1]
	[92905,1]
	[93085,1]
	[93131,1]
	[93163,1]
	[93226,1]
	[93227,1]
	[93339,1]
	[93327,1]
	[93919,1]
	[93917,1]
	[93918,1]
	[93967,1]
	[94078,1]
	[94113,1]
	[94148,1]
	[94390,1]
	[424,30]
	[94513,1]
	[94500,1]
	[94597,1]
	[94724,1]
	[427,30]
	[95125,1]
	[95206,1]
	[95314,1]
	[95287,1]
	[95395,1]
	[95462,1]
	[95755,1]
	[428,51]
	[96088,1]
	[96166,1]
	[96314,1]
	[96316,1]
	[96351,1]
	[96426,1]
	[96398,1]
	[96473,1]
	[433,20]
	[96554,1]
	[96601,1]
	[96670,1]
	[96785,1]
	[96991,1]
	[434,65]
	[97181,1]
	[97216,1]
	[97325,1]
	[97315,1]
	[97314,1]
	[438,68]
	[437,52]
	[97457,1]
	[97725,1]
	[97666,1]
	[97668,1]
	[97775,1]
	[97826,1]
	[97829,1]
	[97998,1]
	[98064,1]
	[98053,1]
	[98051,1]
	[98052,1]
	[98084,1]
	[98175,1]
	[441,35]
	[98211,1]
	[98231,1]
	[443,51]
	[442,35]
	[98609,1]
	[98631,1]
	[444,45]
	[98851,1]
	[440,38]
	[99060,1]
	[99047,1]
	[99048,1]
	[99078,1]
	[99096,1]
	[99146,1]
	[99194,1]
	[445,45]
	[99461,1]
	[99466,1]
	[449,42]
	[448,30]
	[99770,1]
	[446,14]
	[99832,1]
	[447,61]
	[100104,1]
	[100108,1]
	[100222,1]
	[100360,1]
	[452,35]
	[100523,1]
	[451,53]
	[100608,1]
	[100733,1]
	[450,53]
	[101068,1]
	[101120,1]
	[454,36]
	[101311,1]
	[101312,1]
	[455,57]
	[101407,1]
	[101395,1]
	[101503,1]
	[101599,1]
	[456,45]
	[101765,1]
	[458,17]
	[101858,3]
	[453,33]
	[101892,1]
	[101925,1]
	[457,45]
	[102194,1]
	[102386,1]
	[102374,1]
	[102466,1]
	[461,50]
	[102614,1]
	[102617,1]
	[102710,1]
	[460,20]
	[459,66]
	[102950,1]
	[102937,1]
	[103034,1]
	[103066,1]
	[463,31]
	[462,45]
	[103158,1]
	[464,39]
	[103351,1]
	[103341,1]
	[103452,1]
	[103527,1]
	[103563,1]
	[103626,1]
	[103675,1]
	[103814,1]
	[103815,1]
	[492,43]
	[466,12]
	[465,32]
	[104495,1]
	[467,47]
	[104608,1]
	[104731,1]
	[104842,1]
	[477,22]
	[497,67]
	[105674,1]
	[493,73]
	[105660,1]
	[106205,1]
	[470,14]
	[469,12]
	[106383,1]
	[468,39]
	[106542,1]
	[106544,1]
	[499,100]
	[496,45]
	[107471,1]
	[501,98]
	[107588,1]
	[500,50]
	[473,47]
	[108225,1]
	[484,27]
	[483,60]
	[503,42]
	[109265,1]
	[109296,1]
	[502,102]
	[109322,1]
	[109347,1]
	[109421,1]
	[109503,1]
	[110035,1]
	[475,26]
	[474,7]
	[110132,1]
	[472,7]
	[110233,1]
	[110726,2]
	[506,67]
	[111049,1]
	[507,52]
	[111303,2]
	[508,131]
	[111394,1]
	[111427,1]
	[490,41]
	[111194,1]
	[479,21]
	[491,47]
	[111607,1]
	[111610,1]
	[510,42]
	[112169,1]
	[112206,1]
	[112268,1]
	[509,73]
	[112375,1]
	[112463,1]
	[511,99]
	[112629,1]
	[112631,1]
	[482,21]
	[112041,1]
	[480,27]
	[512,80]
	[112441,1]
	[112413,1]
	[513,53]
	[112538,1]
	[112578,1]
	[112511,1]
	[112017,1]
	[478,1]
	[112155,1]
	[516,102]
	[111757,1]
	[111761,1]
	[111741,2]
	[517,85]
	[111858,1]
	[112012,1]
	[112019,1]
	[481,19]
	[111445,1]
	[486,6]
	[111552,1]
	[485,4]
	[111839,1]
	[111391,1]
	[515,22]
	[111332,1]
	[487,43]
	[110927,1]
	[110928,3]
	[110778,2]
	[110821,2]
	[488,53]
	[110993,1]
	[518,39]
	[110664,1]
	[110665,1]
	[110435,1]
	[110403,1]
	[110091,1]
	[110134,1]
	[110247,1]
	[110245,1]
	[489,53]
	[110359,1]
	[110358,1]
	[110467,1]
	[110738,1]
	[110115,1]
	[495,11]
	[494,54]
	[110267,1]
	[110344,1]
	[110342,1]
	[110422,1]
	[110423,1]
	[110457,1]
	[110517,1]
	[110566,1]
	[110556,1]
	[110639,1]
	[498,52]
	[110890,1]
	[111167,1]
	[111517,1]
	[111515,1]
	[111502,1]
	[111582,1]
	[111724,1]
	[111744,1]
	[111836,1]
	[111809,1]
	[111915,1]
	[111917,2]
	[111904,1]
	[111907,1]
	[111906,1]
	[112029,1]
	[112000,2]
	[112108,1]
	[112098,1]
	[112132,1]
	[112135,1]
	[504,54]
	[112240,1]
	[112246,1]
	[505,68]
	[112596,1]
	[112768,1]
	[112769,1]
	[112914,1]
	[112872,1]
	[113095,1]
	[113282,1]
	[113315,1]
	[113316,1]
	[113429,1]
	[113446,1]
	[113522,1]
	[113521,1]
	[113496,1]
	[113557,1]
	[113579,1]
	[113671,1]
	[113750,1]
	[113846,1]
	[113957,1]
	[113949,1]
	[114039,1]
	[114045,1]
	[114151,2]
	[114172,1]
	[114215,1]
	[114299,1]
	[114393,1]
	[114478,1]
	[114559,1]
	[114638,1]
	[114760,1]
	[114717,1]
	[514,94]
	[114924,1]
	[114925,1]
	[114897,1]
	[115005,1]
	[114993,1]
	[115117,1]
	[115214,1]
	[115294,1]
	[115341,1]
	[115343,1]
	[115435,1]
	[115548,1]
	[115683,2]
	[115684,1]
	[519,45]
	[115790,1]
	[521,38]
	[520,61]
	[115983,1]
	[115988,1]
	[116095,1]
	[116177,1]
	[116227,1]
	[116244,1]
	[522,42]
	[116341,1]
	[116389,1]
	[116546,1]
	[116616,1]
	[116618,1]
	[523,29]
	[116728,1]
	[116727,1]
	[116835,1]
	[116840,1]
	[116889,1]
	[116890,1]
	[526,45]
	[117012,2]
	[525,50]
	[117092,1]
	[117111,1]
	[117113,1]
	[117221,1]
	[524,50]
	[117271,1]
	[117430,1]
	[117497,1]
	[117620,1]
	[529,62]
	[527,52]
	[117815,1]
	[117817,1]
	[117816,1]
	[117807,1]
	[530,67]
	[117945,1]
	[118186,1]
	[528,19]
	[118521,1]
	[118527,1]
	[118650,1]
	[118625,1]
	[531,39]
	[118779,1]
	[118752,1]
	[118753,1]
	[532,77]
	[118847,1]
	[118911,1]
	[118910,1]
	[118928,1]
	[535,21]
	[119087,1]
	[119134,1]
	[534,50]
	[533,21]
	[119283,1]
	[119407,1]
	[536,109]
	[119667,1]
	[119797,1]
	[119889,1]
	[119847,2]
	[538,66]
	[119967,1]
	[119970,1]
	[119943,2]
	[537,37]
	[120017,1]
	[120007,2]
	[120096,1]
	[120101,1]
	[120195,1]
	[120340,1]
	[120345,1]
	[539,29]
	[120457,1]
	[542,50]
	[541,51]
	[120597,1]
	[120570,2]
	[543,31]
	[120725,1]
	[120730,1]
	[120852,1]
	[120859,1]
	[121014,1]
	[540,20]
	[121077,1]
	[121141,1]
	[121206,1]
	[121305,1]
	[121307,1]
	[121383,1]
	[121406,1]
	[121510,1]
	[121453,1]
	[121533,1]
	[544,20]
	[121638,1]
	[574,69]
	[122214,1]
	[569,75]
	[548,19]
	[122747,1]
	[122767,1]
	[122875,1]
	[122895,1]
	[547,12]
	[122990,1]
	[545,67]
	[123087,1]
	[123179,1]
	[123338,1]
	[558,30]
	[578,69]
	[577,49]
	[573,51]
	[124723,1]
	[124722,1]
	[549,8]
	[551,40]
	[124926,1]
	[124925,1]
	[124899,3]
	[550,51]
	[125153,1]
	[581,121]
	[126003,1]
	[580,42]
	[126063,1]
	[579,174]
	[126142,1]
	[126143,1]
	[126237,1]
	[126834,1]
	[126837,1]
	[126839,1]
	[552,25]
	[563,44]
	[585,120]
	[584,76]
	[127889,1]
	[127873,1]
	[128001,1]
	[128083,1]
	[128099,1]
	[128071,1]
	[583,57]
	[128595,1]
	[128614,1]
	[556,13]
	[586,128]
	[129301,1]
	[129691,1]
	[129795,1]
	[582,23]
	[129879,1]
	[588,135]
	[130019,1]
	[560,76]
	[591,109]
	[130955,1]
	[130970,1]
	[590,77]
	[131054,1]
	[131068,1]
	[131137,1]
	[131160,2]
	[131191,1]
	[131194,1]
	[589,29]
	[131291,1]
	[131322,1]
	[131415,1]
	[557,12]
	[130854,1]
	[555,9]
	[130753,1]
	[559,8]
	[130605,1]
	[130696,1]
	[593,121]
	[130798,1]
	[130783,1]
	[130763,1]
	[130888,1]
	[594,46]
	[570,52]
	[562,12]
	[130510,1]
	[130063,2]
	[595,71]
	[130097,1]
	[130109,1]
	[130190,1]
	[130191,1]
	[130208,2]
	[130285,1]
	[130286,1]
	[587,86]
	[565,39]
	[129916,1]
	[129917,1]
	[566,56]
	[129853,1]
	[129854,1]
	[129950,1]
	[130047,1]
	[130046,1]
	[599,67]
	[597,72]
	[129616,1]
	[129614,1]
	[600,39]
	[129747,1]
	[129490,1]
	[567,50]
	[129140,1]
	[129215,2]
	[129216,1]
	[129206,2]
	[129302,1]
	[129300,1]
	[129299,1]
	[129503,1]
	[602,41]
	[129060,1]
	[596,43]
	[129032,1]
	[572,71]
	[128674,1]
	[128453,2]
	[128643,1]
	[128662,1]
	[571,13]
	[568,24]
	[128887,1]
	[128980,1]
	[128474,1]
	[128440,1]
	[128056,1]
	[128149,1]
	[128125,1]
	[128218,1]
	[128342,1]
	[575,72]
	[128438,1]
	[128425,1]
	[128537,1]
	[128617,1]
	[128703,1]
	[128859,1]
	[128907,1]
	[576,48]
	[129023,1]
	[129021,2]
	[129130,1]
	[129273,2]
	[129274,1]
	[129265,1]
	[129401,1]
	[129392,1]
	[129629,1]
	[129587,1]
	[129692,1]
	[129666,1]
	[129757,1]
	[129746,1]
	[129901,1]
	[129902,1]
	[129903,1]
	[129954,1]
	[130045,1]
	[130044,1]
	[130086,1]
	[130196,1]
	[130199,1]
	[130326,1]
	[130470,1]
	[130608,1]
	[130720,2]
	[130754,1]
	[130996,1]
	[131031,1]
	[131098,1]
	[131186,1]
	[131234,1]
	[131177,1]
	[131297,1]
	[131298,1]
	[131299,1]
	[131270,1]
	[131272,1]
	[131337,1]
	[131357,1]
	[131477,1]
	[131607,1]
	[131817,1]
	[131925,1]
	[131945,1]
	[131944,1]
	[132042,1]
	[132043,1]
	[132181,1]
	[132172,1]
	[132237,1]
	[592,24]
	[132344,1]
	[132392,1]
	[132446,1]
	[132524,2]
	[132522,1]
	[132521,1]
	[132527,1]
	[132587,1]
	[132639,1]
	[132698,1]
	[132701,1]
	[132685,1]
	[132719,1]
	[132720,1]
	[132810,1]
	[132940,1]
	[133083,1]
	[133058,1]
	[133195,1]
	[598,69]
	[133339,2]
	[133346,2]
	[133347,1]
	[133451,1]
	[133631,1]
	[133663,1]
	[133983,2]
	[134005,1]
	[134118,1]
	[134229,1]
	[601,83]
	[134358,2]
	[134501,1]
	[134594,1]
	[604,72]
	[134664,1]
	[605,37]
	[134789,1]
	[603,52]
	[134851,1]
	[135011,1]
	[135014,1]
	[135106,1]
	[135107,1]
	[135094,1]
	[135259,1]
	[606,80]
	[135381,1]
	[135339,1]
	[135461,1]
	[135435,1]
	[608,56]
	[135548,1]
	[607,44]
	[135654,1]
	[135734,1]
	[135735,1]
	[135766,1]
	[135769,1]
	[135833,1]
	[135898,1]
	[135917,1]
	[136009,1]
	[136010,1]
	[609,53]
	[136137,1]
	[136111,1]
	[136233,1]
	[136328,1]
	[136302,1]
	[611,44]
	[136440,2]
	[610,79]
	[136527,1]
	[136579,1]
	[614,50]
	[136700,1]
	[136689,1]
	[613,68]
	[136815,1]
	[136907,1]
	[136909,1]
	[136946,1]
	[137035,1]
	[137008,1]
	[612,54]
	[137226,1]
	[137185,1]
	[137307,1]
	[137308,2]
	[137207,1]
	[616,83]
	[137343,1]
	[137301,1]
	[617,61]
	[137412,1]
	[137534,1]
	[137617,1]
	[615,26]
	[137696,1]
	[137856,1]
	[137967,1]
	[138008,1]
	[138113,1]
	[138114,1]
	[138071,1]
	[618,35]
	[138192,1]
	[138193,2]
	[138169,1]
	[619,58]
	[138385,1]
	[620,39]
	[138500,1]
	[138502,1]
	[138503,1]
	[138565,1]
	[138614,1]
	[138647,1]
	[621,36]
	[138870,1]
	[138872,1]
	[138965,2]
	[138954,1]
	[138955,1]
	[622,22]
	[139147,1]
	[637,12]

1580,
	[2,18379]
	[3,12]
	[55161,1]
	[55998,1]
	[55148,1]
	[66960,1]
	[86088,1]
	[137837,1]

1612,
	[4,1]
	[7,3]
	[10,6]
	[3176,1]
	[12,1]
	[13,2]
	[16,8]
	[19,3]
	[22,6]
	[23,1]
	[25,5]
	[28,10]
	[26,2]
	[29,1]
	[6383,1]
	[31,1]
	[34,4]
	[35,5]
	[8018,1]
	[40,8]
	[37,8]
	[8371,1]
	[8808,1]
	[41,2]
	[9548,1]
	[43,10]
	[10173,1]
	[46,5]
	[47,2]
	[10828,1]
	[49,6]
	[50,7]
	[11040,1]
	[11183,1]
	[11184,1]
	[52,6]
	[53,4]
	[54,1]
	[12005,1]
	[55,10]
	[56,10]
	[58,10]
	[59,2]
	[13624,1]
	[13611,1]
	[61,13]
	[62,8]
	[95,12]
	[65,12]
	[14878,1]
	[64,4]
	[67,6]
	[66,1]
	[81,2]
	[91,9]
	[68,6]
	[15796,1]
	[69,1]
	[100,4]
	[80,17]
	[70,9]
	[72,1]
	[71,7]
	[73,8]
	[87,2]
	[74,10]
	[106,2]
	[78,5]
	[77,19]
	[93,4]
	[109,1]
	[79,9]
	[18096,1]
	[76,2]
	[18590,1]
	[18527,1]
	[18576,1]
	[18451,1]
	[18495,2]
	[18545,1]
	[83,11]
	[18594,1]
	[84,8]
	[85,6]
	[18771,1]
	[19042,1]
	[19120,1]
	[86,13]
	[90,9]
	[89,15]
	[20168,1]
	[20264,1]
	[20424,1]
	[20634,1]
	[94,1]
	[92,15]
	[20845,1]
	[21019,1]
	[96,18]
	[21311,1]
	[99,24]
	[98,11]
	[22496,1]
	[102,25]
	[101,8]
	[22740,1]
	[23187,1]
	[23251,1]
	[104,9]
	[105,16]
	[107,10]
	[23688,1]
	[23995,1]
	[108,22]
	[24379,1]
	[110,11]
	[24668,1]
	[111,17]
	[24781,1]
	[112,1]
	[114,25]
	[115,4]
	[113,10]
	[25793,1]
	[117,21]
	[119,15]
	[116,11]
	[26371,1]
	[118,2]
	[120,19]
	[26806,1]
	[123,20]
	[121,2]
	[125,1]
	[122,9]
	[27449,1]
	[124,2]
	[126,24]
	[27946,1]
	[27994,1]
	[28089,1]
	[127,26]
	[129,26]
	[128,7]
	[28958,1]
	[29057,1]
	[29087,1]
	[130,2]
	[29263,1]
	[131,1]
	[29424,1]
	[133,23]
	[135,32]
	[132,11]
	[29969,1]
	[30033,1]
	[30161,1]
	[30359,1]
	[134,6]
	[30454,1]
	[136,5]
	[30775,1]
	[138,12]
	[139,32]
	[31353,1]
	[140,1]
	[31658,1]
	[141,33]
	[31708,1]
	[142,10]
	[32221,1]
	[173,35]
	[172,29]
	[145,29]
	[33522,1]
	[33585,1]
	[33832,1]
	[160,32]
	[177,44]
	[149,2]
	[148,30]
	[34770,1]
	[150,2]
	[179,23]
	[180,8]
	[35882,1]
	[152,1]
	[151,28]
	[35478,1]
	[166,21]
	[183,49]
	[170,23]
	[36309,1]
	[35895,1]
	[35941,1]
	[35988,1]
	[154,33]
	[36037,1]
	[185,44]
	[186,12]
	[159,2]
	[36693,1]
	[156,2]
	[36501,1]
	[2634,1]
	[189,55]
	[191,57]
	[157,30]
	[158,1]
	[37039,1]
	[192,2]
	[169,38]
	[162,1]
	[36910,1]
	[161,21]
	[163,20]
	[165,2]
	[164,22]
	[37089,2]
	[37135,1]
	[37233,1]
	[167,25]
	[37682,1]
	[171,2]
	[37958,1]
	[38404,1]
	[38485,1]
	[174,1]
	[175,1]
	[38885,1]
	[308,8]
	[39206,1]
	[39240,1]
	[176,14]
	[39945,1]
	[40022,1]
	[178,11]
	[40364,1]
	[40411,1]
	[40524,1]
	[182,25]
	[40767,1]
	[41106,1]
	[41424,1]
	[184,18]
	[41586,1]
	[187,3]
	[41938,1]
	[188,18]
	[42647,1]
	[42759,1]
	[190,1]
	[193,1]
	[43415,2]
	[43414,1]
	[195,38]
	[381,8]
	[43548,1]
	[197,2]
	[43931,1]
	[44314,1]
	[199,58]
	[200,2]
	[201,1]
	[45021,1]
	[45214,1]
	[202,57]
	[203,1]
	[45602,1]
	[204,1]
	[45697,1]
	[205,50]
	[45939,1]
	[207,3]
	[46134,1]
	[46180,1]
	[46372,1]
	[46564,1]
	[46568,1]
	[208,59]
	[46614,2]
	[46615,1]
	[211,46]
	[209,4]
	[47016,1]
	[47419,1]
	[47418,1]
	[212,7]
	[47513,1]
	[213,2]
	[47755,1]
	[47803,1]
	[47850,1]
	[47851,1]
	[47897,1]
	[47948,1]
	[215,11]
	[48014,1]
	[214,55]
	[48095,1]
	[48287,1]
	[48383,1]
	[217,55]
	[218,8]
	[48768,1]
	[219,4]
	[48992,1]
	[49038,1]
	[49232,1]
	[49296,2]
	[49295,2]
	[220,58]
	[49347,1]
	[221,4]
	[222,1]
	[49523,1]
	[49827,1]
	[236,8]
	[223,48]
	[50262,1]
	[50406,1]
	[224,4]
	[50469,1]
	[50470,1]
	[225,6]
	[255,20]
	[254,35]
	[52172,1]
	[52173,1]
	[227,31]
	[228,4]
	[52380,1]
	[52382,1]
	[52429,1]
	[230,5]
	[229,46]
	[52588,1]
	[243,19]
	[258,31]
	[53768,1]
	[53857,1]
	[231,4]
	[210,1]
	[54049,1]
	[261,23]
	[260,52]
	[54865,1]
	[54959,1]
	[249,28]
	[54351,1]
	[54321,1]
	[54337,1]
	[235,42]
	[233,28]
	[54608,1]
	[54609,1]
	[54945,1]
	[264,34]
	[55610,1]
	[239,30]
	[234,5]
	[55250,1]
	[55316,1]
	[267,21]
	[55860,1]
	[266,52]
	[259,16]
	[55654,1]
	[55685,1]
	[237,3]
	[272,30]
	[271,20]
	[2,4]
	[56327,1]
	[270,31]
	[269,37]
	[268,10]
	[56475,1]
	[241,42]
	[56024,1]
	[240,10]
	[273,28]
	[55529,1]
	[55467,1]
	[55498,1]
	[246,21]
	[245,42]
	[247,13]
	[54925,1]
	[54991,1]
	[238,2]
	[55245,1]
	[244,1]
	[55343,1]
	[248,58]
	[55501,1]
	[55696,1]
	[55763,1]
	[250,13]
	[55923,1]
	[56259,1]
	[252,10]
	[251,65]
	[253,17]
	[56713,1]
	[56775,1]
	[56824,1]
	[57050,1]
	[256,14]
	[57130,1]
	[57356,1]
	[57451,1]
	[257,41]
	[57628,1]
	[57758,1]
	[57918,1]
	[58044,1]
	[58220,1]
	[58268,1]
	[58348,1]
	[58429,1]
	[58401,1]
	[262,20]
	[58591,1]
	[58701,1]
	[58782,1]
	[59101,1]
	[59073,1]
	[263,30]
	[59232,1]
	[265,17]
	[59555,1]
	[59651,1]
	[59763,1]
	[59846,1]
	[60133,1]
	[60310,1]
	[60391,1]
	[60841,1]
	[60876,1]
	[276,35]
	[274,15]
	[61359,1]
	[61437,1]
	[61838,1]
	[278,50]
	[277,22]
	[62020,1]
	[62096,1]
	[62256,1]
	[279,25]
	[62351,1]
	[62530,1]
	[62708,1]
	[280,20]
	[62835,1]
	[62929,1]
	[62932,1]
	[63123,2]
	[284,53]
	[283,26]
	[282,28]
	[63416,1]
	[63637,1]
	[64010,1]
	[64086,1]
	[285,17]
	[64122,1]
	[288,38]
	[286,28]
	[64185,1]
	[64200,1]
	[64265,1]
	[287,1]
	[64393,1]
	[64409,1]
	[290,58]
	[289,24]
	[64782,1]
	[65116,1]
	[65388,1]
	[292,28]
	[294,37]
	[65535,1]
	[291,16]
	[65664,1]
	[65713,1]
	[65760,1]
	[65776,1]
	[65823,1]
	[65888,1]
	[65922,1]
	[296,30]
	[66048,1]
	[298,25]
	[66177,1]
	[66211,1]
	[295,10]
	[297,25]
	[66821,1]
	[299,25]
	[67130,1]
	[300,29]
	[67302,1]
	[67319,1]
	[67484,1]
	[303,19]
	[302,24]
	[301,19]
	[67741,1]
	[67897,1]
	[67993,1]
	[317,23]
	[331,44]
	[307,25]
	[305,21]
	[68955,1]
	[304,17]
	[69148,1]
	[69292,1]
	[306,21]
	[335,37]
	[70029,1]
	[336,17]
	[334,55]
	[70835,1]
	[70928,1]
	[309,22]
	[71200,1]
	[325,45]
	[323,23]
	[71553,1]
	[337,79]
	[72083,1]
	[340,59]
	[72158,1]
	[72163,1]
	[339,52]
	[72211,1]
	[329,52]
	[72647,1]
	[311,17]
	[72708,1]
	[310,12]
	[72918,1]
	[341,44]
	[343,77]
	[73847,1]
	[342,9]
	[319,5]
	[73317,1]
	[313,11]
	[312,30]
	[315,22]
	[73447,1]
	[73498,1]
	[74298,1]
	[346,82]
	[74386,1]
	[344,35]
	[74474,1]
	[74054,2]
	[314,11]
	[74012,1]
	[316,19]
	[74077,1]
	[350,43]
	[348,39]
	[349,43]
	[75014,1]
	[75067,1]
	[74585,1]
	[74749,1]
	[351,6]
	[74797,1]
	[74894,1]
	[74911,1]
	[74944,1]
	[320,21]
	[318,28]
	[74362,1]
	[321,28]
	[74541,1]
	[322,26]
	[74669,1]
	[354,17]
	[74320,1]
	[353,28]
	[352,73]
	[73744,1]
	[73761,1]
	[73843,1]
	[73905,1]
	[73939,1]
	[324,4]
	[74031,1]
	[74020,1]
	[74114,1]
	[73703,1]
	[73337,1]
	[328,16]
	[73219,1]
	[73252,1]
	[327,69]
	[73384,1]
	[73543,1]
	[326,5]
	[73810,1]
	[73831,1]
	[73908,1]
	[73910,1]
	[73898,1]
	[73961,1]
	[332,24]
	[74056,1]
	[330,4]
	[74380,1]
	[333,50]
	[74539,1]
	[74556,1]
	[74793,1]
	[75161,1]
	[75234,1]
	[75294,1]
	[75534,1]
	[75613,1]
	[75664,1]
	[76000,1]
	[76001,1]
	[76130,1]
	[338,24]
	[76324,1]
	[76432,1]
	[76594,1]
	[76610,1]
	[76628,2]
	[76695,2]
	[76696,2]
	[76727,1]
	[76819,1]
	[76791,1]
	[77001,1]
	[77076,1]
	[77063,1]
	[77064,1]
	[347,35]
	[77287,1]
	[77352,1]
	[77448,1]
	[345,24]
	[77513,1]
	[77703,1]
	[77863,1]
	[78042,1]
	[78107,1]
	[78254,1]
	[78554,1]
	[78595,1]
	[78656,1]
	[78690,1]
	[78782,1]
	[78772,1]
	[78881,1]
	[79118,1]
	[79182,1]
	[79217,1]
	[79473,1]
	[355,60]
	[79679,1]
	[79760,1]
	[356,24]
	[79936,1]
	[79971,1]
	[80054,1]
	[359,23]
	[80243,2]
	[80242,1]
	[358,60]
	[80324,1]
	[357,19]
	[80484,1]
	[80709,1]
	[362,30]
	[80805,1]
	[361,49]
	[80886,2]
	[81017,1]
	[360,26]
	[81097,1]
	[81243,1]
	[81242,1]
	[81244,1]
	[363,17]
	[81405,1]
	[81404,1]
	[81486,1]
	[364,50]
	[81566,1]
	[81565,1]
	[365,48]
	[81756,1]
	[81851,1]
	[81962,1]
	[81982,1]
	[82057,1]
	[82030,1]
	[82031,1]
	[368,27]
	[82123,1]
	[366,12]
	[367,63]
	[82492,1]
	[82682,1]
	[82669,1]
	[370,57]
	[82800,1]
	[82817,2]
	[371,27]
	[83007,1]
	[83042,1]
	[83135,1]
	[369,14]
	[83265,1]
	[83266,1]
	[372,21]
	[374,69]
	[373,4]
	[83841,1]
	[83988,1]
	[84084,1]
	[84149,1]
	[377,41]
	[84199,1]
	[84198,1]
	[375,15]
	[84278,1]
	[376,45]
	[84536,1]
	[378,32]
	[84665,1]
	[84916,1]
	[84949,1]
	[84952,1]
	[380,55]
	[85080,1]
	[85083,1]
	[379,21]
	[85195,1]
	[85194,1]
	[85368,1]
	[85466,1]
	[85470,1]
	[384,46]
	[382,15]
	[85759,2]
	[85867,1]
	[86009,1]
	[86059,1]
	[383,16]
	[86123,1]
	[86203,1]
	[396,30]
	[86593,1]
	[86600,2]
	[412,54]
	[414,73]
	[385,4]
	[387,2]
	[386,28]
	[87792,1]
	[87884,1]
	[413,36]
	[417,104]
	[88795,1]
	[88792,1]
	[416,48]
	[88835,1]
	[88814,1]
	[390,14]
	[89390,1]
	[89519,1]
	[388,54]
	[89711,1]
	[403,24]
	[90078,1]
	[90110,1]
	[421,95]
	[401,17]
	[90726,1]
	[90837,1]
	[90958,1]
	[91397,1]
	[392,39]
	[91462,1]
	[393,13]
	[419,54]
	[423,34]
	[92441,1]
	[420,58]
	[92498,1]
	[92056,1]
	[395,17]
	[410,37]
	[92545,1]
	[427,76]
	[93185,1]
	[93191,1]
	[428,39]
	[93314,1]
	[93351,1]
	[93478,1]
	[92915,1]
	[93012,1]
	[394,9]
	[93579,1]
	[430,98]
	[93976,1]
	[429,68]
	[94099,1]
	[94124,1]
	[400,49]
	[93863,1]
	[93857,1]
	[93625,1]
	[434,46]
	[93585,1]
	[93692,1]
	[93679,1]
	[93132,1]
	[402,33]
	[93291,1]
	[399,8]
	[404,36]
	[433,36]
	[92976,1]
	[92962,1]
	[437,29]
	[406,33]
	[92546,1]
	[405,52]
	[408,49]
	[407,7]
	[91922,1]
	[91911,1]
	[409,48]
	[92119,1]
	[92231,1]
	[92102,1]
	[92100,1]
	[411,68]
	[92181,1]
	[92279,1]
	[92358,1]
	[92344,1]
	[397,2]
	[92440,1]
	[92549,1]
	[92628,1]
	[415,35]
	[92906,1]
	[93019,1]
	[93245,1]
	[93336,2]
	[93417,1]
	[93416,1]
	[93358,1]
	[93450,1]
	[93423,1]
	[418,32]
	[93531,1]
	[94147,1]
	[94144,1]
	[94223,1]
	[94305,1]
	[94415,1]
	[94414,1]
	[422,37]
	[94510,2]
	[94702,1]
	[94719,1]
	[94784,1]
	[94785,1]
	[424,58]
	[94864,2]
	[94885,1]
	[425,29]
	[94977,1]
	[94976,1]
	[95123,1]
	[95199,1]
	[95465,1]
	[95604,1]
	[95845,1]
	[95989,1]
	[96039,1]
	[426,57]
	[96311,1]
	[96444,1]
	[431,27]
	[96551,1]
	[96507,1]
	[96508,1]
	[96599,1]
	[96679,1]
	[96728,1]
	[96745,1]
	[398,1]
	[96779,1]
	[432,79]
	[97086,1]
	[97214,2]
	[97310,1]
	[435,31]
	[97450,2]
	[436,65]
	[97595,1]
	[97599,3]
	[97600,1]
	[97721,1]
	[97722,1]
	[97821,1]
	[97952,1]
	[98001,1]
	[98051,1]
	[98082,1]
	[98173,1]
	[98100,1]
	[98102,1]
	[439,43]
	[440,31]
	[98353,1]
	[98341,1]
	[441,47]
	[98608,1]
	[98738,1]
	[98737,1]
	[98849,1]
	[98848,1]
	[98916,1]
	[438,40]
	[99045,1]
	[442,59]
	[99220,1]
	[99331,1]
	[99303,1]
	[443,43]
	[99412,1]
	[99400,1]
	[99463,1]
	[99544,1]
	[447,61]
	[99654,1]
	[99687,1]
	[99692,1]
	[446,21]
	[99770,1]
	[99834,1]
	[445,56]
	[99881,1]
	[99958,1]
	[444,12]
	[99994,1]
	[100104,1]
	[100219,1]
	[100358,1]
	[100348,1]
	[100347,1]
	[450,40]
	[100509,1]
	[449,37]
	[100601,1]
	[100603,1]
	[100714,1]
	[100841,1]
	[100846,1]
	[100970,1]
	[448,47]
	[101070,1]
	[101202,1]
	[452,37]
	[453,51]
	[101491,1]
	[101597,2]
	[101619,1]
	[101774,1]
	[456,30]
	[451,33]
	[454,50]
	[455,48]
	[102084,1]
	[102192,1]
	[102262,1]
	[102463,1]
	[459,40]
	[102739,1]
	[458,31]
	[102790,1]
	[102838,1]
	[457,71]
	[103028,1]
	[103139,1]
	[460,36]
	[103156,1]
	[462,49]
	[103253,1]
	[463,41]
	[103337,1]
	[103339,2]
	[103449,1]
	[461,19]
	[103623,1]
	[103811,1]
	[490,33]
	[104267,1]
	[104330,1]
	[104425,1]
	[104426,1]
	[104428,1]
	[104429,1]
	[464,11]
	[104522,1]
	[104495,2]
	[104496,1]
	[465,48]
	[475,23]
	[495,63]
	[105673,1]
	[491,84]
	[106204,1]
	[106209,1]
	[468,6]
	[106317,1]
	[467,13]
	[466,37]
	[106462,1]
	[106540,1]
	[106542,1]
	[106667,1]
	[107150,1]
	[497,96]
	[494,47]
	[499,94]
	[488,53]
	[107611,1]
	[498,44]
	[472,14]
	[471,35]
	[108224,1]
	[108431,1]
	[481,54]
	[108699,1]
	[501,47]
	[109264,1]
	[500,133]
	[109344,1]
	[109391,2]
	[109502,1]
	[482,16]
	[110036,1]
	[110038,1]
	[470,12]
	[110118,1]
	[473,24]
	[504,66]
	[111088,2]
	[505,57]
	[111259,1]
	[111298,1]
	[111300,2]
	[477,16]
	[111286,1]
	[489,47]
	[508,32]
	[506,127]
	[112264,1]
	[507,68]
	[112392,1]
	[112362,1]
	[112376,1]
	[112477,1]
	[509,83]
	[480,28]
	[474,2]
	[478,24]
	[112134,2]
	[112107,1]
	[510,81]
	[511,66]
	[112503,1]
	[112587,1]
	[112617,1]
	[112695,1]
	[112014,1]
	[112046,1]
	[111605,1]
	[514,86]
	[111739,1]
	[111874,1]
	[111887,1]
	[515,84]
	[483,10]
	[479,14]
	[484,4]
	[111744,1]
	[111742,1]
	[111834,1]
	[111339,1]
	[111344,1]
	[516,44]
	[111410,1]
	[111469,1]
	[111470,1]
	[486,54]
	[485,41]
	[110863,1]
	[110820,1]
	[110817,1]
	[110990,1]
	[110980,1]
	[111054,1]
	[111057,1]
	[487,58]
	[110196,1]
	[110593,1]
	[110583,2]
	[492,65]
	[110725,1]
	[110726,1]
	[110727,1]
	[110339,1]
	[110114,3]
	[110115,1]
	[110183,1]
	[110186,1]
	[110341,1]
	[110389,1]
	[110424,1]
	[110455,1]
	[110489,1]
	[110554,1]
	[110614,1]
	[493,8]
	[110744,1]
	[110748,1]
	[110749,1]
	[496,50]
	[110888,1]
	[111016,1]
	[111020,1]
	[111272,1]
	[111400,1]
	[111452,1]
	[111580,1]
	[111835,1]
	[112026,1]
	[111999,1]
	[503,70]
	[502,57]
	[112239,1]
	[112238,1]
	[112355,1]
	[112431,1]
	[112465,1]
	[112513,1]
	[112578,1]
	[112595,2]
	[112669,1]
	[112765,1]
	[112756,1]
	[112755,1]
	[112806,1]
	[112869,1]
	[112992,1]
	[112965,1]
	[112966,1]
	[113189,1]
	[113282,1]
	[113280,1]
	[113364,1]
	[113426,1]
	[113519,1]
	[113578,1]
	[113658,1]
	[113819,1]
	[113945,1]
	[113946,1]
	[114039,1]
	[114148,1]
	[114166,1]
	[114169,1]
	[114214,2]
	[114715,1]
	[512,89]
	[114894,1]
	[115003,1]
	[115119,1]
	[115214,1]
	[513,21]
	[115359,1]
	[115433,1]
	[115521,1]
	[115600,1]
	[115708,1]
	[115788,1]
	[518,60]
	[517,43]
	[115986,1]
	[116174,1]
	[116241,1]
	[519,25]
	[520,43]
	[116389,1]
	[116464,1]
	[116550,1]
	[116656,1]
	[521,28]
	[116753,1]
	[524,55]
	[116999,1]
	[523,74]
	[117111,1]
	[117223,1]
	[522,46]
	[117269,1]
	[117335,1]
	[117426,1]
	[117430,1]
	[117538,1]
	[117617,1]
	[117533,1]
	[117532,1]
	[527,73]
	[525,56]
	[117669,1]
	[117670,2]
	[117675,1]
	[117803,1]
	[528,54]
	[117941,1]
	[117943,2]
	[118184,1]
	[118236,1]
	[526,22]
	[118374,1]
	[118410,1]
	[118476,1]
	[118523,1]
	[118528,1]
	[118603,1]
	[118558,1]
	[118622,1]
	[529,54]
	[118730,1]
	[118777,2]
	[118778,1]
	[530,78]
	[118858,1]
	[118906,1]
	[118973,2]
	[118971,1]
	[118994,2]
	[533,23]
	[119135,1]
	[532,56]
	[531,18]
	[119280,1]
	[119312,1]
	[119313,1]
	[119424,1]
	[119538,1]
	[119676,1]
	[534,105]
	[119804,1]
	[119793,1]
	[119888,1]
	[119887,1]
	[119845,1]
	[536,68]
	[119967,1]
	[119941,2]
	[119940,1]
	[535,38]
	[120016,1]
	[120179,1]
	[120194,3]
	[120320,2]
	[120319,1]
	[120276,1]
	[537,28]
	[120450,1]
	[120456,1]
	[539,59]
	[120594,1]
	[120569,1]
	[120570,1]
	[540,35]
	[120722,1]
	[121015,1]
	[538,21]
	[121209,1]
	[541,35]
	[121305,1]
	[121382,1]
	[121371,1]
	[121370,1]
	[121451,1]
	[542,16]
	[121558,1]
	[121640,1]
	[121643,1]
	[572,84]
	[567,92]
	[546,19]
	[122766,1]
	[122892,1]
	[122894,2]
	[545,11]
	[543,78]
	[123083,1]
	[123211,1]
	[556,32]
	[123583,1]
	[576,93]
	[575,63]
	[571,32]
	[124721,2]
	[547,11]
	[124828,1]
	[124786,2]
	[549,43]
	[124923,1]
	[124898,1]
	[548,48]
	[125003,1]
	[125007,1]
	[125116,1]
	[579,142]
	[125716,1]
	[125723,1]
	[126028,1]
	[578,56]
	[552,1]
	[126109,1]
	[577,167]
	[126751,1]
	[126836,1]
	[550,36]
	[561,29]
	[127173,1]
	[583,116]
	[127807,1]
	[582,78]
	[127855,1]
	[127876,1]
	[128080,1]
	[128078,1]
	[128095,1]
	[128097,1]
	[581,47]
	[128615,1]
	[554,11]
	[584,124]
	[129285,1]
	[129632,1]
	[129715,1]
	[129719,1]
	[585,76]
	[129798,1]
	[129874,1]
	[580,25]
	[129877,1]
	[586,145]
	[558,74]
	[130132,1]
	[130363,1]
	[589,104]
	[130951,1]
	[130981,1]
	[588,79]
	[131060,1]
	[131066,1]
	[544,2]
	[131159,1]
	[131158,1]
	[131160,1]
	[587,33]
	[131207,1]
	[131255,1]
	[131414,1]
	[131258,1]
	[131242,1]
	[555,11]
	[130853,1]
	[130852,1]
	[553,11]
	[130751,1]
	[557,17]
	[130614,1]
	[130573,1]
	[130602,1]
	[130654,1]
	[591,123]
	[130779,1]
	[130877,1]
	[592,47]
	[130999,1]
	[568,55]
	[130712,1]
	[130385,2]
	[130386,1]
	[130387,1]
	[560,11]
	[130441,1]
	[130488,1]
	[130507,1]
	[130061,1]
	[594,30]
	[593,74]
	[130125,1]
	[130181,1]
	[130365,1]
	[130289,1]
	[563,55]
	[564,60]
	[129825,1]
	[129953,1]
	[129954,1]
	[129520,2]
	[129492,1]
	[129521,1]
	[597,64]
	[129617,1]
	[598,52]
	[551,2]
	[129129,1]
	[129132,2]
	[565,43]
	[129138,1]
	[129203,1]
	[129309,1]
	[129298,1]
	[128966,1]
	[600,38]
	[570,68]
	[128546,3]
	[128545,1]
	[128537,2]
	[569,13]
	[128759,1]
	[128806,1]
	[128803,1]
	[566,24]
	[128881,1]
	[128459,1]
	[128082,1]
	[128056,1]
	[128148,1]
	[128244,1]
	[128339,2]
	[128313,1]
	[574,39]
	[573,77]
	[128532,1]
	[128534,1]
	[128614,1]
	[128613,1]
	[128645,1]
	[128859,1]
	[128985,1]
	[129020,1]
	[129018,1]
	[129019,1]
	[129126,1]
	[129134,1]
	[129272,1]
	[129262,1]
	[129391,1]
	[129543,1]
	[129533,1]
	[129757,1]
	[129819,1]
	[129855,1]
	[129853,1]
	[129995,1]
	[129952,1]
	[130001,1]
	[130000,1]
	[130196,3]
	[130195,1]
	[130468,2]
	[130613,1]
	[130717,1]
	[130753,1]
	[130896,1]
	[130944,1]
	[130949,1]
	[130996,1]
	[131042,1]
	[131031,1]
	[131104,1]
	[131107,1]
	[131184,1]
	[131270,1]
	[131424,1]
	[131477,1]
	[131496,1]
	[131495,1]
	[131497,2]
	[131606,1]
	[131605,1]
	[131642,1]
	[131719,1]
	[131780,1]
	[131925,1]
	[131943,1]
	[132051,1]
	[590,37]
	[132343,1]
	[132284,1]
	[132285,1]
	[132454,1]
	[132583,1]
	[132717,1]
	[132810,1]
	[132816,2]
	[132944,1]
	[133081,1]
	[595,77]
	[133193,1]
	[133184,2]
	[596,62]
	[133340,1]
	[133472,1]
	[133579,1]
	[133631,1]
	[133696,1]
	[133840,1]
	[133984,1]
	[134003,1]
	[134115,1]
	[134237,2]
	[599,88]
	[134381,1]
	[134356,1]
	[134357,1]
	[134493,1]
	[134499,1]
	[602,82]
	[134663,1]
	[603,42]
	[134785,1]
	[134790,1]
	[601,47]
	[134851,2]
	[134947,1]
	[135013,1]
	[135175,1]
	[135258,1]
	[604,78]
	[135338,1]
	[135337,1]
	[605,60]
	[135460,1]
	[135433,1]
	[606,49]
	[135571,1]
	[135547,1]
	[135653,1]
	[135831,2]
	[135830,1]
	[135892,1]
	[135895,1]
	[135914,1]
	[135947,1]
	[135946,2]
	[135944,1]
	[136007,2]
	[607,55]
	[136230,1]
	[136326,1]
	[136301,1]
	[609,50]
	[608,72]
	[136523,1]
	[136616,1]
	[136615,1]
	[136575,1]
	[612,61]
	[611,68]
	[136814,1]
	[136845,1]
	[136843,1]
	[137104,1]
	[610,62]
	[137306,4]
	[614,72]
	[137421,1]
	[137410,1]
	[615,65]
	[137532,1]
	[137523,1]
	[137633,1]
	[613,25]
	[137744,1]
	[137858,1]
	[137964,1]
	[137999,1]
	[138000,1]
	[138069,1]
	[616,37]
	[138192,1]
	[617,51]
	[138278,1]
	[138385,1]
	[618,26]
	[138563,1]
	[138612,1]
	[138627,1]
	[138628,1]
	[620,20]
	[619,23]
	[138710,1]
	[138707,1]
	[138755,1]
	[138756,1]
	[138790,1]
	[138868,1]
	[138870,1]
	[139075,1]
	[139033,1]
	[139171,1]
	[635,11]

1636,
	[1692,1]
	[2,168]
	[3190,1]
	[1351,1]
	[2847,1]
	[74,1]
	[134,1]
	[154,1]
	[177,2]
	[31,1]
	[48,1]
	[64,1]
	[67,1]
	[107,1]
	[142,1]

1572,
	[13,1]
	[15,6]
	[18,1]
	[21,1]
	[24,4]
	[28,1]
	[30,5]
	[31,1]
	[36,2]
	[40,2]
	[42,3]
	[8996,1]
	[45,1]
	[11992,1]
	[12998,1]
	[60,1]
	[5,243]
	[67,2]
	[69,1]
	[71,1]
	[73,2]
	[101,2]
	[81,2]
	[82,2]
	[87,2]
	[88,2]
	[103,2]
	[107,1]
	[109,1]
	[110,1]
	[114,2]
	[118,2]
	[122,2]
	[123,1]
	[134,1]
	[140,3]
	[141,1]
	[143,2]
	[6,10]
	[150,4]
	[153,1]
	[55,1]
	[159,3]
	[156,1]
	[37071,1]
	[166,2]
	[180,1]
	[181,2]
	[185,1]
	[188,2]
	[187,3]
	[193,1]
	[197,64]
	[195,53]
	[199,25]
	[196,23]
	[9,5]
	[20,2]
	[23,1]
	[27,5]
	[49815,1]
	[254,1]
	[34,2]
	[37,1]
	[249,1]
	[44,4]
	[48,3]
	[58,2]
	[62,1]
	[68,2]
	[70,2]
	[83,3]
	[91,2]
	[64866,1]
	[98,2]
	[105,1]
	[198,11]
	[116,2]
	[164,2]
	[319,1]
	[346,1]
	[146,1]
	[125,1]
	[129,1]
	[132,1]
	[144,2]
	[155,2]
	[167,1]
	[170,1]
	[168,1]
	[171,2]
	[184,1]
	[182,1]
	[189,2]
	[417,1]
	[423,1]
	[428,1]
	[172,1]
	[12,2]
	[92984,1]
	[92565,1]
	[17,1]
	[25,1]
	[429,1]
	[41,2]
	[49,2]
	[52,1]
	[64,1]
	[11,1]
	[74,1]
	[50,1]
	[505,1]
	[489,1]
	[145,1]
	[480,1]
	[85,1]
	[139,1]
	[506,1]
	[96,1]
	[102,1]
	[108,1]
	[200,5]
	[117,1]
	[201,1]
	[128,2]
	[131,1]
	[579,1]
	[577,4]
	[54,1]
	[100,1]
	[561,1]
	[583,1]
	[80,2]
	[161,1]
	[163,1]
	[86,1]
	[162,1]
	[104,1]
	[173,1]
	[179,1]
	[178,1]
	[183,1]
	[595,1]
	[134555,1]

len(carl_order):
25
Printing carl assignment order:
1580,3,0.4995925241768988
1636,2,0.45901639344262296
1628,3,0.45454545454545453
1572,5,0.07523219814241486
1576,5,0.03439391987633647
1572,6,0.02481389578163772
1632,6,0.011904761904761904
1572,201,0.006492579908675799
1636,177,0.0059363194819212085
1576,7,0.004270186335403727
1576,13,0.004069309530060384
1576,49,0.003798424007927146
1632,550,0.003084954912197437
1576,621,0.00277598681854001
1572,595,0.002222963209958875
1612,620,0.0021922300285881313
1608,622,0.0021855463331347867
1608,637,0.0006814310051107325
1612,635,0.0006376811594202899
1636,3190,0.00047778308647873863
1572,12998,2.8137573978371585e-05
1572,134555,1.5233530015131974e-05
1580,137837,1.3124105920284181e-05
1612,139171,1.078124293930342e-05
1608,139147,1.0576484869755867e-05
bin_width: 3007196
assigning lease 3 to address 1580
Average Cache Occupancy Per Bin: [0.60,0.63,0.62,0.63,0.63]
Total cost: 1826048.0
assigning lease 2 to address 1636
Average Cache Occupancy Per Bin: [0.61,0.64,0.62,0.64,0.63]
Total cost: 1860864.0
assigning lease 3 to address 1628
Average Cache Occupancy Per Bin: [0.61,0.64,0.62,0.64,0.63]
Total cost: 1863680.0
assigning lease 5 to address 1572
Average Cache Occupancy Per Bin: [0.69,0.69,0.69,0.68,0.67]
Total cost: 2081280.0
assigning lease 5 to address 1576
Average Cache Occupancy Per Bin: [0.82,0.82,0.83,0.81,0.79]
Total cost: 2485760.0
assigning lease 6 to address 1572
Average Cache Occupancy Per Bin: [0.83,0.83,0.84,0.82,0.80]
Total cost: 2515200.0
assigning lease 6 to address 1632
Average Cache Occupancy Per Bin: [0.83,0.83,0.84,0.82,0.80]
Total cost: 2524416.0
assigning lease 201 to address 1572
Average Cache Occupancy Per Bin: [1.89,1.77,1.77,1.79,1.67]
Total cost: 5686016.0
assigning lease 177 to address 1636
Average Cache Occupancy Per Bin: [1.95,1.83,1.79,1.80,1.67]
Total cost: 5883648.0
assigning lease 7 to address 1576
Average Cache Occupancy Per Bin: [1.99,1.87,1.84,1.85,1.71]
Total cost: 6011648.0
assigning lease 13 to address 1576
Average Cache Occupancy Per Bin: [2.12,2.00,1.97,1.99,1.83]
Total cost: 6394112.0
assigning lease 49 to address 1576
Average Cache Occupancy Per Bin: [2.86,2.75,2.68,2.75,2.47]
Total cost: 8613632.0
assigning lease 550 to address 1632
Average Cache Occupancy Per Bin: [2.92,2.84,2.72,2.89,2.52]
Total cost: 8798976.0
assigning lease 621 to address 1576
Average Cache Occupancy Per Bin: [5.85,8.39,9.91,11.9,11.0]
Total cost: 17601792.0
assigning lease 595 to address 1572
Average Cache Occupancy Per Bin: [6.02,8.46,10.1,12.2,11.1]
Total cost: 18131968.0
assigning lease 620 to address 1612
Average Cache Occupancy Per Bin: [73.1,122.,156.,182.,203.]
Total cost: 220035584.0
assigning lease 622 to address 1608
Average Cache Occupancy Per Bin: [141.,236.,300.,349.,394.]
Total cost: 425242112.0
assigning lease 637 to address 1608
Average Cache Occupancy Per Bin: [141.,237.,301.,349.,394.]
Total cost: 426025472.0
assigning lease 635 to address 1612
Average Cache Occupancy Per Bin: [141.,237.,301.,349.,394.]
Total cost: 426897152.0
assigning lease 3190 to address 1636
Average Cache Occupancy Per Bin: [142.,237.,301.,349.,394.]
Total cost: 429040384.0
assigning lease 12998 to address 1572
Average Cache Occupancy Per Bin: [147.,238.,303.,349.,395.]
Total cost: 443634176.0
assigning lease 134555 to address 1572
Average Cache Occupancy Per Bin: [152.,242.,317.,349.,406.]
Total cost: 459222016.0
assigning lease 137837 to address 1580
Average Cache Occupancy Per Bin: [166.,255.,317.,349.,417.]
Total cost: 501794304.0
addr: 1612 ri: 139171
bin target: 1539684352
	bin: 0.0 current capacity: 166.86451564846456  avg impact: 781.524210593523
	bin: 1.0 current capacity: 255.9495184218122  avg impact: 1541.2348460160229
	bin: 2.0 current capacity: 317.01120113221754  avg impact: 1822.6003492954899
	bin: 3.0 current capacity: 349.9178690048803  avg impact: 2264.1026976625403
	bin: 4.0 current capacity: 417.78877598932695  avg impact: 2584.128662049298
num_full_bins: 0
printing bin ranks sorted:
	bin: 4.0 rank: 0.03645763672462056
	selecting this^ bin
	bin: 3.0 rank: 0.07158779995379773
	bin: 2.0 rank: 0.10698384807352511
	bin: 1.0 rank: 0.1661333327883542
	bin: 0.0 rank: 0.4416184165163927
acceptable_ratio: 0.03645763672462056
Assigning 1612 dual lease lease 139171 * 0.03645763672462056. Bin saturation: [195.,312.,383.,432.,512.]
addr: 1608 ri: 139147
bin target: 1539684352
	bin: 0.0 current capacity: 195.35704140977904  avg impact: 725.8087228102193
	bin: 1.0 current capacity: 312.13929854519085  avg impact: 1589.8337082119024
	bin: 2.0 current capacity: 383.45890256099904  avg impact: 1889.687983091225
	bin: 3.0 current capacity: 432.46170266349463  avg impact: 2392.8300410083016
	bin: 4.0 current capacity: 512.0  avg impact: 2754.668798442137
num_full_bins: 1
printing bin ranks sorted:
	bin: 4.0 rank: 0.0
	bin: 3.0 rank: 0.03324026193811457
	bin: 2.0 rank: 0.06802239236803974
	bin: 1.0 rank: 0.12571170206196844
	bin: 0.0 rank: 0.436262266681266
acceptable_ratio: 0
Final saturation:
	0.0,587476913.4993219
	1.0,938664050.0279038
	2.0,1153136077.945826
	3.0,1300497102.4028504
	4.0,1539684352.0
DUMP LEASES
0, 660, 226, 0, 1 
0, 65c, 3, 0, 1 
0, 628, 26d, 0, 1 
0, 648, 27d, 0, 1 
0, 62c, 21a6d, 0, 1 
0, 64c, 27b, 21fa3, 0.9635423632753795 
0, 664, c76, 0, 1 
0, 624, 20d9b, 0, 1 
Dump dual leases

