sample rate: 0.00390625
1556,
	[2,49]
	[49,10]
	[3,56]
	[5,62]
	[9,32]
	[18,18]
	[10,16]
	[8,20]
	[29,23]
	[205,2]
	[28,24]
	[13,31]
	[11,26]
	[15,31]
	[26,16]
	[25,13]
	[20,20]
	[4,668]
	[31,22]
	[17,26]
	[432,1]
	[19,24]
	[43,13]
	[62,6]
	[35,92]
	[14,24]
	[63,13]
	[30,18]
	[40,13]
	[32,21]
	[36,67]
	[42,18]
	[52,29]
	[24,19]
	[27,23]
	[47,10]
	[54,37]
	[7,22]
	[16,13]
	[90,4]
	[663,1]
	[59,5]
	[95,10]
	[80,8]
	[51,11]
	[34,51]
	[44,15]
	[55,46]
	[82,7]
	[712,1]
	[118,7]
	[38,30]
	[123,6]
	[94,9]
	[131,3]
	[101,6]
	[69,6]
	[93,5]
	[33,34]
	[105,7]
	[41,17]
	[71,6]
	[81,8]
	[6,14]
	[143,4]
	[22,21]
	[124,5]
	[37,35]
	[134,8]
	[46,6]
	[56,35]
	[48,10]
	[23,21]
	[65,9]
	[60,12]
	[115,3]
	[116,7]
	[136,6]
	[110,6]
	[154,4]
	[163,8]
	[67,13]
	[64,4]
	[117,7]
	[50,7]
	[107,6]
	[145,6]
	[12,22]
	[45,12]
	[196,1]
	[138,8]
	[79,5]
	[104,2]
	[141,9]
	[173,1]
	[53,26]
	[87,8]
	[177,1]
	[113,2]
	[209,1]
	[125,6]
	[92,4]
	[61,3]
	[85,3]
	[96,3]
	[39,18]
	[86,5]
	[100,5]
	[139,10]
	[114,8]
	[142,5]
	[165,2]
	[140,3]
	[83,9]
	[58,13]
	[57,34]
	[109,3]
	[78,8]
	[169,2]
	[21,20]
	[68,8]
	[102,1]
	[133,2]
	[178,1]
	[129,3]
	[121,3]
	[98,4]
	[99,6]
	[159,17]
	[77,5]
	[97,8]
	[103,9]
	[89,5]
	[120,3]
	[170,1]
	[149,4]
	[160,13]
	[194,3]
	[112,8]
	[91,12]
	[73,5]
	[76,3]
	[166,1]
	[161,8]
	[119,5]
	[66,6]
	[157,7]
	[128,2]
	[126,5]
	[150,2]
	[158,22]
	[188,2]
	[168,1]
	[127,5]
	[227,2]
	[130,3]
	[88,6]
	[199,1]
	[228,2]
	[156,4]
	[146,3]
	[185,1]
	[74,3]
	[151,2]
	[186,1]
	[174,1]
	[75,5]
	[84,4]
	[176,1]
	[152,5]
	[187,1]
	[137,6]
	[222,2]
	[144,1]
	[192,1]
	[204,4]
	[225,1]
	[162,7]
	[135,5]
	[70,2]
	[108,2]
	[282,1]
	[241,2]
	[224,1]
	[122,1]
	[201,2]
	[211,2]
	[191,2]
	[206,1]
	[210,1]
	[153,2]
	[148,2]
	[132,6]
	[234,1]
	[111,4]
	[184,1]
	[190,1]
	[207,2]
	[216,1]
	[253,1]
	[167,1]
	[155,2]
	[200,2]
	[197,1]
	[72,3]
	[164,1]
	[106,1]
	[203,1]

1532,
	[3,16]
	[1083,1]
	[1,8]
	[428,22]
	[980,1]
	[1111,1]
	[537,11]
	[569,53]
	[1112,1]
	[4,4]
	[12,2]
	[7,3]
	[8,3]
	[6,1]
	[2154,1]
	[11,1]
	[21,11]
	[25,2]
	[2952,1]
	[17,1]
	[15,2]
	[2766,1]
	[3210,1]
	[3367,1]
	[3479,1]
	[20,4]
	[23,6]
	[19,4]
	[22,3]
	[4058,1]
	[18,1]
	[4326,1]
	[4374,1]
	[36,3]
	[27,6]
	[24,3]
	[32,2]
	[5631,1]
	[28,1]
	[58,6]
	[30,5]
	[6109,1]
	[39,3]
	[5692,1]
	[2,243]
	[31,1]
	[29,2]
	[6194,1]
	[35,2]
	[26,1]
	[34,4]
	[9,2]
	[68,14]
	[43,5]
	[45,3]
	[44,6]
	[37,3]
	[83,15]
	[73,2]
	[79,8]
	[8154,1]
	[47,4]
	[40,8]
	[8301,1]
	[8544,1]
	[89,6]
	[163,26]
	[84,17]
	[85,6]
	[48,4]
	[56,9]
	[91,11]
	[51,2]
	[101,12]
	[41,3]
	[46,1]
	[9803,1]
	[50,2]
	[99,16]
	[86,18]
	[93,14]
	[57,2]
	[60,6]
	[49,2]
	[92,15]
	[61,2]
	[62,9]
	[64,9]
	[105,16]
	[65,3]
	[53,3]
	[52,2]
	[11834,1]
	[12933,1]
	[54,7]
	[55,6]
	[100,18]
	[109,21]
	[13505,1]
	[13515,1]
	[71,6]
	[123,22]
	[13055,1]
	[59,5]
	[69,10]
	[114,15]
	[103,20]
	[67,12]
	[13508,1]
	[63,5]
	[12873,1]
	[72,10]
	[74,14]
	[132,17]
	[13598,1]
	[77,7]
	[66,6]
	[75,7]
	[137,15]
	[13995,1]
	[78,18]
	[70,5]
	[80,15]
	[82,17]
	[140,26]
	[13153,1]
	[150,15]
	[76,16]
	[14222,1]
	[87,11]
	[14319,1]
	[14551,1]
	[14575,1]
	[88,12]
	[81,4]
	[169,27]
	[14967,1]
	[97,15]
	[15569,1]
	[90,16]
	[96,17]
	[95,8]
	[98,18]
	[15784,1]
	[15755,1]
	[174,13]
	[16053,1]
	[16125,1]
	[16221,1]
	[178,9]
	[173,16]
	[16214,1]
	[16611,1]
	[16645,1]
	[183,10]
	[184,12]
	[102,15]
	[16769,1]
	[94,12]
	[17424,1]
	[104,12]
	[42,3]
	[110,15]
	[17626,1]
	[18014,1]
	[17805,1]
	[17953,1]
	[198,16]
	[111,17]
	[18551,1]
	[106,15]
	[115,11]
	[107,7]
	[207,31]
	[112,10]
	[108,10]
	[19013,1]
	[203,35]
	[19627,1]
	[212,29]
	[211,42]
	[113,16]
	[125,16]
	[127,13]
	[19679,1]
	[220,32]
	[118,8]
	[122,16]
	[154,21]
	[158,19]
	[153,31]
	[133,22]
	[256,55]
	[128,17]
	[119,13]
	[22079,1]
	[22152,1]
	[116,12]
	[151,14]
	[160,17]
	[166,26]
	[161,30]
	[156,15]
	[144,25]
	[152,28]
	[146,23]
	[155,21]
	[22963,1]
	[23441,1]
	[121,16]
	[167,36]
	[164,18]
	[313,15]
	[157,39]
	[145,14]
	[138,26]
	[23281,1]
	[23318,1]
	[24001,1]
	[24011,1]
	[162,21]
	[143,15]
	[136,17]
	[139,20]
	[124,7]
	[234,24]
	[159,30]
	[25301,1]
	[117,6]
	[25288,1]
	[24748,1]
	[149,11]
	[25330,1]
	[25718,1]
	[26657,1]
	[26680,1]
	[24982,1]
	[168,20]
	[171,24]
	[148,24]
	[120,9]
	[26245,1]
	[25156,1]
	[177,19]
	[135,21]
	[25486,1]
	[130,24]
	[24178,1]
	[23885,1]
	[24375,1]
	[331,99]
	[165,27]
	[126,14]
	[250,15]
	[25225,1]
	[24063,1]
	[23741,1]
	[170,12]
	[23841,1]
	[24255,1]
	[175,19]
	[25726,1]
	[131,10]
	[134,16]
	[25795,1]
	[248,5]
	[339,85]
	[24457,1]
	[129,9]
	[24160,1]
	[23905,1]
	[24137,1]
	[142,22]
	[271,14]
	[24229,1]
	[24268,1]
	[24291,1]
	[147,13]
	[141,14]
	[24737,1]
	[25553,1]
	[281,28]
	[24890,1]
	[24957,1]
	[25191,1]
	[280,64]
	[25371,1]
	[25470,1]
	[25534,1]
	[25641,1]
	[276,76]
	[26359,1]
	[25725,1]
	[25856,1]
	[25892,1]
	[25981,1]
	[26713,1]
	[286,60]
	[26178,1]
	[26224,1]
	[26343,1]
	[26479,1]
	[26464,1]
	[26610,1]
	[26731,1]
	[26765,1]
	[296,24]
	[26781,1]
	[27730,1]
	[27090,1]
	[27482,1]
	[27523,1]
	[27494,1]
	[27894,1]
	[28516,1]
	[28563,1]
	[28865,1]
	[28887,1]
	[28914,1]
	[28981,1]
	[29865,1]
	[29885,1]
	[29380,1]
	[30182,1]
	[172,8]
	[30573,1]
	[29774,1]
	[30093,1]
	[31016,1]
	[30395,1]
	[31244,1]
	[30416,1]
	[30440,1]
	[30503,1]
	[30692,1]
	[30689,1]
	[176,15]
	[30901,1]
	[30911,1]
	[31112,1]
	[215,17]
	[31389,1]
	[213,34]
	[217,24]
	[214,32]
	[216,31]
	[32900,1]
	[350,59]
	[32976,1]
	[33207,1]
	[33206,1]
	[222,46]
	[221,49]
	[225,32]
	[33843,1]
	[223,39]
	[33853,1]
	[219,31]
	[228,46]
	[218,29]
	[180,12]
	[35512,1]
	[35677,1]
	[181,16]
	[182,4]
	[179,7]
	[188,11]
	[34444,1]
	[226,43]
	[33832,1]
	[224,59]
	[37332,1]
	[185,5]
	[427,81]
	[227,40]
	[230,36]
	[191,11]
	[190,17]
	[187,3]
	[38100,1]
	[194,18]
	[229,64]
	[36740,1]
	[231,54]
	[38212,1]
	[38211,2]
	[186,9]
	[192,25]
	[233,55]
	[232,35]
	[196,29]
	[193,14]
	[38868,1]
	[39186,1]
	[39571,1]
	[189,7]
	[39411,1]
	[236,25]
	[235,34]
	[237,49]
	[195,13]
	[40631,1]
	[39868,1]
	[239,29]
	[40433,1]
	[38194,2]
	[238,16]
	[39164,1]
	[39505,1]
	[40258,1]
	[205,42]
	[204,28]
	[206,30]
	[201,40]
	[197,25]
	[39263,1]
	[39040,1]
	[36960,1]
	[240,10]
	[242,9]
	[241,16]
	[37899,1]
	[209,27]
	[39395,1]
	[210,26]
	[199,21]
	[39509,1]
	[200,26]
	[244,9]
	[243,16]
	[38389,1]
	[38608,1]
	[38606,1]
	[38560,1]
	[38643,1]
	[202,37]
	[37034,1]
	[245,20]
	[37087,1]
	[37089,1]
	[37202,1]
	[37244,1]
	[36918,1]
	[36916,1]
	[37256,1]
	[37267,1]
	[37427,1]
	[37551,1]
	[208,31]
	[37709,1]
	[37732,1]
	[37739,1]
	[37897,1]
	[37926,1]
	[37955,1]
	[38188,1]
	[38382,1]
	[38399,1]
	[38482,1]
	[38557,1]
	[38673,1]
	[38735,1]
	[38823,1]
	[38965,1]
	[38942,1]
	[38874,1]
	[38884,1]
	[38889,1]
	[39093,1]
	[39281,1]
	[39816,1]
	[39827,1]
	[39927,1]
	[39967,1]
	[40178,1]
	[40160,1]
	[40280,1]
	[40411,1]
	[40545,1]
	[40559,1]
	[40518,1]
	[40640,1]
	[40687,1]
	[40785,1]
	[40922,1]
	[40952,1]
	[41053,1]
	[41236,1]
	[41328,1]
	[41406,1]
	[41588,1]
	[41563,1]
	[41504,1]
	[41550,1]
	[41562,1]
	[41755,1]
	[41761,1]
	[41817,1]
	[42026,1]
	[41994,1]
	[42020,1]
	[42234,1]
	[42216,1]
	[42297,1]
	[255,10]
	[42506,1]
	[42543,1]
	[284,48]
	[279,19]
	[277,20]
	[275,21]
	[43763,1]
	[274,84]
	[257,6]
	[261,19]
	[254,54]
	[253,14]
	[260,83]
	[264,61]
	[44512,1]
	[44746,1]
	[282,91]
	[44419,1]
	[278,82]
	[45986,1]
	[267,18]
	[46906,1]
	[46992,1]
	[46957,1]
	[46954,1]
	[46476,1]
	[283,44]
	[285,28]
	[273,17]
	[270,66]
	[266,66]
	[48259,1]
	[48611,1]
	[48634,1]
	[289,38]
	[287,24]
	[48131,1]
	[47846,1]
	[48535,1]
	[291,43]
	[288,64]
	[50503,1]
	[50511,1]
	[50181,1]
	[50196,1]
	[50290,2]
	[52131,1]
	[295,23]
	[290,85]
	[292,53]
	[51962,1]
	[52459,1]
	[52268,1]
	[52314,1]
	[294,63]
	[52383,1]
	[249,20]
	[50634,1]
	[298,24]
	[297,18]
	[293,28]
	[50798,1]
	[51482,1]
	[251,11]
	[51587,1]
	[247,13]
	[51776,1]
	[49534,1]
	[49538,1]
	[263,9]
	[50936,1]
	[252,37]
	[50972,1]
	[259,10]
	[50998,1]
	[51061,1]
	[258,72]
	[302,12]
	[299,11]
	[300,21]
	[49306,1]
	[50080,1]
	[262,80]
	[50250,1]
	[50287,1]
	[303,5]
	[301,5]
	[304,17]
	[269,21]
	[48726,1]
	[48676,1]
	[48694,1]
	[47643,1]
	[47610,1]
	[47424,1]
	[47532,1]
	[47649,1]
	[47880,1]
	[47887,1]
	[265,12]
	[47886,1]
	[48036,1]
	[48084,1]
	[48087,1]
	[48243,1]
	[48293,1]
	[268,89]
	[48345,1]
	[48440,1]
	[48601,1]
	[48585,1]
	[48613,1]
	[48792,1]
	[48826,1]
	[48856,1]
	[48916,1]
	[49004,1]
	[49033,1]
	[49023,1]
	[272,74]
	[49082,1]
	[49062,1]
	[49303,1]
	[49459,1]
	[49458,2]
	[49454,1]
	[49531,1]
	[49601,1]
	[49629,1]
	[49713,1]
	[49835,1]
	[49806,1]
	[49813,1]
	[49884,1]
	[50054,1]
	[50043,1]
	[50086,1]
	[50132,1]
	[50183,1]
	[50281,1]
	[50260,1]
	[50206,1]
	[50318,1]
	[50374,2]
	[50395,1]
	[50386,1]
	[50863,1]
	[50874,1]
	[50859,1]
	[50887,1]
	[50890,1]
	[50987,1]
	[51091,1]
	[51154,1]
	[51187,2]
	[51199,1]
	[51204,1]
	[51250,1]
	[51360,1]
	[51358,1]
	[51312,1]
	[51309,1]
	[51416,1]
	[51470,1]
	[51655,1]
	[51658,1]
	[51795,1]
	[52019,1]
	[52065,1]
	[52113,1]
	[52278,1]
	[52280,1]
	[52248,1]
	[52515,1]
	[52615,1]
	[52688,1]
	[53125,1]
	[53145,1]
	[53212,1]
	[53350,1]
	[341,126]
	[342,58]
	[336,29]
	[54576,1]
	[335,111]
	[55363,1]
	[55560,1]
	[55615,1]
	[55477,1]
	[307,6]
	[340,44]
	[338,25]
	[55041,1]
	[337,101]
	[344,85]
	[55685,1]
	[346,86]
	[345,106]
	[321,24]
	[5,1]
	[57743,1]
	[57826,1]
	[57899,1]
	[57376,1]
	[328,12]
	[351,40]
	[343,79]
	[333,107]
	[57166,1]
	[57252,1]
	[57904,1]
	[57948,1]
	[348,72]
	[60004,1]
	[59444,1]
	[347,67]
	[59430,1]
	[59522,1]
	[59523,1]
	[59542,1]
	[391,91]
	[352,42]
	[59720,1]
	[353,40]
	[332,26]
	[59789,1]
	[60109,1]
	[61625,1]
	[305,4]
	[309,10]
	[311,17]
	[312,77]
	[61672,1]
	[319,21]
	[61688,1]
	[393,66]
	[359,13]
	[358,3]
	[61927,1]
	[361,7]
	[357,10]
	[349,62]
	[63507,1]
	[63511,1]
	[64063,1]
	[314,87]
	[372,74]
	[64067,1]
	[354,31]
	[390,61]
	[364,19]
	[366,29]
	[64268,1]
	[64351,1]
	[310,55]
	[63704,2]
	[63769,1]
	[63381,1]
	[63387,1]
	[356,16]
	[369,47]
	[63758,1]
	[322,56]
	[306,37]
	[63682,1]
	[316,73]
	[355,20]
	[62876,1]
	[370,47]
	[63150,1]
	[315,15]
	[63155,1]
	[308,40]
	[62588,1]
	[61941,1]
	[61942,1]
	[61639,1]
	[60926,1]
	[318,72]
	[60948,1]
	[60910,1]
	[60874,1]
	[325,52]
	[60913,1]
	[61498,1]
	[360,12]
	[317,10]
	[60078,1]
	[60174,1]
	[60253,1]
	[60255,2]
	[59639,1]
	[320,68]
	[58704,1]
	[58588,1]
	[58876,1]
	[58816,1]
	[58829,1]
	[58183,2]
	[58250,1]
	[58248,1]
	[58277,1]
	[58267,1]
	[58294,1]
	[58385,1]
	[324,18]
	[58476,1]
	[58527,1]
	[58604,1]
	[58605,1]
	[323,33]
	[58606,1]
	[58650,1]
	[58698,1]
	[58810,1]
	[58889,1]
	[58884,1]
	[58881,1]
	[326,18]
	[58997,1]
	[59023,1]
	[59089,1]
	[59208,1]
	[59209,1]
	[59196,1]
	[59254,1]
	[59245,1]
	[59281,1]
	[330,20]
	[327,58]
	[329,52]
	[59670,1]
	[59687,1]
	[59707,1]
	[59741,1]
	[60170,1]
	[60169,1]
	[60216,1]
	[334,27]
	[60414,1]
	[60421,1]
	[60447,1]
	[60526,1]
	[60602,1]
	[60620,1]
	[60680,1]
	[60868,1]
	[60939,1]
	[61022,1]
	[61129,1]
	[61119,1]
	[61252,1]
	[61279,1]
	[61296,1]
	[61429,1]
	[61448,1]
	[61383,1]
	[61431,1]
	[61493,1]
	[61799,1]
	[61847,1]
	[61788,1]
	[61845,1]
	[61870,1]
	[61873,1]
	[62029,1]
	[62109,1]
	[62083,1]
	[62077,1]
	[62068,1]
	[62181,1]
	[62300,1]
	[62367,1]
	[62364,1]
	[62446,1]
	[62490,1]
	[62477,1]
	[62478,2]
	[62522,1]
	[62541,1]
	[62576,1]
	[62750,1]
	[62997,1]
	[63081,1]
	[63296,1]
	[63294,1]
	[378,45]
	[63474,1]
	[63653,1]
	[63635,1]
	[63650,1]
	[63666,1]
	[63678,1]
	[63712,1]
	[63724,1]
	[63885,1]
	[367,33]
	[368,25]
	[395,76]
	[63943,1]
	[387,63]
	[392,66]
	[375,43]
	[65580,1]
	[65643,1]
	[65655,1]
	[65688,1]
	[65721,1]
	[394,61]
	[396,106]
	[397,67]
	[399,96]
	[400,104]
	[65452,1]
	[65851,1]
	[398,71]
	[389,56]
	[382,51]
	[384,80]
	[377,59]
	[379,41]
	[383,50]
	[67919,1]
	[68074,1]
	[68128,1]
	[407,52]
	[67463,1]
	[67484,1]
	[401,102]
	[402,74]
	[68196,1]
	[388,58]
	[386,33]
	[70269,1]
	[70357,1]
	[440,41]
	[442,41]
	[437,95]
	[438,26]
	[436,25]
	[434,17]
	[435,97]
	[441,97]
	[71093,1]
	[404,92]
	[405,46]
	[71144,1]
	[71250,1]
	[71203,1]
	[362,5]
	[71432,1]
	[71437,1]
	[72130,1]
	[73853,1]
	[73875,1]
	[73737,1]
	[374,63]
	[403,60]
	[72351,1]
	[444,43]
	[446,56]
	[439,116]
	[443,110]
	[406,73]
	[73584,1]
	[365,23]
	[73723,1]
	[74077,1]
	[74399,1]
	[74713,1]
	[74753,1]
	[75156,1]
	[75172,1]
	[462,63]
	[463,65]
	[75368,1]
	[75388,1]
	[74116,1]
	[447,101]
	[448,90]
	[74833,2]
	[75226,1]
	[449,95]
	[445,74]
	[75603,1]
	[450,104]
	[75755,1]
	[75714,1]
	[411,33]
	[75839,1]
	[75793,1]
	[408,52]
	[410,44]
	[412,41]
	[409,56]
	[74822,1]
	[74782,1]
	[452,74]
	[76470,1]
	[457,134]
	[76637,1]
	[76423,1]
	[363,20]
	[75033,1]
	[413,20]
	[75039,2]
	[75041,1]
	[455,95]
	[73771,1]
	[451,105]
	[453,112]
	[454,109]
	[75590,1]
	[429,77]
	[75945,1]
	[75774,1]
	[74369,1]
	[73702,1]
	[73642,1]
	[73680,1]
	[414,20]
	[73691,1]
	[415,22]
	[73405,1]
	[73108,1]
	[433,110]
	[72987,1]
	[371,56]
	[73034,1]
	[73137,1]
	[373,67]
	[71111,1]
	[70736,1]
	[416,10]
	[70985,1]
	[71359,1]
	[385,63]
	[71553,1]
	[71787,1]
	[71820,1]
	[70851,1]
	[70200,1]
	[69522,1]
	[417,33]
	[69555,1]
	[418,4]
	[70191,1]
	[70251,1]
	[70271,1]
	[70461,1]
	[70455,2]
	[70497,2]
	[70293,1]
	[376,34]
	[69263,1]
	[68908,1]
	[68906,1]
	[424,12]
	[68851,1]
	[68862,1]
	[68871,1]
	[380,67]
	[68869,1]
	[68865,1]
	[68868,1]
	[69011,1]
	[69078,1]
	[69166,1]
	[69145,1]
	[69152,2]
	[69151,1]
	[69197,1]
	[69200,1]
	[381,75]
	[69274,1]
	[69382,1]
	[69421,1]
	[69467,1]
	[69484,2]
	[69483,1]
	[69506,1]
	[69572,1]
	[69547,1]
	[69641,1]
	[71303,1]
	[69834,1]
	[69998,1]
	[70009,1]
	[70105,1]
	[70354,1]
	[70340,1]
	[70581,1]
	[70613,1]
	[70634,1]
	[70778,1]
	[70734,1]
	[70731,1]
	[70881,1]
	[70971,1]
	[71201,1]
	[71189,1]
	[71176,1]
	[71313,2]
	[71344,1]
	[71366,1]
	[71523,2]
	[71521,1]
	[71522,1]
	[71527,1]
	[71517,1]
	[71551,1]
	[71599,1]
	[71814,1]
	[71789,1]
	[71807,1]
	[71808,1]
	[71799,1]
	[71940,1]
	[71939,1]
	[72014,1]
	[72012,1]
	[72249,1]
	[72221,1]
	[72338,1]
	[72442,1]
	[72571,1]
	[72709,1]
	[72691,1]
	[72705,1]
	[72722,1]
	[72773,1]
	[72788,1]
	[72787,1]
	[73120,1]
	[73226,1]
	[73232,1]
	[73237,1]
	[73290,1]
	[73241,2]
	[73238,1]
	[73338,1]
	[73337,1]
	[73413,1]
	[73404,1]
	[73487,1]
	[73452,1]
	[73489,1]
	[73496,1]
	[73600,1]
	[73660,1]
	[73748,1]
	[73692,1]
	[73787,1]
	[73944,1]
	[73976,1]
	[74010,1]
	[73987,1]
	[74061,1]
	[75233,1]
	[75553,1]
	[76113,1]
	[76081,1]
	[76152,1]
	[76234,1]
	[76279,1]
	[76355,1]
	[76341,1]
	[75770,1]
	[461,83]
	[75675,1]
	[75677,1]
	[76062,1]
	[77811,1]
	[78247,1]
	[419,36]
	[421,52]
	[78409,1]
	[78499,1]
	[78548,1]
	[78609,1]
	[78585,1]
	[474,12]
	[426,17]
	[456,102]
	[78064,1]
	[78949,1]
	[79688,1]
	[425,52]
	[80774,1]
	[80832,1]
	[499,115]
	[80295,1]
	[498,76]
	[80631,1]
	[504,96]
	[505,114]
	[497,80]
	[487,77]
	[503,108]
	[469,24]
	[81561,1]
	[471,37]
	[477,23]
	[478,43]
	[81812,1]
	[470,15]
	[81802,1]
	[458,112]
	[459,93]
	[81875,1]
	[81915,1]
	[82187,1]
	[82390,1]
	[83149,1]
	[460,87]
	[84309,1]
	[422,16]
	[430,29]
	[84332,1]
	[82726,1]
	[502,106]
	[82780,1]
	[496,68]
	[500,77]
	[501,79]
	[83552,1]
	[83550,1]
	[506,109]
	[83899,1]
	[84682,1]
	[476,26]
	[480,55]
	[481,41]
	[85208,1]
	[85187,1]
	[85185,1]
	[85206,1]
	[85475,1]
	[85669,1]
	[87045,1]
	[86582,1]
	[464,84]
	[420,8]
	[84893,1]
	[84756,1]
	[84922,1]
	[85617,1]
	[86742,1]
	[484,36]
	[87171,1]
	[87228,1]
	[87458,1]
	[87417,1]
	[87427,1]
	[87438,1]
	[87369,1]
	[466,41]
	[87073,1]
	[86711,1]
	[85721,1]
	[465,29]
	[507,95]
	[509,135]
	[86124,1]
	[508,115]
	[86894,1]
	[87479,1]
	[492,83]
	[490,50]
	[467,37]
	[485,72]
	[488,80]
	[87364,1]
	[87367,1]
	[87383,1]
	[87332,1]
	[87320,1]
	[468,25]
	[86397,1]
	[85372,1]
	[511,100]
	[512,92]
	[85910,1]
	[87202,1]
	[491,90]
	[87786,1]
	[85816,1]
	[85866,1]
	[85884,1]
	[85852,1]
	[431,91]
	[85883,1]
	[85644,1]
	[513,100]
	[83987,1]
	[517,104]
	[518,69]
	[85157,1]
	[423,51]
	[83886,1]
	[82927,1]
	[472,11]
	[83027,2]
	[82663,1]
	[475,11]
	[82295,1]
	[82588,1]
	[82820,1]
	[82835,1]
	[82828,1]
	[82899,1]
	[81376,1]
	[81335,1]
	[473,8]
	[80775,1]
	[80770,1]
	[80724,1]
	[486,63]
	[432,18]
	[81411,1]
	[81505,1]
	[81507,1]
	[81524,1]
	[81563,1]
	[81577,1]
	[81568,1]
	[81617,1]
	[79430,1]
	[80235,1]
	[80240,1]
	[80210,1]
	[80176,1]
	[80174,1]
	[80185,1]
	[80274,1]
	[80238,1]
	[79290,1]
	[79287,1]
	[79320,1]
	[79425,1]
	[79475,1]
	[79678,1]
	[79754,1]
	[79789,1]
	[79889,1]
	[80054,1]
	[80073,1]
	[80061,1]
	[80137,1]
	[80214,1]
	[80271,1]
	[80276,1]
	[80267,1]
	[80391,1]
	[80460,1]
	[80412,1]
	[80437,1]
	[80481,1]
	[80483,1]
	[80487,1]
	[80587,1]
	[80721,1]
	[80619,1]
	[80810,1]
	[80776,1]
	[80820,1]
	[80792,1]
	[80902,1]
	[80901,2]
	[80992,1]
	[81045,1]
	[81127,1]
	[81169,1]
	[81092,1]
	[81165,1]
	[81208,1]
	[81249,1]
	[81235,2]
	[81236,1]
	[81223,1]
	[81275,1]
	[81360,1]
	[81446,1]
	[81501,1]
	[81498,1]
	[81497,1]
	[81537,1]
	[81643,1]
	[81728,1]
	[81676,1]
	[81732,1]
	[82135,1]
	[82062,1]
	[82145,1]
	[82199,1]
	[82551,1]
	[82509,1]
	[82547,1]
	[82532,1]
	[82736,1]
	[82755,1]
	[82720,1]
	[82941,1]
	[83015,1]
	[82948,1]
	[82972,1]
	[83010,1]
	[83262,1]
	[83272,1]
	[83318,2]
	[83327,1]
	[83385,1]
	[83443,1]
	[83459,1]
	[83498,1]
	[83507,1]
	[83581,2]
	[83583,1]
	[83737,1]
	[83798,1]
	[83791,1]
	[83750,1]
	[83849,1]
	[83850,1]
	[83852,1]
	[83951,1]
	[83960,1]
	[83930,1]
	[84064,1]
	[84143,1]
	[84341,1]
	[84305,1]
	[84307,1]
	[84318,1]
	[84257,1]
	[84388,1]
	[534,11]
	[84551,1]
	[84953,1]
	[85666,1]
	[494,79]
	[86240,1]
	[86180,1]
	[86487,1]
	[86426,1]
	[86476,1]
	[85956,1]
	[532,4]
	[85859,1]
	[86023,1]
	[86478,1]
	[87142,1]
	[88534,1]
	[88535,1]
	[88595,1]
	[88615,1]
	[88704,1]
	[88707,1]
	[88188,1]
	[524,43]
	[515,103]
	[88136,1]
	[88111,1]
	[88185,1]
	[510,108]
	[88206,1]
	[89727,1]
	[90108,2]
	[90825,1]
	[90833,1]
	[90694,1]
	[90351,1]
	[555,11]
	[90458,1]
	[557,18]
	[493,76]
	[551,7]
	[553,3]
	[549,2]
	[550,5]
	[547,5]
	[552,2]
	[91982,1]
	[519,82]
	[92028,1]
	[92102,1]
	[92012,1]
	[92015,1]
	[514,72]
	[92119,1]
	[93251,1]
	[94392,1]
	[563,84]
	[561,50]
	[558,24]
	[559,40]
	[564,51]
	[560,49]
	[554,18]
	[556,20]
	[96268,1]
	[520,59]
	[96348,1]
	[516,86]
	[96455,1]
	[521,63]
	[98233,1]
	[97832,1]
	[97559,1]
	[97556,1]
	[97513,1]
	[96799,1]
	[96847,1]
	[562,48]
	[96191,1]
	[535,12]
	[97236,1]
	[98310,1]
	[98311,1]
	[98661,1]
	[523,46]
	[98789,1]
	[98828,1]
	[98877,1]
	[522,62]
	[98885,1]
	[98928,1]
	[98965,1]
	[99036,1]
	[96703,1]
	[96760,1]
	[96759,1]
	[96742,1]
	[565,54]
	[97723,1]
	[97728,1]
	[566,49]
	[98098,1]
	[567,69]
	[98441,1]
	[528,27]
	[529,12]
	[99420,1]
	[99407,1]
	[99506,1]
	[97055,1]
	[568,56]
	[97083,1]
	[570,68]
	[541,17]
	[99497,1]
	[98723,1]
	[98380,1]
	[526,32]
	[98382,1]
	[98417,1]
	[525,51]
	[98517,1]
	[527,18]
	[98309,1]
	[97156,1]
	[572,33]
	[483,30]
	[482,29]
	[96373,1]
	[479,27]
	[96063,1]
	[95626,1]
	[95353,1]
	[95598,1]
	[94878,1]
	[94063,1]
	[575,45]
	[546,3]
	[94468,1]
	[94469,1]
	[94515,1]
	[94517,1]
	[94558,1]
	[489,92]
	[530,17]
	[92220,1]
	[92308,1]
	[92316,1]
	[531,30]
	[92742,1]
	[545,3]
	[93003,1]
	[92980,1]
	[93012,1]
	[92875,1]
	[90862,1]
	[90849,1]
	[91736,1]
	[91790,1]
	[91791,1]
	[91728,1]
	[91769,1]
	[91710,1]
	[90281,1]
	[89896,1]
	[495,70]
	[90295,1]
	[90429,1]
	[90390,2]
	[90430,1]
	[90362,1]
	[90397,1]
	[90419,1]
	[90509,1]
	[90201,1]
	[90183,1]
	[90344,2]
	[90420,1]
	[90402,1]
	[90455,1]
	[90477,1]
	[90557,1]
	[90552,1]
	[90686,1]
	[90738,1]
	[90826,1]
	[90866,1]
	[91028,1]
	[90984,1]
	[90936,1]
	[90963,1]
	[90934,1]
	[90990,1]
	[90988,1]
	[91052,1]
	[91047,1]
	[91166,1]
	[91141,1]
	[91139,1]
	[91155,1]
	[91208,1]
	[91260,1]
	[91439,1]
	[91364,1]
	[91420,1]
	[91418,1]
	[91474,1]
	[91486,1]
	[91625,1]
	[91620,1]
	[91686,1]
	[91608,1]
	[91690,1]
	[91722,1]
	[91825,1]
	[91880,1]
	[91920,1]
	[91974,1]
	[92044,1]
	[92046,1]
	[92083,1]
	[92104,2]
	[92062,1]
	[92117,1]
	[92096,1]
	[92063,1]
	[92057,1]
	[92060,1]
	[92103,1]
	[92154,1]
	[92203,1]
	[92271,1]
	[92342,1]
	[92325,1]
	[92322,1]
	[92418,1]
	[92419,1]
	[92421,1]
	[92440,1]
	[92445,1]
	[92587,1]
	[92648,1]
	[92712,1]
	[92713,2]
	[92657,1]
	[92798,1]
	[92877,1]
	[93102,1]
	[93159,1]
	[93086,1]
	[93340,1]
	[93392,1]
	[93372,1]
	[93332,1]
	[93305,1]
	[93281,1]
	[93631,1]
	[93569,1]
	[93538,1]
	[93478,1]
	[93513,1]
	[93493,1]
	[93553,1]
	[93654,1]
	[93721,1]
	[93719,1]
	[93744,1]
	[93733,1]
	[93985,1]
	[94047,1]
	[94112,1]
	[94110,1]
	[94181,1]
	[94230,1]
	[94188,1]
	[94227,1]
	[94290,1]
	[94319,1]
	[94340,2]
	[94380,1]
	[94788,1]
	[94790,1]
	[94803,2]
	[94859,2]
	[94766,1]
	[94947,1]
	[533,26]
	[96378,1]
	[536,10]
	[96809,1]
	[96814,1]
	[96813,1]
	[96929,1]
	[96857,1]
	[96867,1]
	[543,3]
	[96394,1]
	[96863,1]
	[97607,1]
	[98294,1]
	[539,11]
	[538,7]
	[540,8]
	[99185,1]
	[99181,1]
	[99229,1]
	[99228,1]
	[99209,1]
	[544,3]
	[596,3]
	[586,4]
	[583,32]
	[98776,1]
	[98826,1]
	[571,39]
	[100787,1]
	[100786,1]
	[101358,1]
	[101634,1]
	[101628,1]
	[101704,1]
	[101450,1]
	[101010,1]
	[588,3]
	[611,30]
	[612,25]
	[610,9]
	[608,8]
	[606,16]
	[607,10]
	[604,8]
	[602,5]
	[609,32]
	[582,19]
	[589,2]
	[102533,1]
	[102559,1]
	[102591,1]
	[102582,1]
	[102684,1]
	[103866,1]
	[105079,1]
	[105074,1]
	[105073,1]
	[548,4]
	[105318,1]
	[620,14]
	[615,38]
	[616,25]
	[617,24]
	[614,20]
	[104537,1]
	[613,28]
	[605,2]
	[592,2]
	[591,1]
	[598,7]
	[601,1]
	[590,2]
	[573,37]
	[106796,1]
	[106798,1]
	[106857,1]
	[106847,1]
	[106972,1]
	[106962,1]
	[107292,1]
	[107293,1]
	[107580,1]
	[107572,1]
	[108384,1]
	[107999,1]
	[107993,1]
	[574,47]
	[619,32]
	[107367,1]
	[621,43]
	[107455,1]
	[107459,1]
	[107555,1]
	[624,18]
	[108756,1]
	[597,2]
	[599,2]
	[109747,2]
	[603,6]
	[579,28]
	[110208,1]
	[110201,1]
	[110182,1]
	[110193,1]
	[110150,1]
	[576,35]
	[109912,1]
	[109083,1]
	[109122,1]
	[578,32]
	[577,26]
	[618,16]
	[107923,1]
	[107849,1]
	[108026,1]
	[622,28]
	[108486,1]
	[109156,1]
	[110246,1]
	[110672,1]
	[648,1]
	[110678,1]
	[581,32]
	[110791,1]
	[110551,1]
	[625,3]
	[108465,1]
	[108688,1]
	[623,4]
	[109773,1]
	[110674,1]
	[110744,1]
	[110738,1]
	[110721,1]
	[110840,1]
	[110894,1]
	[110155,1]
	[110156,1]
	[108996,1]
	[108643,1]
	[580,12]
	[108340,1]
	[629,3]
	[108415,1]
	[108496,1]
	[108606,1]
	[109009,1]
	[109011,1]
	[643,2]
	[109373,1]
	[584,16]
	[585,16]
	[107800,1]
	[107895,1]
	[107811,1]
	[107468,1]
	[107056,1]
	[105994,1]
	[627,2]
	[631,4]
	[628,1]
	[106479,3]
	[106480,1]
	[108941,1]
	[106862,1]
	[106864,1]
	[106897,1]
	[105207,1]
	[104655,1]
	[104743,1]
	[104774,1]
	[104696,1]
	[104783,1]
	[103674,1]
	[103634,1]

1552,
	[3,5]
	[13,2]
	[5,296]
	[6,32]
	[10,4]
	[8,3]
	[20,1]
	[24,2]
	[5016,1]
	[27,1]
	[34,4]
	[35,28]
	[1,337]
	[9122,1]
	[39,17]
	[4,16]
	[54,14]
	[143,3]
	[101,2]
	[12065,1]
	[170,2]
	[64,1]
	[71,3]
	[73,2]
	[76,3]
	[69,3]
	[70,2]
	[49,2]
	[40,7]
	[47,2]
	[38,32]
	[30,2]
	[48,4]
	[82,4]
	[265,2]
	[57,25]
	[55,23]
	[44,3]
	[109,1]
	[23,2]
	[106,1]
	[32,2]
	[29,2]
	[31,3]
	[120,2]
	[126,2]
	[43,4]
	[25805,1]
	[432,1]
	[139,3]
	[128,2]
	[83,4]
	[78,3]
	[42,4]
	[56,39]
	[33,1]
	[25506,1]
	[25875,1]
	[135,4]
	[86,1]
	[26125,1]
	[89,3]
	[36,44]
	[145,3]
	[262,2]
	[164,4]
	[52,4]
	[37,44]
	[21,1]
	[102,1]
	[152,2]
	[234,1]
	[380,1]
	[110,2]
	[141,2]
	[156,13]
	[108,1]
	[158,17]
	[117,1]
	[153,2]
	[154,8]
	[58,26]
	[127,1]
	[171,1]
	[137,7]
	[217,1]
	[197,1]
	[142,2]
	[136,6]
	[112,1]
	[205,1]
	[74,2]
	[151,1]
	[201,3]
	[61,2]
	[60,2]
	[161,6]
	[157,17]
	[138,4]
	[59,10]
	[79,2]
	[176,1]
	[77,3]
	[183,1]
	[185,1]
	[51331,1]
	[190,1]
	[160,5]
	[124,3]
	[289,1]
	[256,2]
	[261,1]
	[259,1]
	[96,1]
	[50,4]
	[63693,1]
	[202,1]
	[64624,1]
	[67,1]
	[65,3]
	[68,2]
	[41,3]
	[159,11]
	[312,2]
	[311,1]
	[63,1]
	[167,3]
	[7,3]
	[113,1]
	[19,2]
	[75779,1]
	[121,1]
	[75,1]
	[203,1]
	[80,1]
	[85,3]
	[91,2]
	[140,2]
	[99,1]
	[45,3]
	[98,2]
	[51,1]
	[155,5]
	[74296,1]
	[9,1]
	[26,1]
	[46,1]
	[370,1]
	[396,1]
	[204,2]
	[186,3]
	[433,2]
	[85190,1]
	[82994,1]
	[243,1]
	[53,1]
	[81964,1]
	[62,1]
	[82730,1]
	[105,1]
	[107,1]
	[422,1]
	[118,1]
	[150,1]
	[423,2]
	[123,1]
	[428,1]
	[434,1]
	[129,2]
	[93,1]
	[130,1]
	[95,1]
	[133,1]
	[97,1]
	[92,1]
	[189,1]
	[191,1]
	[147,1]
	[16,1]
	[22,1]
	[481,1]
	[17,1]
	[494,1]
	[528,1]

1536,
	[437,76]
	[418,9]
	[446,71]
	[3,11]
	[1,294]
	[1189,1]
	[1096,1]
	[7,3]
	[794,1]
	[1114,1]
	[682,1]
	[1429,1]
	[1606,1]
	[15,4]
	[12,4]
	[8,1]
	[2248,1]
	[14,3]
	[11,1]
	[2352,1]
	[2502,1]
	[20,3]
	[2821,1]
	[2,33]
	[22,10]
	[26,3]
	[24,3]
	[23,6]
	[19,3]
	[28,1]
	[3520,1]
	[25,3]
	[27,4]
	[18,3]
	[4068,1]
	[16,3]
	[4183,1]
	[4486,1]
	[21,1]
	[32,4]
	[4306,1]
	[31,5]
	[35,5]
	[33,6]
	[34,7]
	[37,5]
	[40,8]
	[6340,1]
	[38,5]
	[36,5]
	[42,8]
	[46,4]
	[41,5]
	[7002,1]
	[86,22]
	[39,1]
	[43,2]
	[91,12]
	[83,7]
	[9497,1]
	[51,3]
	[50,4]
	[17,1]
	[265,13]
	[89,14]
	[524,32]
	[9514,1]
	[95,15]
	[10414,1]
	[44,2]
	[11420,1]
	[53,8]
	[56,5]
	[49,2]
	[58,4]
	[48,4]
	[10620,1]
	[104,19]
	[64,10]
	[55,3]
	[97,11]
	[102,11]
	[65,10]
	[63,2]
	[52,2]
	[60,6]
	[96,22]
	[12636,1]
	[54,9]
	[57,4]
	[59,7]
	[12460,1]
	[100,22]
	[101,17]
	[12038,1]
	[351,62]
	[66,4]
	[67,7]
	[105,28]
	[13501,1]
	[12778,1]
	[69,3]
	[68,5]
	[62,9]
	[71,7]
	[13873,1]
	[61,4]
	[10,2]
	[107,20]
	[74,11]
	[76,12]
	[73,6]
	[72,14]
	[13573,1]
	[409,61]
	[13641,1]
	[77,9]
	[78,9]
	[410,53]
	[75,5]
	[12833,1]
	[13002,1]
	[85,11]
	[70,9]
	[13276,1]
	[80,14]
	[82,14]
	[458,102]
	[14011,1]
	[14093,1]
	[14214,1]
	[14273,1]
	[471,26]
	[81,4]
	[30,1]
	[14245,1]
	[14408,1]
	[84,14]
	[14657,1]
	[87,7]
	[14905,1]
	[90,15]
	[88,9]
	[495,79]
	[15395,1]
	[507,119]
	[79,4]
	[94,17]
	[15515,1]
	[93,12]
	[92,7]
	[15666,1]
	[15713,1]
	[15798,1]
	[15788,1]
	[15867,1]
	[534,10]
	[99,17]
	[16229,1]
	[16480,1]
	[16607,1]
	[98,16]
	[16794,1]
	[16804,1]
	[103,13]
	[560,45]
	[547,11]
	[581,26]
	[17739,1]
	[17829,1]
	[106,13]
	[17971,1]
	[110,6]
	[18132,1]
	[18160,1]
	[112,11]
	[115,10]
	[18268,1]
	[18382,1]
	[111,13]
	[591,2]
	[18507,1]
	[597,3]
	[108,12]
	[18630,1]
	[18522,1]
	[116,18]
	[19014,1]
	[19053,1]
	[613,33]
	[19120,1]
	[113,18]
	[19154,1]
	[118,14]
	[633,1]
	[114,7]
	[19680,1]
	[19607,1]
	[641,1]
	[19684,1]
	[120,12]
	[154,22]
	[152,30]
	[158,20]
	[129,20]
	[125,9]
	[134,18]
	[117,12]
	[119,15]
	[109,9]
	[130,21]
	[138,17]
	[145,31]
	[140,22]
	[22966,1]
	[162,24]
	[21487,1]
	[165,21]
	[149,20]
	[157,27]
	[22158,1]
	[135,18]
	[142,20]
	[123,15]
	[47,3]
	[155,20]
	[143,20]
	[24824,1]
	[24329,1]
	[122,21]
	[22965,1]
	[167,34]
	[24926,1]
	[159,27]
	[170,17]
	[156,21]
	[144,21]
	[128,14]
	[161,41]
	[164,23]
	[139,26]
	[146,23]
	[26485,1]
	[124,6]
	[984,1]
	[148,23]
	[168,15]
	[25694,1]
	[121,6]
	[25702,1]
	[24738,1]
	[132,18]
	[126,9]
	[23591,1]
	[173,20]
	[150,14]
	[160,15]
	[25229,1]
	[127,14]
	[171,22]
	[163,23]
	[177,10]
	[23695,1]
	[176,11]
	[166,22]
	[24776,1]
	[25666,1]
	[131,8]
	[25757,1]
	[25765,1]
	[25858,1]
	[754,2]
	[175,21]
	[172,10]
	[24625,1]
	[133,29]
	[136,14]
	[24689,1]
	[137,15]
	[24119,1]
	[24261,1]
	[24361,1]
	[24263,1]
	[24262,1]
	[838,1]
	[24646,1]
	[141,14]
	[797,1]
	[24853,1]
	[24845,1]
	[25232,1]
	[25121,1]
	[25183,1]
	[25406,1]
	[25704,1]
	[25793,1]
	[147,22]
	[26074,1]
	[26005,1]
	[26174,1]
	[26641,1]
	[26587,1]
	[26612,1]
	[717,1]
	[26728,1]
	[153,22]
	[26794,1]
	[13,1]
	[151,14]
	[899,1]
	[27388,1]
	[27313,1]
	[27476,1]
	[912,1]
	[27774,1]
	[27820,1]
	[27831,1]
	[28051,1]
	[28512,1]
	[28558,1]
	[4,1]
	[29028,1]
	[953,1]
	[28887,1]
	[29025,1]
	[29068,1]
	[29104,1]
	[29529,1]
	[29369,1]
	[29366,1]
	[29592,1]
	[29435,1]
	[29595,1]
	[29626,1]
	[29953,1]
	[29756,1]
	[29804,1]
	[29920,1]
	[169,18]
	[30105,1]
	[30061,1]
	[30068,1]
	[30260,1]
	[30328,1]
	[174,7]
	[30450,1]
	[30696,1]
	[30983,1]
	[217,30]
	[216,41]
	[213,42]
	[220,42]
	[32293,1]
	[214,25]
	[179,12]
	[33101,1]
	[33225,1]
	[33415,1]
	[1010,1]
	[33175,1]
	[32588,1]
	[229,56]
	[221,50]
	[225,40]
	[223,53]
	[32641,1]
	[218,40]
	[230,29]
	[222,36]
	[227,39]
	[228,26]
	[219,30]
	[34797,1]
	[180,10]
	[181,15]
	[186,8]
	[35817,1]
	[36027,1]
	[178,6]
	[185,4]
	[184,7]
	[224,63]
	[226,42]
	[196,29]
	[182,12]
	[183,8]
	[36674,1]
	[36767,1]
	[231,51]
	[190,15]
	[191,11]
	[187,6]
	[38601,1]
	[240,18]
	[233,63]
	[38439,1]
	[38752,1]
	[232,39]
	[192,23]
	[39318,1]
	[40388,1]
	[202,29]
	[204,30]
	[188,7]
	[189,5]
	[235,51]
	[234,21]
	[237,47]
	[39701,1]
	[236,18]
	[195,18]
	[198,33]
	[199,22]
	[39427,1]
	[194,9]
	[40449,1]
	[193,12]
	[38774,1]
	[238,14]
	[38792,1]
	[39635,1]
	[5,4]
	[207,44]
	[206,40]
	[205,40]
	[203,46]
	[39803,1]
	[201,23]
	[197,34]
	[36989,1]
	[239,23]
	[37035,1]
	[241,14]
	[37545,1]
	[37949,1]
	[39034,1]
	[39573,1]
	[200,31]
	[242,5]
	[244,8]
	[243,11]
	[38554,1]
	[38553,1]
	[38567,1]
	[38733,1]
	[37294,1]
	[245,19]
	[36881,1]
	[36955,1]
	[37207,1]
	[37231,1]
	[37244,1]
	[37242,1]
	[37266,1]
	[37324,1]
	[37387,1]
	[37447,1]
	[37419,1]
	[36930,1]
	[36914,1]
	[37151,1]
	[37210,1]
	[37370,1]
	[209,32]
	[37492,1]
	[208,38]
	[37643,1]
	[210,29]
	[211,36]
	[37904,1]
	[212,36]
	[37966,1]
	[38194,2]
	[38324,1]
	[38377,1]
	[38381,1]
	[38406,1]
	[38507,1]
	[215,20]
	[38672,1]
	[38707,1]
	[38713,1]
	[38776,1]
	[38921,1]
	[38918,1]
	[38966,1]
	[38895,1]
	[38896,2]
	[38951,1]
	[38990,1]
	[38998,1]
	[39075,1]
	[39233,1]
	[39293,1]
	[39463,1]
	[39800,1]
	[39939,1]
	[40175,1]
	[40151,1]
	[40148,1]
	[40120,1]
	[40345,1]
	[40367,1]
	[40333,1]
	[40522,1]
	[40548,1]
	[40791,1]
	[40898,1]
	[41000,1]
	[41011,1]
	[41090,1]
	[41059,1]
	[41041,1]
	[41068,1]
	[41112,1]
	[41247,1]
	[41404,1]
	[41389,1]
	[41413,1]
	[41544,1]
	[41601,1]
	[41554,1]
	[41499,1]
	[41571,2]
	[41748,1]
	[42021,1]
	[42230,1]
	[42297,1]
	[42804,1]
	[42879,1]
	[249,16]
	[279,34]
	[275,26]
	[276,73]
	[277,12]
	[43837,1]
	[274,76]
	[44139,1]
	[258,82]
	[254,48]
	[260,80]
	[44733,1]
	[44753,1]
	[281,25]
	[282,100]
	[278,93]
	[280,84]
	[261,13]
	[264,75]
	[267,16]
	[266,80]
	[46953,1]
	[46964,1]
	[46963,1]
	[45845,1]
	[283,24]
	[284,67]
	[45963,1]
	[47071,1]
	[285,47]
	[272,115]
	[48585,1]
	[252,42]
	[287,38]
	[273,17]
	[48356,1]
	[291,30]
	[47828,1]
	[286,57]
	[48124,1]
	[49000,1]
	[271,16]
	[255,8]
	[289,45]
	[50604,1]
	[50905,1]
	[50924,2]
	[50906,1]
	[50809,1]
	[290,89]
	[288,62]
	[250,30]
	[50259,1]
	[52058,1]
	[248,5]
	[295,28]
	[270,72]
	[52792,1]
	[52736,1]
	[293,27]
	[251,7]
	[247,11]
	[51224,1]
	[246,2]
	[297,16]
	[300,23]
	[292,61]
	[50728,1]
	[50881,1]
	[51261,1]
	[51505,1]
	[51195,1]
	[51154,1]
	[296,30]
	[51017,1]
	[51314,1]
	[49704,1]
	[49696,1]
	[294,48]
	[49528,1]
	[49572,1]
	[50207,1]
	[299,19]
	[50519,1]
	[256,50]
	[50988,1]
	[253,7]
	[50940,1]
	[49350,1]
	[49070,1]
	[298,11]
	[302,19]
	[303,5]
	[301,8]
	[49991,1]
	[311,16]
	[310,64]
	[50067,1]
	[50078,1]
	[257,7]
	[50288,1]
	[48831,1]
	[48464,1]
	[262,64]
	[47859,1]
	[47960,1]
	[305,10]
	[263,13]
	[48709,1]
	[48760,1]
	[48734,1]
	[48699,1]
	[259,9]
	[48591,1]
	[47415,1]
	[47432,1]
	[47588,1]
	[47624,1]
	[47893,1]
	[47970,1]
	[48297,1]
	[48401,1]
	[268,78]
	[48457,1]
	[48442,1]
	[48559,1]
	[48590,1]
	[48651,1]
	[48652,1]
	[48607,1]
	[48631,1]
	[48662,1]
	[48708,1]
	[48728,1]
	[48931,1]
	[48930,1]
	[48819,1]
	[48861,1]
	[48920,1]
	[49013,1]
	[49018,1]
	[49075,1]
	[49030,1]
	[49026,1]
	[49055,1]
	[49305,1]
	[49330,1]
	[49323,1]
	[49424,1]
	[269,5]
	[49605,1]
	[49822,1]
	[50231,1]
	[50198,1]
	[50321,1]
	[50396,1]
	[50418,1]
	[50414,1]
	[50446,1]
	[50523,1]
	[50642,1]
	[50680,1]
	[50961,1]
	[51085,1]
	[51158,1]
	[51358,1]
	[51353,1]
	[51557,1]
	[51562,1]
	[51585,1]
	[51864,1]
	[51859,1]
	[51858,1]
	[51865,1]
	[51829,1]
	[52005,1]
	[52079,1]
	[52111,1]
	[52055,1]
	[52283,1]
	[52327,1]
	[52201,1]
	[52344,1]
	[52371,1]
	[52373,1]
	[52503,1]
	[52552,1]
	[52936,2]
	[52995,1]
	[53079,1]
	[53207,1]
	[53209,1]
	[348,66]
	[337,98]
	[340,59]
	[342,56]
	[343,70]
	[339,108]
	[335,96]
	[336,30]
	[341,130]
	[54675,1]
	[55368,1]
	[55657,1]
	[55660,1]
	[344,88]
	[338,28]
	[56142,1]
	[56185,1]
	[346,87]
	[57679,1]
	[57762,1]
	[57761,1]
	[57749,1]
	[359,12]
	[57295,1]
	[333,109]
	[345,106]
	[347,52]
	[59582,1]
	[304,23]
	[306,35]
	[59446,1]
	[314,92]
	[59542,1]
	[59507,1]
	[352,51]
	[389,78]
	[353,40]
	[354,37]
	[350,79]
	[59776,1]
	[59757,1]
	[349,62]
	[60196,1]
	[62229,1]
	[318,72]
	[392,73]
	[361,8]
	[62141,1]
	[62068,1]
	[62236,1]
	[63939,1]
	[313,19]
	[63980,1]
	[64006,1]
	[309,13]
	[64019,1]
	[63780,1]
	[393,83]
	[363,26]
	[364,21]
	[365,28]
	[366,39]
	[332,20]
	[362,14]
	[64281,1]
	[64330,1]
	[64329,1]
	[64456,1]
	[307,8]
	[312,87]
	[63659,1]
	[63394,1]
	[63429,1]
	[397,84]
	[396,107]
	[369,50]
	[63844,1]
	[367,36]
	[63975,1]
	[64475,1]
	[64591,1]
	[63903,1]
	[62338,1]
	[62109,1]
	[62011,1]
	[62046,1]
	[62060,1]
	[356,13]
	[372,85]
	[63119,1]
	[308,54]
	[63171,1]
	[63148,1]
	[63156,1]
	[62196,1]
	[61856,1]
	[61553,1]
	[61219,1]
	[355,13]
	[358,10]
	[60939,1]
	[328,18]
	[60905,1]
	[357,13]
	[60928,1]
	[61341,1]
	[315,16]
	[61389,1]
	[316,85]
	[61497,1]
	[61547,1]
	[61579,1]
	[60594,1]
	[59529,1]
	[59283,2]
	[59346,1]
	[360,20]
	[59579,1]
	[370,53]
	[60034,1]
	[60013,1]
	[59974,1]
	[60026,1]
	[317,12]
	[60255,1]
	[60229,1]
	[319,20]
	[59230,1]
	[322,47]
	[57950,1]
	[58177,1]
	[320,53]
	[58668,1]
	[58872,1]
	[58842,1]
	[58120,1]
	[58236,1]
	[321,23]
	[58314,1]
	[58316,1]
	[58423,1]
	[58513,1]
	[58490,1]
	[331,88]
	[325,56]
	[58560,1]
	[58701,1]
	[58694,1]
	[58736,1]
	[58906,1]
	[326,21]
	[59004,1]
	[323,25]
	[59054,1]
	[324,17]
	[59084,1]
	[59104,1]
	[59109,1]
	[59165,1]
	[59167,1]
	[59291,1]
	[59401,1]
	[327,66]
	[59545,1]
	[330,19]
	[329,69]
	[59749,1]
	[59811,1]
	[59813,1]
	[59934,1]
	[59976,1]
	[60209,1]
	[60193,1]
	[60151,1]
	[60167,1]
	[60212,1]
	[60206,1]
	[60392,1]
	[334,20]
	[60878,1]
	[60876,1]
	[60838,1]
	[60895,1]
	[60896,1]
	[60945,1]
	[60995,1]
	[61023,1]
	[61257,1]
	[61294,1]
	[61287,1]
	[61285,1]
	[61380,1]
	[61431,1]
	[61495,1]
	[61493,1]
	[61546,1]
	[61644,1]
	[61622,1]
	[61734,1]
	[61722,1]
	[61745,1]
	[61814,1]
	[61815,1]
	[61884,1]
	[62038,2]
	[62082,1]
	[62070,1]
	[62083,1]
	[62155,1]
	[62194,1]
	[62265,1]
	[62453,1]
	[62482,1]
	[62572,1]
	[62542,1]
	[62544,1]
	[62653,1]
	[62707,1]
	[62698,1]
	[62786,1]
	[62809,1]
	[62833,1]
	[63005,1]
	[63102,1]
	[63063,1]
	[63062,1]
	[63105,1]
	[63295,1]
	[63293,1]
	[63244,1]
	[63212,1]
	[378,54]
	[63419,1]
	[63669,1]
	[63671,1]
	[63906,1]
	[391,75]
	[64041,1]
	[390,78]
	[394,48]
	[388,73]
	[373,83]
	[375,42]
	[383,47]
	[379,43]
	[65659,1]
	[65688,1]
	[65724,1]
	[65740,1]
	[65725,1]
	[411,32]
	[395,55]
	[400,106]
	[66697,1]
	[67457,1]
	[377,81]
	[67689,1]
	[384,55]
	[67940,1]
	[68012,1]
	[68051,1]
	[68087,1]
	[68076,1]
	[68161,1]
	[407,48]
	[405,53]
	[67454,1]
	[399,84]
	[398,69]
	[67490,1]
	[402,70]
	[401,82]
	[68642,1]
	[68971,1]
	[69015,1]
	[69358,1]
	[69692,1]
	[382,48]
	[385,54]
	[69935,1]
	[70208,1]
	[70368,1]
	[442,48]
	[436,34]
	[438,32]
	[434,23]
	[435,96]
	[71119,1]
	[71121,1]
	[441,103]
	[403,69]
	[404,82]
	[71205,1]
	[71268,1]
	[71487,1]
	[72909,1]
	[371,52]
	[73881,1]
	[73603,1]
	[419,29]
	[72531,1]
	[406,77]
	[447,107]
	[72090,1]
	[72497,1]
	[72448,1]
	[443,132]
	[440,51]
	[386,43]
	[74490,1]
	[75216,1]
	[75334,1]
	[75333,1]
	[75257,1]
	[464,72]
	[74937,1]
	[74340,1]
	[408,73]
	[451,100]
	[74167,1]
	[448,85]
	[445,85]
	[74594,1]
	[74881,1]
	[75314,1]
	[450,101]
	[75687,1]
	[75681,1]
	[75669,1]
	[75667,1]
	[75702,1]
	[75961,1]
	[412,41]
	[76042,1]
	[75068,1]
	[452,91]
	[75003,1]
	[454,105]
	[444,52]
	[75770,1]
	[76192,1]
	[449,106]
	[420,16]
	[455,94]
	[75030,1]
	[413,13]
	[74001,1]
	[73726,1]
	[453,92]
	[74496,1]
	[75117,1]
	[75121,1]
	[457,109]
	[421,51]
	[424,15]
	[75929,1]
	[75934,1]
	[75320,1]
	[74279,1]
	[73692,1]
	[73647,1]
	[414,23]
	[416,12]
	[415,27]
	[73722,1]
	[73325,1]
	[72514,1]
	[368,21]
	[73151,1]
	[73140,1]
	[70792,1]
	[70759,1]
	[70825,1]
	[70838,1]
	[70847,1]
	[70887,1]
	[70911,1]
	[376,37]
	[71561,1]
	[374,76]
	[71633,1]
	[71762,1]
	[71761,1]
	[71797,1]
	[71800,1]
	[71480,1]
	[417,25]
	[69537,1]
	[70189,1]
	[70205,2]
	[70255,1]
	[70362,1]
	[70369,1]
	[70460,1]
	[70456,1]
	[69836,1]
	[68831,1]
	[68795,1]
	[68840,1]
	[68864,1]
	[68804,1]
	[68841,1]
	[68850,1]
	[68819,1]
	[380,58]
	[381,84]
	[68966,1]
	[68979,1]
	[69020,1]
	[69090,1]
	[69091,1]
	[69105,1]
	[69137,1]
	[69171,1]
	[69149,1]
	[69194,1]
	[69145,1]
	[69188,1]
	[69204,1]
	[69178,1]
	[69363,1]
	[69370,1]
	[69444,1]
	[69428,1]
	[69430,1]
	[69484,1]
	[69498,1]
	[69514,1]
	[69567,1]
	[69650,1]
	[69651,1]
	[69685,1]
	[69726,1]
	[69729,1]
	[69795,1]
	[69994,1]
	[70013,1]
	[70136,1]
	[387,44]
	[70267,1]
	[70338,1]
	[70398,1]
	[70576,1]
	[70612,1]
	[70554,1]
	[70581,1]
	[70746,1]
	[70788,2]
	[70832,1]
	[70803,1]
	[70811,1]
	[70819,1]
	[70815,1]
	[70745,1]
	[70852,1]
	[70850,1]
	[70960,1]
	[70962,1]
	[71143,1]
	[71229,1]
	[71156,1]
	[71175,1]
	[71198,1]
	[71263,1]
	[71301,1]
	[71284,1]
	[71363,1]
	[71531,1]
	[71512,1]
	[71560,1]
	[71669,1]
	[71729,1]
	[71794,1]
	[71780,1]
	[71813,1]
	[71873,1]
	[71946,1]
	[71943,1]
	[71982,1]
	[72027,1]
	[72055,1]
	[72046,1]
	[72153,1]
	[72192,1]
	[72221,1]
	[72235,1]
	[72231,1]
	[72272,1]
	[72369,1]
	[72405,1]
	[72411,1]
	[72482,1]
	[72493,2]
	[72491,1]
	[72582,1]
	[72652,1]
	[72688,1]
	[72630,1]
	[72633,1]
	[72788,1]
	[72833,1]
	[72839,1]
	[72887,1]
	[73237,1]
	[422,26]
	[73483,1]
	[73505,1]
	[73576,1]
	[73710,1]
	[73673,1]
	[73709,1]
	[73713,1]
	[73781,1]
	[73776,1]
	[73935,1]
	[73941,1]
	[73999,1]
	[74008,1]
	[74220,1]
	[74253,1]
	[74289,1]
	[74224,1]
	[74236,1]
	[74188,1]
	[75294,2]
	[75293,1]
	[76031,1]
	[76059,1]
	[76093,1]
	[76091,1]
	[76148,1]
	[76180,1]
	[76246,1]
	[76358,1]
	[76316,1]
	[75710,1]
	[456,86]
	[76138,1]
	[77578,1]
	[78387,1]
	[78369,1]
	[78457,1]
	[78422,1]
	[78521,1]
	[78557,1]
	[78612,1]
	[78601,1]
	[78335,1]
	[481,45]
	[476,25]
	[473,20]
	[77993,1]
	[78023,1]
	[78024,1]
	[78077,1]
	[78073,1]
	[78154,1]
	[78199,1]
	[79776,1]
	[80120,1]
	[80497,1]
	[80574,1]
	[428,17]
	[426,19]
	[80723,1]
	[80806,1]
	[80487,1]
	[482,33]
	[503,103]
	[499,125]
	[498,81]
	[504,98]
	[80395,1]
	[497,78]
	[506,118]
	[500,97]
	[502,95]
	[81466,1]
	[469,27]
	[475,14]
	[477,30]
	[478,41]
	[429,83]
	[82469,1]
	[459,103]
	[83968,1]
	[427,78]
	[431,99]
	[433,119]
	[84700,1]
	[82652,1]
	[460,78]
	[505,98]
	[501,91]
	[83996,1]
	[474,4]
	[85227,1]
	[85233,1]
	[85214,1]
	[85213,1]
	[461,73]
	[462,62]
	[85526,1]
	[86509,1]
	[87005,1]
	[425,68]
	[496,71]
	[466,30]
	[85080,1]
	[84765,1]
	[463,80]
	[84928,1]
	[85330,1]
	[86140,1]
	[480,37]
	[479,38]
	[484,60]
	[87181,1]
	[430,11]
	[87241,1]
	[87278,1]
	[519,81]
	[87406,1]
	[87408,1]
	[87297,1]
	[86998,1]
	[465,47]
	[85647,1]
	[492,86]
	[85487,1]
	[509,147]
	[85928,1]
	[508,114]
	[86656,1]
	[86989,1]
	[483,35]
	[487,75]
	[491,77]
	[490,55]
	[467,26]
	[87289,1]
	[87354,1]
	[87357,1]
	[468,23]
	[87331,1]
	[86948,1]
	[472,13]
	[86358,1]
	[85947,1]
	[512,80]
	[516,90]
	[86031,1]
	[86051,1]
	[510,114]
	[86422,1]
	[511,89]
	[493,68]
	[515,117]
	[87783,1]
	[86774,1]
	[86144,1]
	[85776,1]
	[85820,1]
	[470,17]
	[85814,1]
	[85838,1]
	[85149,1]
	[84126,1]
	[513,84]
	[83733,1]
	[518,75]
	[85018,1]
	[85072,1]
	[85170,1]
	[423,50]
	[84515,1]
	[84510,1]
	[82960,2]
	[82915,1]
	[83007,2]
	[83049,1]
	[83024,1]
	[82699,1]
	[82697,1]
	[82927,1]
	[82957,1]
	[80955,1]
	[80910,1]
	[80630,1]
	[80734,1]
	[81324,1]
	[81312,1]
	[81422,1]
	[81410,1]
	[81533,2]
	[81524,1]
	[81560,1]
	[432,21]
	[80908,1]
	[79973,1]
	[79644,1]
	[79341,1]
	[79347,2]
	[79941,1]
	[80041,2]
	[80040,1]
	[80068,1]
	[80075,1]
	[80093,1]
	[80091,1]
	[80126,1]
	[80215,1]
	[80175,1]
	[80209,1]
	[80229,1]
	[80031,1]
	[79318,1]
	[79296,1]
	[79381,1]
	[79435,1]
	[439,135]
	[79592,1]
	[79637,1]
	[79635,2]
	[79683,1]
	[79681,1]
	[80077,1]
	[80061,1]
	[80107,1]
	[80220,1]
	[80355,1]
	[80290,1]
	[80379,1]
	[80377,1]
	[80404,2]
	[80405,1]
	[80414,1]
	[80439,1]
	[80486,1]
	[80492,1]
	[80619,1]
	[80712,2]
	[80713,1]
	[80775,1]
	[80819,1]
	[80816,1]
	[80817,1]
	[81055,1]
	[81105,1]
	[81114,1]
	[81115,1]
	[81125,1]
	[81103,1]
	[81175,1]
	[81176,1]
	[81248,1]
	[81233,1]
	[81264,1]
	[81265,1]
	[81507,1]
	[81511,1]
	[81497,1]
	[81535,1]
	[81628,1]
	[81665,1]
	[81683,1]
	[81688,1]
	[81682,1]
	[81737,2]
	[81752,1]
	[81831,1]
	[81832,1]
	[82108,1]
	[82114,1]
	[82115,1]
	[82117,1]
	[82119,1]
	[82253,1]
	[82282,1]
	[82419,1]
	[82577,1]
	[82621,1]
	[82659,1]
	[82676,1]
	[82740,1]
	[82820,1]
	[82818,1]
	[82727,1]
	[82721,1]
	[82695,1]
	[82962,1]
	[82938,1]
	[83019,1]
	[83020,1]
	[83025,1]
	[83226,1]
	[83205,1]
	[83198,1]
	[83216,2]
	[83292,1]
	[83338,1]
	[83419,1]
	[83427,1]
	[83449,1]
	[83586,1]
	[83799,1]
	[83797,1]
	[83792,1]
	[83826,1]
	[83854,1]
	[83910,1]
	[83907,1]
	[83966,1]
	[83933,1]
	[84152,1]
	[84108,1]
	[84062,1]
	[84065,1]
	[84078,1]
	[84150,1]
	[84095,1]
	[84158,1]
	[84317,1]
	[84286,1]
	[84269,1]
	[84348,2]
	[84323,1]
	[488,79]
	[86236,1]
	[86183,1]
	[86458,1]
	[86453,1]
	[86459,1]
	[86482,1]
	[86419,1]
	[86472,1]
	[85890,1]
	[86050,1]
	[86065,1]
	[86129,1]
	[87616,1]
	[494,93]
	[88258,1]
	[88608,1]
	[88623,1]
	[88714,2]
	[88717,1]
	[88716,1]
	[88660,1]
	[88699,1]
	[88027,1]
	[88122,1]
	[88130,1]
	[88225,1]
	[89067,1]
	[89416,1]
	[90845,1]
	[90903,1]
	[530,22]
	[533,23]
	[555,10]
	[556,21]
	[557,14]
	[550,6]
	[552,6]
	[91313,1]
	[91273,1]
	[554,26]
	[549,3]
	[92068,1]
	[92013,1]
	[517,105]
	[92166,1]
	[92219,1]
	[514,51]
	[92641,1]
	[92996,1]
	[93037,1]
	[94175,1]
	[539,11]
	[559,38]
	[93415,1]
	[558,19]
	[93478,1]
	[564,47]
	[94259,1]
	[526,45]
	[565,40]
	[561,43]
	[95203,1]
	[95967,1]
	[96265,1]
	[520,74]
	[96387,1]
	[96319,1]
	[96424,1]
	[521,71]
	[563,80]
	[562,44]
	[96204,1]
	[97311,1]
	[97310,1]
	[97745,1]
	[98707,1]
	[98755,1]
	[98811,1]
	[98854,1]
	[522,68]
	[98846,1]
	[98878,1]
	[98898,1]
	[98925,1]
	[586,7]
	[98954,1]
	[98313,1]
	[97247,1]
	[567,46]
	[566,59]
	[98907,1]
	[99322,1]
	[529,15]
	[99390,1]
	[99386,1]
	[99328,1]
	[543,3]
	[99351,1]
	[99352,1]
	[99451,1]
	[99405,1]
	[525,48]
	[523,40]
	[98793,1]
	[98431,1]
	[98430,1]
	[97090,1]
	[570,87]
	[571,49]
	[98172,1]
	[568,55]
	[569,49]
	[546,2]
	[99403,1]
	[98634,1]
	[98388,1]
	[98390,1]
	[527,15]
	[98619,1]
	[98225,1]
	[98234,1]
	[96120,1]
	[96134,1]
	[572,31]
	[96771,1]
	[576,46]
	[97667,1]
	[97663,1]
	[97025,1]
	[485,41]
	[95283,1]
	[528,18]
	[95504,1]
	[95459,1]
	[95178,1]
	[94000,1]
	[93967,1]
	[94362,1]
	[94478,1]
	[94517,1]
	[486,66]
	[94196,1]
	[93473,1]
	[92464,1]
	[489,105]
	[92213,1]
	[92206,1]
	[92264,1]
	[92231,1]
	[92376,1]
	[92374,1]
	[92295,1]
	[92287,1]
	[92413,1]
	[92962,1]
	[93049,1]
	[92976,1]
	[92975,2]
	[93055,1]
	[91479,1]
	[90896,1]
	[90907,1]
	[91138,1]
	[544,1]
	[91658,1]
	[91662,1]
	[91748,1]
	[91802,1]
	[91716,1]
	[90618,1]
	[531,28]
	[90034,1]
	[90162,1]
	[90159,1]
	[90236,1]
	[90301,1]
	[90389,1]
	[90365,2]
	[90354,1]
	[90527,1]
	[90677,1]
	[90627,1]
	[90632,1]
	[90330,1]
	[90143,1]
	[90199,1]
	[90154,1]
	[90198,1]
	[90281,1]
	[90270,1]
	[90304,1]
	[90363,1]
	[90427,1]
	[90438,1]
	[90482,1]
	[90542,1]
	[90605,1]
	[90607,1]
	[90590,1]
	[90628,1]
	[90702,1]
	[90656,1]
	[90657,1]
	[90831,1]
	[90829,1]
	[90931,2]
	[90958,1]
	[90968,1]
	[91022,1]
	[90978,1]
	[90926,1]
	[90893,1]
	[90946,1]
	[91193,1]
	[91183,1]
	[91187,1]
	[91137,1]
	[91230,1]
	[91260,1]
	[91306,1]
	[91310,1]
	[91404,1]
	[91419,2]
	[91480,1]
	[91621,1]
	[91723,1]
	[91728,1]
	[91811,1]
	[91829,1]
	[91823,1]
	[91891,1]
	[91905,1]
	[91917,1]
	[91897,1]
	[91945,1]
	[92039,1]
	[92083,1]
	[92116,2]
	[92097,1]
	[92069,1]
	[92135,1]
	[92133,1]
	[92107,1]
	[92240,1]
	[92272,1]
	[92266,1]
	[92329,2]
	[92304,1]
	[92319,1]
	[92343,1]
	[92327,1]
	[92435,1]
	[92431,1]
	[92433,1]
	[92709,1]
	[92708,1]
	[92682,1]
	[92814,1]
	[92886,1]
	[92884,1]
	[92883,1]
	[92979,1]
	[93115,1]
	[532,4]
	[93199,1]
	[93281,1]
	[93365,1]
	[93296,1]
	[93304,1]
	[93318,1]
	[93460,1]
	[93484,1]
	[93670,1]
	[93482,1]
	[536,7]
	[93678,1]
	[93674,1]
	[93666,1]
	[93737,1]
	[93673,1]
	[93684,1]
	[93688,1]
	[93738,1]
	[93829,1]
	[93918,1]
	[93998,1]
	[94036,1]
	[541,14]
	[540,9]
	[94066,1]
	[94096,1]
	[94095,1]
	[94191,1]
	[94262,1]
	[94373,1]
	[94368,1]
	[94397,1]
	[94571,1]
	[94809,1]
	[94802,2]
	[94800,1]
	[94749,1]
	[94777,1]
	[94832,1]
	[94955,1]
	[95735,1]
	[96047,1]
	[538,10]
	[96664,1]
	[96731,1]
	[96734,1]
	[96740,1]
	[96819,1]
	[96904,1]
	[96874,1]
	[96814,1]
	[96943,1]
	[96945,1]
	[96432,1]
	[96745,1]
	[96933,1]
	[97674,1]
	[98771,1]
	[98928,1]
	[99175,1]
	[99226,1]
	[99221,1]
	[99167,1]
	[99230,1]
	[98985,1]
	[98724,1]
	[584,15]
	[98693,1]
	[98690,1]
	[98736,1]
	[98804,1]
	[99321,1]
	[100121,1]
	[101263,1]
	[101406,1]
	[101588,1]
	[101574,1]
	[101710,1]
	[101276,1]
	[100967,1]
	[619,27]
	[611,26]
	[608,9]
	[612,25]
	[101210,1]
	[605,6]
	[606,21]
	[610,7]
	[604,4]
	[602,7]
	[609,27]
	[583,45]
	[588,3]
	[589,7]
	[102626,1]
	[102592,1]
	[102693,1]
	[102651,1]
	[102984,1]
	[103952,1]
	[104639,1]
	[104634,1]
	[545,3]
	[104977,1]
	[542,2]
	[548,5]
	[551,2]
	[105327,1]
	[104832,1]
	[598,8]
	[642,1]
	[640,2]
	[615,40]
	[104125,1]
	[616,28]
	[617,29]
	[618,26]
	[614,23]
	[105996,1]
	[106000,1]
	[592,5]
	[593,2]
	[106767,1]
	[573,39]
	[579,23]
	[106967,1]
	[106927,1]
	[106983,1]
	[574,48]
	[108066,1]
	[622,29]
	[620,20]
	[621,35]
	[590,1]
	[108516,1]
	[607,10]
	[535,18]
	[109210,1]
	[599,4]
	[109810,1]
	[603,7]
	[575,34]
	[110199,1]
	[537,7]
	[109412,1]
	[108695,1]
	[108388,1]
	[624,12]
	[107897,1]
	[108116,1]
	[108187,1]
	[108236,1]
	[108577,1]
	[109681,1]
	[110020,1]
	[110316,1]
	[110653,1]
	[110625,1]
	[110663,1]
	[578,45]
	[110759,1]
	[577,31]
	[110069,1]
	[109678,1]
	[108985,1]
	[108940,1]
	[108366,1]
	[108331,1]
	[108332,1]
	[108291,1]
	[625,11]
	[108517,1]
	[623,6]
	[109139,1]
	[110233,1]
	[110497,1]
	[110771,1]
	[110554,1]
	[585,17]
	[580,19]
	[110585,1]
	[110769,1]
	[110734,1]
	[582,15]
	[110477,1]
	[110047,1]
	[108403,1]
	[628,1]
	[629,6]
	[108410,1]
	[108513,1]
	[108511,1]
	[108563,1]
	[636,1]
	[596,1]
	[108954,1]
	[108551,1]
	[107657,1]
	[107813,1]
	[107812,1]
	[107866,1]
	[107863,1]
	[107744,1]
	[107388,1]
	[106630,1]
	[105582,1]
	[105604,1]
	[105558,1]
	[105394,1]
	[627,1]
	[626,4]
	[105402,1]
	[631,6]
	[105961,1]
	[106868,1]
	[106917,2]
	[105475,1]
	[104580,1]
	[587,1]
	[104704,1]
	[104734,1]
	[104703,1]
	[104340,1]
	[104331,1]
	[103931,1]
	[103591,1]

1540,
	[700,1]
	[3,7]
	[4,13]
	[1,355]
	[4462,1]
	[38,42]
	[82,3]
	[5,306]
	[27,1]
	[53,1]
	[67,1]
	[66,1]
	[30,3]
	[72,5]
	[69,2]
	[83,3]
	[28,2]
	[36,53]
	[61,4]
	[64,2]
	[73,2]
	[63,2]
	[990,1]
	[84,2]
	[42,1]
	[102,3]
	[23724,1]
	[128,3]
	[50,1]
	[104,1]
	[108,1]
	[26723,1]
	[151,2]
	[49,2]
	[150,4]
	[35,25]
	[37,61]
	[163,4]
	[132,1]
	[169,3]
	[218,1]
	[62,3]
	[140,7]
	[2,11]
	[194,1]
	[155,5]
	[154,3]
	[190,1]
	[98,1]
	[71,1]
	[18,1]
	[160,4]
	[177,4]
	[6,20]
	[81,4]
	[158,5]
	[161,3]
	[92,3]
	[39,16]
	[56,21]
	[136,5]
	[172,3]
	[100,1]
	[134,1]
	[125,4]
	[139,1]
	[59,10]
	[175,4]
	[189,3]
	[126,1]
	[141,3]
	[185,2]
	[187,1]
	[119,2]
	[186,1]
	[42514,1]
	[195,2]
	[142,4]
	[198,2]
	[143,1]
	[212,3]
	[45,2]
	[58,19]
	[214,1]
	[23,2]
	[159,6]
	[50124,1]
	[178,2]
	[167,1]
	[70,1]
	[137,2]
	[54,4]
	[173,1]
	[49598,1]
	[57,28]
	[157,7]
	[24,1]
	[138,5]
	[88,1]
	[52195,1]
	[274,2]
	[55,12]
	[156,9]
	[330,1]
	[268,1]
	[201,5]
	[202,1]
	[265,2]
	[197,3]
	[21,1]
	[75,1]
	[266,1]
	[331,1]
	[7,3]
	[148,1]
	[89,1]
	[59324,1]
	[176,3]
	[251,1]
	[181,1]
	[254,2]
	[188,4]
	[192,3]
	[135,1]
	[97,1]
	[318,2]
	[203,1]
	[228,1]
	[211,1]
	[208,1]
	[300,1]
	[388,1]
	[90,2]
	[13,2]
	[15,1]
	[26,2]
	[68,1]
	[329,2]
	[260,1]
	[333,1]
	[273,3]
	[77,2]
	[240,2]
	[308,1]
	[180,2]
	[80,1]
	[244,1]
	[339,1]
	[319,1]
	[91,1]
	[65,2]
	[354,1]
	[298,1]
	[204,2]
	[183,2]
	[293,1]
	[41,1]
	[95,1]
	[257,1]
	[423,1]
	[60,1]
	[433,1]
	[345,1]
	[381,2]
	[430,1]
	[9,1]
	[153,1]
	[323,1]
	[241,1]
	[105,1]
	[342,2]
	[109,1]
	[80628,1]
	[145,1]
	[344,1]
	[389,1]
	[113,1]
	[302,1]
	[255,1]
	[307,1]
	[374,2]
	[252,1]
	[387,1]
	[407,2]
	[338,2]
	[312,1]
	[122,1]
	[340,1]
	[285,1]
	[40,2]
	[395,1]
	[311,1]
	[86254,1]
	[199,2]
	[130,1]
	[170,1]
	[454,2]
	[351,1]
	[438,2]
	[149,1]
	[431,1]
	[434,1]
	[481,1]
	[99420,1]
	[442,3]
	[33,2]
	[144,1]
	[179,1]
	[465,1]
	[11,1]
	[464,1]
	[501,1]
	[287,1]
	[32,1]
	[324,1]
	[443,1]
	[152,2]
	[380,1]
	[12,1]
	[304,1]
	[332,1]
	[402,1]
	[384,1]
	[427,1]
	[86,1]
	[448,1]
	[238,1]
	[209,2]
	[200,2]
	[536,1]
	[551,1]
	[25,1]
	[386,1]
	[579,1]
	[421,1]
	[548,1]
	[478,1]
	[506,2]
	[17,1]
	[495,1]
	[482,1]
	[432,1]
	[104898,1]

1480,
	[41,1]
	[63,1]
	[42,1]
	[116,1]
	[177,1]
	[104,1]
	[16,1]
	[25,1]

len(carl_order):
45
Printing carl assignment order:
1540,1,0.2550287356321839
1552,1,0.2474302496328928
1540,5,0.08243639921722114
1552,5,0.0778105056455572
1556,4,0.07095648981090509
1552,6,0.04519774011299435
1556,5,0.03117144293614882
1540,6,0.02857142857142857
1556,58,0.018278718041051495
1556,253,0.016217020432453877
1480,42,0.0136986301369863
1480,177,0.0136986301369863
1552,59,0.012959035982362248
1536,1,0.012670229270815377
1540,59,0.010821511052457935
1552,171,0.010058675607711651
1552,205,0.009268795056642637
1556,282,0.008620689655172414
1540,62,0.007619047619047619
1540,212,0.006397418780596351
1532,2,0.005595683966470483
1540,506,0.005164622336991607
1552,265,0.0042884990253411305
1540,551,0.003787878787878788
1556,712,0.003121748178980229
1552,434,0.0029797377830750892
1532,624,0.002409319379122615
1536,626,0.00239128000781518
1540,579,0.002380952380952381
1532,625,0.002245508982035928
1536,631,0.0019136139967195188
1552,494,0.001774622892635315
1552,528,0.0017301038062283738
1532,631,0.001252975817566721
1540,700,0.0005903187721369539
1536,642,0.0003758691975192633
1540,990,0.0002652519893899204
1532,648,0.00013344602108447134
1536,797,2.6785594707166486e-05
1540,4462,2.4001536098310292e-05
1552,85190,2.041683521189485e-05
1536,1010,1.9577836583798034e-05
1540,104898,1.7562907140120066e-05
1532,110894,1.4729477742263866e-05
1536,110771,1.4667338127525708e-05
bin_width: 2631268
assigning lease 1 to address 1540
Average Cache Occupancy Per Bin: [0.02,0.02,0.03,0.02,0.02]
Total cost: 68864.0
assigning lease 1 to address 1552
Average Cache Occupancy Per Bin: [0.05,0.04,0.06,0.05,0.04]
Total cost: 150784.0
assigning lease 5 to address 1540
Average Cache Occupancy Per Bin: [0.13,0.10,0.15,0.14,0.12]
Total cost: 348160.0
assigning lease 5 to address 1552
Average Cache Occupancy Per Bin: [0.22,0.17,0.25,0.21,0.19]
Total cost: 582656.0
assigning lease 4 to address 1556
Average Cache Occupancy Per Bin: [0.44,0.38,0.46,0.43,0.39]
Total cost: 1176832.0
assigning lease 6 to address 1552
Average Cache Occupancy Per Bin: [0.46,0.39,0.47,0.45,0.40]
Total cost: 1216256.0
assigning lease 5 to address 1556
Average Cache Occupancy Per Bin: [0.50,0.43,0.51,0.48,0.44]
Total cost: 1323776.0
assigning lease 6 to address 1540
Average Cache Occupancy Per Bin: [0.51,0.45,0.52,0.50,0.45]
Total cost: 1354496.0
assigning lease 58 to address 1556
Average Cache Occupancy Per Bin: [1.87,1.93,1.77,1.84,1.77]
Total cost: 4934656.0
assigning lease 253 to address 1556
Average Cache Occupancy Per Bin: [2.53,2.81,2.55,2.70,2.51]
Total cost: 6675200.0
assigning lease 42 to address 1480
Average Cache Occupancy Per Bin: [2.53,2.82,2.57,2.71,2.51]
Total cost: 6675200.0
assigning lease 177 to address 1480
Average Cache Occupancy Per Bin: [2.53,2.82,2.59,2.71,2.51]
Total cost: 6675200.0
assigning lease 59 to address 1552
Average Cache Occupancy Per Bin: [3.13,3.42,3.22,3.31,2.98]
Total cost: 8244224.0
assigning lease 1 to address 1536
Average Cache Occupancy Per Bin: [3.57,3.88,3.67,3.76,3.44]
Total cost: 9399552.0
assigning lease 59 to address 1540
Average Cache Occupancy Per Bin: [4.09,4.42,4.25,4.45,4.05]
Total cost: 10773248.0
assigning lease 171 to address 1552
Average Cache Occupancy Per Bin: [4.56,4.82,4.67,5.01,4.39]
Total cost: 12019968.0
assigning lease 205 to address 1552
Average Cache Occupancy Per Bin: [4.61,4.86,4.71,5.05,4.41]
Total cost: 12156160.0
assigning lease 282 to address 1556
Average Cache Occupancy Per Bin: [4.62,4.86,4.71,5.05,4.41]
Total cost: 12178432.0
assigning lease 62 to address 1540
Average Cache Occupancy Per Bin: [4.65,4.88,4.73,5.08,4.43]
Total cost: 12236288.0
assigning lease 212 to address 1540
Average Cache Occupancy Per Bin: [5.21,5.54,5.25,6.07,5.19]
Total cost: 13733632.0
assigning lease 2 to address 1532
Average Cache Occupancy Per Bin: [6.10,6.42,6.11,6.93,6.07]
Total cost: 16052992.0
assigning lease 506 to address 1540
Average Cache Occupancy Per Bin: [6.27,6.61,6.35,7.56,6.65]
Total cost: 16506624.0
assigning lease 265 to address 1552
Average Cache Occupancy Per Bin: [6.34,6.66,6.40,7.62,6.67]
Total cost: 16685312.0
assigning lease 551 to address 1540
Average Cache Occupancy Per Bin: [6.36,6.68,6.40,7.63,6.69]
Total cost: 16754432.0
assigning lease 712 to address 1556
Average Cache Occupancy Per Bin: [6.46,6.68,6.40,7.63,6.69]
Total cost: 17000448.0
assigning lease 434 to address 1552
Average Cache Occupancy Per Bin: [6.60,6.73,6.49,7.79,6.74]
Total cost: 17375488.0
assigning lease 624 to address 1532
Average Cache Occupancy Per Bin: [95.6,147.,183.,211.,237.]
Total cost: 251665920.0
assigning lease 626 to address 1536
Average Cache Occupancy Per Bin: [186.,294.,366.,423.,477.]
Total cost: 489487872.0
assigning lease 579 to address 1540
Average Cache Occupancy Per Bin: [186.,294.,366.,423.,477.]
Total cost: 489530880.0
assigning lease 625 to address 1532
Average Cache Occupancy Per Bin: [186.,294.,366.,423.,477.]
Total cost: 489604352.0
assigning lease 631 to address 1536
Average Cache Occupancy Per Bin: [186.,294.,366.,423.,477.]
Total cost: 490003712.0
assigning lease 494 to address 1552
Average Cache Occupancy Per Bin: [186.,295.,366.,423.,477.]
Total cost: 490111232.0
assigning lease 528 to address 1552
Average Cache Occupancy Per Bin: [186.,295.,366.,423.,477.]
Total cost: 490172160.0
assigning lease 631 to address 1532
Average Cache Occupancy Per Bin: [186.,295.,366.,424.,477.]
Total cost: 490612992.0
assigning lease 700 to address 1540
Average Cache Occupancy Per Bin: [186.,295.,366.,424.,477.]
Total cost: 490798848.0
assigning lease 642 to address 1536
Average Cache Occupancy Per Bin: [186.,295.,367.,424.,478.]
Total cost: 491674880.0
assigning lease 990 to address 1540
Average Cache Occupancy Per Bin: [186.,295.,367.,424.,478.]
Total cost: 492046080.0
assigning lease 648 to address 1532
Average Cache Occupancy Per Bin: [187.,296.,367.,424.,478.]
Total cost: 493295104.0
assigning lease 797 to address 1536
Average Cache Occupancy Per Bin: [192.,300.,372.,429.,482.]
Total cost: 505523200.0
assigning lease 4462 to address 1540
Average Cache Occupancy Per Bin: [193.,301.,372.,430.,483.]
Total cost: 509078528.0
assigning lease 85190 to address 1552
Average Cache Occupancy Per Bin: [205.,318.,386.,462.,483.]
Total cost: 541287936.0
assigning lease 1010 to address 1536
Average Cache Occupancy Per Bin: [211.,324.,392.,468.,488.]
Total cost: 557745664.0
assigning lease 104898 to address 1540
Average Cache Occupancy Per Bin: [219.,343.,392.,492.,498.]
Total cost: 578116864.0
addr: 1532 ri: 110894
bin target: 1347209216
	bin: 0.0 current capacity: 219.71036929723616  avg impact: 845.7171280158464
	bin: 1.0 current capacity: 343.1696778891394  avg impact: 1429.5020043568347
	bin: 2.0 current capacity: 392.9894423525084  avg impact: 1947.4829990711703
	bin: 3.0 current capacity: 492.92191597359147  avg impact: 2044.0413063207548
	bin: 4.0 current capacity: 498.6985012549083  avg impact: 2452.151890267354
num_full_bins: 0
printing bin ranks sorted:
	bin: 4.0 rank: 0.005424418771889975
	selecting this^ bin
	bin: 3.0 rank: 0.009333511983057152
	bin: 2.0 rank: 0.06110993405552313
	bin: 1.0 rank: 0.11810429198161299
	bin: 0.0 rank: 0.34561157746504473
acceptable_ratio: 0.005424418771889975
Assigning 1532 dual lease lease 110894 * 0.005424418771889975. Bin saturation: [224.,350.,403.,504.,512.]
addr: 1536 ri: 110771
bin target: 1347209216
	bin: 0.0 current capacity: 224.2978931621542  avg impact: 869.7904493194916
	bin: 1.0 current capacity: 350.9238953960269  avg impact: 1469.532979536862
	bin: 2.0 current capacity: 403.5534056906066  avg impact: 2163.0924345220633
	bin: 3.0 current capacity: 504.0096520061162  avg impact: 2375.8819732539596
	bin: 4.0 current capacity: 512.0  avg impact: 2640.3547977629037
num_full_bins: 1
printing bin ranks sorted:
	bin: 4.0 rank: 0.0
	bin: 3.0 rank: 0.003363108135771731
	bin: 2.0 rank: 0.050134979244821194
	bin: 1.0 rank: 0.10961040469791825
	bin: 0.0 rank: 0.3307717474512841
acceptable_ratio: 0
Final saturation:
	0.0,590187868.7449951
	1.0,923374816.390913
	2.0,1061857162.6847111
	3.0,1326184469.0148294
	4.0,1347209216.0
DUMP LEASES
0, 614, 2c8, 0, 1 
0, 5fc, 288, 1b12e, 0.9945755812281101 
0, 610, 14cc6, 0, 1 
0, 600, 3f2, 0, 1 
0, 604, 199c2, 0, 1 
0, 5c8, b1, 0, 1 
Dump dual leases

