sample rate: 0.00390625
1452,
	[1,41]
	[3,58]
	[2,272]
	[18,4]
	[20,2]
	[19,1]
	[5,20]
	[4,267]
	[27,1]
	[24,4]
	[5432,1]
	[45,1]
	[276,1]
	[35,2]
	[40,1]
	[8020,1]
	[387,1]
	[8469,1]
	[48,26]
	[9615,1]
	[44,1]
	[11441,1]
	[53,1]
	[60,1]
	[64,3]
	[66,2]
	[120,2]
	[70,3]
	[71,1]
	[77,2]
	[78,1]
	[82,1]
	[85,3]
	[15989,1]
	[88,2]
	[15,1]
	[90,2]
	[17452,1]
	[89,1]
	[91,3]
	[99,3]
	[100,7]
	[80,1]
	[86,1]
	[57,3]
	[104,5]
	[114,5]
	[62,1]
	[108,3]
	[157,1]
	[161,2]
	[112,1]
	[130,1]
	[119,3]
	[33,2]
	[121,2]
	[132,3]
	[24299,1]
	[183,2]
	[135,1]
	[133,1]
	[141,1]
	[143,1]
	[147,1]
	[196,2]
	[146,2]
	[199,1]
	[137,1]
	[42,2]
	[31794,1]
	[131,3]
	[11,2]
	[138,1]
	[105,4]
	[55,1]
	[102,12]
	[29093,1]
	[61,1]
	[49,19]
	[115,1]
	[101,7]
	[103,11]
	[63,1]
	[52,4]
	[47,10]
	[73,2]
	[128,2]
	[127,3]
	[168,3]
	[129,1]
	[117,1]
	[31,2]
	[23,2]
	[30,2]
	[163,1]
	[41,1]
	[6,1]
	[38580,1]
	[136,2]
	[37,1]
	[139,1]
	[87,1]
	[92,1]
	[93,1]
	[148,1]
	[151,2]
	[149,1]
	[50,12]
	[46,2]
	[155,1]
	[154,1]
	[186,1]
	[58,2]
	[97,3]
	[195,2]
	[8,1]
	[54,1]
	[9,1]
	[200,1]
	[94,1]
	[67,1]
	[171,1]
	[125,1]
	[173,1]
	[169,1]
	[176,1]
	[51,5]
	[175,3]
	[184,1]
	[180,1]
	[98,3]
	[84,1]
	[181,1]
	[185,1]
	[43090,1]
	[83,1]
	[229,2]
	[56,1]
	[188,1]
	[189,1]
	[28,1]
	[224,1]
	[230,1]
	[222,1]
	[96,2]
	[204,1]
	[106,1]
	[118,1]
	[113,1]
	[250,1]
	[68,1]
	[254,1]
	[126,2]
	[251,1]
	[22,1]
	[263,1]

1460,
	[2,410]
	[10,24]
	[5,39]
	[8,28]
	[4,29]
	[3,21]
	[151,3]
	[7,24]
	[9,28]
	[12,26]
	[11,25]
	[23,25]
	[18,15]
	[15,23]
	[30,21]
	[22,29]
	[16,26]
	[21,20]
	[6,21]
	[17,25]
	[13,34]
	[34,28]
	[25,19]
	[20,25]
	[303,1]
	[26,16]
	[28,28]
	[19,20]
	[29,25]
	[35,20]
	[1,69]
	[65,13]
	[27,15]
	[43,19]
	[41,18]
	[33,23]
	[24,15]
	[31,15]
	[40,17]
	[69,14]
	[76,12]
	[49,54]
	[92,10]
	[58,17]
	[45,15]
	[93,11]
	[32,20]
	[91,16]
	[44,13]
	[59,11]
	[46,21]
	[66,11]
	[37,18]
	[48,44]
	[63,9]
	[87,11]
	[61,14]
	[38,17]
	[14,22]
	[39,10]
	[53,14]
	[36,20]
	[67,4]
	[52,13]
	[70,11]
	[79,15]
	[51,12]
	[47,20]
	[56,11]
	[82,8]
	[72,7]
	[147,5]
	[57,9]
	[89,14]
	[120,2]
	[102,26]
	[60,18]
	[50,27]
	[54,12]
	[164,3]
	[106,2]
	[73,5]
	[127,6]
	[77,6]
	[42,16]
	[105,10]
	[162,2]
	[71,13]
	[112,4]
	[97,6]
	[78,9]
	[104,19]
	[83,9]
	[80,8]
	[74,5]
	[107,4]
	[117,2]
	[86,10]
	[81,11]
	[75,9]
	[131,2]
	[95,9]
	[84,6]
	[90,16]
	[68,8]
	[62,11]
	[96,9]
	[85,17]
	[55,12]
	[94,10]
	[114,4]
	[113,5]
	[101,11]
	[172,1]
	[109,3]
	[103,37]
	[130,4]
	[88,11]
	[133,3]
	[115,7]
	[125,4]
	[144,4]
	[134,2]
	[121,3]
	[128,1]
	[99,6]
	[100,4]
	[119,4]
	[64,5]
	[123,3]
	[98,2]
	[143,7]
	[122,5]
	[136,4]
	[110,5]
	[140,4]
	[154,2]
	[118,6]
	[124,1]
	[176,2]
	[186,3]
	[179,2]
	[178,3]
	[116,2]
	[168,3]
	[175,3]
	[139,3]
	[177,4]
	[135,3]
	[159,3]
	[158,2]
	[184,2]
	[170,1]
	[161,3]
	[166,4]
	[149,5]
	[150,2]
	[108,3]
	[183,4]
	[173,3]
	[155,1]
	[153,2]
	[152,2]
	[145,2]
	[141,2]
	[167,3]
	[222,1]
	[205,1]
	[148,5]
	[188,2]
	[146,4]
	[181,2]
	[225,2]
	[232,3]
	[228,3]
	[163,1]
	[160,1]
	[200,2]
	[185,3]
	[196,1]
	[199,2]
	[169,2]
	[180,3]
	[137,1]
	[191,3]
	[190,2]
	[195,2]
	[138,3]
	[210,1]
	[247,2]
	[187,3]
	[201,1]
	[241,2]
	[257,2]
	[240,1]
	[236,1]
	[212,1]
	[198,2]
	[197,2]
	[204,3]
	[206,1]
	[189,1]
	[234,2]
	[223,3]
	[214,1]
	[209,2]
	[220,1]
	[226,3]
	[227,1]
	[192,1]
	[230,1]
	[165,1]
	[221,1]
	[224,1]
	[306,1]
	[263,1]
	[216,2]
	[282,1]
	[255,1]
	[254,1]
	[292,1]
	[266,1]
	[273,1]
	[276,1]
	[265,1]
	[129,1]
	[215,1]
	[207,2]
	[275,1]
	[182,1]
	[239,1]
	[111,1]
	[211,1]
	[258,1]
	[156,1]
	[219,1]
	[126,1]
	[233,1]
	[235,1]

1456,
	[3,10]
	[309,10]
	[311,58]
	[280,96]
	[236,120]
	[4,10]
	[1,242]
	[10,8]
	[671,1]
	[6,15]
	[456,1]
	[656,1]
	[585,1]
	[8,8]
	[657,1]
	[679,1]
	[638,2]
	[1026,1]
	[2148,1]
	[2086,1]
	[18,7]
	[2253,1]
	[2165,1]
	[1349,1]
	[2244,1]
	[1252,1]
	[1142,1]
	[1266,1]
	[1227,1]
	[9,10]
	[1394,1]
	[7,3]
	[1379,1]
	[1571,1]
	[1466,1]
	[1470,1]
	[1546,1]
	[1479,1]
	[1488,1]
	[1513,1]
	[1612,1]
	[1613,1]
	[1616,1]
	[1618,2]
	[1680,1]
	[1692,1]
	[14,9]
	[1881,1]
	[15,6]
	[2051,1]
	[11,3]
	[100,30]
	[16,3]
	[2366,1]
	[2439,1]
	[26,16]
	[12,11]
	[2517,1]
	[117,43]
	[2551,1]
	[21,9]
	[2872,1]
	[2873,1]
	[2908,1]
	[3136,1]
	[2,21]
	[3187,1]
	[20,8]
	[17,11]
	[3434,1]
	[3838,1]
	[19,15]
	[3941,1]
	[4079,1]
	[174,116]
	[38,16]
	[4262,1]
	[4283,1]
	[23,6]
	[67,10]
	[66,40]
	[30,13]
	[6193,1]
	[6183,1]
	[190,119]
	[193,144]
	[5051,1]
	[33,18]
	[46,20]
	[22,9]
	[5728,1]
	[24,9]
	[5117,1]
	[68,41]
	[69,19]
	[59,23]
	[7439,1]
	[188,59]
	[5979,1]
	[27,15]
	[70,35]
	[95,25]
	[41,19]
	[7500,1]
	[7397,1]
	[25,13]
	[29,21]
	[6637,1]
	[96,28]
	[92,37]
	[7451,1]
	[226,153]
	[7760,1]
	[204,95]
	[28,17]
	[248,119]
	[48,18]
	[6289,1]
	[31,21]
	[5484,1]
	[5733,1]
	[6138,1]
	[47,25]
	[259,177]
	[37,18]
	[55,20]
	[6235,1]
	[32,13]
	[6110,1]
	[6119,1]
	[6354,1]
	[5906,1]
	[36,15]
	[53,20]
	[13,3]
	[6611,1]
	[35,18]
	[40,29]
	[43,28]
	[34,11]
	[54,8]
	[6736,1]
	[281,115]
	[7007,1]
	[7005,1]
	[6793,1]
	[44,28]
	[7287,1]
	[6789,1]
	[7279,1]
	[7034,1]
	[257,209]
	[6898,1]
	[39,13]
	[7551,1]
	[50,18]
	[42,20]
	[342,1]
	[8155,1]
	[312,66]
	[7705,1]
	[349,1]
	[8493,1]
	[63,12]
	[8634,1]
	[8332,1]
	[45,24]
	[367,1]
	[8872,1]
	[8592,1]
	[8582,1]
	[8293,1]
	[8399,1]
	[64,38]
	[51,27]
	[9161,1]
	[72,27]
	[8415,1]
	[76,23]
	[360,1]
	[378,1]
	[52,17]
	[71,19]
	[8732,1]
	[49,23]
	[9139,1]
	[8879,1]
	[8920,1]
	[9277,1]
	[9414,1]
	[9073,1]
	[9391,1]
	[9092,1]
	[379,1]
	[427,1]
	[75,23]
	[9924,1]
	[417,1]
	[58,36]
	[60,40]
	[9920,1]
	[409,4]
	[81,15]
	[10189,1]
	[73,12]
	[56,15]
	[9968,1]
	[10014,1]
	[77,17]
	[433,1]
	[426,1]
	[10067,1]
	[126,52]
	[10531,1]
	[108,34]
	[94,27]
	[105,34]
	[85,26]
	[84,18]
	[12180,1]
	[11824,1]
	[11820,1]
	[12194,1]
	[12632,1]
	[62,52]
	[61,15]
	[424,1]
	[11983,1]
	[499,1]
	[97,39]
	[93,25]
	[91,27]
	[90,18]
	[443,1]
	[430,1]
	[83,27]
	[14064,1]
	[459,1]
	[14116,1]
	[12119,1]
	[114,30]
	[11895,1]
	[57,8]
	[99,22]
	[116,37]
	[441,1]
	[14390,1]
	[14010,1]
	[467,1]
	[463,1]
	[452,1]
	[86,25]
	[98,23]
	[828,1]
	[14269,1]
	[500,1]
	[13490,1]
	[88,29]
	[103,28]
	[12354,1]
	[102,18]
	[104,23]
	[14589,1]
	[78,33]
	[15069,1]
	[501,2]
	[14393,1]
	[79,28]
	[13060,1]
	[508,1]
	[13083,1]
	[498,1]
	[13066,1]
	[13482,1]
	[13514,1]
	[80,25]
	[12168,1]
	[12217,1]
	[532,1]
	[11928,1]
	[12367,1]
	[531,1]
	[11949,1]
	[11971,1]
	[11996,1]
	[12005,1]
	[87,23]
	[12056,1]
	[518,1]
	[12492,1]
	[519,1]
	[545,1]
	[534,2]
	[547,1]
	[12209,1]
	[89,31]
	[12698,1]
	[542,1]
	[12326,1]
	[12306,1]
	[12356,1]
	[12386,1]
	[12427,1]
	[556,1]
	[12584,1]
	[13094,1]
	[13140,1]
	[12702,1]
	[65,3]
	[13183,1]
	[13199,1]
	[12919,1]
	[548,1]
	[82,21]
	[13363,1]
	[578,1]
	[13540,1]
	[13636,1]
	[13317,1]
	[101,13]
	[13550,1]
	[14121,1]
	[13680,1]
	[13726,1]
	[14288,1]
	[13872,1]
	[601,1]
	[74,25]
	[14020,1]
	[14316,1]
	[639,1]
	[14843,1]
	[14891,1]
	[14935,1]
	[15483,1]
	[653,1]
	[14978,1]
	[14977,1]
	[110,45]
	[107,30]
	[14999,1]
	[661,1]
	[682,1]
	[15696,1]
	[663,1]
	[109,31]
	[15237,1]
	[654,1]
	[15843,1]
	[15279,1]
	[15339,1]
	[15392,1]
	[672,1]
	[111,28]
	[667,1]
	[16144,1]
	[15584,1]
	[683,1]
	[15613,1]
	[15593,1]
	[124,44]
	[119,29]
	[16649,1]
	[16251,1]
	[694,1]
	[725,1]
	[16412,1]
	[17036,1]
	[113,31]
	[16496,1]
	[16517,1]
	[17159,1]
	[16530,1]
	[112,43]
	[714,1]
	[17217,1]
	[737,1]
	[717,1]
	[16848,1]
	[16871,1]
	[17484,1]
	[16876,1]
	[761,1]
	[106,19]
	[17781,1]
	[17810,1]
	[17947,1]
	[118,27]
	[115,37]
	[17424,1]
	[18346,1]
	[17789,1]
	[17864,1]
	[740,1]
	[17858,1]
	[153,34]
	[139,49]
	[18146,1]
	[140,74]
	[141,56]
	[19918,1]
	[152,66]
	[19262,1]
	[123,45]
	[19904,1]
	[19916,1]
	[20708,1]
	[120,26]
	[20161,1]
	[142,65]
	[1159,1]
	[145,38]
	[143,48]
	[1164,1]
	[150,44]
	[22179,1]
	[22386,1]
	[22071,1]
	[134,62]
	[20688,1]
	[144,97]
	[20687,1]
	[162,123]
	[170,81]
	[147,28]
	[166,104]
	[20933,1]
	[154,47]
	[21858,1]
	[127,56]
	[157,69]
	[132,68]
	[122,31]
	[23335,1]
	[805,1]
	[23389,1]
	[23891,1]
	[22871,1]
	[22543,1]
	[21451,1]
	[148,68]
	[21179,2]
	[149,22]
	[155,56]
	[146,39]
	[22274,2]
	[151,33]
	[24118,1]
	[125,52]
	[23860,1]
	[23923,1]
	[23976,1]
	[23393,1]
	[22748,1]
	[136,63]
	[129,21]
	[22059,1]
	[22429,1]
	[22432,1]
	[1185,1]
	[23116,1]
	[165,73]
	[23817,1]
	[133,36]
	[23019,1]
	[23435,1]
	[23050,1]
	[1200,1]
	[22751,1]
	[163,121]
	[171,73]
	[130,63]
	[21760,1]
	[22407,1]
	[121,43]
	[23206,1]
	[22459,1]
	[22283,1]
	[23000,1]
	[20867,1]
	[20233,1]
	[20966,1]
	[898,1]
	[894,1]
	[21318,1]
	[20588,1]
	[20571,1]
	[891,1]
	[20616,1]
	[20682,1]
	[128,60]
	[20672,1]
	[20722,1]
	[943,1]
	[138,31]
	[131,32]
	[21062,1]
	[21225,1]
	[21166,1]
	[21173,1]
	[903,1]
	[21204,1]
	[22017,1]
	[21219,1]
	[21345,1]
	[21414,1]
	[21435,1]
	[21528,1]
	[22369,1]
	[22545,1]
	[21729,1]
	[22086,1]
	[22275,1]
	[137,53]
	[22307,1]
	[22287,1]
	[22268,1]
	[22418,1]
	[22528,1]
	[22530,1]
	[22564,1]
	[22632,1]
	[22630,1]
	[22694,1]
	[22746,1]
	[22847,1]
	[22854,1]
	[22929,1]
	[23811,1]
	[22982,1]
	[135,46]
	[23225,1]
	[23215,1]
	[23203,1]
	[23191,1]
	[23317,1]
	[1028,1]
	[23533,1]
	[23595,1]
	[23567,1]
	[23928,1]
	[23957,2]
	[24007,1]
	[24025,2]
	[23995,1]
	[24012,1]
	[24364,1]
	[24476,1]
	[24557,1]
	[24683,1]
	[24781,1]
	[24820,1]
	[24953,1]
	[25248,1]
	[25212,1]
	[25215,1]
	[25238,1]
	[25245,1]
	[25217,1]
	[25264,1]
	[25287,1]
	[25386,1]
	[25387,1]
	[25397,1]
	[1099,1]
	[25592,1]
	[25599,1]
	[25656,1]
	[25659,1]
	[25677,1]
	[25779,1]
	[25974,1]
	[25996,1]
	[26053,1]
	[26160,1]
	[26204,1]
	[26343,1]
	[186,97]
	[26756,1]
	[27853,1]
	[1153,1]
	[26933,1]
	[169,72]
	[191,108]
	[194,140]
	[27800,1]
	[192,121]
	[28558,1]
	[28919,1]
	[185,73]
	[28997,1]
	[28993,1]
	[28960,1]
	[28990,1]
	[28806,1]
	[28475,1]
	[195,113]
	[196,183]
	[30048,1]
	[31316,1]
	[31025,1]
	[30721,1]
	[30703,1]
	[199,121]
	[200,154]
	[197,182]
	[30940,1]
	[198,141]
	[164,78]
	[32157,1]
	[33835,1]
	[33913,1]
	[33993,1]
	[33982,1]
	[33593,1]
	[160,100]
	[201,153]
	[31447,1]
	[32135,1]
	[34065,1]
	[34163,1]
	[156,73]
	[34192,1]
	[34188,1]
	[34189,1]
	[33076,1]
	[31676,1]
	[202,135]
	[31710,1]
	[31756,1]
	[32395,1]
	[33165,1]
	[33463,1]
	[187,98]
	[33888,1]
	[159,109]
	[161,78]
	[33996,1]
	[33253,1]
	[31505,1]
	[31600,1]
	[31563,1]
	[203,108]
	[32245,1]
	[158,79]
	[32275,1]
	[32383,1]
	[32381,1]
	[31688,1]
	[31346,1]
	[31347,1]
	[29996,1]
	[29962,1]
	[30599,1]
	[30651,1]
	[30642,1]
	[30634,1]
	[30677,1]
	[29039,1]
	[29007,1]
	[29061,2]
	[29116,1]
	[29101,1]
	[29200,1]
	[29265,1]
	[29244,1]
	[29248,1]
	[29199,1]
	[29215,1]
	[29267,1]
	[29304,1]
	[29281,1]
	[29286,1]
	[29323,1]
	[29287,1]
	[29466,1]
	[29506,1]
	[29552,1]
	[29529,1]
	[29726,1]
	[29724,1]
	[29774,1]
	[29801,1]
	[29849,1]
	[29885,1]
	[29817,2]
	[29881,1]
	[29951,1]
	[29972,1]
	[29973,1]
	[167,105]
	[168,79]
	[30060,1]
	[30002,1]
	[30027,1]
	[30104,1]
	[30082,1]
	[30154,1]
	[30105,1]
	[30234,1]
	[30199,1]
	[30347,1]
	[30360,1]
	[30331,1]
	[30364,1]
	[30375,1]
	[30413,1]
	[30447,1]
	[30458,1]
	[30482,1]
	[30533,1]
	[30613,1]
	[30716,1]
	[30755,1]
	[30832,1]
	[30835,1]
	[30907,1]
	[30966,1]
	[30972,1]
	[173,112]
	[172,91]
	[31034,1]
	[31279,1]
	[31250,1]
	[31358,1]
	[31448,1]
	[175,84]
	[31538,1]
	[31529,1]
	[31560,1]
	[31539,1]
	[31649,1]
	[31627,1]
	[31660,1]
	[31787,1]
	[176,80]
	[31921,1]
	[31900,1]
	[31913,2]
	[31928,1]
	[177,112]
	[31878,1]
	[31896,1]
	[31966,1]
	[32026,1]
	[32024,1]
	[32053,1]
	[189,61]
	[178,95]
	[32106,1]
	[32156,1]
	[32139,1]
	[32194,1]
	[32226,1]
	[32274,1]
	[32295,1]
	[32314,1]
	[32360,1]
	[32323,1]
	[179,55]
	[32445,1]
	[32473,1]
	[32601,1]
	[32600,1]
	[32825,1]
	[32815,1]
	[180,44]
	[32849,1]
	[32874,1]
	[32923,1]
	[32885,1]
	[32776,1]
	[224,120]
	[227,159]
	[33429,1]
	[221,116]
	[225,181]
	[34943,1]
	[181,60]
	[35022,1]
	[35009,1]
	[35016,1]
	[223,86]
	[220,152]
	[228,172]
	[34478,1]
	[34519,1]
	[35027,1]
	[35436,1]
	[222,184]
	[35797,1]
	[36217,1]
	[36940,1]
	[36945,1]
	[182,34]
	[37056,1]
	[37068,2]
	[37046,1]
	[243,41]
	[36390,1]
	[36395,1]
	[229,117]
	[37505,1]
	[38261,1]
	[207,58]
	[209,50]
	[39084,1]
	[39063,1]
	[183,40]
	[39143,1]
	[38831,1]
	[37757,1]
	[37770,1]
	[37798,1]
	[37810,1]
	[37767,1]
	[38779,1]
	[38776,1]
	[39115,1]
	[230,135]
	[210,72]
	[211,87]
	[213,40]
	[40419,1]
	[40445,2]
	[184,82]
	[39058,1]
	[38321,1]
	[38036,1]
	[38046,1]
	[231,151]
	[205,101]
	[38687,1]
	[244,66]
	[39138,1]
	[38501,1]
	[38157,1]
	[37846,1]
	[37865,1]
	[37845,1]
	[37753,1]
	[232,217]
	[38130,1]
	[38564,1]
	[38545,1]
	[38602,1]
	[38604,1]
	[38583,1]
	[38222,1]
	[36910,1]
	[36207,2]
	[36177,1]
	[36476,1]
	[233,123]
	[36841,1]
	[36943,2]
	[36977,1]
	[36301,1]
	[35939,1]
	[34581,1]
	[34592,1]
	[35258,1]
	[35278,1]
	[35322,1]
	[35379,1]
	[35420,1]
	[34730,1]
	[34488,1]
	[34574,1]
	[34659,1]
	[34708,1]
	[34746,1]
	[34826,1]
	[34923,1]
	[34946,1]
	[35028,1]
	[35047,1]
	[35051,1]
	[35086,1]
	[35088,2]
	[35066,1]
	[35060,1]
	[35020,1]
	[35080,1]
	[35158,1]
	[35159,1]
	[35160,1]
	[35132,1]
	[35308,1]
	[35289,1]
	[35320,1]
	[35277,1]
	[35291,1]
	[35273,2]
	[35344,1]
	[35342,1]
	[35416,1]
	[35417,1]
	[35454,1]
	[35460,1]
	[35510,1]
	[35482,1]
	[35619,1]
	[35707,1]
	[35726,1]
	[35772,1]
	[35732,1]
	[35733,1]
	[35710,1]
	[35786,1]
	[35794,1]
	[35821,1]
	[35874,1]
	[35951,1]
	[35968,1]
	[35990,1]
	[35989,1]
	[35996,1]
	[36039,1]
	[36016,1]
	[218,117]
	[36074,1]
	[36081,1]
	[36126,1]
	[36155,1]
	[36205,3]
	[36211,1]
	[36319,1]
	[36297,1]
	[36330,1]
	[36396,1]
	[36440,1]
	[36473,1]
	[36421,1]
	[36467,1]
	[214,66]
	[36468,1]
	[36495,1]
	[36496,1]
	[36557,1]
	[36558,1]
	[36631,1]
	[36624,1]
	[36670,1]
	[36782,2]
	[36805,1]
	[36699,1]
	[36760,1]
	[36765,1]
	[36793,1]
	[36806,1]
	[36808,1]
	[36810,1]
	[36797,1]
	[36812,1]
	[36875,1]
	[36992,1]
	[36989,1]
	[37065,1]
	[37025,1]
	[37052,1]
	[37069,1]
	[37101,1]
	[37164,1]
	[37167,1]
	[206,101]
	[37260,1]
	[37268,1]
	[37284,1]
	[37344,1]
	[37363,1]
	[37467,1]
	[37487,1]
	[37538,1]
	[37528,1]
	[37536,1]
	[37596,1]
	[37567,1]
	[37584,1]
	[37602,1]
	[37664,1]
	[37663,1]
	[37720,1]
	[37680,1]
	[208,71]
	[37740,1]
	[37695,1]
	[252,189]
	[38067,1]
	[38107,1]
	[38110,1]
	[38113,1]
	[38192,1]
	[38189,1]
	[38162,1]
	[38238,1]
	[251,171]
	[253,157]
	[254,165]
	[249,107]
	[39433,1]
	[255,175]
	[40233,1]
	[256,243]
	[212,60]
	[40267,1]
	[40287,1]
	[40472,1]
	[40534,1]
	[40254,1]
	[39986,1]
	[234,87]
	[40682,1]
	[250,186]
	[41749,1]
	[258,194]
	[42540,1]
	[216,122]
	[42656,1]
	[42689,1]
	[42703,1]
	[42702,1]
	[42368,1]
	[42000,1]
	[42050,2]
	[42107,1]
	[42096,1]
	[42754,1]
	[43066,1]
	[261,168]
	[43523,1]
	[44187,1]
	[219,129]
	[44078,1]
	[44049,1]
	[44117,1]
	[44108,1]
	[44140,1]
	[260,191]
	[44452,1]
	[44731,1]
	[45077,1]
	[215,133]
	[46800,1]
	[46052,1]
	[46054,1]
	[44685,1]
	[44683,1]
	[44721,1]
	[44694,1]
	[44728,1]
	[274,78]
	[46446,1]
	[46061,1]
	[45754,1]
	[45020,1]
	[44715,1]
	[44484,2]
	[44446,1]
	[262,142]
	[44517,1]
	[44910,1]
	[45214,2]
	[45200,2]
	[217,97]
	[45256,1]
	[45231,1]
	[44908,1]
	[263,108]
	[42929,1]
	[42882,1]
	[42888,1]
	[42889,1]
	[265,74]
	[43256,1]
	[43613,1]
	[43597,2]
	[43585,1]
	[43643,1]
	[42952,1]
	[42643,1]
	[41862,1]
	[41258,1]
	[264,54]
	[41277,1]
	[41594,1]
	[41635,1]
	[41972,1]
	[41944,1]
	[41964,1]
	[42020,1]
	[42022,1]
	[42036,1]
	[41688,1]
	[41299,1]
	[41298,2]
	[40271,1]
	[40318,1]
	[40321,1]
	[40378,1]
	[40379,2]
	[40351,2]
	[40364,1]
	[40409,1]
	[40443,1]
	[40444,1]
	[40431,1]
	[40449,1]
	[40140,1]
	[40116,1]
	[40188,1]
	[40210,1]
	[40223,1]
	[40269,1]
	[40304,1]
	[40305,1]
	[40274,1]
	[40365,1]
	[40350,1]
	[237,117]
	[40338,1]
	[40367,2]
	[40369,1]
	[40388,1]
	[40437,1]
	[40478,1]
	[40526,1]
	[40543,1]
	[40521,1]
	[40500,1]
	[40531,1]
	[40591,1]
	[40564,1]
	[40563,1]
	[40574,1]
	[40594,1]
	[40550,1]
	[40549,1]
	[40669,1]
	[40721,1]
	[40741,1]
	[40800,2]
	[40798,1]
	[40847,1]
	[40769,1]
	[40772,1]
	[40803,1]
	[40850,1]
	[40913,1]
	[40959,2]
	[40922,1]
	[40931,1]
	[41043,1]
	[41120,1]
	[41141,1]
	[41158,1]
	[41364,1]
	[41365,1]
	[41317,1]
	[41339,1]
	[41526,1]
	[41686,1]
	[41719,1]
	[41829,1]
	[41865,1]
	[41879,1]
	[41880,2]
	[41881,1]
	[239,18]
	[41849,1]
	[41791,2]
	[41850,1]
	[41927,1]
	[41946,1]
	[41991,1]
	[41978,1]
	[41979,1]
	[42057,2]
	[42059,2]
	[42072,1]
	[42056,1]
	[42075,1]
	[42138,1]
	[42217,1]
	[42174,1]
	[42192,1]
	[42285,2]
	[42289,1]
	[42316,1]
	[42333,1]
	[42300,1]
	[42415,1]
	[42444,1]
	[235,92]
	[42591,1]
	[42636,1]
	[42637,2]
	[42620,1]
	[42619,1]
	[42627,1]
	[42762,1]
	[42766,1]
	[42764,1]
	[42737,1]
	[42782,1]
	[42814,1]
	[42859,1]
	[42826,1]
	[42828,1]
	[42767,1]
	[238,46]
	[42856,1]
	[42922,1]
	[42891,1]
	[42864,1]
	[42911,1]
	[42912,2]
	[43002,1]
	[43003,1]
	[43019,1]
	[43049,1]
	[42981,1]
	[42973,1]
	[43021,1]
	[43022,1]
	[43042,1]
	[43088,1]
	[43169,1]
	[43250,1]
	[43265,1]
	[43422,1]
	[43651,1]
	[43696,2]
	[43678,1]
	[43686,1]
	[43684,1]
	[43702,1]
	[43717,1]
	[43777,1]
	[43455,1]
	[282,147]
	[43826,1]
	[277,159]
	[283,79]
	[44941,1]
	[279,103]
	[45308,1]
	[266,122]
	[45774,1]
	[45802,1]
	[45803,1]
	[45762,2]
	[45805,1]
	[240,66]
	[241,58]
	[45866,1]
	[45838,1]
	[299,1]
	[276,147]
	[285,64]
	[284,50]
	[278,134]
	[286,95]
	[270,86]
	[47808,1]
	[47827,1]
	[287,82]
	[47244,1]
	[47205,1]
	[47444,1]
	[288,78]
	[48230,1]
	[48225,1]
	[49067,1]
	[269,65]
	[49660,1]
	[273,56]
	[272,84]
	[49943,2]
	[49944,1]
	[49942,1]
	[242,53]
	[49276,1]
	[49267,1]
	[49293,1]
	[49252,1]
	[49253,1]
	[246,94]
	[289,34]
	[50656,1]
	[51388,1]
	[50974,1]
	[51044,1]
	[290,23]
	[51091,1]
	[51045,1]
	[50998,1]
	[50996,1]
	[51059,1]
	[51075,1]
	[51230,1]
	[51621,1]
	[267,96]
	[51977,1]
	[52307,1]
	[52308,1]
	[52659,1]
	[52349,1]
	[245,66]
	[51981,1]
	[50690,1]
	[50708,1]
	[50651,1]
	[291,7]
	[50755,1]
	[51330,1]
	[51387,1]
	[247,115]
	[50027,1]
	[49022,1]
	[49040,1]
	[49014,1]
	[49050,1]
	[49089,1]
	[49146,1]
	[49163,1]
	[49165,1]
	[49840,1]
	[49908,1]
	[49909,1]
	[50052,1]
	[49699,1]
	[49405,1]
	[49409,1]
	[49066,1]
	[295,4]
	[293,25]
	[292,33]
	[47806,1]
	[47902,1]
	[268,74]
	[48598,1]
	[48600,1]
	[48328,1]
	[48023,1]
	[46270,1]
	[46635,1]
	[294,4]
	[46992,1]
	[46991,1]
	[46931,1]
	[46948,1]
	[47007,1]
	[47069,2]
	[47102,1]
	[47057,1]
	[46689,3]
	[46398,1]
	[45649,1]
	[45677,1]
	[45680,1]
	[45696,1]
	[45683,1]
	[45747,1]
	[45779,1]
	[45733,1]
	[45764,1]
	[45902,1]
	[45874,1]
	[45938,1]
	[45936,1]
	[45895,1]
	[45971,1]
	[46048,2]
	[46050,2]
	[46017,1]
	[46005,1]
	[46033,1]
	[46087,1]
	[46071,1]
	[46085,1]
	[46086,1]
	[46143,1]
	[46155,1]
	[46152,1]
	[46208,1]
	[46259,1]
	[46252,1]
	[46325,3]
	[46358,1]
	[46371,1]
	[46407,1]
	[46436,1]
	[46441,1]
	[46360,1]
	[46433,1]
	[46529,1]
	[46540,1]
	[46601,2]
	[46561,1]
	[46587,1]
	[46565,1]
	[46545,1]
	[46618,1]
	[46615,1]
	[46612,1]
	[46679,1]
	[46646,1]
	[46657,1]
	[46821,1]
	[46790,1]
	[46771,1]
	[46910,4]
	[46963,1]
	[46952,1]
	[46912,1]
	[46949,1]
	[46965,1]
	[47035,1]
	[47033,1]
	[47054,1]
	[47111,1]
	[47137,2]
	[47128,1]
	[47190,1]
	[47154,1]
	[47163,1]
	[47161,1]
	[47222,1]
	[47238,1]
	[47311,1]
	[47358,1]
	[47360,1]
	[47362,2]
	[47363,1]
	[47349,1]
	[47388,1]
	[47391,1]
	[47405,1]
	[47477,1]
	[47467,2]
	[47461,1]
	[47465,1]
	[47475,1]
	[47535,1]
	[47565,1]
	[47627,1]
	[47633,1]
	[47641,2]
	[47648,1]
	[47587,1]
	[47767,1]
	[47769,1]
	[47730,1]
	[47737,1]
	[47793,1]
	[47791,1]
	[47815,1]
	[47836,1]
	[47874,2]
	[47914,1]
	[47848,1]
	[47844,1]
	[47842,1]
	[47850,1]
	[47866,1]
	[47879,1]
	[47960,1]
	[47933,1]
	[47950,1]
	[47951,1]
	[47998,1]
	[48139,1]
	[48179,1]
	[48112,1]
	[48118,1]
	[48043,1]
	[48097,1]
	[48106,1]
	[48166,1]
	[48170,2]
	[48229,1]
	[48251,1]
	[48293,1]
	[48240,1]
	[48263,1]
	[48282,1]
	[48280,1]
	[48370,1]
	[48399,1]
	[48494,1]
	[48495,1]
	[48420,1]
	[48480,1]
	[48447,1]
	[48525,1]
	[48562,1]
	[48677,1]
	[48744,1]
	[314,104]
	[49248,1]
	[49335,1]
	[49314,1]
	[49281,1]
	[49283,1]
	[49358,1]
	[49351,1]
	[49365,1]
	[49446,1]
	[306,1]
	[310,38]
	[317,84]
	[307,8]
	[50502,1]
	[313,102]
	[315,79]
	[51320,1]
	[51435,2]
	[51452,1]
	[51421,1]
	[51476,2]
	[51434,1]
	[51457,1]
	[50816,1]
	[308,5]
	[50752,1]
	[50751,1]
	[318,92]
	[316,78]
	[52254,1]
	[53503,1]
	[271,85]
	[52882,1]
	[319,85]
	[54246,1]
	[54576,1]
	[54951,1]
	[54949,1]
	[55364,1]
	[55474,1]
	[54900,1]
	[54981,3]
	[54893,1]
	[54862,1]
	[54870,1]
	[320,25]
	[55509,1]
	[56256,1]
	[56558,1]
	[57596,1]
	[322,26]
	[56951,1]
	[298,1]
	[56977,1]
	[57061,1]
	[56975,1]
	[321,25]
	[57094,1]
	[57313,1]
	[57514,1]
	[57515,1]
	[57546,1]
	[58218,1]
	[57293,1]
	[57351,1]
	[57412,1]
	[57437,1]
	[57366,1]
	[57348,1]
	[57367,1]
	[57402,1]
	[302,2]
	[304,1]
	[58108,1]
	[57109,1]
	[57108,1]
	[275,126]
	[56043,1]
	[55727,1]
	[55703,1]
	[55753,1]
	[55787,1]
	[55739,1]
	[55846,1]
	[55850,1]
	[55920,1]
	[297,1]
	[55805,1]
	[55780,1]
	[56038,1]
	[56084,1]
	[56399,1]
	[56432,1]
	[56433,1]
	[56408,1]
	[56515,1]
	[56521,1]
	[54764,1]
	[54716,1]
	[324,14]
	[54122,1]
	[323,1]
	[54136,1]
	[54091,1]
	[54249,1]
	[54260,1]
	[54819,1]
	[54808,1]
	[54836,3]
	[54861,1]
	[54856,1]
	[54842,1]
	[54909,1]
	[54896,1]
	[54581,1]
	[54208,1]
	[52821,1]
	[52456,1]
	[325,12]
	[52541,1]
	[52609,1]
	[52907,1]
	[53285,1]
	[53271,1]
	[53311,1]
	[53367,1]
	[53310,1]
	[53328,1]
	[53332,1]
	[53357,1]
	[53339,1]
	[53349,1]
	[51661,1]
	[51618,1]
	[51733,1]
	[51799,1]
	[51770,1]
	[51701,1]
	[51759,1]
	[51811,1]
	[51786,1]
	[51794,1]
	[51089,1]
	[51122,1]
	[51148,1]
	[51151,1]
	[51245,1]
	[51257,2]
	[51255,1]
	[51259,1]
	[51321,1]
	[51200,1]
	[51204,1]
	[51205,1]
	[51224,1]
	[51232,1]
	[301,1]
	[51313,1]
	[51358,1]
	[51367,1]
	[51348,1]
	[51460,2]
	[51525,1]
	[51489,1]
	[51449,1]
	[51447,1]
	[51446,1]
	[51482,1]
	[51459,1]
	[51456,1]
	[51422,1]
	[51475,1]
	[51477,1]
	[51523,1]
	[51542,1]
	[51626,1]
	[51689,1]
	[51619,1]

1416,
	[81,1]
	[56,1]
	[74,1]
	[27,1]
	[75,1]
	[114,1]

len(carl_order):
20
Printing carl assignment order:
1452,4,0.19795221843003413
1460,2,0.0969047137365972
1452,5,0.05730659025787966
1460,306,0.016360363850617853
1416,114,0.01405152224824356
1456,1,0.011391451704010545
1452,204,0.010311362717347351
1452,230,0.00859106529209622
1452,263,0.007142857142857143
1452,276,0.005494505494505495
1456,325,0.004443586876947262
1452,387,0.000693000693000693
1456,548,0.0001239058950612381
1456,683,0.00010180243897211685
1456,740,7.700205338809035e-05
1452,43090,5.028705527385492e-05
1456,761,3.4936938825420114e-05
1456,903,3.1055096917781634e-05
1456,1618,2.9111718298378476e-05
1456,58218,2.8944899982728962e-05
bin_width: 1272854
assigning lease 4 to address 1452
Average Cache Occupancy Per Bin: [0.14,0.15,0.11,0.11,0.12]
Total cost: 178688.0
assigning lease 2 to address 1460
Average Cache Occupancy Per Bin: [0.38,0.35,0.30,0.30,0.30]
Total cost: 489984.0
assigning lease 5 to address 1452
Average Cache Occupancy Per Bin: [0.40,0.36,0.31,0.31,0.31]
Total cost: 509440.0
assigning lease 306 to address 1460
Average Cache Occupancy Per Bin: [4.11,4.91,6.03,5.71,5.84]
Total cost: 5243392.0
assigning lease 114 to address 1416
Average Cache Occupancy Per Bin: [4.16,4.91,6.04,5.74,5.84]
Total cost: 5297408.0
assigning lease 1 to address 1456
Average Cache Occupancy Per Bin: [4.98,5.76,6.90,6.61,6.71]
Total cost: 6341632.0
assigning lease 204 to address 1452
Average Cache Occupancy Per Bin: [6.39,6.95,7.95,7.78,7.86]
Total cost: 8137216.0
assigning lease 230 to address 1452
Average Cache Occupancy Per Bin: [6.44,6.97,7.95,7.81,7.88]
Total cost: 8203776.0
assigning lease 263 to address 1452
Average Cache Occupancy Per Bin: [6.51,6.99,7.95,7.82,7.90]
Total cost: 8288256.0
assigning lease 276 to address 1452
Average Cache Occupancy Per Bin: [6.53,6.99,7.95,7.82,7.90]
Total cost: 8321536.0
assigning lease 325 to address 1456
Average Cache Occupancy Per Bin: [100.,160.,194.,220.,247.]
Total cost: 127797248.0
assigning lease 387 to address 1452
Average Cache Occupancy Per Bin: [100.,160.,194.,220.,247.]
Total cost: 128052992.0
assigning lease 548 to address 1456
Average Cache Occupancy Per Bin: [118.,171.,206.,231.,258.]
Total cost: 150800128.0
assigning lease 683 to address 1456
Average Cache Occupancy Per Bin: [128.,178.,213.,237.,265.]
Total cost: 163569664.0
assigning lease 740 to address 1456
Average Cache Occupancy Per Bin: [132.,181.,216.,240.,268.]
Total cost: 168735488.0
assigning lease 43090 to address 1452
Average Cache Occupancy Per Bin: [152.,201.,216.,249.,268.]
Total cost: 193726464.0
assigning lease 761 to address 1456
Average Cache Occupancy Per Bin: [153.,202.,217.,250.,269.]
Total cost: 195608064.0
assigning lease 903 to address 1456
Average Cache Occupancy Per Bin: [163.,209.,225.,257.,276.]
Total cost: 208243968.0
assigning lease 1618 to address 1456
Average Cache Occupancy Per Bin: [211.,245.,263.,292.,313.]
Total cost: 269167360.0
addr: 1456 ri: 58218
bin target: 651701248
	bin: 0.0 current capacity: 211.46758387057747  avg impact: 908.3770990231401
	bin: 1.0 current capacity: 245.25883408466328  avg impact: 1566.420833811262
	bin: 2.0 current capacity: 263.3244912613701  avg impact: 2025.958747821824
	bin: 3.0 current capacity: 292.6321102027412  avg impact: 2179.750337430687
	bin: 4.0 current capacity: 313.38657850782573  avg impact: 2547.0639806293575
num_full_bins: 0
printing bin ranks sorted:
	bin: 4.0 rank: 0.07797739789916806
	selecting this^ bin
	bin: 3.0 rank: 0.10063899797617731
	bin: 2.0 rank: 0.12274460622951441
	bin: 1.0 rank: 0.17028703919005483
	bin: 0.0 rank: 0.33084543462468635
acceptable_ratio: 0.07797739789916806
Assigning 1456 dual lease lease 58218 * 0.07797739789916806. Bin saturation: [282.,367.,421.,462.,512.]
Final saturation:
	0.0,359327277.8127697
	1.0,467651975.2377663
	2.0,536257823.1273507
	3.0,588826549.3902799
	4.0,651701248.0
DUMP LEASES
0, 5ac, a852, 0, 1 
0, 5b4, 132, 0, 1 
0, 5b0, 652, e36a, 0.922022602100832 
0, 588, 72, 0, 1 
Dump dual leases

