sample rate: 0.00390625
1452,
	[2,4]
	[465,1]
	[408,166]
	[412,34]
	[410,157]
	[413,1]
	[409,3]
	[1,191]
	[92249,1]
	[92217,2]
	[406,201]
	[92025,1]
	[91961,1]
	[91831,1]
	[91798,1]
	[91800,1]
	[91766,1]
	[91671,1]
	[404,152]
	[91637,1]
	[91573,1]
	[91544,1]
	[91511,1]
	[91449,1]
	[91412,1]
	[91380,1]
	[91378,2]
	[402,150]
	[91314,1]
	[91283,1]
	[91253,1]
	[91219,1]
	[91221,1]
	[91189,1]
	[91159,1]
	[90999,1]
	[90932,1]
	[400,194]
	[90900,1]
	[90836,1]
	[90739,1]
	[90676,1]
	[90612,1]
	[90614,1]
	[405,1]
	[398,139]
	[90450,2]
	[90418,1]
	[90386,1]
	[90384,1]
	[90358,1]
	[90356,1]
	[401,1]
	[90262,1]
	[90226,1]
	[90128,1]
	[90130,2]
	[90064,2]
	[90034,1]
	[89990,1]
	[89960,1]
	[89896,2]
	[89866,1]
	[89832,1]
	[396,127]
	[89768,1]
	[89736,1]
	[89704,1]
	[89706,1]
	[89672,1]
	[89640,1]
	[394,74]
	[89548,1]
	[89518,1]
	[89516,1]
	[89487,1]
	[89489,1]
	[89454,1]
	[89392,1]
	[89291,1]
	[89228,1]
	[89197,1]
	[89104,1]
	[392,120]
	[88973,2]
	[88845,1]
	[390,165]
	[88715,1]
	[88717,1]
	[88652,1]
	[88493,1]
	[88205,1]
	[88196,1]
	[388,150]
	[88133,1]
	[88104,1]
	[88037,1]
	[88040,1]
	[386,176]
	[87912,2]
	[87910,1]
	[87884,1]
	[87882,1]
	[87850,1]
	[87814,1]
	[87784,1]
	[87720,1]
	[87685,1]
	[389,2]
	[87525,1]
	[87528,1]
	[87464,1]
	[87366,1]
	[87364,1]
	[87336,1]
	[87270,2]
	[87262,1]
	[382,154]
	[87204,1]
	[87142,1]
	[87074,1]
	[384,165]
	[86883,1]
	[86884,1]
	[86852,1]
	[86822,1]
	[86812,1]
	[86848,1]
	[86850,1]
	[86818,1]
	[86820,1]
	[86722,2]
	[86656,1]
	[86624,1]
	[86626,1]
	[86592,1]
	[86594,1]
	[86595,1]
	[385,1]
	[86530,1]
	[86466,3]
	[86402,1]
	[86370,1]
	[86334,1]
	[86304,1]
	[86240,1]
	[86238,1]
	[380,160]
	[86205,1]
	[86210,1]
	[86208,1]
	[86144,3]
	[86080,1]
	[86079,1]
	[86047,1]
	[86014,1]
	[86018,1]
	[378,154]
	[85790,1]
	[85758,1]
	[85727,1]
	[85694,1]
	[85600,3]
	[85566,1]
	[85564,1]
	[85533,1]
	[85470,1]
	[85436,1]
	[85402,1]
	[85404,1]
	[376,150]
	[85372,1]
	[85275,1]
	[85276,2]
	[85242,1]
	[85180,1]
	[85018,1]
	[85014,1]
	[374,173]
	[84956,1]
	[84958,1]
	[84862,1]
	[84893,1]
	[84892,1]
	[84832,1]
	[84800,1]
	[84796,1]
	[84702,1]
	[84699,1]
	[84700,1]
	[377,1]
	[84670,1]
	[375,1]
	[84606,2]
	[84536,1]
	[84504,1]
	[372,142]
	[84408,1]
	[84376,1]
	[84280,1]
	[84246,1]
	[84088,1]
	[84080,1]
	[84018,1]
	[370,160]
	[83955,1]
	[83893,1]
	[83797,1]
	[83766,3]
	[83670,1]
	[83638,1]
	[83570,1]
	[369,2]
	[368,143]
	[83508,2]
	[83475,1]
	[83444,1]
	[83442,1]
	[83412,1]
	[83378,1]
	[83346,1]
	[83284,1]
	[366,146]
	[83150,1]
	[371,1]
	[83122,1]
	[367,2]
	[83088,1]
	[83057,1]
	[83026,1]
	[82994,2]
	[82898,1]
	[82834,1]
	[82736,1]
	[82706,1]
	[364,176]
	[365,4]
	[82543,1]
	[82448,1]
	[82446,1]
	[362,161]
	[82352,1]
	[82286,1]
	[82218,1]
	[82192,1]
	[82158,1]
	[82060,1]
	[81966,1]
	[81964,1]
	[81900,1]
	[81904,1]
	[81804,1]
	[81774,2]
	[81766,1]
	[81740,1]
	[360,139]
	[81708,1]
	[358,157]
	[81580,1]
	[81546,1]
	[81516,1]
	[81450,1]
	[356,153]
	[81157,1]
	[81158,2]
	[80965,1]
	[80934,1]
	[80899,1]
	[80839,1]
	[80837,1]
	[80807,1]
	[80709,1]
	[359,1]
	[80552,1]
	[80454,1]
	[80449,1]
	[80421,1]
	[354,167]
	[80259,1]
	[80231,1]
	[80197,1]
	[80162,1]
	[80069,1]
	[352,120]
	[79937,1]
	[79905,1]
	[355,1]
	[79875,1]
	[79810,1]
	[79776,2]
	[79683,1]
	[79651,1]
	[79619,1]
	[79587,1]
	[79549,1]
	[350,170]
	[79521,1]
	[79489,3]
	[79457,2]
	[79422,1]
	[79231,1]
	[79233,1]
	[79169,1]
	[79138,1]
	[79105,1]
	[79099,1]
	[353,1]
	[79034,1]
	[348,130]
	[78943,1]
	[78877,1]
	[78845,1]
	[78814,1]
	[78751,1]
	[78687,1]
	[351,1]
	[346,172]
	[78526,1]
	[78494,1]
	[78236,1]
	[349,1]
	[78140,1]
	[78108,1]
	[78106,1]
	[344,123]
	[78076,1]
	[78044,2]
	[78012,1]
	[77916,1]
	[77851,1]
	[77848,2]
	[347,3]
	[77718,1]
	[342,134]
	[77662,1]
	[77628,1]
	[77566,1]
	[77472,1]
	[77470,1]
	[77466,1]
	[77309,1]
	[340,150]
	[77208,1]
	[77112,1]
	[77080,1]
	[77046,1]
	[77044,1]
	[76986,1]
	[76919,1]
	[76886,1]
	[76822,1]
	[76790,1]
	[76792,1]
	[343,1]
	[338,115]
	[76692,1]
	[341,2]
	[76566,1]
	[76534,1]
	[76502,1]
	[336,178]
	[76404,1]
	[76373,1]
	[76374,1]
	[76342,1]
	[76177,1]
	[339,1]
	[76148,2]
	[76114,1]
	[76018,2]
	[76020,1]
	[75986,1]
	[75954,1]
	[75828,1]
	[75830,1]
	[75822,1]
	[334,117]
	[75728,1]
	[332,147]
	[75664,1]
	[75633,1]
	[75599,1]
	[75600,1]
	[75407,1]
	[75406,1]
	[337,1]
	[75376,1]
	[75374,1]
	[75278,1]
	[75216,1]
	[75218,1]
	[75184,1]
	[75150,2]
	[75088,1]
	[75054,4]
	[75052,1]
	[74954,2]
	[74958,1]
	[74924,1]
	[330,128]
	[333,1]
	[74830,2]
	[74796,1]
	[331,2]
	[74572,1]
	[74507,1]
	[74504,1]
	[328,140]
	[74410,2]
	[74312,1]
	[74282,1]
	[74250,2]
	[74220,1]
	[74188,1]
	[74158,1]
	[74054,1]
	[74052,1]
	[326,132]
	[73922,1]
	[327,1]
	[73766,1]
	[73704,1]
	[324,128]
	[73542,1]
	[73544,1]
	[73512,1]
	[73508,1]
	[73478,1]
	[73446,1]
	[73417,1]
	[73352,1]
	[73320,1]
	[73254,2]
	[73122,1]
	[73094,2]
	[322,137]
	[73062,2]
	[73060,1]
	[72998,1]
	[72902,1]
	[72771,1]
	[72774,2]
	[72706,1]
	[72676,1]
	[320,146]
	[72516,1]
	[72514,2]
	[72420,1]
	[72386,1]
	[72354,1]
	[72352,2]
	[72289,1]
	[72290,2]
	[72292,1]
	[318,118]
	[72162,1]
	[72128,1]
	[319,3]
	[72032,1]
	[71903,1]
	[71904,1]
	[71874,1]
	[71810,1]
	[321,1]
	[71772,1]
	[71742,1]
	[71744,1]
	[316,110]
	[317,3]
	[71644,1]
	[71614,1]
	[71585,1]
	[71548,1]
	[71550,1]
	[71520,1]
	[71486,2]
	[314,137]
	[71230,1]
	[71196,1]
	[71134,1]
	[71102,1]
	[71070,4]
	[71005,1]
	[70970,1]
	[70938,1]
	[312,134]
	[70844,1]
	[70745,1]
	[70744,1]
	[70713,2]
	[70684,1]
	[70554,1]
	[70556,1]
	[70522,1]
	[310,131]
	[70426,1]
	[313,1]
	[70394,3]
	[70332,1]
	[70300,1]
	[70302,1]
	[70299,1]
	[70270,1]
	[311,1]
	[308,123]
	[70012,2]
	[69980,1]
	[69915,1]
	[69848,1]
	[69846,1]
	[69814,1]
	[69783,1]
	[69782,1]
	[306,119]
	[69654,2]
	[69624,2]
	[69588,1]
	[69558,1]
	[69528,1]
	[69526,1]
	[304,138]
	[69234,1]
	[69170,1]
	[69142,2]
	[309,1]
	[69005,1]
	[68913,1]
	[68851,1]
	[68815,1]
	[68755,2]
	[68725,1]
	[68657,1]
	[68624,1]
	[68563,1]
	[302,126]
	[303,2]
	[68463,1]
	[68397,1]
	[68335,1]
	[68177,1]
	[68143,1]
	[300,137]
	[68079,1]
	[301,2]
	[68045,1]
	[68043,2]
	[67982,1]
	[67951,1]
	[67918,1]
	[67884,1]
	[67727,1]
	[67661,1]
	[298,115]
	[67596,1]
	[67564,1]
	[67277,1]
	[67275,1]
	[67245,1]
	[67243,2]
	[296,121]
	[67177,1]
	[67176,1]
	[67016,1]
	[66921,1]
	[66888,2]
	[66763,1]
	[294,106]
	[66694,1]
	[66662,1]
	[66628,2]
	[66626,1]
	[66596,1]
	[66564,1]
	[66532,1]
	[66466,1]
	[66406,1]
	[297,1]
	[66308,1]
	[66272,1]
	[292,114]
	[66181,1]
	[66182,2]
	[66116,1]
	[66118,1]
	[66084,1]
	[66088,1]
	[66054,1]
	[66023,1]
	[65896,3]
	[290,121]
	[65796,1]
	[291,1]
	[65670,1]
	[65639,1]
	[65571,1]
	[65475,1]
	[65443,1]
	[65444,1]
	[65382,1]
	[288,116]
	[65341,1]
	[65220,1]
	[65124,2]
	[65026,1]
	[64994,1]
	[64992,1]
	[64961,1]
	[286,112]
	[64900,1]
	[64892,2]
	[64866,1]
	[64639,1]
	[64607,1]
	[64578,2]
	[284,118]
	[287,1]
	[64446,1]
	[64352,1]
	[64256,1]
	[64188,1]
	[282,143]
	[64123,1]
	[64064,1]
	[63898,1]
	[63866,1]
	[63836,1]
	[280,94]
	[63770,1]
	[63739,1]
	[63738,1]
	[63708,1]
	[63710,1]
	[63482,1]
	[63448,1]
	[278,104]
	[63385,1]
	[63324,1]
	[63320,1]
	[63258,1]
	[63193,1]
	[63130,1]
	[281,1]
	[63098,1]
	[63065,1]
	[63060,1]
	[63058,1]
	[276,142]
	[62939,1]
	[62908,1]
	[62716,1]
	[62612,1]
	[62583,1]
	[62520,1]
	[62456,1]
	[62422,2]
	[62389,1]
	[62325,1]
	[62326,1]
	[62198,1]
	[62162,1]
	[274,103]
	[62036,1]
	[62004,2]
	[61942,1]
	[61910,1]
	[61906,2]
	[275,1]
	[61812,1]
	[61780,1]
	[61750,1]
	[61709,1]
	[272,100]
	[61650,1]
	[61620,1]
	[61586,1]
	[61524,1]
	[61456,1]
	[61458,1]
	[61426,1]
	[61258,1]
	[270,101]
	[61167,1]
	[61135,1]
	[61070,1]
	[61040,1]
	[61042,1]
	[61008,1]
	[271,2]
	[60784,1]
	[268,122]
	[60718,1]
	[269,2]
	[60622,1]
	[60558,1]
	[60556,1]
	[60524,1]
	[60496,1]
	[60365,1]
	[60336,1]
	[60327,1]
	[266,107]
	[60298,1]
	[60266,1]
	[60170,1]
	[60172,2]
	[60107,1]
	[60078,1]
	[60012,1]
	[60014,1]
	[59918,1]
	[59916,1]
	[59884,1]
	[59878,1]
	[264,101]
	[59782,1]
	[59754,1]
	[59756,1]
	[59626,1]
	[59596,1]
	[59468,1]
	[262,11]
	[260,91]
	[59339,1]
	[59214,1]
	[58830,2]
	[58764,1]
	[58702,1]
	[258,112]
	[58436,1]
	[58404,1]
	[58340,1]
	[58338,2]
	[58308,1]
	[58242,1]
	[58212,1]
	[256,111]
	[58112,1]
	[58084,1]
	[58048,3]
	[58049,1]
	[58018,1]
	[57985,1]
	[57984,2]
	[257,1]
	[57922,1]
	[57860,1]
	[57822,1]
	[254,115]
	[57726,1]
	[57700,1]
	[57632,1]
	[57606,1]
	[57566,1]
	[57504,1]
	[252,96]
	[57372,1]
	[57378,1]
	[57344,1]
	[57216,1]
	[57186,1]
	[57084,1]
	[250,96]
	[56992,1]
	[56988,1]
	[56894,1]
	[56864,1]
	[56828,1]
	[56702,1]
	[56696,1]
	[248,122]
	[56481,1]
	[56417,1]
	[56211,1]
	[56217,1]
	[56153,1]
	[56087,1]
	[56056,1]
	[56025,1]
	[246,106]
	[55831,1]
	[55797,1]
	[55795,1]
	[55765,1]
	[55735,1]
	[55705,1]
	[55671,1]
	[247,3]
	[244,110]
	[55444,1]
	[55350,1]
	[55353,1]
	[55252,1]
	[55124,1]
	[242,88]
	[55057,1]
	[54932,1]
	[54897,1]
	[54835,1]
	[54768,2]
	[240,83]
	[54673,1]
	[54610,1]
	[54483,1]
	[54420,2]
	[54414,1]
	[54353,1]
	[238,97]
	[241,2]
	[54225,1]
	[54222,1]
	[54036,1]
	[54004,2]
	[53966,1]
	[53904,1]
	[236,102]
	[53838,1]
	[53840,1]
	[53778,1]
	[53710,1]
	[53712,1]
	[53648,1]
	[53617,1]
	[53486,1]
	[237,2]
	[53420,1]
	[53389,1]
	[53294,1]
	[53264,1]
	[53228,1]
	[234,100]
	[53166,1]
	[53132,1]
	[53102,1]
	[53034,1]
	[52937,1]
	[52873,1]
	[232,111]
	[52744,1]
	[52711,1]
	[52710,1]
	[52550,1]
	[52522,1]
	[52488,2]
	[230,83]
	[52328,1]
	[52296,1]
	[228,95]
	[229,1]
	[51944,1]
	[51814,1]
	[51784,1]
	[51753,1]
	[51654,2]
	[231,1]
	[226,95]
	[51465,1]
	[51463,1]
	[51303,1]
	[224,100]
	[51140,1]
	[51106,1]
	[51044,1]
	[51012,1]
	[227,1]
	[50884,1]
	[50816,1]
	[50756,1]
	[50720,1]
	[222,99]
	[50628,1]
	[50631,1]
	[50564,1]
	[50406,1]
	[50343,1]
	[225,1]
	[50270,1]
	[50242,1]
	[50207,1]
	[223,1]
	[50145,1]
	[220,101]
	[50016,1]
	[49982,1]
	[49952,1]
	[49920,1]
	[49890,1]
	[49856,1]
	[49824,1]
	[218,82]
	[49726,1]
	[49564,1]
	[49566,1]
	[221,1]
	[49502,1]
	[49470,1]
	[216,85]
	[49336,1]
	[49209,1]
	[219,3]
	[49177,1]
	[49178,1]
	[49054,1]
	[48915,1]
	[48916,1]
	[214,97]
	[215,2]
	[48794,1]
	[48601,1]
	[48534,1]
	[48503,1]
	[217,1]
	[48440,1]
	[212,101]
	[48281,1]
	[48246,1]
	[213,1]
	[209,3]
	[47985,1]
	[210,85]
	[47790,1]
	[211,2]
	[47476,1]
	[208,65]
	[47186,1]
	[206,89]
	[46773,1]
	[46673,1]
	[46603,1]
	[46575,1]
	[204,85]
	[46383,1]
	[46381,1]
	[46353,1]
	[46252,1]
	[46189,1]
	[202,100]
	[46123,1]
	[46026,1]
	[46031,1]
	[45996,1]
	[45962,1]
	[45836,1]
	[205,1]
	[45708,1]
	[45699,1]
	[200,78]
	[45673,1]
	[45610,1]
	[45289,1]
	[45253,1]
	[45284,2]
	[45254,1]
	[45189,1]
	[199,2]
	[198,80]
	[201,1]
	[44868,1]
	[44834,1]
	[44709,1]
	[196,75]
	[44675,1]
	[44516,1]
	[197,2]
	[44416,1]
	[44389,1]
	[44387,1]
	[194,74]
	[44185,1]
	[44055,1]
	[193,1]
	[43893,1]
	[43894,1]
	[192,80]
	[43636,1]
	[43606,1]
	[191,2]
	[43437,1]
	[190,79]
	[43378,1]
	[43350,1]
	[43315,1]
	[43286,1]
	[189,2]
	[43154,1]
	[43155,1]
	[43119,1]
	[43121,1]
	[188,76]
	[42765,2]
	[42703,1]
	[42668,1]
	[187,1]
	[186,55]
	[185,1]
	[42185,1]
	[184,80]
	[42081,1]
	[182,86]
	[41892,1]
	[41894,1]
	[41827,1]
	[41731,1]
	[41534,1]
	[41441,1]
	[41438,1]
	[41406,1]
	[41311,1]
	[41246,1]
	[180,68]
	[41047,1]
	[178,52]
	[179,3]
	[40951,1]
	[40918,1]
	[40856,1]
	[40729,1]
	[176,27]
	[177,17]
	[40424,1]
	[40421,1]
	[175,47]
	[40362,1]
	[40361,1]
	[40328,1]
	[40329,1]
	[40265,1]
	[40232,1]
	[40174,1]
	[174,20]
	[171,52]
	[39859,1]
	[39704,1]
	[39675,1]
	[173,40]
	[39555,1]
	[39393,1]
	[167,19]
	[39296,1]
	[39200,1]
	[39199,1]
	[172,3]
	[170,23]
	[38929,1]
	[38880,1]
	[38754,1]
	[38703,1]
	[169,26]
	[38630,1]
	[38596,1]
	[38504,1]
	[168,39]
	[166,50]
	[38404,1]
	[38303,1]
	[38131,1]
	[38062,1]
	[38037,1]
	[37900,1]
	[164,43]
	[37653,1]
	[165,8]
	[37551,1]
	[37505,1]
	[37445,1]
	[163,17]
	[37086,1]
	[161,42]
	[159,49]
	[162,23]
	[36891,1]
	[36846,1]
	[36784,1]
	[160,16]
	[36347,1]
	[36265,1]
	[158,16]
	[155,18]
	[36002,1]
	[35971,1]
	[35891,1]
	[35890,1]
	[157,22]
	[156,20]
	[35755,1]
	[35705,1]
	[35686,1]
	[152,25]
	[154,39]
	[153,27]
	[35033,1]
	[34877,1]
	[34881,1]
	[34878,1]
	[34848,1]
	[150,24]
	[34620,1]
	[151,31]
	[34478,1]
	[34376,1]
	[149,15]
	[147,26]
	[148,37]
	[34151,1]
	[34089,1]
	[33965,1]
	[33822,1]
	[33760,1]
	[33726,1]
	[146,21]
	[33402,1]
	[33306,1]
	[145,20]
	[35379,1]
	[144,25]
	[143,32]
	[32976,1]
	[142,30]
	[32719,1]
	[32611,1]
	[32530,1]
	[32384,1]
	[32333,1]
	[32251,1]
	[140,19]
	[32221,1]
	[141,16]
	[32126,1]
	[138,19]
	[32023,1]
	[139,21]
	[137,14]
	[31678,1]
	[31640,1]
	[31604,1]
	[31536,1]
	[33615,1]
	[134,17]
	[135,12]
	[136,29]
	[30970,1]
	[30845,1]
	[132,13]
	[133,25]
	[30362,1]
	[30189,1]
	[131,25]
	[30165,1]
	[130,23]
	[30068,1]
	[29885,1]
	[129,23]
	[29568,1]
	[29518,1]
	[128,24]
	[29438,1]
	[29403,1]
	[29375,1]
	[29357,1]
	[29358,1]
	[127,15]
	[126,16]
	[28943,1]
	[125,29]
	[28719,1]
	[124,10]
	[28608,1]
	[123,21]
	[28275,1]
	[28166,1]
	[122,15]
	[29945,1]
	[27886,1]
	[121,1]
	[119,7]
	[120,35]
	[27526,2]
	[27114,1]
	[116,31]
	[27053,1]
	[115,21]
	[26862,1]
	[118,3]
	[28563,1]
	[26608,1]
	[26472,1]
	[28303,1]
	[26221,1]
	[112,11]
	[26149,1]
	[113,25]
	[26060,1]
	[114,1]
	[25879,1]
	[25617,1]
	[117,1]
	[111,13]
	[109,15]
	[110,14]
	[108,20]
	[106,7]
	[107,8]
	[105,24]
	[24614,1]
	[26232,1]
	[24480,1]
	[102,32]
	[104,18]
	[25496,1]
	[23809,1]
	[23750,1]
	[100,10]
	[23476,1]
	[101,13]
	[103,3]
	[23186,1]
	[97,21]
	[99,9]
	[98,21]
	[22514,1]
	[96,15]
	[23855,1]
	[22238,1]
	[94,12]
	[95,5]
	[21901,1]
	[23250,1]
	[23220,1]
	[92,20]
	[21716,1]
	[93,8]
	[91,12]
	[90,8]
	[21193,1]
	[89,16]
	[20756,1]
	[88,16]
	[21995,1]
	[87,11]
	[86,13]
	[85,6]
	[21524,1]
	[21457,1]
	[20025,1]
	[21305,1]
	[19867,1]
	[84,10]
	[82,9]
	[19496,1]
	[81,12]
	[19303,1]
	[83,23]
	[80,5]
	[79,12]
	[18891,1]
	[18824,1]
	[20073,1]
	[18812,1]
	[77,5]
	[75,14]
	[76,15]
	[19473,1]
	[78,17]
	[18081,1]
	[17786,1]
	[18718,1]
	[74,10]
	[18496,1]
	[70,17]
	[73,9]
	[72,5]
	[16961,1]
	[68,16]
	[17930,1]
	[71,3]
	[67,11]
	[69,6]
	[15985,1]
	[64,10]
	[16763,1]
	[15652,1]
	[65,17]
	[66,10]
	[62,12]
	[63,7]
	[15064,1]
	[16129,1]
	[15020,1]
	[61,13]
	[14724,1]
	[59,8]
	[14388,1]
	[15391,1]
	[60,8]
	[58,5]
	[57,17]
	[14548,1]
	[56,8]
	[13402,1]
	[52,11]
	[13778,1]
	[55,10]
	[53,11]
	[13174,1]
	[13189,1]
	[12257,1]
	[12162,1]
	[51,8]
	[50,2]
	[11939,1]
	[11966,1]
	[49,8]
	[11839,1]
	[48,7]
	[11804,1]
	[11655,1]
	[11625,1]
	[47,10]
	[44,19]
	[11013,1]
	[10924,1]
	[10786,1]
	[11501,1]
	[43,12]
	[42,4]
	[45,11]
	[10500,1]
	[11248,1]
	[38,13]
	[40,12]
	[10707,1]
	[41,9]
	[9977,1]
	[9853,1]
	[39,11]
	[10344,1]
	[10277,1]
	[9799,1]
	[37,9]
	[36,10]
	[32,12]
	[9026,1]
	[34,3]
	[8931,1]
	[8105,2]
	[35,7]
	[33,3]
	[8357,1]
	[31,7]
	[30,5]
	[28,4]
	[7453,1]
	[7264,1]
	[26,6]
	[7345,1]
	[7152,2]
	[29,7]
	[27,7]
	[24,5]
	[25,4]
	[6347,1]
	[6010,2]
	[5617,1]
	[5602,1]
	[22,7]
	[20,4]
	[5839,1]
	[23,3]
	[5577,1]
	[18,4]
	[21,4]
	[4856,1]
	[16,11]
	[4776,1]
	[4505,1]
	[19,1]
	[4549,1]
	[4108,1]
	[3872,1]
	[4027,1]
	[14,5]
	[15,1]
	[3688,1]
	[10,7]
	[8,4]
	[12,1]
	[2694,1]
	[11,2]
	[2410,1]
	[2166,1]
	[2074,1]
	[1961,1]
	[6,5]
	[9,3]
	[4,4]
	[1327,1]
	[575,1]
	[7,1]

1448,
	[408,169]
	[409,4]
	[412,40]
	[413,4]
	[415,1]
	[410,181]
	[2,312]
	[411,4]
	[414,2]
	[406,200]
	[404,149]
	[402,172]
	[407,1]
	[400,185]
	[405,1]
	[398,170]
	[399,3]
	[396,130]
	[394,90]
	[397,2]
	[392,138]
	[390,177]
	[393,1]
	[391,2]
	[388,164]
	[386,192]
	[387,2]
	[389,1]
	[383,1]
	[382,176]
	[384,155]
	[385,1]
	[380,173]
	[378,170]
	[379,2]
	[376,151]
	[374,204]
	[377,1]
	[375,3]
	[372,155]
	[370,170]
	[373,1]
	[371,2]
	[368,137]
	[366,163]
	[369,1]
	[367,4]
	[364,168]
	[362,188]
	[360,132]
	[358,160]
	[363,2]
	[356,168]
	[361,1]
	[359,2]
	[357,2]
	[354,176]
	[355,3]
	[352,133]
	[353,5]
	[350,181]
	[351,1]
	[349,4]
	[348,129]
	[346,151]
	[344,161]
	[347,2]
	[345,1]
	[342,133]
	[340,164]
	[343,1]
	[338,110]
	[339,1]
	[336,197]
	[341,1]
	[337,2]
	[334,111]
	[332,162]
	[333,2]
	[330,163]
	[328,133]
	[329,1]
	[326,136]
	[327,1]
	[324,162]
	[325,2]
	[322,127]
	[323,3]
	[320,140]
	[321,2]
	[318,128]
	[316,140]
	[319,1]
	[317,1]
	[314,141]
	[312,141]
	[315,1]
	[311,2]
	[310,150]
	[313,3]
	[308,124]
	[306,131]
	[309,5]
	[307,2]
	[304,147]
	[302,137]
	[303,2]
	[305,1]
	[300,152]
	[301,3]
	[298,132]
	[299,5]
	[296,124]
	[297,1]
	[294,129]
	[295,3]
	[292,136]
	[290,106]
	[291,3]
	[288,141]
	[289,3]
	[287,3]
	[286,117]
	[284,131]
	[282,115]
	[285,3]
	[280,122]
	[283,2]
	[281,1]
	[278,125]
	[276,128]
	[277,1]
	[274,107]
	[272,138]
	[273,1]
	[270,117]
	[271,4]
	[268,108]
	[269,5]
	[266,113]
	[267,3]
	[264,121]
	[262,12]
	[263,1]
	[260,109]
	[258,118]
	[261,3]
	[259,1]
	[256,113]
	[257,1]
	[254,108]
	[255,5]
	[252,112]
	[250,98]
	[251,5]
	[253,3]
	[248,125]
	[246,101]
	[247,2]
	[245,4]
	[244,108]
	[242,98]
	[240,119]
	[241,3]
	[243,1]
	[238,108]
	[236,103]
	[237,3]
	[239,1]
	[234,88]
	[235,1]
	[232,101]
	[230,97]
	[233,2]
	[228,95]
	[231,2]
	[226,113]
	[227,2]
	[224,103]
	[222,121]
	[223,2]
	[220,90]
	[218,74]
	[221,1]
	[216,98]
	[217,4]
	[219,2]
	[214,104]
	[215,2]
	[212,101]
	[213,4]
	[210,96]
	[209,1]
	[208,69]
	[206,100]
	[205,4]
	[204,90]
	[207,1]
	[203,1]
	[202,77]
	[200,93]
	[201,3]
	[198,87]
	[197,3]
	[199,2]
	[196,78]
	[187,5]
	[194,89]
	[195,4]
	[192,94]
	[193,3]
	[190,77]
	[191,4]
	[188,102]
	[189,3]
	[186,86]
	[184,73]
	[183,4]
	[182,68]
	[185,2]
	[180,66]
	[179,3]
	[181,2]
	[177,14]
	[174,25]
	[178,67]
	[172,9]
	[176,30]
	[175,55]
	[173,55]
	[171,48]
	[170,17]
	[169,35]
	[168,41]
	[166,76]
	[165,11]
	[167,11]
	[164,39]
	[163,20]
	[162,15]
	[160,19]
	[159,66]
	[161,38]
	[1,9]
	[158,26]
	[156,30]
	[157,40]
	[154,48]
	[155,13]
	[153,36]
	[152,27]
	[150,19]
	[151,22]
	[149,24]
	[148,16]
	[147,33]
	[146,36]
	[145,14]
	[144,30]
	[143,40]
	[142,24]
	[140,19]
	[141,17]
	[139,25]
	[138,29]
	[137,11]
	[136,36]
	[134,23]
	[135,11]
	[132,9]
	[133,43]
	[131,26]
	[130,30]
	[129,30]
	[128,19]
	[127,17]
	[126,26]
	[125,28]
	[124,9]
	[123,25]
	[122,16]
	[119,13]
	[121,4]
	[120,31]
	[116,45]
	[115,23]
	[118,12]
	[117,7]
	[112,15]
	[113,41]
	[114,6]
	[111,16]
	[109,23]
	[110,12]
	[108,22]
	[106,10]
	[107,11]
	[105,22]
	[104,18]
	[102,36]
	[211,1]
	[100,12]
	[101,22]
	[97,20]
	[99,12]
	[98,16]
	[96,22]
	[94,13]
	[95,5]
	[103,2]
	[92,27]
	[93,12]
	[91,17]
	[90,3]
	[89,22]
	[86,21]
	[88,17]
	[87,16]
	[85,13]
	[84,9]
	[82,18]
	[80,9]
	[81,10]
	[83,21]
	[79,15]
	[77,4]
	[75,13]
	[78,18]
	[76,10]
	[1230,1]
	[73,12]
	[1234,1]
	[71,12]
	[74,4]
	[72,15]
	[68,13]
	[70,15]
	[69,13]
	[1120,1]
	[67,8]
	[1124,1]
	[1139,1]
	[64,9]
	[1131,1]
	[65,13]
	[1063,1]
	[66,11]
	[1183,1]
	[62,19]
	[63,7]
	[1059,1]
	[61,9]
	[59,7]
	[60,16]
	[57,12]
	[58,3]
	[962,1]
	[56,6]
	[1028,1]
	[961,1]
	[852,1]
	[55,12]
	[52,11]
	[54,3]
	[51,11]
	[53,13]
	[936,1]
	[50,4]
	[1702,1]
	[48,9]
	[49,10]
	[47,12]
	[44,6]
	[46,1]
	[45,6]
	[42,1]
	[43,6]
	[38,12]
	[40,11]
	[41,6]
	[39,6]
	[37,4]
	[36,6]
	[32,9]
	[35,6]
	[34,5]
	[1094,1]
	[1208,1]
	[33,9]
	[30,9]
	[530,1]
	[31,4]
	[26,9]
	[28,2]
	[29,11]
	[24,11]
	[27,2]
	[799,1]
	[23,9]
	[22,13]
	[25,2]
	[20,2]
	[21,4]
	[18,8]
	[19,2]
	[16,11]
	[14,4]
	[17,5]
	[570,1]
	[10,10]
	[15,3]
	[13,3]
	[8,7]
	[11,1]
	[7,1]
	[12,1]
	[6,3]
	[4,4]
	[5,1]

1468,
	[129,13]
	[74,4]
	[65,2]
	[8,4]
	[35,5]
	[9,3]
	[141,2]
	[80,3]
	[82,36]
	[45,4]
	[126,3]
	[43,5]
	[55,4]
	[3,6]
	[34,6]
	[4,6]
	[122,2]
	[56,3]
	[116,1]
	[50,5]
	[7,3]
	[17,3]
	[33,3]
	[124,2]
	[36,6]
	[123,2]
	[6,10]
	[32,6]
	[92,5]
	[120,1]
	[88,1]
	[249,1]
	[77,4]
	[118,1]
	[111,2]
	[243,1]
	[110,1]
	[90,2]
	[30,7]
	[75,5]
	[29,7]
	[112,2]
	[241,1]
	[28,3]
	[76,5]
	[79,7]
	[83,2]
	[106,3]
	[27,4]
	[102,4]
	[67,3]
	[119,2]
	[11,4]
	[22,4]
	[66,6]
	[12,3]
	[223,1]
	[94,2]
	[42,6]
	[15,5]
	[71,2]
	[58,4]
	[84,6]
	[212,1]
	[59,3]
	[64,5]
	[14,3]
	[101,2]
	[188,1]
	[49,5]
	[23,4]
	[73,2]
	[13,4]
	[20,2]
	[10,2]
	[53,2]
	[93,2]
	[21,2]
	[46,5]
	[158,2]
	[51,4]
	[61,2]
	[48,1]
	[68,3]
	[5,3]
	[97,3]
	[31,2]
	[25,3]
	[193,1]
	[191,1]
	[81,1]
	[54,3]
	[148,2]
	[69,3]
	[99,1]
	[24,4]
	[63,3]
	[37,2]
	[128,2]
	[26,5]
	[173,2]
	[47,1]
	[108,4]
	[104,2]
	[2,1]
	[41,2]
	[78,1]
	[18,3]
	[159,1]
	[19,2]
	[121,1]
	[125,1]
	[89,1]
	[70,3]
	[109,2]
	[103,2]
	[72,4]
	[134,2]
	[107,1]
	[137,1]
	[44,4]
	[85,1]
	[39,1]
	[96,2]
	[86,2]
	[164,2]
	[170,1]
	[198,1]
	[57,2]
	[162,2]
	[95,2]
	[142,1]
	[127,1]
	[100,2]
	[180,1]
	[40,4]
	[146,2]
	[156,1]
	[52,1]
	[201,1]
	[169,2]
	[130,1]
	[203,1]
	[114,4]
	[87,1]
	[179,1]
	[190,1]
	[16,2]
	[60,3]
	[38,1]
	[115,2]
	[161,2]
	[152,2]
	[149,1]
	[140,1]
	[91,1]

1432,
	[87,1]
	[130,1]
	[103,1]
	[47,1]
	[71,2]
	[50,1]
	[11,1]
	[37,1]
	[605,1]
	[343,1]

len(carl_order):
11
Printing carl assignment order:
1468,249,0.014285272564237346
1452,1,0.010659671838374818
1432,130,0.010380622837370242
1448,2,0.008747785801880365
1448,415,0.0036032687295051713
1452,412,0.0032538832876475962
1432,605,0.0029069767441860465
1448,1702,0.0015841584158415843
1452,413,0.0008833922261484099
1452,465,1.7003332653200026e-05
1452,92249,1.6524296206461753e-05
bin_width: 1890241
assigning lease 249 to address 1468
Average Cache Occupancy Per Bin: [0.75,0.98,0.94,0.95,0.74]
Total cost: 1425152.0
assigning lease 1 to address 1452
Average Cache Occupancy Per Bin: [1.24,1.47,1.42,1.44,1.22]
Total cost: 2345216.0
assigning lease 130 to address 1432
Average Cache Occupancy Per Bin: [1.24,1.50,1.42,1.47,1.27]
Total cost: 2345216.0
assigning lease 2 to address 1448
Average Cache Occupancy Per Bin: [2.23,2.48,2.41,2.45,2.29]
Total cost: 4226816.0
assigning lease 415 to address 1448
Average Cache Occupancy Per Bin: [191.,168.,145.,114.,68.8]
Total cost: 362040576.0
assigning lease 412 to address 1452
Average Cache Occupancy Per Bin: [379.,337.,290.,232.,140.]
Total cost: 716594944.0
assigning lease 605 to address 1432
Average Cache Occupancy Per Bin: [379.,337.,290.,232.,140.]
Total cost: 716594944.0
assigning lease 1702 to address 1448
Average Cache Occupancy Per Bin: [379.,337.,290.,232.,142.]
Total cost: 716594944.0
assigning lease 413 to address 1452
Average Cache Occupancy Per Bin: [379.,337.,290.,232.,142.]
Total cost: 716649728.0
assigning lease 465 to address 1452
Average Cache Occupancy Per Bin: [380.,338.,292.,234.,143.]
Total cost: 719485184.0
addr: 1452 ri: 92249
bin target: 967803392
	bin: 0.0 current capacity: 380.63145598894533  avg impact: 2498.499169153563
	bin: 1.0 current capacity: 338.6054074586256  avg impact: 2108.8150008385173
	bin: 2.0 current capacity: 292.1568117504593  avg impact: 2147.742219113859
	bin: 3.0 current capacity: 234.21595870579466  avg impact: 1595.8763184165405
	bin: 4.0 current capacity: 143.88074324914126  avg impact: 910.501769880137
num_full_bins: 0
printing bin ranks sorted:
	bin: 0.0 rank: 0.05257898246792672
	selecting this^ bin
	bin: 1.0 rank: 0.0822237097480947
	bin: 2.0 rank: 0.10236013721434697
	bin: 3.0 rank: 0.17406364020103265
	bin: 4.0 rank: 0.40430372452688346
acceptable_ratio: 0.05257898246792672
Assigning 1452 dual lease lease 92249 * 0.05257898246792672. Bin saturation: [512.,449.,405.,318.,191.]
Final saturation:
	0.0,967803392.0
	1.0,849634511.6717044
	2.0,765704329.1057584
	3.0,601333885.3099002
	4.0,362461272.42041767
DUMP LEASES
0, 5ac, 1d1, 16859, 0.9474210175320733 
0, 5a8, 6a6, 0, 1 
0, 5bc, f9, 0, 1 
0, 598, 25d, 0, 1 
Dump dual leases

