Dump predicted miss count (no contention misses): 31744
Dump formated leases
0, 608, 6c0, 0, 1
0, 60c, 213, 0, 1
0, 610, 1f5, 0, 1
0, 61c, 3, 0, 1
0, 62c, 1f8, 0, 1
0, 650, 6, 0, 1
0, 654, 7696, 0, 1
0, 658, 21d, cc4f, 0.026971519
0, 65c, 67b9, 0, 1
0, 664, 1f3, 0, 1
0, 678, 3, 0, 1
0, 684, 36, 0, 1
0, 694, 224, 0, 1
0, 698, ca, 0, 1
0, 6ac, 5647, 0, 1
1, 6dc, 1, 0, 1
1, 6e8, 1, 0, 1
1, 704, 2, 0, 1
1, 708, 3, 0, 1
1, 70c, 212, 0, 1
1, 718, 2, 0, 1
1, 72c, 1fd, 0, 1
1, 750, 2, 0, 1
1, 754, 218, 0, 1
1, 758, ca77, 0, 1
1, 75c, 680b, 0, 1
1, 764, 1f7, 0, 1
1, 778, 2, 0, 1
1, 784, 3, 0, 1
1, 794, dd, 7a20, 0.4321584
1, 798, d7, 0, 1
1, 7a8, d3e, 0, 1
