sample rate: 0.00390625
1596,
	[214,14]
	[219,3]
	[1,17]
	[209,18]
	[205,14]
	[210,25]
	[198,24]
	[195,17]
	[201,6]
	[217,7]
	[138,3]
	[207,15]
	[221,4]
	[109,1]
	[188,15]
	[204,8]
	[110,2]
	[211,21]
	[148,2]
	[178,3]
	[192,8]
	[215,19]
	[206,11]
	[194,22]
	[161,1]
	[132,3]
	[196,16]
	[128,4]
	[74,1]
	[190,15]
	[163,2]
	[213,20]
	[193,23]
	[212,25]
	[199,11]
	[218,7]
	[1587,1]
	[216,7]
	[136,6]
	[164,2]
	[222,6]
	[543,1]
	[9265,1]
	[130,1]
	[149,2]
	[181,3]
	[197,18]
	[156,2]
	[185,6]
	[174,4]
	[224,2]
	[108,3]
	[5159,1]
	[208,6]
	[191,7]
	[189,14]
	[202,6]
	[203,9]
	[1851,1]
	[2547,1]
	[176,1]
	[94,1]
	[100,4]
	[106,2]
	[86,1]
	[1405,1]
	[160,1]
	[200,6]
	[8474,1]
	[9798,1]
	[187,8]
	[126,3]
	[127,6]
	[150,1]
	[180,4]
	[225,1]
	[169,1]
	[162,1]
	[120,1]
	[186,6]
	[118,2]
	[1965,1]
	[131,1]
	[165,2]
	[226,1]
	[135,2]
	[1625,1]
	[182,3]
	[223,2]
	[183,1]
	[611,1]
	[184,2]
	[75,1]
	[9078,2]
	[1479,1]
	[3038,1]
	[2,2]
	[103,2]
	[146,1]
	[4816,1]
	[172,2]
	[170,1]
	[112,2]
	[144,1]
	[141,1]
	[7343,1]
	[6002,1]
	[9037,1]
	[845,1]
	[588,1]
	[27,1]
	[115,2]
	[155,1]
	[77,1]
	[179,1]
	[623,1]
	[167,1]
	[102,1]
	[157,1]
	[154,1]
	[121,2]
	[39,1]
	[2696,1]
	[43,1]
	[142,2]
	[17,1]
	[220,2]
	[3349,1]
	[2049,1]
	[175,2]
	[1737,1]
	[166,1]
	[30,1]
	[119,1]
	[8716,1]
	[177,1]
	[1552,1]

1632,
	[105,1]
	[65,3]
	[142,1]
	[8,2]
	[11,1]
	[226,1]
	[7522,1]
	[6,2]
	[2061,1]
	[168,1]
	[137,2]
	[140,1]
	[1518,1]
	[10,1]
	[1424,1]
	[6807,1]
	[53,2]
	[1811,1]
	[18,2]
	[1555,1]
	[8326,1]
	[56,1]
	[154,1]
	[1797,1]
	[21,1]
	[1711,2]
	[1402,1]
	[36,2]
	[195,1]
	[139,1]
	[129,1]
	[169,1]
	[71,3]
	[1795,1]
	[7647,1]
	[3020,1]
	[1801,1]
	[9908,1]
	[7793,1]
	[149,1]
	[1194,1]
	[73,1]
	[98,1]
	[6040,1]
	[25,1]
	[9,1]
	[1826,1]

1684,
	[27,15]
	[35,29]
	[176,12]
	[60,2]
	[31,32]
	[159,7]
	[106,3]
	[61,5]
	[29,32]
	[63,2]
	[2,7]
	[26,8]
	[166,14]
	[32,30]
	[185,10]
	[30,29]
	[33,27]
	[163,23]
	[178,7]
	[161,9]
	[56,4]
	[168,5]
	[37,3]
	[155,11]
	[34,38]
	[156,8]
	[157,14]
	[181,9]
	[36,19]
	[191,3]
	[165,8]
	[22,3]
	[172,9]
	[67,3]
	[171,3]
	[162,13]
	[167,7]
	[44,2]
	[182,8]
	[180,12]
	[183,11]
	[71,3]
	[88,2]
	[1,3]
	[170,4]
	[25,10]
	[9016,1]
	[87,1]
	[169,8]
	[69,3]
	[86,1]
	[4,3]
	[133,3]
	[175,9]
	[190,2]
	[98,1]
	[23,4]
	[96,4]
	[55,1]
	[109,3]
	[59,4]
	[51,3]
	[1356,1]
	[20,2]
	[177,7]
	[135,3]
	[160,7]
	[2007,1]
	[24,7]
	[62,5]
	[188,2]
	[93,1]
	[164,8]
	[173,8]
	[129,4]
	[179,13]
	[57,3]
	[184,6]
	[104,3]
	[132,1]
	[28,14]
	[189,4]
	[117,1]
	[126,3]
	[801,1]
	[82,1]
	[89,1]
	[79,1]
	[187,7]
	[235,1]
	[115,2]
	[174,4]
	[154,6]
	[76,3]
	[78,2]
	[10,1]
	[58,5]
	[97,1]
	[15,1]
	[65,1]
	[91,4]
	[1419,1]
	[186,7]
	[21,2]
	[46,2]
	[47,3]
	[99,2]
	[100,3]
	[19,5]
	[6,1]
	[16,4]
	[49,2]
	[50,5]
	[7176,1]
	[11,2]
	[158,5]
	[52,1]
	[153,2]
	[73,2]
	[9,1]
	[90,2]
	[8068,1]
	[66,2]
	[38,1]
	[81,1]
	[127,4]
	[64,1]
	[43,1]
	[103,1]
	[1282,1]
	[40,2]
	[193,1]
	[4036,1]
	[75,4]
	[3,1]
	[8987,1]
	[8984,1]
	[1971,1]
	[39,2]
	[1375,2]
	[1037,1]
	[45,1]
	[95,3]
	[107,1]
	[114,2]
	[194,1]
	[1390,1]
	[143,1]
	[118,2]
	[1361,1]
	[13,1]
	[7573,1]
	[77,1]
	[123,1]
	[905,1]
	[101,2]
	[8953,1]
	[6652,1]
	[74,1]
	[131,1]
	[54,3]
	[151,1]
	[94,2]
	[112,1]
	[92,1]
	[2177,1]
	[721,1]
	[113,1]
	[119,1]
	[8975,1]
	[8986,1]
	[116,1]
	[4028,2]
	[195,1]
	[8981,1]
	[41,1]
	[142,1]
	[8945,1]
	[1484,1]

1664,
	[144,1]
	[209,1]
	[5378,1]
	[9040,1]
	[5164,2]
	[9671,1]
	[208,2]
	[211,1]
	[168,1]
	[210,1]
	[173,1]
	[102,1]
	[195,1]
	[18,1]
	[163,1]
	[152,1]
	[196,1]
	[10,1]
	[2758,1]
	[8,2]
	[9083,1]
	[6353,1]
	[216,1]
	[157,1]
	[8130,1]
	[3696,1]
	[3667,1]
	[7477,1]
	[6704,1]
	[177,1]
	[9557,1]
	[10798,1]
	[175,1]
	[193,1]

1520,
	[41,1]
	[16,2]
	[9127,1]
	[174,1]
	[162,1]
	[22,2]
	[80,1]
	[36,1]
	[77,1]
	[50,1]
	[154,1]
	[169,1]
	[14,2]
	[156,1]
	[161,1]
	[166,1]
	[180,1]
	[158,1]
	[182,1]

1604,
	[1038,1]
	[203,2]
	[198,1]
	[211,3]
	[204,3]
	[209,4]
	[212,2]
	[210,2]
	[1025,1]
	[205,1]
	[1021,1]
	[208,2]
	[4023,1]
	[6627,1]
	[611,1]
	[1017,1]
	[608,1]
	[202,2]
	[207,2]
	[4750,1]
	[8116,1]
	[5232,1]
	[612,1]
	[9938,1]
	[6796,1]
	[4171,1]

1812,
	[10,3]
	[36,5]
	[38,4]
	[310,1]
	[5,6]
	[17,4]
	[1997,1]
	[11,2]
	[423,1]
	[2144,1]
	[10256,1]
	[510,1]
	[40,2]
	[2897,1]
	[18,8]
	[21,4]
	[1327,1]
	[638,1]
	[2452,1]
	[2298,1]
	[39,3]
	[25,5]
	[3869,1]
	[4988,2]
	[1814,1]
	[2568,1]
	[5996,1]
	[1692,1]
	[4916,1]
	[9280,1]
	[9955,1]
	[1857,1]
	[1973,1]
	[2955,1]
	[9603,1]
	[15,1]
	[1985,1]
	[220,1]
	[20,3]
	[1084,1]
	[1648,1]
	[4837,1]
	[298,1]
	[961,1]
	[8624,1]
	[672,1]
	[3659,1]
	[1644,1]
	[2079,1]

1848,
	[32,8]
	[15,4]
	[30,7]
	[19,1]
	[16,2]
	[34,2]
	[33,1]
	[29,1]
	[28,3]
	[17,3]

1860,
	[7,3]
	[8,2]
	[6,2]
	[5,5]

1732,
	[275,4]
	[279,2]
	[277,1]

1896,
	[11,3]
	[10,6]
	[9,6]
	[4965,2]
	[5147,1]
	[7589,1]
	[8,8]
	[8257,2]
	[262,2]
	[7,2]
	[8760,1]
	[250,3]
	[9581,1]
	[257,1]
	[209,2]
	[9762,1]
	[3020,1]
	[2243,1]
	[4648,1]
	[255,1]
	[6,1]

1876,
	[3654,1]
	[8932,1]
	[9732,1]
	[4826,2]
	[5606,1]
	[11388,1]
	[10901,1]
	[10429,1]
	[10440,1]
	[6124,1]
	[3013,1]
	[10221,1]
	[10389,1]
	[3169,1]
	[7441,1]
	[9431,1]
	[6941,1]
	[11036,1]
	[8244,1]
	[3216,1]
	[5168,1]
	[6285,1]
	[11518,1]

1880,
	[4148,2]
	[5399,1]
	[3174,1]
	[4983,1]
	[6288,1]
	[3353,2]
	[9265,1]
	[5581,1]
	[6946,1]
	[2890,1]
	[10632,1]
	[3686,3]
	[6172,2]
	[5991,1]
	[6651,2]
	[7879,1]
	[8937,2]
	[7,2]
	[10251,1]
	[7087,1]
	[9077,1]
	[5,3]
	[3501,1]
	[5992,1]
	[8470,1]
	[6025,1]
	[6992,1]
	[9549,1]
	[11396,1]
	[6910,1]
	[6471,1]
	[2723,1]
	[5124,1]
	[3500,1]
	[3042,1]
	[10226,1]
	[11221,1]
	[9569,1]
	[4957,1]
	[2380,1]
	[4524,1]
	[5842,1]

1820,
	[3169,1]
	[35,3]
	[450,1]
	[37,12]
	[40,2]
	[1010,1]
	[8389,1]
	[3107,3]
	[5553,1]
	[487,2]
	[41,5]
	[46,1]
	[2958,1]
	[190,1]
	[39,1]
	[1309,2]
	[4079,1]
	[897,1]
	[2200,1]
	[4672,1]
	[1913,1]
	[860,1]
	[189,1]

1816,
	[6350,1]
	[8102,1]
	[10094,1]
	[6920,1]
	[10419,1]
	[5747,1]
	[9823,2]
	[8471,1]
	[9119,1]
	[8705,1]
	[6147,1]

1592,
	[1664,1]
	[1571,1]
	[163,1]
	[1738,1]
	[1034,1]
	[1661,2]
	[136,1]
	[68,1]
	[7,1]
	[386,2]
	[177,1]
	[1737,1]
	[48,1]
	[1348,1]
	[102,1]
	[878,1]
	[2,1]
	[169,2]
	[133,1]
	[79,1]
	[1524,1]
	[1042,1]
	[23,1]
	[1650,1]
	[14,1]
	[11,1]
	[753,1]
	[1644,1]
	[88,1]
	[1332,1]
	[63,1]
	[1129,1]
	[1628,1]

1600,
	[8700,1]
	[104,1]
	[8406,1]
	[5324,1]
	[100,1]
	[166,1]
	[181,2]
	[9582,2]
	[2032,1]
	[1,1]
	[151,1]
	[8708,1]
	[3557,1]
	[9114,1]
	[9444,1]
	[6081,1]
	[3558,1]
	[85,1]
	[3998,1]
	[102,1]
	[173,1]
	[175,1]
	[1585,1]
	[9878,1]
	[9434,1]
	[3507,1]
	[2754,1]
	[161,1]
	[1265,1]
	[2770,1]
	[116,1]
	[167,2]
	[8555,1]
	[8719,1]
	[133,1]
	[79,1]
	[7264,1]
	[9263,1]
	[125,1]
	[122,1]
	[180,1]
	[8711,1]
	[5787,1]
	[8853,1]
	[127,1]
	[74,1]
	[135,1]
	[3290,1]
	[6855,1]
	[8713,1]
	[110,1]
	[128,1]
	[2364,1]
	[7334,1]
	[8993,1]
	[469,1]
	[6670,1]
	[146,1]
	[2,1]
	[8710,1]

1808,
	[48,4]
	[20,4]
	[44,2]
	[23,2]
	[46,3]
	[19,2]
	[51,1]
	[49,1]
	[57,2]
	[17,4]
	[29,1]
	[58,2]
	[25,1]
	[1978,1]

1612,
	[18,1]
	[128,1]
	[27,2]
	[28,1]
	[29,1]
	[104,1]
	[206,1]
	[68,1]
	[179,1]

1660,
	[22,2]
	[7397,1]
	[4837,1]
	[212,1]
	[7719,1]
	[218,1]
	[19,2]
	[8858,3]
	[7882,1]
	[184,1]
	[10015,1]
	[190,2]
	[6656,1]
	[141,1]
	[4665,1]
	[193,1]
	[26,1]
	[201,1]
	[213,1]
	[4015,1]
	[151,1]
	[208,1]
	[206,1]
	[8,1]
	[182,1]
	[5702,1]
	[4508,1]
	[7482,1]
	[191,1]
	[10823,1]
	[214,2]
	[195,1]
	[189,1]

1540,
	[96,1]
	[84,2]
	[185,1]
	[190,1]
	[99,2]
	[182,1]
	[5677,1]

1524,
	[198,2]
	[99,1]
	[43,1]
	[115,1]
	[183,1]
	[1,1]
	[1221,1]
	[71,1]
	[5,1]
	[3359,1]

1736,
	[11064,1]
	[26,1]
	[9761,1]

1556,
	[29,1]
	[173,1]
	[26,1]
	[32,1]

1644,
	[1184,1]
	[21,3]
	[2504,1]
	[17,1]
	[119,1]
	[14,1]
	[30,1]
	[27,1]
	[3,1]

len(carl_order):
81
Printing carl assignment order:
1860,8,0.16216216216216217
1524,1,0.09090909090909091
1896,11,0.05627705627705628
1848,34,0.03800475059382423
1644,30,0.03278688524590164
1808,58,0.026556776556776556
1596,1,0.0264797507788162
1556,32,0.025210084033613446
1524,5,0.025
1812,25,0.019427954668105773
1812,40,0.01907356948228883
1612,29,0.01824817518248175
1600,2,0.016
1880,7,0.013966480446927373
1592,2,0.013888888888888888
1520,22,0.013157894736842105
1820,41,0.012957746478873239
1736,26,0.01282051282051282
1684,36,0.011794049527881703
1632,11,0.011308562197092083
1612,206,0.009259259259259259
1820,46,0.00909090909090909
1684,195,0.008753964657906661
1520,182,0.008445945945945946
1664,10,0.00819672131147541
1592,14,0.007317073170731708
1556,173,0.0070921985815602835
1540,190,0.006617038875103391
1660,26,0.006160164271047228
1632,21,0.005952380952380952
1632,73,0.005684302579798863
1524,198,0.005564387917329093
1596,226,0.0050227117587075785
1632,169,0.0040013337779259755
1644,119,0.003745318352059925
1664,18,0.003676470588235294
1732,279,0.0036175710594315244
1592,23,0.003472222222222222
1664,216,0.003049296967643571
1660,218,0.003048780487804878
1592,177,0.0029666254635352285
1604,212,0.0029455081001472753
1600,181,0.002555714577795952
1896,262,0.0017588430721125659
1632,195,0.0016722408026755853
1632,226,0.001466275659824047
1592,1738,0.0008877260197168621
1684,235,0.0008064516129032258
1820,190,0.0006615944426066821
1604,1038,0.0006331403762662807
1644,2504,0.0005797101449275362
1820,487,0.0005351409204423831
1808,1978,0.0005208333333333333
1524,1221,0.0004887585532746823
1524,3359,0.0004677268475210477
1820,1309,0.00041694462975316876
1820,5553,0.0003996962308645429
1632,2061,0.00038982847547079283
1820,8389,0.0003526093088857546
1596,623,0.0003513086246267346
1684,1484,0.00035120580660266915
1812,2955,0.0003451799077679286
1596,2049,0.00031994880819068947
1812,4988,0.0002761795166858458
1812,10256,0.00025224922223156476
1684,2177,0.0002479748718796495
1596,3349,0.0002255554302469832
1596,9798,0.000220321669637671
1632,9908,0.00019716574245224892
1604,9938,0.00019347505381024933
1684,9016,0.00018579762922225112
1540,5677,0.00018224895206852561
1896,9762,0.00016205266711681298
1600,9878,0.00016120870706138918
1880,11396,0.0001603504510282899
1664,10798,0.00015090543259557344
1660,10823,0.00014285034045997808
1876,11518,0.0001311977259060843
1816,10419,0.00012033694344163658
1520,9127,0.00011179429849077697
1736,11064,9.627882347277717e-05
bin_width: 111838
assigning lease 8 to address 1860
Average Cache Occupancy Per Bin: [0.04,0.02,0.03,0.01,0.03]
Total cost: 5376.0
assigning lease 1 to address 1524
Average Cache Occupancy Per Bin: [0.05,0.02,0.04,0.02,0.04]
Total cost: 5632.0
assigning lease 11 to address 1896
Average Cache Occupancy Per Bin: [0.32,0.15,0.33,0.18,0.24]
Total cost: 36864.0
assigning lease 34 to address 1848
Average Cache Occupancy Per Bin: [0.61,0.87,0.71,0.48,0.49]
Total cost: 68608.0
assigning lease 30 to address 1644
Average Cache Occupancy Per Bin: [0.68,1.03,0.75,0.70,0.56]
Total cost: 76288.0
assigning lease 58 to address 1808
Average Cache Occupancy Per Bin: [1.13,1.55,1.12,1.14,1.26]
Total cost: 127488.0
assigning lease 1 to address 1596
Average Cache Occupancy Per Bin: [1.41,1.84,1.44,1.47,1.53]
Total cost: 157696.0
assigning lease 32 to address 1556
Average Cache Occupancy Per Bin: [1.47,1.84,1.57,1.55,1.53]
Total cost: 165120.0
assigning lease 5 to address 1524
Average Cache Occupancy Per Bin: [1.48,1.86,1.59,1.57,1.55]
Total cost: 166144.0
assigning lease 25 to address 1812
Average Cache Occupancy Per Bin: [2.16,2.59,2.66,2.46,2.41]
Total cost: 242688.0
assigning lease 40 to address 1812
Average Cache Occupancy Per Bin: [2.46,2.89,3.14,2.74,2.74]
Total cost: 275712.0
assigning lease 29 to address 1612
Average Cache Occupancy Per Bin: [2.63,2.95,3.14,3.00,2.87]
Total cost: 294656.0
assigning lease 2 to address 1600
Average Cache Occupancy Per Bin: [2.69,2.99,3.19,3.07,2.94]
Total cost: 301056.0
assigning lease 7 to address 1880
Average Cache Occupancy Per Bin: [2.86,3.18,3.31,3.20,3.15]
Total cost: 320768.0
assigning lease 2 to address 1592
Average Cache Occupancy Per Bin: [2.89,3.22,3.34,3.22,3.19]
Total cost: 323840.0
assigning lease 22 to address 1520
Average Cache Occupancy Per Bin: [3.18,3.51,3.34,3.55,3.33]
Total cost: 356096.0
assigning lease 41 to address 1820
Average Cache Occupancy Per Bin: [4.16,4.05,4.32,4.30,4.14]
Total cost: 466176.0
assigning lease 26 to address 1736
Average Cache Occupancy Per Bin: [4.22,4.05,4.32,4.42,4.14]
Total cost: 472832.0
assigning lease 36 to address 1684
Average Cache Occupancy Per Bin: [16.7,17.6,17.0,16.8,17.1]
Total cost: 1876736.0
assigning lease 11 to address 1632
Average Cache Occupancy Per Bin: [17.0,17.9,17.2,17.0,17.5]
Total cost: 1902848.0
assigning lease 206 to address 1612
Average Cache Occupancy Per Bin: [17.2,17.9,17.2,17.6,17.9]
Total cost: 1928192.0
assigning lease 46 to address 1820
Average Cache Occupancy Per Bin: [17.3,17.9,17.2,17.6,18.0]
Total cost: 1935872.0
assigning lease 195 to address 1684
Average Cache Occupancy Per Bin: [43.0,45.1,40.1,43.1,43.0]
Total cost: 4819968.0
assigning lease 182 to address 1520
Average Cache Occupancy Per Bin: [44.1,45.7,40.1,44.8,43.7]
Total cost: 4940544.0
assigning lease 10 to address 1664
Average Cache Occupancy Per Bin: [44.3,45.9,40.3,44.9,43.9]
Total cost: 4958464.0
assigning lease 14 to address 1592
Average Cache Occupancy Per Bin: [44.5,46.2,40.4,45.1,44.2]
Total cost: 4976896.0
assigning lease 173 to address 1556
Average Cache Occupancy Per Bin: [44.5,46.2,40.7,45.1,44.2]
Total cost: 4976896.0
assigning lease 190 to address 1540
Average Cache Occupancy Per Bin: [45.3,46.6,40.7,45.5,45.2]
Total cost: 5070336.0
assigning lease 26 to address 1660
Average Cache Occupancy Per Bin: [45.6,47.2,41.2,45.8,45.8]
Total cost: 5102592.0
assigning lease 21 to address 1632
Average Cache Occupancy Per Bin: [45.7,47.4,41.4,46.0,46.1]
Total cost: 5120512.0
assigning lease 73 to address 1632
Average Cache Occupancy Per Bin: [46.5,48.7,42.1,46.9,47.7]
Total cost: 5211648.0
assigning lease 198 to address 1524
Average Cache Occupancy Per Bin: [47.0,49.0,42.8,47.8,48.3]
Total cost: 5261056.0
assigning lease 226 to address 1596
Average Cache Occupancy Per Bin: [99.3,102.,99.7,108.,95.6]
Total cost: 11109120.0
assigning lease 169 to address 1632
Average Cache Occupancy Per Bin: [100.,104.,100.,110.,97.4]
Total cost: 11233024.0
assigning lease 119 to address 1644
Average Cache Occupancy Per Bin: [100.,104.,100.,110.,97.4]
Total cost: 11255808.0
assigning lease 18 to address 1664
Average Cache Occupancy Per Bin: [100.,105.,100.,110.,97.5]
Total cost: 11270144.0
assigning lease 279 to address 1732
Average Cache Occupancy Per Bin: [102.,105.,100.,110.,100.]
Total cost: 11411968.0
assigning lease 23 to address 1592
Average Cache Occupancy Per Bin: [102.,105.,101.,110.,100.]
Total cost: 11425792.0
assigning lease 216 to address 1664
Average Cache Occupancy Per Bin: [105.,107.,103.,113.,103.]
Total cost: 11758336.0
assigning lease 218 to address 1660
Average Cache Occupancy Per Bin: [106.,111.,106.,115.,106.]
Total cost: 11953408.0
assigning lease 177 to address 1592
Average Cache Occupancy Per Bin: [108.,113.,107.,116.,108.]
Total cost: 12186368.0
assigning lease 212 to address 1604
Average Cache Occupancy Per Bin: [112.,117.,111.,120.,112.]
Total cost: 12556544.0
assigning lease 181 to address 1600
Average Cache Occupancy Per Bin: [116.,120.,115.,126.,117.]
Total cost: 13054464.0
assigning lease 262 to address 1896
Average Cache Occupancy Per Bin: [119.,120.,119.,128.,120.]
Total cost: 13375744.0
assigning lease 195 to address 1632
Average Cache Occupancy Per Bin: [119.,121.,119.,129.,120.]
Total cost: 13395712.0
assigning lease 226 to address 1632
Average Cache Occupancy Per Bin: [119.,121.,119.,129.,121.]
Total cost: 13419520.0
assigning lease 1738 to address 1592
Average Cache Occupancy Per Bin: [135.,129.,120.,137.,137.]
Total cost: 15155968.0
assigning lease 235 to address 1684
Average Cache Occupancy Per Bin: [135.,130.,120.,138.,138.]
Total cost: 15196928.0
assigning lease 190 to address 1820
Average Cache Occupancy Per Bin: [137.,130.,122.,139.,139.]
Total cost: 15418112.0
assigning lease 1038 to address 1604
Average Cache Occupancy Per Bin: [139.,134.,128.,144.,148.]
Total cost: 15629568.0
assigning lease 2504 to address 1644
Average Cache Occupancy Per Bin: [142.,139.,128.,144.,148.]
Total cost: 15902208.0
assigning lease 487 to address 1820
Average Cache Occupancy Per Bin: [146.,140.,131.,147.,150.]
Total cost: 16348928.0
assigning lease 1978 to address 1808
Average Cache Occupancy Per Bin: [146.,140.,131.,147.,154.]
Total cost: 16348928.0
assigning lease 1221 to address 1524
Average Cache Occupancy Per Bin: [146.,140.,131.,150.,157.]
Total cost: 16348928.0
assigning lease 3359 to address 1524
Average Cache Occupancy Per Bin: [146.,140.,131.,150.,162.]
Total cost: 16348928.0
assigning lease 1309 to address 1820
Average Cache Occupancy Per Bin: [154.,140.,139.,156.,166.]
Total cost: 17324544.0
assigning lease 5553 to address 1820
Average Cache Occupancy Per Bin: [182.,140.,153.,163.,175.]
Total cost: 20433920.0
assigning lease 2061 to address 1632
Average Cache Occupancy Per Bin: [191.,161.,163.,175.,201.]
Total cost: 21373440.0
assigning lease 8389 to address 1820
Average Cache Occupancy Per Bin: [197.,161.,163.,175.,201.]
Total cost: 22099456.0
assigning lease 623 to address 1596
Average Cache Occupancy Per Bin: [201.,167.,169.,180.,205.]
Total cost: 22485504.0
assigning lease 1484 to address 1684
Average Cache Occupancy Per Bin: [210.,176.,187.,195.,232.]
Total cost: 23556864.0
assigning lease 2955 to address 1812
Average Cache Occupancy Per Bin: [229.,210.,254.,209.,264.]
Total cost: 25630208.0
assigning lease 2049 to address 1596
Average Cache Occupancy Per Bin: [237.,230.,273.,219.,278.]
Total cost: 26607104.0
assigning lease 4988 to address 1812
Average Cache Occupancy Per Bin: [242.,237.,296.,223.,289.]
Total cost: 27127552.0
assigning lease 10256 to address 1812
Average Cache Occupancy Per Bin: [254.,237.,330.,223.,297.]
Total cost: 28476160.0
assigning lease 2177 to address 1684
Average Cache Occupancy Per Bin: [257.,240.,336.,228.,309.]
Total cost: 28787456.0
assigning lease 3349 to address 1596
Average Cache Occupancy Per Bin: [263.,247.,350.,235.,315.]
Total cost: 29453056.0
assigning lease 9798 to address 1596
Average Cache Occupancy Per Bin: [281.,274.,381.,262.,327.]
Total cost: 31430912.0
assigning lease 9908 to address 1632
Average Cache Occupancy Per Bin: [293.,299.,381.,277.,367.]
Total cost: 32828928.0
assigning lease 9938 to address 1604
Average Cache Occupancy Per Bin: [293.,299.,401.,301.,417.]
Total cost: 32828928.0
assigning lease 9016 to address 1684
Average Cache Occupancy Per Bin: [309.,324.,436.,339.,488.]
Total cost: 34579712.0
assigning lease 5677 to address 1540
Average Cache Occupancy Per Bin: [309.,324.,436.,339.,501.]
Total cost: 34579712.0
addr: 1896 ri: 9762
bin target: 57261056
	bin: 4.0 current capacity: 501.0744827339545  avg impact: 32.87497988161448
num_full_bins: 0
printing bin ranks sorted:
	bin: 4.0 rank: 0.3323353293413174
	selecting this^ bin
acceptable_ratio: 0.3323353293413174
Assigning 1896 dual lease lease 9762 * 0.3323353293413174. Bin saturation: [328.,330.,444.,352.,512.]
addr: 1600 ri: 9878
bin target: 57261056
	bin: 2.0 current capacity: 444.0503624093575  avg impact: 68.50136805021549
	bin: 4.0 current capacity: 512.0  avg impact: 118.50054543178526
num_full_bins: 1
printing bin ranks sorted:
	bin: 4.0 rank: 0.0
	bin: 2.0 rank: 0.9919457015928711
acceptable_ratio: 0
addr: 1880 ri: 11396
bin target: 57261056
	bin: 2.0 current capacity: 444.0503624093575  avg impact: 132.8573114683739
	bin: 4.0 current capacity: 512.0  avg impact: 143.91330317065757
num_full_bins: 1
printing bin ranks sorted:
	bin: 4.0 rank: 0.0
	bin: 2.0 rank: 0.5114482360033125
acceptable_ratio: 0
addr: 1664 ri: 10798
bin target: 57261056
	bin: 4.0 current capacity: 512.0  avg impact: 56.93034567857079
num_full_bins: 1
printing bin ranks sorted:
	bin: 4.0 rank: 0.0
acceptable_ratio: 0
addr: 1660 ri: 10823
bin target: 57261056
	bin: 4.0 current capacity: 512.0  avg impact: 44.05228991934763
num_full_bins: 1
printing bin ranks sorted:
	bin: 4.0 rank: 0.0
acceptable_ratio: 0
addr: 1876 ri: 11518
bin target: 57261056
	bin: 2.0 current capacity: 444.0503624093575  avg impact: 91.98905559827608
	bin: 4.0 current capacity: 512.0  avg impact: 59.94270283803358
num_full_bins: 1
printing bin ranks sorted:
	bin: 4.0 rank: 0.0
	bin: 2.0 rank: 0.7386708902348585
acceptable_ratio: 0
addr: 1816 ri: 10419
bin target: 57261056
	bin: 4.0 current capacity: 512.0  avg impact: 54.87022300112663
num_full_bins: 1
printing bin ranks sorted:
	bin: 4.0 rank: 0.0
acceptable_ratio: 0
assigning lease 9127 to address 1520
Average Cache Occupancy Per Bin: [348.,330.,444.,352.,512.]
Total cost: 38988921.1017964
assigning lease 11064 to address 1736
Average Cache Occupancy Per Bin: [373.,330.,444.,374.,512.]
Total cost: 41814649.1017964
Final saturation:
	0.0,41814649.1017964
	1.0,36994863.52095808
	2.0,49661704.431137726
	3.0,41938621.31736527
	4.0,57261056.0
DUMP LEASES
0, 63c, 2646, 0, 1 
0, 660, 26b4, 0, 1 
0, 694, 2338, 0, 1 
0, 680, d8, 0, 1 
0, 5f0, 23a7, 0, 1 
0, 644, 26d2, 0, 1 
0, 714, 2810, 0, 1 
0, 738, 22, 0, 1 
0, 744, 8, 0, 1 
0, 6c4, 117, 0, 1 
0, 768, 106, 2622, 0.6676646706586826 
0, 754, 0, 0, 1 
0, 758, 7, 0, 1 
0, 71c, 20c5, 0, 1 
0, 718, 0, 0, 1 
0, 638, 6ca, 0, 1 
0, 640, b5, 0, 1 
0, 710, 7ba, 0, 1 
0, 64c, ce, 0, 1 
0, 67c, da, 0, 1 
0, 604, 162d, 0, 1 
0, 5f4, d1f, 0, 1 
0, 6c8, 2b38, 0, 1 
0, 614, ad, 0, 1 
0, 66c, 9c8, 0, 1 
Dump dual leases

