sample rate: 0.00390625
1392,
	[158,1]
	[75,19]
	[76,7]
	[78,1]
	[2014,1]
	[982,1]
	[1248,1]

1464,
	[2,2]

1540,
	[78,103]
	[206,116]
	[208,568]
	[209,20]
	[14421,1]
	[210,224]
	[1,3]
	[201,1]
	[2,15]
	[76,7]
	[98,1]
	[14211,1]
	[81,6]
	[677,1]
	[1014,1]
	[205,9]
	[207,18]
	[212,22]
	[182,2]
	[75,6]
	[551,1]
	[143,2]
	[80,10]
	[13806,1]
	[183,1]
	[111,2]
	[181,1]
	[375,1]
	[13602,1]
	[104,4]
	[189,1]
	[211,15]
	[79,19]
	[132,2]
	[200,1]
	[110,2]
	[77,3]
	[199,2]
	[185,1]
	[107,1]
	[101,1]
	[119,1]
	[1319,1]
	[83,3]
	[1173,1]
	[176,1]
	[112,1]
	[1012,1]
	[631,1]
	[180,1]
	[129,2]
	[213,1]
	[87,1]
	[92,2]
	[96,1]
	[1235,1]
	[161,1]
	[1157,1]
	[175,1]
	[696,1]
	[202,1]
	[187,1]
	[767,1]
	[611,1]
	[113,1]
	[88,1]

1544,
	[206,118]
	[208,514]
	[207,13]
	[11333,2]
	[210,216]
	[1,17]
	[209,19]
	[11075,1]
	[11056,1]
	[10999,1]
	[14003,1]
	[10976,1]
	[10921,1]
	[10820,1]
	[10826,1]
	[13785,1]
	[205,3]
	[10744,1]
	[10667,1]
	[10664,1]
	[10614,1]
	[10512,1]
	[10400,1]
	[10433,1]
	[10323,1]
	[10268,1]
	[212,28]
	[10310,1]
	[10153,1]
	[8148,1]
	[7993,1]
	[7994,1]
	[7915,1]
	[7919,1]
	[7839,2]
	[211,3]
	[7605,1]
	[7527,1]
	[7531,1]
	[10572,1]
	[7446,1]
	[7088,1]
	[7034,1]
	[6850,1]
	[6838,1]
	[4771,1]
	[4770,1]
	[4610,1]
	[4612,1]
	[4540,1]
	[7645,1]
	[4461,1]
	[4376,1]
	[4271,1]
	[4145,1]
	[4142,1]
	[3804,1]
	[3830,1]
	[3722,1]
	[3670,1]
	[1486,1]
	[1396,1]
	[4417,1]
	[1236,1]
	[138,1]

1556,
	[27,3]
	[25,2]
	[52,3]
	[105,1]
	[177,1]
	[26,7]
	[104,3]
	[77,5]
	[78,1]
	[73,3]
	[75,1]
	[38,3]
	[22,1]
	[53,1]
	[103,2]
	[74,2]
	[95,1]

1444,
	[8129,1]
	[12305,1]

1528,
	[53,1]
	[21,1]
	[59,1]
	[65,1]
	[14,1]
	[63,1]

1588,
	[41,3]
	[50,1]
	[27,2]
	[11,1]
	[31,1]
	[37,1]
	[51,2]
	[57,1]
	[75,1]
	[55,1]

len(carl_order):
16
Printing carl assignment order:
1464,2,0.5
1588,75,0.023529411764705882
1528,65,0.02181818181818182
1544,1,0.017189079878665317
1556,105,0.016345347862531435
1556,177,0.013888888888888888
1392,78,0.011504047720494247
1540,2,0.007349938750510413
1540,213,0.0052672545707032736
1544,212,0.004536980106705805
1392,158,0.003125
1540,1319,0.0010098656101918744
1392,2014,0.0007957559681697613
1544,14003,0.00013250482945233663
1444,12305,9.78760888714887e-05
1540,14421,7.87959971633441e-05
bin_width: 119099
assigning lease 2 to address 1464
Average Cache Occupancy Per Bin: [0.00,0.0,0.0,0.0,0.0]
Total cost: 1024.0
assigning lease 75 to address 1588
Average Cache Occupancy Per Bin: [0.00,0.28,0.05,0.22,0.70]
Total cost: 1024.0
assigning lease 65 to address 1528
Average Cache Occupancy Per Bin: [0.12,0.32,0.32,0.25,0.84]
Total cost: 14592.0
assigning lease 1 to address 1544
Average Cache Occupancy Per Bin: [0.51,0.81,0.76,0.68,1.22]
Total cost: 61440.0
assigning lease 105 to address 1556
Average Cache Occupancy Per Bin: [2.13,1.79,1.25,1.64,2.29]
Total cost: 254464.0
assigning lease 177 to address 1556
Average Cache Occupancy Per Bin: [2.29,1.79,1.25,1.64,2.29]
Total cost: 272896.0
assigning lease 78 to address 1392
Average Cache Occupancy Per Bin: [7.33,1.79,1.25,1.64,2.29]
Total cost: 873728.0
assigning lease 2 to address 1540
Average Cache Occupancy Per Bin: [8.25,2.76,2.38,2.71,3.48]
Total cost: 983040.0
assigning lease 213 to address 1540
Average Cache Occupancy Per Bin: [94.7,96.1,110.,103.,101.]
Total cost: 11283200.0
assigning lease 212 to address 1544
Average Cache Occupancy Per Bin: [174.,197.,200.,189.,177.]
Total cost: 20751104.0
assigning lease 158 to address 1392
Average Cache Occupancy Per Bin: [174.,197.,200.,189.,177.]
Total cost: 20833024.0
assigning lease 1319 to address 1540
Average Cache Occupancy Per Bin: [183.,202.,200.,196.,185.]
Total cost: 21809664.0
assigning lease 2014 to address 1392
Average Cache Occupancy Per Bin: [191.,202.,200.,196.,185.]
Total cost: 22774784.0
addr: 1544 ri: 14003
bin target: 60978688
	bin: 1.0 current capacity: 202.226651777093  avg impact: 317.1567855313647
num_full_bins: 0
printing bin ranks sorted:
	bin: 1.0 rank: 0.9767199137925192
	selecting this^ bin
acceptable_ratio: 0.9767199137925192
Assigning 1544 dual lease lease 14003 * 0.9767199137925192. Bin saturation: [380.,512.,397.,358.,231.]
assigning lease 12305 to address 1444
Average Cache Occupancy Per Bin: [424.,512.,397.,358.,231.]
Total cost: 50509514.81377964
addr: 1540 ri: 14421
bin target: 60978688
	bin: 1.0 current capacity: 512.0  avg impact: 53.242428567830125
num_full_bins: 1
printing bin ranks sorted:
	bin: 1.0 rank: 0.0
acceptable_ratio: 0
Final saturation:
	0.0,50509514.81377964
	1.0,60978688.0
	2.0,47300531.30115011
	3.0,42680847.852634005
	4.0,27512827.1142588
DUMP LEASES
0, 570, 7de, 0, 1 
0, 5b8, 2, 0, 1 
0, 604, 527, 0, 1 
0, 608, d4, 36b3, 0.023280086207480788 
0, 614, b1, 0, 1 
0, 5a4, 3011, 0, 1 
0, 5f8, 41, 0, 1 
0, 634, 4b, 0, 1 
Dump dual leases

