sample rate: 0.00390625
1604,
	[2,1]
	[849,1]

1636,
	[59,47]
	[847,1]
	[768,2]
	[123,2]
	[121,1]
	[833,1]
	[128,1]
	[825,1]
	[118,1]
	[771,1]
	[129,1]

1700,
	[59,38]
	[987,1]
	[45,1]
	[73,1]
	[10774,1]
	[77,1]
	[1176,1]
	[40,1]

1764,
	[2,620]
	[9028,1]
	[1487,1]
	[4,37]
	[9609,1]
	[6859,1]
	[5383,1]
	[2561,1]
	[1203,1]
	[5761,1]
	[5627,1]
	[3203,1]
	[3045,2]
	[1361,1]
	[8321,1]
	[7365,2]
	[4435,1]
	[3865,1]
	[959,1]
	[6805,1]
	[5035,1]
	[1749,1]
	[6963,2]
	[7871,1]
	[9907,1]
	[9197,2]
	[4309,1]
	[4047,2]
	[9939,1]
	[8596,1]
	[6773,1]
	[5635,1]
	[2539,1]
	[2285,3]
	[2097,1]
	[2065,1]
	[8443,1]
	[7239,1]
	[4837,1]
	[3415,2]
	[1369,1]
	[1961,2]
	[4079,1]
	[3351,1]
	[5879,1]
	[3447,1]
	[7847,1]
	[6449,1]
	[4015,1]
	[10123,2]
	[7183,1]
	[8407,1]
	[5501,1]
	[2877,1]
	[9513,1]
	[2783,1]
	[1401,1]
	[3857,1]
	[2277,1]
	[9071,1]
	[8723,1]
	[2751,1]
	[6551,1]
	[6957,1]
	[1835,1]
	[1613,1]
	[2571,1]
	[8131,1]
	[3487,1]
	[2403,1]
	[2151,1]
	[1013,1]
	[7905,2]
	[6069,1]
	[5785,1]
	[8037,2]
	[6511,1]
	[5089,1]
	[3994,1]
	[1139,1]
	[8155,1]
	[2917,1]
	[1393,1]
	[8536,1]
	[8565,1]
	[5129,1]
	[3961,1]
	[3193,1]
	[4783,1]
	[4497,1]
	[7017,1]
	[3233,1]
	[1465,1]

1752,
	[2,592]
	[6562,1]
	[6372,2]
	[3,43]
	[9659,1]
	[5174,1]
	[3055,1]
	[6782,1]
	[11061,1]
	[4,11]
	[8994,1]
	[10242,1]
	[2487,1]
	[5740,1]
	[9908,1]
	[9755,1]
	[10903,1]
	[7352,2]
	[5866,1]
	[5140,1]
	[3751,1]
	[9845,1]
	[3119,2]
	[3844,1]
	[1855,1]
	[5708,1]
	[5489,2]
	[10713,1]
	[4002,1]
	[10809,1]
	[3180,1]
	[10429,1]
	[3780,2]
	[2832,1]
	[8362,2]
	[8268,1]
	[2896,1]
	[4602,2]
	[6720,1]
	[2200,1]
	[4666,1]
	[8018,1]
	[4193,1]
	[10397,1]
	[7414,1]
	[3876,1]

1696,
	[2340,1]
	[4457,1]
	[1014,1]
	[2150,1]
	[5562,1]
	[1251,1]
	[5751,1]
	[3761,1]
	[4425,1]
	[2845,1]
	[5625,1]
	[8785,1]
	[5151,1]
	[3319,1]
	[8564,1]
	[3003,1]
	[2055,1]
	[7142,1]
	[9575,1]
	[3034,1]
	[3729,1]
	[1770,1]
	[1488,1]
	[3919,1]
	[7679,1]
	[4645,1]
	[5783,1]
	[4171,1]
	[6383,1]
	[1897,1]
	[4045,1]
	[4961,1]
	[2433,1]
	[4393,1]
	[1581,1]
	[6699,1]
	[4993,1]
	[5057,1]
	[1707,1]

1760,
	[175,34]
	[170,1]
	[1094,1]

1632,
	[5251,1]
	[5631,1]
	[8347,1]
	[775,1]
	[7082,1]
	[7872,1]
	[7368,1]
	[1760,2]
	[2437,2]
	[7555,1]
	[9199,1]
	[909,2]
	[1913,1]
	[2097,1]
	[5217,1]
	[4523,2]
	[9737,1]
	[4491,1]
	[9515,1]
	[3289,1]
	[2281,1]
	[8377,1]
	[1743,1]
	[8977,1]
	[6103,1]
	[2373,1]
	[9357,1]
	[3101,1]
	[8441,1]
	[7367,1]
	[7493,1]
	[4079,1]

1692,
	[6223,1]
	[6759,1]
	[8181,1]
	[8376,1]
	[9761,1]
	[2998,1]
	[995,1]
	[3440,1]
	[8812,2]
	[1533,2]
	[1691,1]
	[1751,1]
	[8782,3]
	[7580,1]
	[1469,1]
	[6570,1]
	[7711,1]
	[5494,1]
	[2904,1]
	[6664,1]
	[2778,1]
	[4104,1]
	[4894,1]
	[7390,1]
	[3852,1]
	[5432,1]
	[2334,1]
	[6348,1]
	[3314,1]
	[5274,1]
	[3252,2]
	[6506,1]
	[7896,1]
	[8150,1]
	[10014,1]
	[7706,1]
	[11157,1]
	[4072,2]
	[6316,1]
	[8686,1]
	[2272,1]
	[931,1]
	[8244,1]
	[4610,1]
	[5780,1]
	[9192,1]
	[1675,1]
	[4926,1]
	[8654,1]
	[10108,1]
	[6538,1]

1772,
	[1354,37]
	[911,1]
	[252,1]
	[661,1]
	[643,1]
	[374,1]
	[1180,1]
	[1002,2]
	[1338,1]
	[492,1]

1628,
	[901,43]
	[882,1]
	[9925,2]
	[883,1]
	[900,1]
	[4491,1]
	[893,1]
	[898,1]

1756,
	[5,32]
	[4,6]

1596,
	[1,2]

len(carl_order):
25
Printing carl assignment order:
1596,1,1.0
1752,2,0.42528735632183906
1752,3,0.41346153846153844
1764,2,0.40789473684210525
1604,2,0.25
1756,5,0.20652173913043478
1752,4,0.18032786885245902
1764,4,0.13214285714285715
1700,77,0.0155096011816839
1636,59,0.01350186727951738
1636,129,0.007425742574257425
1760,175,0.005559968228752979
1636,847,0.0014858841010401188
1604,849,0.0011806375442739079
1760,1094,0.001088139281828074
1628,901,0.0010457060694523115
1772,1354,0.0008110020188773662
1700,1176,0.0006435006435006435
1696,9575,0.00023333452992066627
1764,10123,0.00019694712830053748
1632,9737,0.00019534535430763638
1692,11157,0.00017520563608867248
1752,11061,0.00015878258218586454
1628,9925,0.000138644976430354
1700,10774,0.00010418837257762034
bin_width: 96383
assigning lease 1 to address 1596
Average Cache Occupancy Per Bin: [0.0,0.0,0.0,0.0,0.00]
Total cost: 0
assigning lease 2 to address 1752
Average Cache Occupancy Per Bin: [0.67,0.67,0.79,0.74,0.80]
Total cost: 65536.0
assigning lease 3 to address 1752
Average Cache Occupancy Per Bin: [0.73,0.73,0.84,0.80,0.86]
Total cost: 70912.0
assigning lease 2 to address 1764
Average Cache Occupancy Per Bin: [1.54,1.62,1.65,1.57,1.61]
Total cost: 148736.0
assigning lease 2 to address 1604
Average Cache Occupancy Per Bin: [1.55,1.62,1.65,1.57,1.61]
Total cost: 149760.0
assigning lease 5 to address 1756
Average Cache Occupancy Per Bin: [1.63,1.73,1.73,1.68,1.73]
Total cost: 157440.0
assigning lease 4 to address 1752
Average Cache Occupancy Per Bin: [1.66,1.76,1.77,1.71,1.76]
Total cost: 160512.0
assigning lease 4 to address 1764
Average Cache Occupancy Per Bin: [1.80,1.95,1.88,1.86,1.91]
Total cost: 173824.0
assigning lease 77 to address 1700
Average Cache Occupancy Per Bin: [3.06,3.39,3.76,3.21,3.16]
Total cost: 295680.0
assigning lease 59 to address 1636
Average Cache Occupancy Per Bin: [4.94,5.28,5.80,4.31,5.51]
Total cost: 476928.0
assigning lease 129 to address 1636
Average Cache Occupancy Per Bin: [5.13,5.63,6.52,4.65,6.05]
Total cost: 494848.0
assigning lease 175 to address 1760
Average Cache Occupancy Per Bin: [7.92,8.41,9.31,8.83,10.2]
Total cost: 763648.0
assigning lease 847 to address 1636
Average Cache Occupancy Per Bin: [9.83,10.1,13.0,10.5,11.9]
Total cost: 947456.0
assigning lease 849 to address 1604
Average Cache Occupancy Per Bin: [12.0,10.1,13.0,10.5,11.9]
Total cost: 1164288.0
assigning lease 1094 to address 1760
Average Cache Occupancy Per Bin: [12.0,10.1,13.0,12.9,11.9]
Total cost: 1164288.0
assigning lease 901 to address 1628
Average Cache Occupancy Per Bin: [31.1,41.2,29.7,36.9,43.0]
Total cost: 3000064.0
assigning lease 1354 to address 1772
Average Cache Occupancy Per Bin: [65.9,61.6,71.5,72.2,64.5]
Total cost: 6352896.0
assigning lease 1176 to address 1700
Average Cache Occupancy Per Bin: [68.3,61.6,71.5,75.1,67.5]
Total cost: 6585856.0
assigning lease 9575 to address 1696
Average Cache Occupancy Per Bin: [149.,185.,97.0,188.,167.]
Total cost: 14447872.0
addr: 1764 ri: 10123
bin target: 49348096
	bin: 1.0 current capacity: 185.10152205264413  avg impact: 394.30687984395587
num_full_bins: 0
printing bin ranks sorted:
	bin: 1.0 rank: 0.8290458388063723
	selecting this^ bin
acceptable_ratio: 0.8290458388063723
Assigning 1764 dual lease lease 10123 * 0.8290458388063723. Bin saturation: [388.,512.,265.,373.,399.]
addr: 1632 ri: 9737
bin target: 49348096
	bin: 1.0 current capacity: 512.0  avg impact: 126.91765145305708
num_full_bins: 1
printing bin ranks sorted:
	bin: 1.0 rank: 0.0
acceptable_ratio: 0
addr: 1692 ri: 11157
bin target: 49348096
	bin: 0.0 current capacity: 388.61325436389717  avg impact: 227.60926719442224
	bin: 1.0 current capacity: 512.0  avg impact: 85.9105858917029
	bin: 3.0 current capacity: 373.2926328482652  avg impact: 218.9637591691481
	bin: 4.0 current capacity: 399.98765570956806  avg impact: 209.6701700507351
num_full_bins: 1
printing bin ranks sorted:
	bin: 1.0 rank: 0.0
	bin: 4.0 rank: 0.5342311892212785
	bin: 0.0 rank: 0.5420989538651199
	bin: 3.0 rank: 0.6334718022656171
acceptable_ratio: 0
addr: 1752 ri: 11061
bin target: 49348096
	bin: 0.0 current capacity: 388.61325436389717  avg impact: 180.25419420437214
	bin: 1.0 current capacity: 512.0  avg impact: 161.6643598974923
	bin: 3.0 current capacity: 373.2926328482652  avg impact: 144.21132357365926
	bin: 4.0 current capacity: 399.98765570956806  avg impact: 149.58189722253925
num_full_bins: 1
printing bin ranks sorted:
	bin: 1.0 rank: 0.0
	bin: 0.0 rank: 0.6845152545865701
	bin: 4.0 rank: 0.7488362319926085
	bin: 3.0 rank: 0.9618340898236523
acceptable_ratio: 0
addr: 1628 ri: 9925
bin target: 49348096
	bin: 1.0 current capacity: 512.0  avg impact: 23.968376165921377
num_full_bins: 1
printing bin ranks sorted:
	bin: 1.0 rank: 0.0
acceptable_ratio: 0
assigning lease 10774 to address 1700
Average Cache Occupancy Per Bin: [388.,512.,265.,398.,399.]
Total cost: 37455711.2953555
Final saturation:
	0.0,37455711.2953555
	1.0,49348096.0
	2.0,25628287.911191944
	3.0,38436151.83181435
	4.0,38552010.2202553
DUMP LEASES
0, 644, 351, 0, 1 
0, 664, 34f, 0, 1 
0, 6a4, 2a16, 0, 1 
0, 6e4, 4, 278b, 0.17095416119362772 
0, 6d8, 4, 0, 1 
0, 6a0, 2567, 0, 1 
0, 6e0, 446, 0, 1 
0, 660, 0, 0, 1 
0, 69c, 0, 0, 1 
0, 6ec, 54a, 0, 1 
0, 65c, 385, 0, 1 
0, 6dc, 5, 0, 1 
0, 63c, 1, 0, 1 
Dump dual leases

