sample rate: 0.00390625
1412,
	[173,8]
	[2,226]
	[172,27]
	[174,12]
	[136,5]
	[7,5]
	[6306,1]
	[6287,1]
	[6286,3]
	[6252,1]
	[51,4]
	[6282,1]
	[170,29]
	[505,1]
	[6245,1]
	[6242,1]
	[6236,1]
	[5793,8]
	[5837,4]
	[6214,1]
	[23,6]
	[6210,1]
	[135,6]
	[252,1]
	[6203,1]
	[9,9]
	[14,12]
	[5959,2]
	[6201,2]
	[6198,1]
	[28,2]
	[5820,8]
	[6189,1]
	[141,3]
	[6170,2]
	[265,1]
	[6200,1]
	[171,16]
	[6206,1]
	[5857,4]
	[6215,1]
	[6212,1]
	[5,12]
	[520,1]
	[6238,1]
	[42,2]
	[222,1]
	[6155,1]
	[6148,1]
	[6106,3]
	[6146,1]
	[495,4]
	[6063,5]
	[168,105]
	[6114,1]
	[6,6]
	[6115,1]
	[164,8]
	[411,2]
	[6117,1]
	[5757,5]
	[169,100]
	[6125,2]
	[5918,1]
	[145,2]
	[6109,1]
	[27,4]
	[6153,2]
	[5911,1]
	[6154,1]
	[6111,3]
	[8,17]
	[29,6]
	[309,1]
	[101,5]
	[6128,1]
	[6157,1]
	[6169,1]
	[6168,1]
	[6158,1]
	[6149,2]
	[6067,2]
	[12,16]
	[6103,2]
	[188,2]
	[206,2]
	[6085,3]
	[45,3]
	[6156,1]
	[44,3]
	[6104,3]
	[6112,4]
	[6110,1]
	[410,4]
	[503,1]
	[6099,3]
	[99,6]
	[100,9]
	[70,1]
	[254,1]
	[6062,6]
	[435,1]
	[6041,2]
	[167,188]
	[6101,1]
	[264,1]
	[6061,5]
	[6097,1]
	[5615,1]
	[6107,2]
	[132,8]
	[5730,3]
	[6023,3]
	[6069,4]
	[6076,2]
	[6049,2]
	[6042,4]
	[137,2]
	[59,1]
	[80,1]
	[6026,3]
	[5995,2]
	[6047,2]
	[6046,4]
	[6001,5]
	[6070,4]
	[5942,1]
	[5985,1]
	[6019,2]
	[6058,3]
	[397,2]
	[498,2]
	[31,6]
	[499,1]
	[6052,5]
	[6053,4]
	[5669,2]
	[5623,1]
	[5667,4]
	[5627,2]
	[5666,1]
	[204,1]
	[166,83]
	[5790,8]
	[455,1]
	[55,2]
	[5799,6]
	[5800,18]
	[5811,11]
	[229,1]
	[5803,14]
	[5567,2]
	[5428,1]
	[5796,12]
	[5795,7]
	[5692,2]
	[5559,1]
	[5155,1]
	[5813,8]
	[5805,4]
	[5783,7]
	[5773,8]
	[5550,3]
	[5752,4]
	[5777,9]
	[5759,4]
	[13,12]
	[127,3]
	[25,3]
	[182,4]
	[5765,5]
	[5446,1]
	[5766,11]
	[195,1]
	[5758,5]
	[5687,2]
	[311,1]
	[5806,8]
	[5856,1]
	[5721,1]
	[5557,1]
	[5789,6]
	[142,3]
	[5810,10]
	[497,2]
	[5827,3]
	[5828,5]
	[5823,2]
	[5838,5]
	[5754,1]
	[5829,7]
	[5822,3]
	[5599,1]
	[5509,2]
	[487,1]
	[5781,8]
	[5807,4]
	[5785,5]
	[5499,1]
	[5788,5]
	[5804,12]
	[159,8]
	[5787,4]
	[5818,16]
	[130,2]
	[24,6]
	[280,4]
	[160,11]
	[5798,8]
	[161,14]
	[5768,5]
	[5726,1]
	[5744,3]
	[5746,2]
	[5527,1]
	[5756,4]
	[5755,4]
	[5867,2]
	[165,69]
	[5779,3]
	[5821,4]
	[5685,1]
	[5817,7]
	[35,2]
	[5482,1]
	[5771,4]
	[5814,6]
	[5686,1]
	[500,1]
	[5632,1]
	[5649,1]
	[5776,7]
	[5815,6]
	[5734,2]
	[32,6]
	[5802,16]
	[5641,2]
	[10,4]
	[246,3]
	[248,5]
	[5764,3]
	[5778,6]
	[5673,1]
	[5725,1]
	[162,15]
	[5748,2]
	[5761,3]
	[5774,6]
	[158,8]
	[17,8]
	[5792,10]
	[5502,1]
	[494,1]
	[176,2]
	[5809,7]
	[5875,1]
	[256,2]
	[5571,1]
	[5825,4]
	[333,1]
	[5840,3]
	[5830,4]
	[5801,6]
	[54,3]
	[5780,11]
	[5491,1]
	[163,21]
	[279,4]
	[5794,4]
	[4570,1]
	[5775,5]
	[15,5]
	[399,2]
	[401,1]
	[5739,2]
	[291,3]
	[5697,3]
	[5732,1]
	[16,10]
	[5812,10]
	[134,5]
	[131,4]
	[5782,10]
	[5554,1]
	[5784,6]
	[299,1]
	[5672,1]
	[281,1]
	[140,3]
	[5539,1]
	[5523,1]
	[5762,1]
	[5842,1]
	[286,2]
	[5844,2]
	[5833,1]
	[5465,1]
	[5826,5]
	[47,2]
	[180,3]
	[5639,1]
	[5750,1]
	[5791,8]
	[5720,1]
	[5422,1]
	[5797,7]
	[5786,8]
	[405,1]
	[5480,1]
	[150,5]
	[19,4]
	[5731,1]
	[123,1]
	[400,2]
	[5742,2]
	[103,1]
	[247,7]
	[5884,1]
	[5808,4]
	[5562,1]
	[300,2]
	[119,1]
	[4,4]
	[392,1]
	[289,1]
	[5887,1]
	[5841,3]
	[22,3]
	[89,2]
	[5712,1]
	[129,4]
	[18,8]
	[5763,2]
	[5671,1]
	[5772,4]
	[5760,1]
	[278,3]
	[5849,2]
	[157,4]
	[251,1]
	[5751,1]
	[5676,1]
	[404,1]
	[5460,1]
	[5858,1]
	[5891,1]
	[34,3]
	[5653,2]
	[5848,2]
	[5735,1]
	[5442,1]
	[179,5]
	[5824,4]
	[5574,1]
	[5473,1]
	[41,1]
	[5707,1]
	[292,1]
	[5767,2]
	[5656,2]
	[489,1]
	[20,4]
	[149,7]
	[39,1]
	[6020,3]
	[6027,2]
	[6025,3]
	[6003,2]
	[6018,4]
	[5976,1]
	[6045,3]
	[6038,3]
	[492,1]
	[5996,4]
	[6014,6]
	[181,1]
	[5980,2]
	[5973,1]
	[6015,6]
	[6000,1]
	[240,1]
	[5937,2]
	[6008,3]
	[5964,2]
	[5928,1]
	[5919,1]
	[5961,2]
	[5971,2]
	[5967,2]
	[124,1]
	[6022,2]
	[175,2]
	[5947,2]
	[369,2]
	[5998,2]
	[38,2]
	[5926,1]
	[6006,4]
	[5979,1]
	[5939,1]
	[5975,1]
	[5944,1]
	[380,2]
	[6012,4]
	[125,1]
	[5957,1]
	[282,1]
	[5946,1]
	[5965,1]
	[408,1]
	[5642,1]
	[5991,1]
	[5997,2]
	[146,6]
	[6013,3]
	[6021,4]
	[6094,2]
	[6005,1]
	[5970,2]
	[133,2]
	[5974,1]
	[6011,2]
	[6065,3]
	[21,5]
	[368,1]
	[5990,1]
	[198,2]
	[5986,1]
	[6028,1]
	[6040,3]
	[5950,1]
	[6031,3]
	[190,1]
	[276,7]
	[5658,1]
	[5458,1]
	[5654,1]
	[5660,1]
	[5663,1]
	[277,1]
	[98,7]
	[5564,1]
	[5629,1]
	[5647,1]
	[6029,2]
	[378,1]
	[6036,2]
	[6068,1]
	[5839,2]
	[6072,2]
	[178,3]
	[106,1]
	[6048,1]
	[6043,2]
	[33,2]
	[6050,3]
	[6051,2]
	[6054,4]
	[6009,4]
	[110,1]
	[5992,2]
	[5962,1]
	[5933,1]
	[5977,1]
	[5954,2]
	[5978,1]
	[5695,2]
	[521,1]
	[6032,4]
	[6116,1]
	[177,2]
	[6030,2]
	[6071,3]
	[6039,5]
	[5912,1]
	[6102,2]
	[5951,1]
	[6056,3]
	[5934,1]
	[517,1]
	[6002,2]
	[156,7]
	[5916,1]
	[6083,2]
	[407,1]
	[364,1]
	[148,6]
	[6034,2]
	[245,2]
	[253,1]
	[102,4]
	[6118,1]
	[6055,2]
	[530,3]
	[6123,1]
	[49,3]
	[1979,1]
	[5439,1]
	[285,1]
	[5770,2]
	[2011,1]
	[5611,1]
	[46,3]
	[155,1]
	[5714,2]
	[5895,1]
	[128,1]
	[5407,1]
	[519,1]
	[5769,1]
	[5819,7]
	[37,1]
	[5427,1]
	[5728,1]
	[200,2]
	[5677,1]
	[139,1]
	[267,1]
	[5851,1]
	[524,2]
	[5670,2]
	[5414,1]
	[154,6]
	[5572,1]
	[5477,1]
	[5843,1]
	[5835,1]
	[5684,2]
	[5450,1]
	[5832,1]
	[5456,3]
	[5708,1]
	[287,2]
	[371,1]
	[40,1]
	[249,3]
	[5600,1]
	[5881,1]
	[5700,1]
	[527,1]
	[5624,1]
	[96,1]
	[5689,1]
	[377,1]
	[11,3]
	[5736,1]
	[153,1]
	[5451,1]
	[1339,1]
	[5831,2]
	[111,2]
	[138,1]
	[26,2]
	[5578,1]
	[5698,2]
	[126,1]
	[5718,1]
	[5741,1]
	[199,3]
	[184,1]
	[5391,1]
	[5674,1]
	[115,1]
	[121,2]
	[5438,1]
	[5568,1]
	[5678,1]
	[5570,1]
	[518,1]
	[83,1]
	[5879,1]
	[5621,1]
	[207,1]
	[5873,1]
	[5845,1]
	[373,2]
	[5626,1]
	[60,1]
	[367,1]
	[5625,1]
	[528,2]
	[5855,1]
	[5816,3]
	[5488,1]
	[5549,1]
	[5563,1]
	[5747,1]
	[5880,1]
	[255,1]
	[620,1]
	[208,1]
	[5696,1]
	[5410,2]
	[5416,1]
	[5883,1]
	[186,1]
	[5688,1]
	[374,1]
	[5699,1]
	[5682,1]
	[471,1]
	[6044,1]
	[6093,1]
	[144,1]
	[6059,1]
	[488,1]
	[62,1]
	[6017,1]
	[50,1]
	[52,1]
	[6078,1]
	[43,1]
	[197,1]
	[398,1]
	[224,1]
	[6079,1]
	[5693,1]
	[6082,1]
	[6080,1]
	[6081,1]
	[6089,1]
	[65,1]
	[5914,1]
	[6100,1]
	[546,1]
	[6098,1]
	[6095,1]
	[57,1]
	[6092,1]
	[5709,1]
	[6087,1]
	[6086,2]
	[5690,1]
	[5958,1]
	[6084,1]

1404,
	[145,1]
	[2,314]
	[1,168]
	[167,1]
	[175,6]
	[6392,1]
	[176,1]
	[4,14]
	[143,3]
	[3,167]
	[6364,1]
	[6327,1]
	[6374,1]
	[6324,1]
	[148,1]
	[77,2]
	[109,3]
	[6310,1]
	[187,2]
	[29,3]
	[6061,1]
	[194,3]
	[172,16]
	[5944,3]
	[6322,1]
	[186,1]
	[6278,1]
	[197,1]
	[107,1]
	[6271,1]
	[229,1]
	[6215,1]
	[6191,3]
	[169,7]
	[165,1]
	[129,2]
	[6182,2]
	[6187,2]
	[170,8]
	[6206,2]
	[31,3]
	[6170,2]
	[152,8]
	[578,1]
	[141,2]
	[162,1]
	[185,1]
	[5810,1]
	[5958,3]
	[289,2]
	[5948,2]
	[5940,3]
	[5924,5]
	[76,1]
	[5933,7]
	[33,1]
	[179,3]
	[128,2]
	[5949,4]
	[5906,2]
	[5963,2]
	[5908,2]
	[857,1]
	[5894,2]
	[5964,2]
	[5960,2]
	[126,7]
	[159,2]
	[5882,1]
	[5951,2]
	[182,2]
	[199,1]
	[5980,1]
	[5915,2]
	[6001,1]
	[171,9]
	[5862,1]
	[5589,2]
	[5969,1]
	[139,3]
	[174,11]
	[5887,1]
	[142,2]
	[5923,2]
	[5884,1]
	[158,2]
	[164,1]
	[168,1]
	[200,1]
	[1041,1]
	[5927,3]
	[1036,1]
	[312,2]
	[21,6]
	[111,3]
	[5929,2]
	[46,1]
	[209,1]
	[5970,3]
	[5993,2]
	[144,3]
	[244,1]
	[5932,2]
	[5935,3]
	[151,4]
	[155,4]
	[5899,1]
	[250,3]
	[66,2]
	[30,1]
	[5953,2]
	[127,2]
	[5926,1]
	[153,2]
	[5955,3]
	[5913,2]
	[5952,1]
	[202,8]
	[296,1]
	[403,1]
	[108,2]
	[5912,3]
	[1625,1]
	[203,9]
	[157,3]
	[231,3]
	[5936,1]
	[173,6]
	[5938,3]
	[136,2]
	[5977,1]
	[149,1]
	[5965,1]
	[5914,1]
	[5917,1]
	[227,2]
	[5941,1]
	[5950,2]
	[321,1]
	[195,3]
	[113,1]
	[156,1]
	[2022,1]
	[5916,3]
	[409,1]
	[5957,1]
	[5945,4]
	[238,1]
	[5930,2]
	[201,4]
	[5775,1]
	[5910,2]
	[2062,1]
	[5543,1]
	[5879,1]
	[5925,2]
	[5975,1]
	[5816,1]
	[70,1]
	[204,1]
	[5978,1]
	[125,2]
	[5966,1]
	[5583,1]
	[134,1]
	[196,2]
	[6179,1]
	[150,2]
	[6207,2]
	[6166,2]
	[6157,1]
	[6152,2]
	[6141,2]
	[40,1]
	[6119,1]
	[192,1]
	[6140,1]
	[6149,1]
	[6159,1]
	[6041,1]
	[6037,1]
	[6093,1]
	[72,1]
	[6156,1]
	[16,1]
	[6127,1]
	[124,3]
	[2782,1]
	[6116,1]
	[122,2]
	[6108,1]
	[6158,1]
	[6176,2]
	[6121,1]
	[6020,1]
	[5789,1]
	[5679,1]
	[5812,1]
	[6183,1]
	[400,1]
	[23,3]
	[6084,1]
	[6203,1]
	[6204,2]
	[6210,1]
	[6173,1]
	[140,1]
	[262,1]
	[96,2]
	[6213,1]
	[6175,1]
	[18,2]
	[6177,1]
	[356,2]
	[181,1]
	[6164,1]
	[6188,1]
	[6150,1]
	[6172,1]
	[298,1]
	[6219,1]
	[5807,1]
	[190,2]
	[5973,1]
	[5971,1]
	[5976,1]
	[5961,1]
	[5954,1]
	[5902,2]
	[219,1]
	[120,3]
	[198,2]
	[5706,1]
	[205,1]
	[146,1]
	[5939,3]
	[4317,1]
	[5967,2]
	[5920,2]
	[65,2]
	[5905,1]
	[5931,3]
	[241,1]
	[5918,1]
	[257,1]
	[5782,1]
	[5928,1]
	[5937,1]
	[447,1]
	[5921,1]
	[258,2]
	[5897,2]
	[5911,1]
	[5898,1]
	[22,1]
	[4864,1]
	[260,2]
	[5907,1]
	[19,1]
	[180,1]
	[392,1]
	[115,1]
	[215,1]
	[133,1]
	[5247,1]
	[191,1]
	[5871,1]
	[5777,1]
	[110,1]
	[5988,1]
	[261,1]
	[97,1]
	[5876,1]
	[5891,1]
	[5720,1]
	[5873,1]
	[5959,1]
	[5848,1]
	[5828,1]
	[243,1]
	[6189,1]
	[6171,1]
	[5858,1]
	[6186,1]
	[81,1]
	[6181,1]
	[6202,1]
	[6086,1]
	[25,1]
	[6174,2]
	[6129,1]
	[6232,1]
	[6198,1]
	[105,1]
	[42,1]
	[6192,1]
	[6193,1]

1408,
	[2,296]
	[6325,1]
	[6203,1]
	[6278,1]
	[16,1]
	[6277,1]
	[6260,1]
	[41,1]
	[6158,1]
	[6237,1]
	[39,1]
	[6207,1]
	[5838,1]
	[5973,1]
	[4,9]
	[5961,2]
	[5968,3]
	[5980,5]
	[5959,2]
	[3,13]
	[17,1]
	[5935,1]
	[6008,2]
	[5972,2]
	[5913,1]
	[5984,2]
	[5694,1]
	[5924,1]
	[26,1]
	[5969,2]
	[38,1]
	[5997,1]
	[11,2]
	[5960,1]
	[5979,3]
	[5695,1]
	[5920,3]
	[5929,5]
	[5951,2]
	[5996,1]
	[5799,1]
	[5942,2]
	[5957,3]
	[5981,1]
	[30,1]
	[5889,1]
	[5953,1]
	[5918,2]
	[5923,1]
	[5874,1]
	[5954,1]
	[5905,1]
	[5931,1]
	[5986,3]
	[6170,2]
	[6136,1]
	[6110,1]
	[5989,1]
	[6201,2]
	[6209,1]
	[129,1]
	[6185,1]
	[6166,1]
	[3491,1]
	[6133,1]
	[37,1]
	[6189,1]
	[6205,1]
	[6137,2]
	[6233,1]
	[6212,1]
	[6238,1]
	[6213,1]
	[6169,1]
	[6200,1]
	[32,2]
	[6129,1]
	[6175,1]
	[6179,1]
	[6,3]
	[5912,2]
	[128,1]
	[5940,1]
	[5943,1]
	[5998,1]
	[5872,1]
	[5936,2]
	[5965,1]
	[5908,1]
	[7,1]
	[5899,1]
	[5949,3]
	[5966,1]
	[5750,1]
	[5977,2]
	[8,2]
	[5843,1]
	[5891,1]
	[5976,1]
	[5952,1]
	[5962,2]
	[10,1]
	[5867,1]
	[5995,1]
	[5970,1]
	[5873,2]
	[5896,1]
	[6011,1]
	[5947,1]
	[5911,2]
	[29,1]
	[5993,1]
	[5975,1]
	[5916,1]
	[5982,1]
	[5925,1]
	[33,1]
	[5932,1]
	[5945,1]
	[6221,1]
	[6228,1]
	[6245,1]
	[6208,1]
	[6246,1]
	[6265,1]
	[6225,1]
	[6251,1]
	[6217,1]
	[6248,1]

len(carl_order):
26
Printing carl assignment order:
1408,2,0.30390143737166325
1404,3,0.22180451127819548
1408,3,0.06806282722513089
1408,4,0.05056179775280899
1412,2,0.04434850863422292
1404,4,0.02578268876611418
1408,8,0.008968609865470852
1408,11,0.006147540983606557
1412,14,0.0036473720684247
1412,18,0.0035048049745618993
1412,174,0.003085578878674025
1404,205,0.0026826677762326586
1408,41,0.0025651988029072254
1412,180,0.002339342232007706
1412,182,0.0020842017507294707
1404,262,0.0014637561255011775
1412,292,0.0006571073197061792
1404,312,0.0004624633883150917
1404,321,0.00043572984749455336
1412,300,0.00033757173399347364
1412,411,0.00028672543172657863
1404,409,0.00027009993697668135
1412,530,0.00026025031348333213
1412,6306,0.00018858331139239037
1404,6392,0.00018488959928906966
1408,6325,0.00017016423147854322
bin_width: 217378
assigning lease 2 to address 1408
Average Cache Occupancy Per Bin: [0.22,0.20,0.19,0.25,0.25]
Total cost: 49664.0
assigning lease 3 to address 1404
Average Cache Occupancy Per Bin: [0.89,0.86,0.90,0.95,0.97]
Total cost: 194816.0
assigning lease 3 to address 1408
Average Cache Occupancy Per Bin: [0.93,0.91,0.93,1.00,1.02]
Total cost: 203776.0
assigning lease 4 to address 1408
Average Cache Occupancy Per Bin: [0.97,0.95,0.97,1.05,1.07]
Total cost: 212224.0
assigning lease 2 to address 1412
Average Cache Occupancy Per Bin: [2.18,2.21,2.15,2.22,2.24]
Total cost: 474368.0
assigning lease 4 to address 1404
Average Cache Occupancy Per Bin: [2.31,2.34,2.28,2.34,2.37]
Total cost: 503552.0
assigning lease 8 to address 1408
Average Cache Occupancy Per Bin: [2.45,2.48,2.41,2.54,2.54]
Total cost: 534272.0
assigning lease 11 to address 1408
Average Cache Occupancy Per Bin: [2.56,2.59,2.50,2.68,2.67]
Total cost: 557312.0
assigning lease 14 to address 1412
Average Cache Occupancy Per Bin: [9.13,9.48,8.79,8.97,8.92]
Total cost: 1985280.0
assigning lease 18 to address 1412
Average Cache Occupancy Per Bin: [11.2,11.7,10.8,11.0,10.9]
Total cost: 2444800.0
assigning lease 174 to address 1412
Average Cache Occupancy Per Bin: [87.7,91.0,83.0,83.5,82.0]
Total cost: 19076608.0
assigning lease 205 to address 1404
Average Cache Occupancy Per Bin: [109.,112.,105.,104.,102.]
Total cost: 23897088.0
assigning lease 41 to address 1408
Average Cache Occupancy Per Bin: [110.,113.,106.,105.,103.]
Total cost: 24110592.0
assigning lease 180 to address 1412
Average Cache Occupancy Per Bin: [112.,115.,108.,107.,104.]
Total cost: 24522752.0
assigning lease 182 to address 1412
Average Cache Occupancy Per Bin: [113.,116.,108.,108.,105.]
Total cost: 24659968.0
assigning lease 262 to address 1404
Average Cache Occupancy Per Bin: [117.,120.,112.,111.,108.]
Total cost: 25469696.0
assigning lease 292 to address 1412
Average Cache Occupancy Per Bin: [150.,151.,141.,141.,136.]
Total cost: 32740352.0
assigning lease 312 to address 1404
Average Cache Occupancy Per Bin: [153.,154.,144.,144.,139.]
Total cost: 33438464.0
assigning lease 321 to address 1404
Average Cache Occupancy Per Bin: [154.,154.,145.,145.,139.]
Total cost: 33560576.0
assigning lease 300 to address 1412
Average Cache Occupancy Per Bin: [156.,156.,147.,147.,141.]
Total cost: 34070528.0
assigning lease 411 to address 1412
Average Cache Occupancy Per Bin: [189.,185.,174.,175.,168.]
Total cost: 41090048.0
assigning lease 409 to address 1404
Average Cache Occupancy Per Bin: [194.,191.,180.,180.,173.]
Total cost: 42284032.0
assigning lease 530 to address 1412
Average Cache Occupancy Per Bin: [227.,220.,208.,210.,201.]
Total cost: 49518080.0
addr: 1412 ri: 6306
bin target: 111297536
	bin: 0.0 current capacity: 227.797109183082  avg impact: 1441.9628849285575
	bin: 1.0 current capacity: 220.93952469891158  avg impact: 1300.9896493665412
	bin: 2.0 current capacity: 208.45973373570462  avg impact: 1268.163217988941
	bin: 3.0 current capacity: 210.28748079382459  avg impact: 1254.2596214888351
	bin: 4.0 current capacity: 201.18878635372485  avg impact: 1229.2552880236271
num_full_bins: 0
printing bin ranks sorted:
	bin: 0.0 rank: 0.19709445630495467
	selecting this^ bin
	bin: 1.0 rank: 0.22372236046828453
	bin: 2.0 rank: 0.23935425815744044
	bin: 3.0 rank: 0.2405502928078285
	bin: 4.0 rank: 0.2528451304415305
acceptable_ratio: 0.19709445630495467
Assigning 1412 dual lease lease 6306 * 0.19709445630495467. Bin saturation: [512.,477.,458.,457.,443.]
addr: 1404 ri: 6392
bin target: 111297536
	bin: 0.0 current capacity: 512.0  avg impact: 327.17025641969286
	bin: 1.0 current capacity: 477.3573722991836  avg impact: 303.5449769525895
	bin: 2.0 current capacity: 458.4076736911766  avg impact: 330.9552944640212
	bin: 3.0 current capacity: 457.49509895642484  avg impact: 328.1512572569441
	bin: 4.0 current capacity: 443.46818900673213  avg impact: 289.83805168876336
num_full_bins: 1
printing bin ranks sorted:
	bin: 0.0 rank: 0.0
	bin: 1.0 rank: 0.1141268356624039
	bin: 2.0 rank: 0.161932222282818
	bin: 3.0 rank: 0.16609688318487092
	bin: 4.0 rank: 0.2364486325862394
acceptable_ratio: 0
addr: 1408 ri: 6325
bin target: 111297536
	bin: 0.0 current capacity: 512.0  avg impact: 176.56366329619374
	bin: 1.0 current capacity: 477.3573722991836  avg impact: 187.23690529860428
	bin: 2.0 current capacity: 458.4076736911766  avg impact: 170.1865690180239
	bin: 3.0 current capacity: 457.49509895642484  avg impact: 256.9256502497953
	bin: 4.0 current capacity: 443.46818900673213  avg impact: 233.3651427467361
num_full_bins: 1
printing bin ranks sorted:
	bin: 0.0 rank: 0.0
	bin: 1.0 rank: 0.18502029632229025
	bin: 3.0 rank: 0.2121426996120587
	bin: 4.0 rank: 0.29366772683632236
	bin: 2.0 rank: 0.3149033829053077
acceptable_ratio: 0
Final saturation:
	0.0,111297536.0
	1.0,103766990.87565194
	2.0,99647743.2916406
	3.0,99449369.62094972
	4.0,96400227.98990542
DUMP LEASES
0, 584, 212, 18a2, 0.8029055436950453 
0, 57c, 199, 0, 1 
0, 580, 29, 0, 1 
Dump dual leases

