sample rate: 0.00390625
1628,
	[104,7]
	[134,1]
	[123,2]
	[2,212]
	[41,48]
	[37,24]
	[76,12]
	[105,11]
	[38,5]
	[59,5]
	[68,22]
	[139,3]
	[111,5]
	[29,28]
	[92,2]
	[106,14]
	[79,3]
	[110,4]
	[140,6]
	[118,7]
	[70,15]
	[77,4]
	[81,1]
	[113,5]
	[120,5]
	[31,9]
	[1,12]
	[51,1]
	[95,1]
	[74,4]
	[119,6]
	[130,3]
	[108,7]
	[3,9]
	[66,3]
	[107,7]
	[86,1]
	[109,8]
	[112,5]
	[27,2]
	[32,5]
	[55,2]
	[67,2]
	[87,1]
	[98,1]
	[84,2]
	[97,1]
	[61,3]
	[72,2]
	[116,3]
	[33,3]
	[145,1]
	[101,6]
	[30,5]
	[35,4]
	[89,1]
	[39,4]
	[94,1]
	[42,1]
	[91,1]
	[126,2]
	[102,3]
	[103,5]
	[142,7]
	[64,3]
	[114,5]
	[69,1]
	[93,1]
	[115,2]
	[121,3]
	[132,2]
	[117,6]
	[34,2]
	[56,4]
	[122,2]
	[63,1]
	[28,2]
	[57,2]
	[135,2]
	[100,3]
	[36,1]
	[44,16]
	[60,1]
	[131,2]
	[26,3]
	[124,5]
	[65,1]
	[136,1]
	[127,2]
	[129,4]
	[58,1]
	[96,1]
	[40,1]
	[128,4]
	[43,2]
	[125,3]
	[25,1]
	[24,1]
	[141,7]
	[138,2]
	[137,4]
	[99,1]
	[170,1]
	[133,1]

1584,
	[33,22]
	[160,9]
	[125,16]
	[122,23]
	[116,20]
	[37,46]
	[154,12]
	[166,7]
	[132,15]
	[89,3]
	[84,5]
	[118,13]
	[91,5]
	[133,14]
	[2,12]
	[141,14]
	[59,2]
	[127,20]
	[150,14]
	[144,11]
	[117,18]
	[159,12]
	[169,7]
	[155,14]
	[149,14]
	[146,8]
	[175,3]
	[153,5]
	[103,4]
	[70,4]
	[135,12]
	[115,4]
	[58,4]
	[173,12]
	[167,5]
	[137,19]
	[96,1]
	[131,19]
	[138,16]
	[130,14]
	[77,2]
	[69,6]
	[121,17]
	[139,10]
	[126,24]
	[142,10]
	[120,12]
	[143,12]
	[179,4]
	[128,11]
	[148,8]
	[17742,1]
	[98,4]
	[105,3]
	[136,20]
	[147,13]
	[145,13]
	[57,6]
	[55,1]
	[124,17]
	[151,13]
	[93,2]
	[78,2]
	[50,1]
	[48,2]
	[177,4]
	[156,11]
	[101,2]
	[61,1]
	[54,2]
	[172,2]
	[162,5]
	[99,2]
	[123,14]
	[79,4]
	[174,5]
	[97,1]
	[85,1]
	[129,12]
	[164,2]
	[157,12]
	[16327,1]
	[82,2]
	[71,1]
	[49,1]
	[51,2]
	[34,7]
	[74,1]
	[52,1]
	[47,2]
	[27,1]
	[140,9]
	[178,6]
	[106,2]
	[119,16]
	[90,4]
	[80,2]
	[134,17]
	[161,7]
	[83,1]
	[87,3]
	[86,1]
	[29,2]
	[171,5]
	[158,9]
	[76,1]
	[18637,1]
	[39,11]
	[73,3]
	[114,1]
	[102,2]
	[23,1]
	[104,6]
	[152,7]
	[81,2]
	[35,5]
	[28,1]
	[13780,1]
	[75,2]
	[181,1]
	[72,1]
	[21,3]
	[168,3]
	[38,12]
	[170,3]
	[165,4]
	[163,4]
	[88,1]
	[32,1]
	[22,1]
	[24,2]
	[10273,1]
	[14071,1]
	[14010,1]
	[5001,1]
	[36,5]
	[176,1]
	[4599,1]
	[30,1]
	[31,1]
	[26,1]

1624,
	[170,18]
	[137,23]
	[166,30]
	[148,19]
	[174,9]
	[163,14]
	[126,16]
	[155,25]
	[128,20]
	[130,12]
	[112,10]
	[164,18]
	[129,12]
	[165,24]
	[89,3]
	[99,2]
	[169,28]
	[150,18]
	[160,24]
	[61,8]
	[140,22]
	[156,23]
	[162,21]
	[117,1]
	[127,18]
	[125,9]
	[147,19]
	[132,9]
	[136,15]
	[18242,1]
	[18223,1]
	[161,8]
	[146,16]
	[133,13]
	[110,9]
	[167,14]
	[100,10]
	[90,2]
	[153,21]
	[144,11]
	[25,18]
	[168,27]
	[159,21]
	[149,19]
	[124,6]
	[107,6]
	[158,18]
	[98,4]
	[102,10]
	[236,2]
	[26,3]
	[152,25]
	[180,4]
	[142,17]
	[173,3]
	[145,14]
	[135,21]
	[17753,1]
	[17244,1]
	[109,2]
	[92,2]
	[157,20]
	[63,9]
	[62,1]
	[154,14]
	[141,22]
	[119,3]
	[151,19]
	[27,7]
	[131,14]
	[121,2]
	[143,8]
	[123,14]
	[179,9]
	[175,8]
	[139,7]
	[111,4]
	[18629,1]
	[138,20]
	[171,19]
	[178,11]
	[177,10]
	[114,5]
	[264,1]
	[15567,1]
	[134,10]
	[15795,1]
	[292,1]
	[287,1]
	[96,8]
	[15003,1]
	[15184,1]
	[291,1]
	[64,1]
	[14697,1]
	[115,4]
	[106,1]
	[294,1]
	[172,8]
	[120,2]
	[105,2]
	[14342,1]
	[14064,1]
	[116,1]
	[122,6]
	[104,5]
	[285,1]
	[14062,1]
	[12987,1]
	[13215,1]
	[183,1]
	[12908,1]
	[12643,1]
	[88,1]
	[233,2]
	[12129,1]
	[12355,1]
	[97,1]
	[118,4]
	[11554,1]
	[176,3]
	[91,1]
	[10906,1]
	[93,1]
	[101,2]
	[10365,1]
	[108,2]
	[113,1]
	[10074,1]
	[289,1]
	[237,3]
	[4818,1]
	[234,3]
	[8399,1]
	[7820,1]
	[7251,1]
	[290,1]
	[238,1]
	[5774,1]
	[4934,1]
	[219,1]
	[218,2]
	[2365,1]
	[1789,1]

1588,
	[130,12]
	[147,12]
	[123,22]
	[115,11]
	[131,17]
	[116,25]
	[122,20]
	[139,14]
	[175,4]
	[125,16]
	[160,9]
	[127,13]
	[146,17]
	[129,14]
	[142,10]
	[18491,1]
	[141,16]
	[136,10]
	[151,5]
	[153,5]
	[156,11]
	[158,8]
	[143,16]
	[124,30]
	[144,10]
	[132,12]
	[119,15]
	[161,7]
	[17860,1]
	[120,24]
	[150,9]
	[140,15]
	[148,7]
	[134,10]
	[18611,1]
	[117,21]
	[135,15]
	[149,8]
	[118,17]
	[121,21]
	[18632,1]
	[179,3]
	[138,15]
	[159,6]
	[145,9]
	[165,5]
	[162,6]
	[172,4]
	[154,11]
	[126,13]
	[177,4]
	[1,10]
	[133,9]
	[128,14]
	[157,6]
	[166,3]
	[173,4]
	[18594,1]
	[164,3]
	[14853,1]
	[170,4]
	[14251,1]
	[97,2]
	[163,4]
	[174,8]
	[167,2]
	[171,5]
	[137,6]
	[14036,1]
	[13991,1]
	[11749,1]
	[169,2]
	[4520,1]
	[155,3]
	[9482,1]
	[4506,1]
	[168,3]
	[152,2]
	[178,2]
	[4874,1]
	[176,1]
	[4804,1]
	[4834,1]
	[4806,1]

1448,
	[18197,1]
	[104,1]
	[152,1]
	[259,1]
	[13463,1]
	[12883,1]
	[12889,1]
	[98,1]
	[10880,1]
	[108,1]
	[130,1]
	[144,1]
	[114,1]
	[97,1]
	[122,1]
	[134,1]
	[229,1]
	[119,1]
	[71,1]
	[933991,1]
	[219,1]

1520,
	[35,5]
	[29,2]
	[31,1]
	[74,1]
	[24,1]
	[70,1]
	[32,2]
	[21,1]
	[80,1]
	[40,1]
	[43,1]
	[47,3]
	[45,1]
	[64,1]

1604,
	[113,1]
	[2,6]
	[106,1]
	[41,1]
	[119,2]
	[63,1]
	[98,1]
	[66,2]
	[124,1]
	[25,2]
	[127,1]
	[130,1]
	[67,1]
	[87,1]
	[28,3]
	[100,1]
	[37,2]
	[26,1]
	[24,1]
	[97,1]
	[93,1]
	[161,1]
	[163,1]
	[17,1]

1504,
	[138,1]
	[141,1]
	[143,1]
	[111,3]
	[142,1]
	[147,1]
	[170,1]
	[104,1]
	[148,1]
	[140,1]
	[159,1]
	[127,1]
	[157,1]
	[121,1]
	[100,1]
	[163,1]
	[113,1]
	[130,1]
	[118,1]
	[107,1]
	[145,1]
	[139,1]
	[2,1]
	[110,2]
	[177,1]
	[125,1]
	[152,1]
	[150,1]
	[108,1]

1652,
	[21,1]
	[27,1]
	[75,1]
	[29,2]
	[61,2]
	[153,1]
	[140,1]
	[154,1]
	[100,1]
	[116,1]
	[43,2]
	[4,5]
	[166,2]
	[117,1]
	[168,2]
	[146,1]
	[39,2]
	[25,1]
	[150,1]
	[147,1]
	[136,1]
	[169,1]
	[125,1]
	[121,1]

1500,
	[37,1]

1484,
	[28,1]

len(carl_order):
26
Printing carl assignment order:
1628,2,0.16091954022988506
1604,2,0.08571428571428572
1652,4,0.03676470588235294
1484,28,0.03571428571428571
1500,37,0.02702702702702703
1520,80,0.023655913978494623
1628,3,0.01882845188284519
1504,2,0.015625
1588,1,0.01440922190201729
1604,163,0.013444598980064905
1628,170,0.013288377627925426
1652,169,0.01029098651525905
1584,181,0.008374332670365331
1504,177,0.0076448828606658446
1588,179,0.007116260709065497
1624,180,0.006641709198522159
1624,183,0.006172839506172839
1624,238,0.004952246197382384
1448,152,0.004346251358203549
1624,294,0.003766478342749529
1448,259,0.0033594624860022394
1588,18632,8.680068010885826e-05
1624,18629,8.564080038234474e-05
1584,18637,7.977945413124607e-05
1448,18197,5.885468777588135e-05
1448,933991,1.0919486260010438e-06
bin_width: 187618
assigning lease 2 to address 1628
Average Cache Occupancy Per Bin: [0.40,0.38,0.39,0.36,0.34]
Total cost: 76544.0
assigning lease 2 to address 1604
Average Cache Occupancy Per Bin: [0.42,0.40,0.40,0.38,0.37]
Total cost: 79616.0
assigning lease 4 to address 1652
Average Cache Occupancy Per Bin: [0.44,0.44,0.43,0.44,0.40]
Total cost: 83712.0
assigning lease 28 to address 1484
Average Cache Occupancy Per Bin: [0.44,0.44,0.43,0.48,0.40]
Total cost: 83712.0
assigning lease 37 to address 1500
Average Cache Occupancy Per Bin: [0.44,0.44,0.48,0.48,0.40]
Total cost: 83712.0
assigning lease 80 to address 1520
Average Cache Occupancy Per Bin: [0.58,0.48,0.63,0.51,1.31]
Total cost: 109056.0
assigning lease 3 to address 1628
Average Cache Occupancy Per Bin: [0.73,0.63,0.78,0.61,1.42]
Total cost: 137728.0
assigning lease 2 to address 1504
Average Cache Occupancy Per Bin: [0.73,0.63,0.80,0.63,1.46]
Total cost: 138752.0
assigning lease 1 to address 1588
Average Cache Occupancy Per Bin: [0.92,0.83,1.00,0.79,1.65]
Total cost: 174080.0
assigning lease 163 to address 1604
Average Cache Occupancy Per Bin: [1.51,1.71,1.19,1.25,2.48]
Total cost: 284672.0
assigning lease 170 to address 1628
Average Cache Occupancy Per Bin: [11.9,11.4,11.0,7.28,14.5]
Total cost: 2248448.0
assigning lease 169 to address 1652
Average Cache Occupancy Per Bin: [12.1,12.3,12.0,8.07,15.5]
Total cost: 2283264.0
assigning lease 181 to address 1584
Average Cache Occupancy Per Bin: [44.0,43.7,43.4,39.2,46.1]
Total cost: 8261632.0
assigning lease 177 to address 1504
Average Cache Occupancy Per Bin: [44.4,43.9,44.7,40.2,48.7]
Total cost: 8332032.0
assigning lease 179 to address 1588
Average Cache Occupancy Per Bin: [69.8,70.8,72.6,62.4,74.3]
Total cost: 13100544.0
assigning lease 180 to address 1624
Average Cache Occupancy Per Bin: [112.,112.,118.,114.,115.]
Total cost: 21055744.0
assigning lease 183 to address 1624
Average Cache Occupancy Per Bin: [112.,112.,118.,114.,115.]
Total cost: 21060352.0
assigning lease 238 to address 1624
Average Cache Occupancy Per Bin: [112.,113.,119.,115.,115.]
Total cost: 21144320.0
assigning lease 152 to address 1448
Average Cache Occupancy Per Bin: [113.,114.,120.,115.,117.]
Total cost: 21209856.0
assigning lease 294 to address 1624
Average Cache Occupancy Per Bin: [113.,115.,121.,116.,117.]
Total cost: 21281536.0
assigning lease 259 to address 1448
Average Cache Occupancy Per Bin: [113.,115.,121.,116.,117.]
Total cost: 21308928.0
assigning lease 18632 to address 1588
Average Cache Occupancy Per Bin: [213.,179.,181.,134.,143.]
Total cost: 39965696.0
assigning lease 18629 to address 1624
Average Cache Occupancy Per Bin: [333.,319.,345.,185.,161.]
Total cost: 62652672.0
assigning lease 18637 to address 1584
Average Cache Occupancy Per Bin: [357.,385.,358.,229.,167.]
Total cost: 67148288.0
assigning lease 18197 to address 1448
Average Cache Occupancy Per Bin: [382.,385.,425.,229.,192.]
Total cost: 71740416.0
addr: 1448 ri: 933991
bin target: 96060416
	bin: 4.0 current capacity: 192.44959438859811  avg impact: 1249.5776737839653
num_full_bins: 0
printing bin ranks sorted:
	bin: 4.0 rank: 0.2557267245690625
	selecting this^ bin
acceptable_ratio: 0.2557267245690625
Assigning 1448 dual lease lease 933991 * 0.2557267245690625. Bin saturation: [382.,385.,425.,229.,512.]
Final saturation:
	0.0,71740416.0
	1.0,72289280.0
	2.0,79907328.0
	3.0,43083008.0
	4.0,96060416.0
DUMP LEASES
0, 65c, aa, 0, 1 
0, 630, 48cd, 0, 1 
0, 658, 48c5, 0, 1 
0, 634, 48c8, 0, 1 
0, 5a8, 4715, e4067, 0.7442732754309376 
0, 5f0, 50, 0, 1 
0, 644, a3, 0, 1 
0, 5e0, b1, 0, 1 
0, 674, a9, 0, 1 
0, 5dc, 25, 0, 1 
0, 5cc, 1c, 0, 1 
Dump dual leases

