sample rate: 0.00390625
1768,
	[166,1]
	[18,2]
	[24,1]
	[62,1]

1788,
	[128,2]
	[116,3]
	[150,1]
	[157,1]
	[185,1]
	[5,2]
	[3,1]
	[2,1]
	[7,3]
	[4,2]
	[9,4]
	[8,2]
	[6,2]
	[10,6]
	[912,1]
	[11,4]
	[13,5]
	[12,3]
	[17,5]
	[15,5]
	[14,3]
	[19,6]
	[16,4]
	[21,5]
	[863,1]
	[140,2]
	[23,6]
	[1749,1]
	[18,1]
	[187,1]
	[20,3]
	[175,1]
	[1801,1]
	[1684,1]
	[994,1]
	[202,1]
	[22,5]
	[1763,1]
	[219,2]
	[203,1]
	[27,6]
	[1870,1]
	[25,9]
	[46,7]
	[1853,1]
	[24,3]
	[47,8]
	[29,7]
	[2153,1]
	[1943,1]
	[1980,2]
	[26,2]
	[269,1]
	[31,11]
	[28,5]
	[30,4]
	[32,8]
	[33,3]
	[34,8]
	[2380,1]
	[35,6]
	[37,9]
	[2497,1]
	[36,6]
	[2495,1]
	[2820,1]
	[38,10]
	[69,9]
	[41,6]
	[40,9]
	[3003,1]
	[70,12]
	[2710,1]
	[39,2]
	[42,8]
	[43,13]
	[44,4]
	[76,3]
	[353,1]
	[45,7]
	[79,6]
	[3282,1]
	[78,3]
	[2921,1]
	[2990,1]
	[398,1]
	[49,4]
	[390,1]
	[48,8]
	[3401,1]
	[50,9]
	[3150,1]
	[51,4]
	[3171,1]
	[3609,1]
	[53,6]
	[3231,1]
	[52,9]
	[55,12]
	[3317,1]
	[54,10]
	[4087,1]
	[3745,1]
	[93,4]
	[56,5]
	[58,7]
	[57,4]
	[95,6]
	[94,2]
	[97,1]
	[59,4]
	[61,9]
	[3511,1]
	[3466,1]
	[495,1]
	[60,10]
	[3538,1]
	[63,10]
	[3588,1]
	[501,1]
	[62,7]
	[3728,1]
	[3663,1]
	[65,4]
	[4138,1]
	[528,1]
	[64,9]
	[67,7]
	[544,1]
	[68,10]
	[66,4]
	[4009,1]
	[71,8]
	[122,1]
	[72,7]
	[3915,1]
	[604,1]
	[3962,1]
	[4500,1]
	[74,11]
	[3943,1]
	[126,1]
	[73,5]
	[75,7]
	[77,7]
	[3998,1]
	[4572,1]
	[127,1]
	[130,1]
	[132,1]
	[4051,1]
	[4037,1]
	[80,4]
	[81,7]
	[83,6]
	[82,5]
	[4741,1]
	[85,10]
	[4797,1]
	[4079,1]
	[142,1]
	[87,4]
	[4169,1]
	[88,6]
	[147,1]
	[84,8]
	[4229,1]
	[4845,1]
	[146,1]
	[89,12]
	[741,2]
	[4369,1]
	[4915,1]
	[92,6]
	[4969,1]
	[91,3]
	[86,6]
	[96,6]
	[4217,1]
	[98,5]
	[5011,1]
	[158,1]
	[90,3]
	[159,1]
	[99,3]
	[101,3]
	[100,3]
	[4352,2]
	[103,7]
	[4995,1]
	[4999,1]
	[105,2]
	[4413,1]
	[108,2]
	[109,3]
	[112,1]
	[4364,1]
	[114,1]
	[5146,1]
	[118,1]
	[5099,1]
	[516,1]

1888,
	[3,2]
	[9,1]
	[30,1]
	[19,2]
	[36,3]
	[39,1]
	[32,3]
	[43,1]
	[58,1]
	[47,3]
	[33,1]
	[45,1]
	[15,1]
	[35,1]
	[57,4]
	[23,1]
	[37,1]
	[25,1]
	[38,1]
	[49,2]
	[78,1]
	[79,1]
	[6,2]
	[67,1]
	[69,1]
	[81,1]
	[73,1]
	[72,1]
	[84,1]
	[97,1]
	[21,1]
	[68,2]
	[60,1]
	[11,2]
	[74,1]
	[95,1]
	[92,1]
	[18,1]
	[10,1]
	[4,2]
	[41,1]
	[86,1]
	[107,1]
	[13,1]
	[83,1]
	[101,1]

1892,
	[1,1]
	[946,1]
	[7,3]
	[13,8]
	[21,9]
	[50,6]
	[20,5]
	[24,2]
	[2172,1]
	[10,1]
	[9,1]
	[23,7]
	[29,9]
	[26,3]
	[30,7]
	[31,15]
	[32,10]
	[34,5]
	[12,5]
	[62,8]
	[36,5]
	[318,1]
	[40,11]
	[14,4]
	[33,15]
	[185,1]
	[3332,1]
	[181,1]
	[27,3]
	[78,6]
	[5,5]
	[17,3]
	[49,11]
	[39,13]
	[3785,1]
	[19,7]
	[46,6]
	[4000,1]
	[18,5]
	[52,8]
	[4077,1]
	[3717,1]
	[268,1]
	[37,8]
	[41,8]
	[53,10]
	[104,8]
	[45,9]
	[4,1]
	[449,1]
	[6,2]
	[22,3]
	[43,8]
	[48,7]
	[92,7]
	[57,8]
	[58,7]
	[3991,1]
	[63,7]
	[3935,1]
	[60,3]
	[42,1]
	[228,1]
	[51,15]
	[198,1]
	[56,12]
	[4298,1]
	[38,5]
	[3811,1]
	[66,11]
	[25,6]
	[3894,1]
	[54,6]
	[3,2]
	[75,9]
	[61,6]
	[11,2]
	[141,1]
	[35,6]
	[55,13]
	[106,5]
	[69,6]
	[28,2]
	[44,3]
	[47,7]
	[67,9]
	[15,3]
	[4069,1]
	[137,2]
	[64,7]
	[68,12]
	[116,1]
	[4561,1]
	[121,2]
	[73,16]
	[4840,1]
	[70,5]
	[72,7]
	[108,3]
	[65,6]
	[119,2]
	[79,8]
	[59,6]
	[76,8]
	[4355,1]
	[77,6]
	[5123,1]
	[4266,1]
	[4315,1]
	[74,8]
	[631,1]
	[84,3]
	[5311,1]
	[4454,1]
	[118,3]
	[136,1]
	[86,3]
	[5263,1]
	[138,1]
	[4914,1]
	[4675,1]
	[103,5]
	[80,5]
	[151,1]
	[88,7]
	[564,1]
	[71,10]
	[5235,1]
	[81,6]
	[4526,1]
	[90,7]
	[4898,1]
	[83,10]
	[4843,1]
	[85,5]
	[91,5]
	[5395,1]
	[5057,1]
	[82,3]
	[94,6]
	[5213,1]
	[5095,1]
	[97,7]
	[98,2]
	[139,2]
	[89,1]
	[95,3]
	[4938,1]
	[4818,1]
	[176,1]
	[4564,1]
	[87,3]
	[102,2]
	[332,1]
	[5545,1]
	[4472,1]
	[93,3]
	[206,1]
	[4708,1]
	[5309,1]
	[149,2]
	[100,1]
	[96,1]
	[169,1]
	[107,2]
	[109,1]
	[4486,1]
	[180,1]
	[4650,1]
	[135,1]
	[101,6]
	[4693,1]
	[4496,1]
	[168,1]
	[105,2]
	[110,1]
	[113,1]
	[5904,1]
	[150,1]
	[338,1]
	[99,2]
	[115,2]
	[5169,1]
	[196,1]
	[4781,1]
	[4776,1]
	[5341,1]
	[114,1]
	[511,1]
	[4756,1]
	[575,1]
	[4670,1]
	[122,1]
	[1611,1]
	[1946,1]

1936,
	[2,1]
	[84,1]
	[93,1]

1784,
	[5,2]
	[10,1]
	[11,1]
	[17,2]
	[21,1]
	[25,1]
	[27,2]
	[40,1]
	[31,1]
	[42,1]
	[33,1]
	[39,1]
	[47,2]
	[52,3]
	[57,2]
	[49,1]
	[43,1]
	[64,2]
	[3,2]
	[65,1]
	[66,1]
	[68,1]
	[69,1]
	[15,1]
	[53,1]
	[73,1]
	[75,2]
	[2,1]
	[79,1]
	[2875,1]
	[83,1]
	[67,1]
	[12,1]
	[85,1]
	[91,1]
	[93,1]
	[88,1]
	[96,1]
	[90,1]
	[92,1]
	[98,1]
	[103,1]
	[99,1]
	[260157,1]

1916,
	[862,1]
	[4,1]
	[2556,1]
	[3028,1]
	[3706,1]
	[3987,1]
	[21,1]
	[45,1]
	[5254,1]
	[5486,1]
	[5530,1]
	[67,1]
	[58,1]
	[5620,1]
	[5708,1]
	[91,1]
	[5728,1]
	[33,1]
	[5907,2]
	[72,1]
	[5925,1]
	[5926,1]

1808,
	[10,1]
	[499,1]
	[31,1]
	[32,1]
	[45,1]
	[47,1]
	[49,1]
	[59,1]

1876,
	[1107,1]
	[146,1]

2012,
	[2,1]

2128,
	[2,1]

2124,
	[2,1]

len(carl_order):
39
Printing carl assignment order:
2012,2,0.5
2128,2,0.5
2124,2,0.5
1936,2,0.16666666666666666
1768,24,0.027777777777777776
1888,107,0.021954674220963172
1808,59,0.02108433734939759
1784,5,0.019011406844106463
1784,103,0.017938931297709924
1892,108,0.013768241834607366
1788,103,0.013404032588411998
1768,62,0.013157894736842105
1892,122,0.011627906976744186
1936,93,0.011560693641618497
1916,4,0.010869565217391304
1788,109,0.010479041916167664
1768,166,0.009615384615384616
1788,116,0.006793478260869565
1892,151,0.005226480836236934
1788,132,0.005092297899427116
1916,72,0.004411764705882353
1788,159,0.0037205456800330715
1876,146,0.003424657534246575
1916,91,0.003289473684210526
1892,185,0.0025391451544646637
1892,198,0.002372479240806643
1808,499,0.0022727272727272726
1892,206,0.001984126984126984
1788,219,0.0014294465999591588
1876,1107,0.001040582726326743
1892,228,0.0007331378299120235
1892,338,0.0006047777441790142
1788,544,0.000373087924387514
1788,5146,0.000357653791130186
1892,631,0.0003072007864340133
1892,5904,0.0002637090680420109
1916,5926,0.00021500752526338422
1784,2875,0.00018037518037518038
1784,260157,3.886785705956888e-06
bin_width: 81831
assigning lease 2 to address 2012
Average Cache Occupancy Per Bin: [0.0,0.0,0.0,0.0,0.00]
Total cost: 0
assigning lease 2 to address 2128
Average Cache Occupancy Per Bin: [0.0,0.0,0.0,0.0,0.01]
Total cost: 0
assigning lease 2 to address 2124
Average Cache Occupancy Per Bin: [0.0,0.0,0.0,0.0,0.01]
Total cost: 0
assigning lease 2 to address 1936
Average Cache Occupancy Per Bin: [0.00,0.0,0.0,0.0,0.03]
Total cost: 512.0
assigning lease 24 to address 1768
Average Cache Occupancy Per Bin: [0.26,0.0,0.0,0.07,0.03]
Total cost: 22016.0
assigning lease 107 to address 1888
Average Cache Occupancy Per Bin: [0.63,0.92,1.54,2.15,3.94]
Total cost: 51712.0
assigning lease 59 to address 1808
Average Cache Occupancy Per Bin: [1.04,1.37,1.72,2.15,3.94]
Total cost: 85504.0
assigning lease 5 to address 1784
Average Cache Occupancy Per Bin: [1.24,1.55,1.94,2.31,4.00]
Total cost: 102144.0
assigning lease 103 to address 1784
Average Cache Occupancy Per Bin: [1.91,3.22,4.49,4.72,4.91]
Total cost: 156672.0
assigning lease 108 to address 1892
Average Cache Occupancy Per Bin: [6.15,19.4,27.8,43.2,66.5]
Total cost: 503808.0
assigning lease 103 to address 1788
Average Cache Occupancy Per Bin: [34.8,55.2,61.0,72.2,77.4]
Total cost: 2849280.0
assigning lease 62 to address 1768
Average Cache Occupancy Per Bin: [34.9,55.2,61.0,72.3,77.4]
Total cost: 2859008.0
assigning lease 122 to address 1892
Average Cache Occupancy Per Bin: [35.1,55.8,61.5,73.2,79.2]
Total cost: 2876928.0
assigning lease 93 to address 1936
Average Cache Occupancy Per Bin: [35.1,55.8,61.5,73.2,79.7]
Total cost: 2876928.0
assigning lease 4 to address 1916
Average Cache Occupancy Per Bin: [35.2,55.9,61.5,73.3,79.8]
Total cost: 2881024.0
assigning lease 109 to address 1788
Average Cache Occupancy Per Bin: [35.8,56.3,61.9,73.6,80.2]
Total cost: 2931712.0
assigning lease 166 to address 1768
Average Cache Occupancy Per Bin: [36.1,56.3,61.9,73.6,80.2]
Total cost: 2958336.0
assigning lease 116 to address 1788
Average Cache Occupancy Per Bin: [36.8,56.8,62.4,73.9,80.4]
Total cost: 3017472.0
assigning lease 151 to address 1892
Average Cache Occupancy Per Bin: [37.3,58.1,63.2,75.5,83.5]
Total cost: 3054592.0
assigning lease 132 to address 1788
Average Cache Occupancy Per Bin: [38.9,59.2,64.1,76.3,84.0]
Total cost: 3184640.0
assigning lease 72 to address 1916
Average Cache Occupancy Per Bin: [39.5,59.8,64.3,77.5,85.6]
Total cost: 3236864.0
assigning lease 159 to address 1788
Average Cache Occupancy Per Bin: [42.0,61.8,65.5,78.6,86.3]
Total cost: 3443456.0
assigning lease 146 to address 1876
Average Cache Occupancy Per Bin: [42.5,62.2,65.5,78.6,86.3]
Total cost: 3480832.0
assigning lease 91 to address 1916
Average Cache Occupancy Per Bin: [42.7,62.4,65.6,78.9,86.7]
Total cost: 3495424.0
assigning lease 185 to address 1892
Average Cache Occupancy Per Bin: [43.2,63.8,66.4,80.4,89.7]
Total cost: 3538944.0
assigning lease 198 to address 1892
Average Cache Occupancy Per Bin: [43.4,64.4,66.7,80.9,90.8]
Total cost: 3552256.0
assigning lease 499 to address 1808
Average Cache Occupancy Per Bin: [44.7,64.4,66.7,80.9,90.8]
Total cost: 3664896.0
assigning lease 206 to address 1892
Average Cache Occupancy Per Bin: [44.8,64.7,66.9,81.3,91.4]
Total cost: 3673088.0
assigning lease 219 to address 1788
Average Cache Occupancy Per Bin: [49.6,69.0,69.6,83.2,93.1]
Total cost: 4066560.0
assigning lease 1107 to address 1876
Average Cache Occupancy Per Bin: [52.7,69.0,69.6,83.2,93.1]
Total cost: 4312576.0
assigning lease 228 to address 1892
Average Cache Occupancy Per Bin: [52.9,69.8,70.1,84.1,94.7]
Total cost: 4335104.0
assigning lease 338 to address 1892
Average Cache Occupancy Per Bin: [54.2,73.4,72.9,88.9,103.]
Total cost: 4442624.0
assigning lease 544 to address 1788
Average Cache Occupancy Per Bin: [74.1,95.5,87.1,99.1,112.]
Total cost: 6070528.0
assigning lease 5146 to address 1788
Average Cache Occupancy Per Bin: [159.,260.,225.,201.,216.]
Total cost: 13011712.0
assigning lease 631 to address 1892
Average Cache Occupancy Per Bin: [161.,269.,232.,214.,236.]
Total cost: 13236736.0
assigning lease 5904 to address 1892
Average Cache Occupancy Per Bin: [176.,362.,317.,391.,483.]
Total cost: 14403328.0
addr: 1916 ri: 5926
bin target: 41897472
	bin: 4.0 current capacity: 483.2719140667962  avg impact: 90.52960369542105
num_full_bins: 0
printing bin ranks sorted:
	bin: 4.0 rank: 0.31733360978644
	selecting this^ bin
acceptable_ratio: 0.31733360978644
Assigning 1916 dual lease lease 5926 * 0.31733360978644. Bin saturation: [182.,369.,322.,413.,512.]
addr: 1784 ri: 2875
bin target: 41897472
	bin: 4.0 current capacity: 512.0  avg impact: 8.671921398980826
num_full_bins: 1
printing bin ranks sorted:
	bin: 4.0 rank: 0.0
acceptable_ratio: 0
addr: 1784 ri: 260157
bin target: 41897472
	bin: 4.0 current capacity: 512.0  avg impact: 813.552614534834
num_full_bins: 1
printing bin ranks sorted:
	bin: 4.0 rank: 0.0
acceptable_ratio: 0
Final saturation:
	0.0,14904806.495542193
	1.0,30270334.142235123
	2.0,26391396.717395812
	3.0,33830398.14223512
	4.0,41897472.0
DUMP LEASES
0, 6e8, a6, 0, 1 
0, 6fc, 141a, 0, 1 
0, 760, 6b, 0, 1 
0, 764, 1710, 0, 1 
0, 790, 5d, 0, 1 
0, 6f8, 67, 0, 1 
0, 77c, 5b, 1726, 0.68266639021356 
0, 710, 1f3, 0, 1 
0, 754, 453, 0, 1 
0, 7dc, 2, 0, 1 
0, 850, 2, 0, 1 
0, 84c, 2, 0, 1 
Dump dual leases

