sample rate: 0.00390625
1544,
	[6,2]
	[3,147]
	[2,102]
	[10,1]
	[17,1]
	[200,1]
	[4,6]
	[9,1]
	[51,1]
	[50,1]
	[53,2]
	[25,2]
	[15,2]
	[63,2]
	[5,2]
	[60,1]
	[66,1]
	[22,2]
	[84,1]
	[7,1]
	[185,1]
	[43,1]
	[95,1]
	[139,1]
	[99,1]
	[109,1]
	[16,3]
	[120,1]
	[11,1]
	[67,1]
	[20,1]
	[125,1]
	[172,1]

1396,
	[33,2]
	[85,1]
	[25,1]
	[29,3]
	[11,2]
	[21,1]
	[8,1]
	[4,3]
	[17,4]
	[52,1]
	[31,2]
	[27,1]
	[504,1]
	[1,1]
	[59,1]
	[57,1]
	[14,1]
	[67,1]
	[78,1]
	[13,1]
	[18,2]
	[39,1]
	[123,1]
	[47,1]
	[3,1]
	[48,1]
	[5,1]
	[6,1]
	[22,1]
	[90,1]
	[134,1]
	[10,1]
	[19,2]
	[16,1]
	[171,1]
	[162,1]
	[174,1]
	[96,1]
	[157,1]
	[23,1]

1456,
	[147,12]
	[2,62]
	[664,1]
	[19,13]
	[374,1]
	[21,10]
	[460,1]
	[6,1]
	[25,14]
	[1,34]
	[18,6]
	[26,15]
	[22,10]
	[772,1]
	[409,2]
	[8,1]
	[7,2]
	[218,1]
	[557,1]
	[4,11]
	[2905,1]
	[16,3]
	[15,4]
	[642,1]
	[29,22]
	[342,1]
	[926,1]
	[991,1]
	[30,14]
	[421,4]
	[3,125]
	[324,1]
	[20,6]
	[367,2]
	[27,17]
	[358,1]
	[439,1]
	[85,18]
	[907,2]
	[87,8]
	[34,14]
	[1499,1]
	[12,1]
	[24,11]
	[1451,1]
	[17,6]
	[1027,1]
	[28,17]
	[33,15]
	[1404,1]
	[31,21]
	[32,12]
	[1375,2]
	[1157,1]
	[36,11]
	[1408,1]
	[1087,1]
	[37,13]
	[1513,1]
	[295,1]
	[42,4]
	[1733,1]
	[398,2]
	[347,3]
	[1417,1]
	[1866,1]
	[404,3]
	[1790,1]
	[47,9]
	[13,2]
	[1709,1]
	[35,7]
	[536,1]
	[1468,1]
	[296,2]
	[43,4]
	[1627,1]
	[1515,1]
	[48,13]
	[2135,1]
	[2329,1]
	[2475,1]
	[54,8]
	[51,9]
	[355,2]
	[1632,1]
	[1533,1]
	[457,1]
	[50,9]
	[45,7]
	[55,8]
	[57,9]
	[2278,1]
	[41,8]
	[49,4]
	[60,13]
	[538,1]
	[1947,1]
	[1713,1]
	[1958,1]
	[39,11]
	[2439,1]
	[62,4]
	[566,1]
	[298,1]
	[2433,1]
	[1852,1]
	[63,9]
	[239,1]
	[2264,1]
	[59,9]
	[2213,1]
	[70,6]
	[40,5]
	[351,2]
	[61,7]
	[2477,1]
	[2459,1]
	[2690,1]
	[2442,1]
	[169,8]
	[58,10]
	[3220,1]
	[2932,1]
	[387,1]
	[69,9]
	[2764,1]
	[64,7]
	[66,8]
	[84,11]
	[38,2]
	[593,1]
	[72,11]
	[73,17]
	[77,8]
	[93,10]
	[75,12]
	[80,12]
	[3698,1]
	[3456,1]
	[3268,1]
	[3062,1]
	[68,8]
	[44,5]
	[82,13]
	[322,1]
	[2696,1]
	[56,5]
	[65,8]
	[3503,1]
	[3622,1]
	[3608,1]
	[3075,1]
	[597,1]
	[658,1]
	[3232,1]
	[88,9]
	[264,2]
	[3516,1]
	[23,8]
	[583,1]
	[74,10]
	[89,14]
	[92,10]
	[3685,1]
	[11,1]
	[14,3]
	[3297,1]
	[3199,1]
	[498,1]
	[450,1]
	[79,7]
	[83,3]
	[90,10]
	[3755,1]
	[3391,1]
	[3126,1]
	[78,9]
	[3732,1]
	[3893,1]
	[71,5]
	[81,10]
	[4347,1]
	[4250,1]
	[52,6]
	[544,1]
	[53,6]
	[4116,1]
	[86,18]
	[99,13]
	[4299,1]
	[3623,1]
	[3563,1]
	[3302,1]
	[3619,1]
	[96,23]
	[101,13]
	[3600,1]
	[95,12]
	[4046,1]
	[3558,1]
	[76,3]
	[98,15]
	[3964,1]
	[100,15]
	[4048,1]
	[281,3]
	[4035,1]
	[3899,1]
	[94,9]
	[3515,1]
	[446,1]
	[105,6]
	[110,12]
	[4617,1]
	[102,15]
	[46,3]
	[3953,1]
	[67,10]
	[3492,1]
	[97,13]
	[108,17]
	[4932,1]
	[4746,1]
	[357,1]
	[592,1]
	[4686,1]
	[280,1]
	[719,1]
	[3613,1]
	[104,7]
	[114,13]
	[4880,1]
	[590,1]
	[858,1]
	[5099,1]
	[276,2]
	[382,1]
	[3990,1]
	[107,9]
	[111,10]
	[112,15]
	[4963,1]
	[4804,1]
	[113,14]
	[5630,1]
	[795,1]
	[853,1]
	[109,13]
	[123,12]
	[687,2]
	[5515,1]
	[4404,1]
	[118,12]
	[5357,1]
	[4143,1]
	[4288,1]
	[115,15]
	[4777,1]
	[268,1]
	[122,14]
	[121,10]
	[319,2]
	[4921,1]
	[119,13]
	[120,10]
	[5402,1]
	[480,1]
	[289,3]
	[5541,1]
	[212,1]
	[5697,1]
	[91,8]
	[103,12]
	[106,6]
	[5230,1]
	[4709,1]
	[4815,1]
	[129,16]
	[632,1]
	[6447,1]
	[124,13]
	[5497,1]
	[5153,1]
	[864,1]
	[477,1]
	[117,15]
	[596,1]
	[127,9]
	[5065,1]
	[578,1]
	[6104,1]
	[629,1]
	[6828,1]
	[6963,1]
	[533,1]
	[810,1]
	[6992,1]
	[128,10]
	[125,9]
	[5836,1]
	[5822,1]
	[5819,1]
	[587,1]
	[135,10]
	[6954,1]
	[6025,1]
	[465,1]
	[5918,1]
	[722,1]
	[132,19]
	[266,1]
	[6440,1]
	[1125,1]
	[251,2]
	[7184,1]
	[7163,1]
	[5462,1]
	[134,10]
	[131,8]
	[137,9]
	[278,2]
	[6905,1]
	[6823,1]
	[6681,1]
	[6421,1]
	[6320,1]
	[6116,1]
	[630,1]
	[139,11]
	[140,8]
	[142,7]
	[6730,1]
	[126,18]
	[133,10]
	[7647,1]
	[7662,1]
	[6120,1]
	[6118,1]
	[1063,1]
	[130,5]
	[136,9]
	[7693,1]
	[709,1]
	[8998,1]
	[146,15]
	[1706,1]
	[2268,1]
	[183,2]
	[219,1]
	[2085,2]
	[246,1]
	[259,1]
	[288,2]
	[291,3]
	[306,1]
	[310,2]
	[307,2]
	[321,1]
	[333,1]
	[332,1]
	[1722,1]
	[21463,1]
	[375,2]
	[383,1]
	[390,2]
	[405,2]
	[417,1]
	[422,2]
	[28220,1]
	[154,16]
	[221,1]
	[24410,1]
	[24196,1]
	[270,1]
	[272,1]
	[283,2]
	[26498,1]
	[368,1]
	[393,1]
	[397,2]
	[399,2]
	[402,2]
	[406,3]
	[420,2]
	[27431,1]
	[148,14]
	[162,11]
	[25559,1]
	[184,7]
	[214,1]
	[242,1]
	[273,2]
	[303,1]
	[2893,1]
	[352,2]
	[3453,1]
	[385,1]
	[396,2]
	[408,1]
	[26846,1]
	[425,1]
	[430,2]
	[432,1]
	[149,12]
	[26470,1]
	[29125,1]
	[187,4]
	[216,1]
	[229,1]
	[248,1]
	[257,2]
	[261,1]
	[24890,1]
	[274,1]
	[290,2]
	[318,1]
	[331,2]
	[345,1]
	[356,3]
	[3489,1]
	[371,1]
	[389,1]
	[403,1]
	[410,2]
	[418,1]
	[428,1]
	[28809,1]
	[190,5]
	[193,3]
	[297,1]
	[299,1]
	[2947,1]
	[3101,1]
	[365,1]
	[372,2]
	[24204,1]
	[401,1]
	[24653,1]
	[411,2]
	[415,1]
	[426,1]
	[434,1]
	[19382,1]
	[203,1]
	[705,1]
	[1298,1]
	[151,13]
	[8439,1]
	[300,1]
	[145,6]
	[8067,1]
	[8732,1]
	[414,1]
	[153,13]
	[159,10]
	[8304,1]
	[7295,1]
	[7426,1]
	[143,10]
	[152,6]
	[231,1]
	[9286,1]
	[8371,1]
	[7822,1]
	[527,1]
	[138,9]
	[144,8]
	[8057,2]
	[150,19]
	[160,8]
	[9127,1]
	[116,9]
	[158,14]
	[9020,1]
	[9378,1]
	[8931,1]
	[8854,1]
	[8609,1]
	[8503,1]
	[8136,1]
	[863,1]
	[141,12]
	[157,11]
	[9405,1]
	[163,10]
	[5,1]
	[9146,1]
	[9094,1]
	[323,1]
	[551,2]
	[7613,1]
	[9434,1]
	[200,1]
	[8140,1]
	[7969,1]
	[161,6]
	[167,6]
	[8920,1]
	[8844,1]
	[8209,1]
	[628,1]
	[164,9]
	[170,13]
	[168,3]
	[9918,1]
	[9612,1]
	[9332,1]
	[9077,1]
	[8380,1]
	[156,7]
	[165,12]
	[10213,1]
	[10396,1]
	[8158,1]
	[9674,1]
	[166,17]
	[171,9]
	[10497,1]
	[8877,1]
	[9786,1]
	[10458,1]
	[10457,1]
	[172,10]
	[10751,1]
	[9981,1]
	[9754,1]
	[9111,1]
	[10600,1]
	[10038,1]
	[10479,1]
	[880,1]
	[9348,1]
	[328,1]
	[9149,1]
	[1195,1]
	[155,10]
	[9512,1]
	[173,10]
	[10531,1]
	[313,1]
	[10717,1]
	[10678,1]
	[9018,1]
	[174,5]
	[175,5]
	[11258,1]
	[179,4]
	[861,1]
	[9326,1]
	[9160,1]
	[9347,1]
	[177,9]
	[11449,1]
	[11243,1]
	[11210,1]
	[11142,1]
	[9779,1]
	[9327,1]
	[10774,1]
	[178,9]
	[180,5]
	[181,9]
	[11361,2]
	[10987,1]
	[10054,1]
	[10464,1]
	[176,4]
	[11105,1]
	[10169,1]
	[531,1]
	[10012,1]
	[9681,1]
	[11881,1]
	[11183,1]
	[837,1]
	[10118,1]
	[10033,1]
	[696,1]
	[11238,1]
	[10896,1]
	[10882,1]
	[478,1]
	[10615,1]
	[10098,1]
	[9832,1]
	[11514,1]
	[182,1]
	[186,3]
	[11319,1]
	[1083,1]
	[185,10]
	[12237,1]
	[224,1]
	[11583,1]
	[11405,1]
	[11389,1]
	[11294,1]
	[10940,1]
	[188,4]
	[12372,1]
	[12774,1]
	[12031,1]
	[11783,1]
	[11097,1]
	[10838,1]
	[10752,1]
	[1299,1]
	[12799,1]
	[191,4]
	[209,1]
	[10902,1]
	[761,1]
	[1204,1]
	[11168,1]
	[1335,1]
	[189,7]
	[13251,1]
	[195,1]
	[12714,1]
	[966,1]
	[11618,1]
	[601,1]
	[11273,1]
	[11875,1]
	[13149,1]
	[287,1]
	[12205,1]
	[12107,1]
	[325,1]
	[12770,1]
	[12403,1]
	[12233,1]
	[12132,1]
	[11196,1]
	[13611,1]
	[13010,1]
	[197,2]
	[431,1]
	[12034,1]
	[11759,1]
	[13138,1]
	[199,1]
	[201,1]
	[640,1]
	[13020,1]
	[11963,1]
	[11573,1]
	[194,1]

1344,
	[2,18]
	[6,1]
	[15,1]
	[115,1]
	[21,1]
	[49,1]
	[3,2]
	[22,1]
	[4,1]
	[55,1]
	[17,1]
	[5,1]

1452,
	[13,5]
	[8,1]
	[176,1]
	[16,1]
	[5,6]
	[32,3]
	[6,2]
	[34,4]
	[28,5]
	[30,4]
	[2,3]
	[22,2]
	[40,3]
	[51,3]
	[29,2]
	[24,3]
	[49,2]
	[26,3]
	[36,3]
	[48,1]
	[56,2]
	[35,1]
	[58,2]
	[63,1]
	[23,2]
	[11,2]
	[65,1]
	[60,1]
	[57,2]
	[17,2]
	[90,2]
	[25,3]
	[43,2]
	[75,3]
	[52,2]
	[87,3]
	[55,1]
	[80,1]
	[101,2]
	[45,3]
	[54,2]
	[9,1]
	[66,1]
	[72,4]
	[104,4]
	[74,1]
	[44,2]
	[3,3]
	[70,1]
	[106,1]
	[108,1]
	[69,2]
	[14,2]
	[107,1]
	[115,2]
	[3021,1]
	[111,1]
	[122,1]
	[84,3]
	[120,1]
	[78,2]
	[27,3]
	[19,1]
	[1434,1]
	[68,1]
	[86,2]
	[100,1]
	[102,1]
	[129,1]
	[67,1]
	[94,1]
	[114,2]
	[131,2]
	[71,1]
	[85,1]
	[96,1]
	[4794,1]
	[82,1]
	[18,1]
	[81,1]
	[4,3]
	[266,1]
	[258,1]
	[291,1]
	[327,1]
	[340,1]
	[263,1]
	[290,1]
	[255,1]
	[365,1]
	[274,1]
	[270,1]
	[33,1]
	[64,1]
	[83,2]
	[139,2]
	[12,2]
	[53,1]
	[138,4]
	[97,3]
	[135,1]
	[157,1]
	[162,3]
	[103,3]
	[147,1]
	[41,1]
	[119,1]
	[141,1]
	[134,2]
	[151,1]
	[149,1]
	[145,1]
	[146,1]
	[133,1]
	[110,1]
	[165,2]
	[175,2]
	[10,3]
	[173,1]
	[130,1]
	[76,1]
	[95,1]
	[143,1]
	[7,2]
	[137,2]
	[153,1]
	[160,1]
	[167,1]
	[128,1]
	[161,1]
	[185,2]
	[163,1]
	[170,1]
	[187,1]
	[15,1]
	[186,4]
	[112,1]
	[142,1]
	[169,1]
	[123,1]
	[183,1]
	[177,1]
	[188,1]
	[124,1]
	[132,1]

1436,
	[14,1]
	[33,1]
	[8,1]
	[21,1]
	[36,1]
	[19,1]

1364,
	[54,1]
	[12,2]
	[15,6]
	[18,1]
	[3,1]
	[19,3]
	[213,1]
	[55,1]
	[21,4]
	[59,1]
	[25,2]
	[33,2]
	[39,1]
	[304,1]
	[24,3]
	[22,1]
	[32,1]
	[29,1]
	[51,1]
	[102,1]
	[6,2]
	[23,2]
	[62,1]
	[20,1]
	[28,1]
	[7447,1]
	[69,2]
	[379,1]
	[273,1]
	[130,2]
	[86,1]
	[10,1]
	[7,1]
	[8,1]
	[95,1]
	[141,1]
	[26,1]
	[88,1]
	[9569,1]
	[11614,1]
	[126,1]
	[123,1]
	[103,1]
	[161,1]
	[85,1]

1404,
	[2,4]
	[13,2]
	[30,1]
	[18,4]
	[161,1]
	[17,3]
	[25,3]
	[15,1]
	[22,4]
	[19,1]
	[21,2]
	[31,1]
	[39,1]
	[8,3]
	[7,1]
	[1966,1]
	[26,2]
	[14,1]
	[27,1]
	[3648,1]
	[33,1]
	[24,3]
	[20,1]
	[29,1]
	[97,1]
	[5,1]

1380,
	[38,1]
	[13,1]
	[19,1]
	[28,2]
	[26,1]
	[45,1]
	[50,1]
	[7,2]
	[18,1]
	[24,1]
	[17,1]

1400,
	[20,1]
	[25,2]
	[32,1]
	[68,1]
	[48,1]
	[26,1]
	[53,3]
	[61,1]
	[108,2]
	[37,2]
	[1,1]
	[114,1]
	[29,1]
	[30,2]
	[64,1]
	[5421,1]
	[180,1]
	[306,1]
	[151,1]
	[343,1]
	[27,1]
	[91,1]
	[35,2]
	[23,1]
	[76,1]
	[171,1]
	[110,1]
	[82,1]
	[33,1]
	[144,1]
	[100,1]
	[183,1]
	[191,1]
	[94,1]
	[118,1]

1340,
	[303,1]
	[313,1]
	[83,1]
	[42,1]

len(carl_order):
53
Printing carl assignment order:
1544,3,0.3192307692307692
1344,2,0.3
1344,3,0.16666666666666666
1544,4,0.13333333333333333
1344,6,0.1111111111111111
1544,6,0.05263157894736842
1436,36,0.04580152671755725
1404,33,0.045303867403314914
1380,50,0.040625
1344,22,0.04040404040404041
1404,39,0.03333333333333333
1456,3,0.029852762393624208
1396,33,0.02883799830364716
1544,17,0.02881844380403458
1544,25,0.026455026455026454
1400,1,0.023809523809523808
1364,33,0.023197492163009405
1344,55,0.021505376344086023
1344,115,0.016666666666666666
1396,59,0.014423076923076924
1544,200,0.014316392269148175
1396,174,0.0136986301369863
1452,5,0.012376237623762377
1452,188,0.011464497041420118
1400,191,0.011186340889019724
1364,141,0.009978991596638655
1340,83,0.006872852233676976
1452,365,0.006618531889290012
1456,191,0.006576722859871215
1364,161,0.00625
1400,343,0.00477326968973747
1404,161,0.0047169811320754715
1340,313,0.0044444444444444444
1364,304,0.0034129692832764505
1364,379,0.0033333333333333335
1396,504,0.0030303030303030303
1456,193,0.0028846153846153848
1456,197,0.0019389238972370335
1456,432,0.0015371542596358566
1456,434,0.0014204545454545455
1456,439,0.0005698005698005698
1456,480,0.0005624692399634395
1456,601,0.0004924774075989264
1456,642,0.00045623906927229867
1404,3648,0.0003779289493575208
1452,4794,0.0003679175864606328
1456,722,0.0003595828838547285
1456,907,0.00023225898663617524
1400,5421,0.00019692792437967703
1456,926,0.00017901897601145723
1456,13611,0.00015399273242931843
1364,11614,0.00010911868475611973
1456,29125,8.427392396244754e-05
bin_width: 170642
assigning lease 3 to address 1544
Average Cache Occupancy Per Bin: [0.17,0.11,0.81,0.04,0.01]
Total cost: 30464.0
assigning lease 2 to address 1344
Average Cache Occupancy Per Bin: [0.23,0.13,0.81,0.05,0.02]
Total cost: 40192.0
assigning lease 3 to address 1344
Average Cache Occupancy Per Bin: [0.25,0.13,0.81,0.05,0.02]
Total cost: 42752.0
assigning lease 4 to address 1544
Average Cache Occupancy Per Bin: [0.26,0.15,0.82,0.06,0.02]
Total cost: 45568.0
assigning lease 6 to address 1344
Average Cache Occupancy Per Bin: [0.30,0.15,0.82,0.06,0.02]
Total cost: 51968.0
assigning lease 6 to address 1544
Average Cache Occupancy Per Bin: [0.33,0.17,0.84,0.10,0.03]
Total cost: 57088.0
assigning lease 36 to address 1436
Average Cache Occupancy Per Bin: [0.41,0.21,0.84,0.18,0.03]
Total cost: 71168.0
assigning lease 33 to address 1404
Average Cache Occupancy Per Bin: [1.39,0.31,0.98,0.29,0.06]
Total cost: 238592.0
assigning lease 50 to address 1380
Average Cache Occupancy Per Bin: [1.73,0.31,0.98,0.34,0.15]
Total cost: 296448.0
assigning lease 22 to address 1344
Average Cache Occupancy Per Bin: [1.88,0.31,0.98,0.34,0.15]
Total cost: 321792.0
assigning lease 39 to address 1404
Average Cache Occupancy Per Bin: [1.92,0.31,0.98,0.35,0.15]
Total cost: 327936.0
assigning lease 3 to address 1456
Average Cache Occupancy Per Bin: [3.86,2.61,2.70,2.93,2.70]
Total cost: 660224.0
assigning lease 33 to address 1396
Average Cache Occupancy Per Bin: [4.71,2.91,2.80,3.30,2.86]
Total cost: 803840.0
assigning lease 17 to address 1544
Average Cache Occupancy Per Bin: [4.83,3.01,2.90,3.47,2.89]
Total cost: 824832.0
assigning lease 25 to address 1544
Average Cache Occupancy Per Bin: [4.89,3.07,2.98,3.53,2.92]
Total cost: 835072.0
assigning lease 1 to address 1400
Average Cache Occupancy Per Bin: [4.89,3.09,2.98,3.54,2.93]
Total cost: 836096.0
assigning lease 33 to address 1364
Average Cache Occupancy Per Bin: [5.85,3.53,3.18,3.92,3.35]
Total cost: 999936.0
assigning lease 55 to address 1344
Average Cache Occupancy Per Bin: [5.99,3.53,3.18,3.92,3.35]
Total cost: 1023744.0
assigning lease 115 to address 1344
Average Cache Occupancy Per Bin: [6.08,3.53,3.18,3.92,3.35]
Total cost: 1039104.0
assigning lease 59 to address 1396
Average Cache Occupancy Per Bin: [6.34,3.62,3.18,4.12,3.43]
Total cost: 1083392.0
assigning lease 200 to address 1544
Average Cache Occupancy Per Bin: [6.72,3.88,3.78,4.60,3.80]
Total cost: 1148416.0
assigning lease 174 to address 1396
Average Cache Occupancy Per Bin: [6.98,3.98,3.78,5.26,4.00]
Total cost: 1191424.0
assigning lease 5 to address 1452
Average Cache Occupancy Per Bin: [7.41,4.42,3.99,5.60,4.39]
Total cost: 1264896.0
assigning lease 188 to address 1452
Average Cache Occupancy Per Bin: [10.4,10.8,8.53,11.3,13.0]
Total cost: 1779200.0
assigning lease 191 to address 1400
Average Cache Occupancy Per Bin: [10.6,12.4,9.53,12.1,14.5]
Total cost: 1815296.0
assigning lease 141 to address 1364
Average Cache Occupancy Per Bin: [11.2,12.6,10.0,12.6,15.5]
Total cost: 1912064.0
assigning lease 83 to address 1340
Average Cache Occupancy Per Bin: [11.5,12.6,10.0,12.7,15.5]
Total cost: 1975808.0
assigning lease 365 to address 1452
Average Cache Occupancy Per Bin: [11.5,13.4,11.7,12.7,15.5]
Total cost: 1975808.0
assigning lease 191 to address 1456
Average Cache Occupancy Per Bin: [65.2,90.1,63.0,120.,129.]
Total cost: 11129856.0
assigning lease 161 to address 1364
Average Cache Occupancy Per Bin: [65.2,90.2,63.0,120.,129.]
Total cost: 11140096.0
assigning lease 343 to address 1400
Average Cache Occupancy Per Bin: [65.2,90.4,63.4,120.,129.]
Total cost: 11140096.0
assigning lease 161 to address 1404
Average Cache Occupancy Per Bin: [65.8,90.4,63.4,120.,129.]
Total cost: 11233792.0
assigning lease 313 to address 1340
Average Cache Occupancy Per Bin: [66.5,90.4,63.4,120.,129.]
Total cost: 11348992.0
assigning lease 304 to address 1364
Average Cache Occupancy Per Bin: [66.8,90.6,63.8,120.,130.]
Total cost: 11398912.0
assigning lease 379 to address 1364
Average Cache Occupancy Per Bin: [66.8,90.7,63.9,121.,130.]
Total cost: 11398912.0
assigning lease 504 to address 1396
Average Cache Occupancy Per Bin: [67.2,90.7,63.9,121.,130.]
Total cost: 11483392.0
assigning lease 193 to address 1456
Average Cache Occupancy Per Bin: [67.6,91.0,64.3,121.,130.]
Total cost: 11543808.0
assigning lease 197 to address 1456
Average Cache Occupancy Per Bin: [68.3,91.6,65.1,121.,131.]
Total cost: 11664640.0
assigning lease 432 to address 1456
Average Cache Occupancy Per Bin: [106.,123.,98.5,149.,156.]
Total cost: 18185472.0
assigning lease 434 to address 1456
Average Cache Occupancy Per Bin: [106.,123.,98.6,149.,157.]
Total cost: 18234112.0
assigning lease 439 to address 1456
Average Cache Occupancy Per Bin: [107.,124.,98.9,150.,157.]
Total cost: 18355712.0
assigning lease 480 to address 1456
Average Cache Occupancy Per Bin: [113.,129.,100.,154.,161.]
Total cost: 19323648.0
assigning lease 601 to address 1456
Average Cache Occupancy Per Bin: [129.,143.,106.,167.,173.]
Total cost: 22040832.0
assigning lease 642 to address 1456
Average Cache Occupancy Per Bin: [134.,148.,108.,172.,177.]
Total cost: 22901504.0
assigning lease 3648 to address 1404
Average Cache Occupancy Per Bin: [142.,148.,108.,172.,177.]
Total cost: 24256256.0
assigning lease 4794 to address 1452
Average Cache Occupancy Per Bin: [142.,160.,108.,172.,177.]
Total cost: 24256256.0
assigning lease 722 to address 1456
Average Cache Occupancy Per Bin: [151.,169.,111.,180.,185.]
Total cost: 25883904.0
assigning lease 907 to address 1456
Average Cache Occupancy Per Bin: [173.,187.,119.,199.,201.]
Total cost: 29590784.0
assigning lease 5421 to address 1400
Average Cache Occupancy Per Bin: [173.,195.,119.,199.,201.]
Total cost: 29590784.0
assigning lease 926 to address 1456
Average Cache Occupancy Per Bin: [175.,197.,120.,201.,203.]
Total cost: 29960448.0
addr: 1456 ri: 13611
bin target: 87368704
	bin: 1.0 current capacity: 197.095486457027  avg impact: 419.3616108578193
	bin: 3.0 current capacity: 201.87217683805864  avg impact: 854.314975211261
	bin: 4.0 current capacity: 203.43540277305704  avg impact: 866.5072373741517
num_full_bins: 0
printing bin ranks sorted:
	bin: 4.0 rank: 0.3561015810577782
	selecting this^ bin
	bin: 3.0 rank: 0.36301344604810515
	bin: 1.0 rank: 0.7509140211924131
acceptable_ratio: 0.3561015810577782
Assigning 1456 dual lease lease 13611 * 0.3561015810577782. Bin saturation: [246.,346.,252.,506.,512.]
addr: 1364 ri: 11614
bin target: 87368704
	bin: 3.0 current capacity: 506.09509023212524  avg impact: 13.786992651281631
	bin: 4.0 current capacity: 512.0  avg impact: 16.85493606497814
num_full_bins: 1
printing bin ranks sorted:
	bin: 4.0 rank: 0.0
	bin: 3.0 rank: 0.4282957072096387
acceptable_ratio: 0
addr: 1456 ri: 29125
bin target: 87368704
	bin: 1.0 current capacity: 346.43081911843313  avg impact: 419.3616108578193
	bin: 2.0 current capacity: 252.2121295775049  avg impact: 636.921555068506
	bin: 3.0 current capacity: 506.09509023212524  avg impact: 854.314975211261
	bin: 4.0 current capacity: 512.0  avg impact: 866.5072373741517
num_full_bins: 1
printing bin ranks sorted:
	bin: 4.0 rank: 0.0
	bin: 3.0 rank: 0.006911864990326958
	bin: 1.0 rank: 0.39481244013463496
	bin: 2.0 rank: 0.40788048128556875
acceptable_ratio: 0
Final saturation:
	0.0,42006139.4977458
	1.0,59115647.83600767
	2.0,43037982.21536459
	3.0,86361078.38739032
	4.0,87368704.0
DUMP LEASES
0, 608, c8, 0, 1 
0, 574, 1f8, 0, 1 
0, 5b0, 39e, 352b, 0.6438984189422218 
0, 540, 73, 0, 1 
0, 5ac, 12ba, 0, 1 
0, 59c, 24, 0, 1 
0, 554, 17b, 0, 1 
0, 57c, e40, 0, 1 
0, 564, 32, 0, 1 
0, 578, 152d, 0, 1 
0, 53c, 139, 0, 1 
Dump dual leases

