sample rate: 0.00390625
1448,
	[167,1]
	[91,1]
	[90,10]
	[84,5]
	[106,1]
	[81,12]
	[105,1]
	[83,10]
	[101,3]
	[85,9]
	[95,3]
	[82,4]
	[111,2]
	[78,6]
	[80,9]
	[86,8]
	[120,1]
	[100,2]
	[79,15]
	[102,4]
	[72,7]
	[76,8]
	[113,2]
	[112,1]
	[1,4]
	[77,10]
	[73,10]
	[70,2]
	[109,1]
	[74,4]
	[66,12]
	[71,9]
	[64,17]
	[68,14]
	[69,10]
	[75,7]
	[62,8]
	[63,12]
	[89,1]
	[96,1]
	[93,1]
	[58,12]
	[99,1]
	[65,4]
	[56,9]
	[2,3]
	[52,11]
	[60,7]
	[59,8]
	[51,5]
	[53,5]
	[57,2]
	[54,11]
	[47,8]
	[55,3]
	[46,10]
	[44,15]
	[50,4]
	[45,3]
	[1636,1]
	[41,3]
	[49,7]
	[40,9]
	[38,7]
	[48,2]
	[43,3]
	[39,4]
	[35,4]
	[36,3]
	[42,1]
	[37,10]
	[34,1]
	[30,5]
	[32,2]
	[33,7]
	[31,3]
	[29,1]
	[28,2]
	[26,3]
	[27,5]
	[23,3]
	[21,3]
	[22,7]
	[17,4]
	[20,1]
	[25,2]
	[19,1]
	[14,3]
	[15,1]
	[12,3]
	[13,1]
	[16,1]
	[10,1]
	[9,1]
	[5,2]

1452,
	[90,2]
	[84,3]
	[83,8]
	[6919,1]
	[5642,1]
	[6814,1]
	[109,1]
	[82,4]
	[6778,1]
	[6690,1]
	[86,5]
	[80,1]
	[74,4]
	[6643,1]
	[72,3]
	[5284,1]
	[76,1]
	[85,1]
	[78,1]
	[77,2]
	[6424,1]
	[5125,1]
	[79,2]
	[5179,1]
	[70,4]
	[81,2]
	[6066,1]
	[64,4]
	[4854,1]
	[73,4]
	[94,1]
	[4836,1]
	[69,4]
	[71,3]
	[4773,1]
	[62,5]
	[5739,1]
	[63,3]
	[4540,1]
	[4553,1]
	[65,3]
	[4426,1]
	[4198,2]
	[56,2]
	[5063,1]
	[4088,1]
	[66,2]
	[5097,1]
	[60,4]
	[4821,1]
	[58,4]
	[57,1]
	[4572,1]
	[54,5]
	[47,1]
	[4471,1]
	[52,4]
	[59,1]
	[4485,1]
	[55,1]
	[53,2]
	[46,7]
	[41,1]
	[49,1]
	[44,9]
	[38,3]
	[3638,1]
	[3545,1]
	[2775,1]
	[48,2]
	[2850,1]
	[35,2]
	[45,1]
	[34,2]
	[3265,1]
	[40,2]
	[37,2]
	[30,1]
	[26,2]
	[28,1]
	[1733,1]
	[2055,1]
	[22,2]
	[2038,1]
	[2020,1]
	[31,1]
	[27,2]
	[1869,1]
	[1878,1]
	[24,1]
	[19,1]
	[1442,1]
	[17,1]
	[1097,1]
	[10,1]
	[4,2]
	[12,1]
	[653,1]
	[13,1]
	[8,3]
	[489,1]
	[6,1]
	[7,1]

1468,
	[26,1]
	[23,1]
	[28,1]
	[18,1]
	[14,1]
	[27,1]

1432,
	[9,1]

len(carl_order):
10
Printing carl assignment order:
1432,9,0.1111111111111111
1468,28,0.04411764705882353
1448,120,0.016735244286158846
1452,86,0.012133136579767174
1452,90,0.010869565217391304
1448,167,0.010638297872340425
1452,94,0.005681818181818182
1452,109,0.0015503875968992248
1448,1636,0.0006807351940095302
1452,6919,0.0002484516140481641
bin_width: 35257
assigning lease 9 to address 1432
Average Cache Occupancy Per Bin: [0.0,0.0,0.0,0.0,0.06]
Total cost: 0
assigning lease 28 to address 1468
Average Cache Occupancy Per Bin: [0.18,0.16,0.0,0.20,0.49]
Total cost: 6656.0
assigning lease 120 to address 1448
Average Cache Occupancy Per Bin: [63.0,48.9,42.4,37.1,19.4]
Total cost: 2222080.0
assigning lease 86 to address 1452
Average Cache Occupancy Per Bin: [85.8,69.1,57.4,56.8,30.3]
Total cost: 3028480.0
assigning lease 90 to address 1452
Average Cache Occupancy Per Bin: [86.1,69.4,57.6,57.0,30.6]
Total cost: 3038720.0
assigning lease 167 to address 1448
Average Cache Occupancy Per Bin: [86.5,69.4,57.6,57.3,30.6]
Total cost: 3050752.0
assigning lease 94 to address 1452
Average Cache Occupancy Per Bin: [86.7,69.7,57.8,57.6,30.9]
Total cost: 3058944.0
assigning lease 109 to address 1452
Average Cache Occupancy Per Bin: [87.6,70.8,58.6,58.4,31.9]
Total cost: 3089664.0
assigning lease 1636 to address 1448
Average Cache Occupancy Per Bin: [87.6,70.8,58.6,69.1,31.9]
Total cost: 3089664.0
assigning lease 6919 to address 1452
Average Cache Occupancy Per Bin: [407.,441.,287.,275.,134.]
Total cost: 14355456.0
Final saturation:
	0.0,14355456.0
	1.0,15553792.0
	2.0,10131968.0
	3.0,9696768.0
	4.0,4759040.0
DUMP LEASES
0, 5a8, 664, 0, 1 
0, 5ac, 1b07, 0, 1 
0, 5bc, 1c, 0, 1 
0, 598, 9, 0, 1 
Dump dual leases

