Dump predicted miss count (no contention misses): 5873920
Dump formated leases
0, 5f0, 2, 0, 1
0, 5f4, 3, 0, 1
0, 5f8, 1, 0, 1
0, 604, 6, 0, 1
0, 614, 777, 0, 1
0, 638, 7, 0, 1
0, 63c, 2, 0, 1
0, 640, 1, 0, 1
0, 644, 7bf, 0, 1
0, 64c, 773, 0, 1
0, 660, 6, 0, 1
0, 66c, 1, 0, 1
0, 67c, 3, 0, 1
0, 680, 3, 0, 1
0, 694, 1, 7c1, 0.9887362
0, 6c4, 2, 0, 1
0, 6c8, 3, 0, 1
0, 6cc, 7ac, 0, 1
0, 6d8, 6, 0, 1
0, 6ec, 778, 0, 1
0, 710, 8, 0, 1
0, 714, 760, 0, 1
0, 718, 7, 0, 1
0, 71c, 75d, 0, 1
0, 724, 772, 0, 1
0, 738, 6, 0, 1
0, 744, 3, 0, 1
0, 754, 3, 0, 1
0, 758, 3, 0, 1
0, 768, 3, 0, 1
