Dump predicted miss count (no contention misses): 74
Dump formated leases
0, 220, a8e, 0, 1
0, 224, 33d, 0, 1
0, 238, 43a, 0, 1
0, 258, 325, 0, 1
0, 25c, 3ce, 0, 1
0, 270, 401, 0, 1
0, 288, 2a2, 0, 1
0, 294, 2, 0, 1
0, 25d8, 543, 0, 1
0, 25e4, 18f, 0, 1
0, 2660, 189, 0, 1
0, 2664, 1, 0, 1
0, 2668, 355, 0, 1
0, 266c, 3e6, 0, 1
0, 2670, 713, 0, 1
0, 2674, 1, 0, 1
0, 2678, 521, 0, 1
0, 267c, 4ce, 0, 1
0, 2684, 76, 0, 1
0, 2688, 59f, 0, 1
0, 268c, 1a0, 0, 1
0, 2690, 2f3, 0, 1
0, 2694, 2c2, 0, 1
0, 2698, 2a3, 0, 1
0, 269c, 1, 0, 1
0, 26a0, 2a3, 0, 1
0, 26a4, 1d8, 0, 1
0, 26ac, 269, 0, 1
