Dump predicted miss count (no contention misses): 75121
Dump formated leases
0, 608, 2, 0, 1
0, 60c, 3, 0, 1
0, 610, 247, 0, 1
0, 61c, 6, 0, 1
0, 62c, 1ff, 0, 1
0, 650, 7, 0, 1
0, 654, 2, 0, 1
0, 658, 1, 249, 0.68447924
0, 65c, 247, 0, 1
0, 664, 223, 0, 1
0, 678, 6, 0, 1
0, 684, 249, 0, 1
0, 694, a9, 0, 1
0, 698, 3, 0, 1
0, 6ac, 249, 0, 1
1, 704, 2, 0, 1
1, 708, 3, 0, 1
1, 70c, 240, 0, 1
1, 718, 6, 0, 1
1, 72c, 228, 0, 1
1, 750, 8, 0, 1
1, 754, 1347, 0, 1
1, 758, ba, 0, 1
1, 75c, 6491, 0, 1
1, 764, 222, 0, 1
1, 778, 6, 0, 1
1, 784, 3, 0, 1
1, 794, ab, 0, 1
1, 798, a8, 0, 1
1, 7a8, a6, de43, 0.37501717
