Dump predicted miss count (no contention misses): 903722526
Dump formated leases
0, 5d4, 1, 0, 1
0, 5d8, 1, 0, 1
0, 620, 1f4, 0, 1
0, 624, 3, 0, 1
0, 628, 2, 0, 1
0, 634, 3, 0, 1
0, 644, 2540, 0, 1
0, 664, 8, 0, 1
0, 668, 1, 0, 1
0, 66c, 4, 0, 1
0, 670, 3, 0, 1
0, 678, 253b, 0, 1
0, 690, 3, 0, 1
0, 69c, 11b, 0, 1
0, 6ac, 5, 0, 1
0, 6b0, 4, 0, 1
0, 6c0, 1a9, 250b, 0.002284388287279948
0, 6e8, 1, 0, 1
0, 700, 2, 0, 1
0, 704, 3, 0, 1
0, 708, 2, 0, 1
0, 714, 2, 0, 1
0, 728, 23d1, 0, 1
0, 74c, 3, 0, 1
0, 750, 9, 0, 1
0, 754, 6, 0, 1
0, 758, 1, 0, 1
0, 760, 23cb, 0, 1
0, 774, 2, 0, 1
0, 784, 3, 0, 1
0, 794, 4, 0, 1
0, 798, 4, 0, 1
0, 7a8, 22b3, 0, 1
