Dump predicted miss count (no contention misses): 119805
Dump formated leases
0, 550, 4, 0, 1
0, 558, 2, 0, 1
0, 55c, 21, ffbe, 0.93033260838955
0, 560, 20, 0, 1
0, 588, ff81, 0, 1
0, 598, 2, 0, 1
0, 59c, 21, 0, 1
0, 5a0, 1f, 0, 1
0, 5c8, ffa1, 0, 1
0, 1540, 1, 0, 1
0, 1544, 1, 0, 1
0, 1548, 1, 0, 1
0, 154c, 1, 0, 1
0, 1550, 1, 0, 1
0, 1554, 1, 0, 1
0, 1558, 1, 0, 1
0, 155c, 1, 0, 1
0, 1560, 1, 0, 1
0, 1564, 1, 0, 1
0, 1568, 2, 0, 1
0, 1628, 22, 0, 1
0, 16b4, 1, 0, 1
0, 16b8, 1, 0, 1
0, 16bc, 1, 0, 1
0, 16c0, 1, 0, 1
0, 16c4, 1, 0, 1
0, 16c8, 1, 0, 1
0, 16cc, 1, 0, 1
0, 16d0, 1, 0, 1
0, 16d4, 1, 0, 1
0, 16d8, 1, 0, 1
0, 16dc, 5, 0, 1
0, 1dd4, 1, 0, 1
0, 1dd8, 1, 0, 1
0, 1ddc, 2, 0, 1
0, 1e34, 1, 0, 1
0, 1e38, 1, 0, 1
0, 1e3c, 1, 0, 1
0, 23c8, 22, 0, 1
