Dump predicted miss count (no contention misses): 8980938
Dump formated leases
0, 5d8, 1, 0, 1
0, 608, 2, 0, 1
0, 60c, 3, 0, 1
0, 610, 1, 0, 1
0, 61c, 6, 0, 1
0, 62c, 777, 0, 1
0, 650, 7, 0, 1
0, 654, 2, 0, 1
0, 658, 1, 0, 1
0, 65c, 1, 7bf, 0.7861765834958133
0, 664, 773, 0, 1
0, 678, 6, 0, 1
0, 684, 1, 0, 1
0, 694, 3, 0, 1
0, 698, 3, 0, 1
0, 6ac, 1, 0, 1
1, 6e0, 1, 0, 1
1, 704, 2, 0, 1
1, 708, 3, 0, 1
1, 70c, 7ac, 0, 1
1, 718, 6, 0, 1
1, 72c, 778, 0, 1
1, 750, 8, 0, 1
1, 754, 554eb, 0, 1
1, 758, 25e, 0, 1
1, 75c, 2acf6, 0, 1
1, 764, 772, 0, 1
1, 778, 6, 0, 1
1, 784, 3, 0, 1
1, 794, 243, 0, 1
1, 798, 240, 0, 1
1, 7a8, 23e, b7ceb, 0.9420557942313423
