Dump predicted miss count (no contention misses): 8662988831
Dump formated leases
0, 5dc, 1, 0, 1
0, 624, 1, 0, 1
0, 628, 1, 0, 1
0, 62c, 1, 0, 1
0, 638, 3, 0, 1
0, 648, 1, 0, 1
0, 668, 1, 0, 1
0, 66c, 1, 0, 1
0, 670, 1, 0, 1
0, 674, 1, 0, 1
0, 67c, 1, 0, 1
0, 694, 3, 0, 1
0, 6a0, 1, 0, 1
0, 6b0, 1, 0, 1
0, 6b4, 1, 0, 1
0, 6c4, 1, 0, 1
1, 6f4, 1, 0, 1
1, 700, 1, 0, 1
1, 730, 1, 0, 1
1, 734, 1, 0, 1
1, 738, 1, 0, 1
1, 744, 1, 0, 1
1, 758, 1, 0, 1
1, 77c, 1, 0, 1
1, 780, 1, 0, 1
1, 784, 1, 0, 1
1, 788, 1, 0, 1
1, 790, 1, 0, 1
1, 7a4, 1, 2, 0.9962956042892592
1, 7b4, 3, 0, 1
1, 7c4, 1, 0, 1
1, 7c8, 1, 0, 1
1, 7d8, 1, 0, 1
