sample rate: 0.00390625
1568,
	[1,4061]
	[3547,1]
	[4067,2]
	[2931,1]
	[2251,1]
	[4091,3]
	[2195,5]
	[2259,1]
	[3451,2]
	[3859,1]
	[2331,2]
	[2915,2]
	[3939,1]
	[3899,4]
	[3851,1]
	[3099,1]
	[2563,1]
	[2787,3]
	[2387,3]
	[3387,1]
	[4371,3]
	[2739,1]
	[3315,1]
	[4195,2]
	[2555,3]
	[3587,1]
	[3147,1]
	[3091,2]
	[2243,1]
	[2955,2]
	[3987,1]
	[4059,2]
	[4299,3]
	[2835,2]
	[3027,2]
	[2299,1]
	[2395,1]
	[3411,2]
	[3611,2]
	[4027,2]
	[4339,1]
	[3243,4]
	[2859,3]
	[3259,2]
	[3267,1]
	[4155,2]
	[2179,3]
	[3203,3]
	[3755,2]
	[4083,1]
	[2459,2]
	[3107,2]
	[3299,2]
	[3923,2]
	[3619,1]
	[2651,1]
	[4003,1]
	[2491,1]
	[3019,1]
	[3763,1]
	[3771,2]
	[2547,1]
	[3395,1]
	[2843,3]
	[2795,1]
	[3691,3]
	[2779,5]
	[2403,1]
	[4099,1]
	[3499,1]
	[4307,1]
	[2587,1]
	[4123,2]
	[3603,3]
	[2763,2]
	[2731,1]
	[2323,2]
	[2723,1]
	[2507,3]
	[2483,1]
	[4267,2]
	[4291,1]
	[3979,2]
	[2707,1]
	[2211,2]
	[3459,2]
	[2219,2]
	[3275,2]
	[3907,3]
	[2875,1]
	[3115,1]
	[3659,3]
	[2267,2]
	[4219,2]
	[3475,1]
	[2715,1]
	[3875,3]
	[3179,2]
	[4387,1]
	[2539,2]
	[2579,1]
	[3971,1]
	[2451,2]
	[3251,1]
	[2979,2]
	[2643,1]
	[3083,1]
	[2883,1]
	[3435,1]
	[2923,1]
	[2699,2]
	[3643,2]
	[3531,2]
	[4283,2]
	[2499,1]
	[2827,1]
	[2283,2]
	[4019,2]
	[3731,3]
	[2755,1]
	[4227,1]
	[3539,1]
	[3187,1]
	[3795,1]
	[2971,2]
	[2475,1]
	[3947,1]
	[4259,1]
	[4147,1]
	[4331,2]
	[4251,1]
	[2603,1]
	[3491,2]
	[3563,1]
	[3371,1]
	[3915,2]
	[4011,2]
	[2667,2]
	[3699,1]
	[3139,1]
	[3675,2]
	[3323,1]
	[3843,2]
	[4211,1]
	[3051,2]
	[2867,1]
	[4107,2]
	[2531,1]
	[3819,1]
	[2203,1]
	[3835,1]
	[2771,1]
	[3867,1]
	[3931,1]
	[3307,1]
	[3219,1]
	[3363,1]
	[3467,1]
	[3379,1]
	[4315,1]
	[3739,1]
	[2371,1]
	[3579,1]
	[2899,1]
	[2187,1]
	[3707,1]
	[3715,1]
	[3043,1]
	[3787,1]
	[2907,1]
	[4243,1]

1556,
	[1,4271]

1600,
	[1,5135539]

1592,
	[4,5135304]
	[-4370,297]

1596,
	[4,4813883]
	[-4370,321527]

1620,
	[3,4810825]
	[4339,317519]
	[4355,2347]
	[-4370,273]
	[4371,2317]
	[4387,2300]
	[1,1]

len(carl_order):
8
Printing carl assignment order:
1556,1,1.0
1600,1,1.0
1568,1,0.9376587393211729
1620,3,0.3122545555374971
1592,4,0.2499855421011095
1596,4,0.23434754966010504
1568,4387,0.0003036560184622859
1620,4387,0.0002303949512344284
bin_width: 1056440000
assigning lease 1 to address 1556
Average Cache Occupancy Per Bin: [0.00,0.00,0.00,0.00,0.00]
Total cost: 212736.0
assigning lease 1 to address 1600
Average Cache Occupancy Per Bin: [0.24,0.24,0.24,0.24,0.24]
Total cost: 263156736.0
assigning lease 1 to address 1568
Average Cache Occupancy Per Bin: [0.24,0.24,0.24,0.24,0.24]
Total cost: 263381760.0
assigning lease 3 to address 1620
Average Cache Occupancy Per Bin: [0.99,0.99,0.99,0.99,0.99]
Total cost: 1052202240.0
assigning lease 4 to address 1592
Average Cache Occupancy Per Bin: [1.99,1.99,1.99,1.99,1.99]
Total cost: 2104002816.0
assigning lease 4 to address 1596
Average Cache Occupancy Per Bin: [2.98,2.98,2.98,2.98,2.98]
Total cost: 3155660032.0
assigning lease 4387 to address 1568
Average Cache Occupancy Per Bin: [3.02,3.03,3.02,3.03,3.02]
Total cost: 3200456960.0
assigning lease 4387 to address 1620
Average Cache Occupancy Per Bin: [71.1,71.2,71.3,71.3,71.3]
Total cost: 75153680640.0
Final saturation:
	0.0,75153680640.0
	1.0,75281306368.0
	2.0,75329008384.0
	3.0,75384217856.0
	4.0,75402521856.0
DUMP LEASES
0, 620, 1123, 0, 1 
0, 614, 1, 0, 1 
0, 640, 1, 0, 1 
0, 638, 4, 0, 1 
0, 63c, 4, 0, 1 
0, 654, 1123, 0, 1 
Dump dual leases

