sample rate: 0.00390625
1452,
	[1,49]
	[3,7287]
	[280,1]
	[484,1]
	[523,1]
	[625,1]
	[793,1]
	[874,1]
	[946,1]
	[949,1]
	[979,1]
	[991,1]
	[1057,1]
	[1117,1]
	[1123,1]
	[1153,1]
	[1222,1]
	[1240,1]
	[1252,1]
	[1330,1]
	[1348,1]
	[1372,1]
	[1387,1]
	[1393,2]
	[1453,1]
	[1477,1]
	[1486,1]
	[1498,1]
	[1549,1]
	[1561,1]
	[1603,1]
	[1636,1]
	[1645,2]
	[1651,1]
	[1687,1]
	[1711,1]
	[1726,1]
	[1735,1]
	[1783,1]
	[1798,1]
	[1903,1]
	[1906,1]
	[1933,1]
	[1939,1]
	[1945,1]
	[1960,1]
	[1972,1]
	[1990,1]
	[1996,1]
	[2011,1]
	[2023,1]
	[2059,1]
	[2077,1]
	[2116,1]
	[2125,1]
	[2128,1]
	[2143,1]
	[2149,1]
	[2173,2]
	[2194,1]
	[2203,1]
	[2227,1]
	[2236,1]
	[2239,1]
	[2248,1]
	[2290,1]
	[2299,1]
	[2305,1]
	[2317,1]
	[2353,1]
	[2377,1]
	[2383,1]
	[2386,1]
	[2389,1]
	[2413,2]
	[2416,1]
	[2464,1]
	[2467,1]
	[2476,1]
	[2482,2]
	[2551,1]
	[2578,2]
	[2587,1]
	[2593,2]
	[2614,1]
	[2620,1]
	[2686,1]
	[2689,1]
	[2704,1]
	[2740,1]
	[2743,1]
	[2746,1]
	[2761,1]
	[2770,1]
	[2785,1]
	[2815,1]
	[2818,1]
	[2836,1]
	[2839,1]
	[2842,1]
	[2884,1]
	[2887,2]
	[2896,1]
	[2914,1]
	[2926,1]
	[2929,1]
	[2944,1]
	[2956,1]
	[2965,1]
	[2974,1]
	[2980,1]
	[3004,1]
	[3007,1]
	[3028,1]
	[3037,1]
	[3040,1]
	[3064,1]
	[3073,2]
	[3079,1]
	[3094,1]
	[3100,1]
	[3109,2]
	[3112,1]
	[3118,1]
	[3136,1]
	[3145,1]
	[3154,2]
	[3157,1]
	[3163,1]
	[3175,1]
	[3193,1]
	[3196,1]
	[3199,1]
	[3220,1]
	[3244,1]
	[3268,1]
	[3286,1]
	[3307,1]
	[3313,1]
	[3349,1]
	[3352,1]
	[3370,2]
	[3373,1]
	[3385,2]
	[3397,1]
	[3427,1]
	[3439,2]
	[3442,1]
	[3445,3]
	[3451,1]
	[3457,1]
	[3460,1]
	[3466,1]
	[3532,2]
	[3538,1]
	[3556,2]
	[3571,1]
	[3577,1]
	[3583,1]
	[3586,2]
	[3589,1]
	[3598,1]
	[3619,1]
	[3646,1]
	[3664,3]
	[3667,1]
	[3706,2]
	[3721,1]
	[3727,1]
	[3757,2]
	[3778,2]
	[3802,1]
	[3817,1]
	[3820,1]
	[3823,1]
	[3844,1]
	[3847,2]
	[3856,1]
	[3862,1]
	[3868,1]
	[3874,1]
	[3889,2]
	[3895,1]
	[3907,1]
	[3922,1]
	[3925,1]
	[3937,1]
	[3946,1]
	[3964,1]
	[3967,1]
	[3973,1]
	[3982,1]
	[4003,1]
	[4012,1]
	[4015,3]
	[4030,1]
	[4057,1]
	[4063,1]
	[4069,1]
	[4078,1]
	[4081,1]
	[4102,1]
	[4129,1]
	[4132,1]
	[4138,1]
	[4144,1]
	[4150,2]
	[4162,3]
	[4165,2]
	[4180,1]
	[4183,1]
	[4189,1]
	[4201,1]
	[4204,1]
	[4213,1]
	[4216,1]
	[4219,1]
	[4252,1]
	[4264,1]
	[4270,1]
	[4285,1]
	[4291,1]
	[4312,1]
	[4315,1]
	[4318,1]
	[4327,2]
	[4330,1]
	[4348,1]
	[4378,1]
	[4384,2]
	[4390,1]
	[4393,1]
	[4399,1]
	[4408,1]
	[4438,1]
	[4450,2]
	[4456,1]
	[4465,1]
	[4498,1]
	[4507,1]
	[4513,1]
	[4516,1]
	[4522,3]
	[4537,1]
	[4564,2]
	[4567,1]
	[4573,1]
	[4576,1]
	[4603,1]
	[4609,1]
	[4615,1]
	[4639,1]
	[4645,2]
	[4651,1]
	[4654,1]
	[4657,1]
	[4669,1]
	[4672,2]
	[4690,1]
	[4693,1]
	[4696,1]
	[4702,1]
	[4714,3]
	[4726,1]
	[4735,1]
	[4747,1]
	[4756,1]
	[4759,1]
	[4762,1]
	[4768,1]
	[4804,1]
	[4813,1]
	[4816,2]
	[4834,1]
	[4843,1]
	[4852,1]
	[4861,2]
	[4876,1]
	[4882,1]
	[4891,1]
	[4918,1]
	[4924,1]
	[4927,1]
	[4939,1]
	[4942,1]
	[4945,2]
	[4951,1]
	[4963,2]
	[4966,1]
	[4975,1]
	[4987,1]
	[4990,1]
	[4996,1]
	[4999,2]
	[5002,1]
	[5014,1]
	[5017,1]
	[5023,1]
	[5026,1]
	[5032,1]
	[5035,1]
	[5038,1]
	[5041,2]
	[5053,1]
	[5056,1]
	[5062,2]
	[5065,1]
	[5077,2]
	[5080,1]
	[5083,1]
	[5095,1]
	[5104,1]
	[5113,3]
	[5128,1]
	[5131,2]
	[5143,1]
	[5149,1]
	[5164,1]
	[5191,2]
	[5203,2]
	[5215,1]
	[5221,2]
	[5224,2]
	[5236,1]
	[5269,1]
	[5281,2]
	[5287,1]
	[5293,1]
	[5299,1]
	[5308,1]
	[5311,1]
	[5314,1]
	[5317,1]
	[5344,1]
	[5353,1]
	[5356,1]
	[5362,1]
	[5365,1]
	[5383,1]
	[5410,1]
	[5416,1]
	[5419,1]
	[5422,2]
	[5431,1]
	[5434,1]
	[5455,1]
	[5458,1]
	[5464,1]
	[5467,1]
	[5524,1]
	[5527,1]
	[5533,1]
	[5536,1]
	[5539,1]
	[5545,1]
	[5548,1]
	[5557,1]
	[5560,1]
	[5563,3]
	[5569,1]
	[5572,1]
	[5587,1]
	[5608,2]
	[5626,1]
	[5632,2]
	[5638,2]
	[5647,1]
	[5662,1]
	[5668,1]
	[5695,1]
	[5698,1]
	[5704,1]
	[5707,1]
	[5710,1]
	[5719,1]
	[5725,1]
	[5737,2]
	[5752,1]
	[5758,2]
	[5764,1]
	[5773,1]
	[5776,1]
	[5785,1]
	[5794,1]
	[5797,1]
	[5815,1]
	[5821,1]
	[5824,1]
	[5827,1]
	[5848,1]
	[5854,1]
	[5860,1]
	[5863,1]
	[5878,1]
	[5881,1]
	[5896,1]
	[5899,1]
	[5908,1]
	[5917,2]
	[5920,1]
	[5932,1]
	[5935,1]
	[5938,1]
	[5941,1]
	[5947,1]
	[5950,1]

1468,
	[3,7666]
	[2,55]

1448,
	[3,7286]
	[-4370,437]

1436,
	[3,13]

1496,
	[2,9]

1424,
	[1255,1]
	[1741,1]
	[1774,1]
	[2392,1]
	[3037,1]
	[3295,1]
	[3763,1]
	[4408,1]
	[4462,1]
	[5257,1]
	[5986,1]

1476,
	[-4370,11]

len(carl_order):
7
Printing carl assignment order:
1496,2,0.5
1468,3,0.33412670936472216
1436,3,0.3333333333333333
1452,3,0.3145392959739313
1448,3,0.314471923691139
1424,5986,0.00029435375970029434
1452,5950,0.00025274111421805603
bin_width: 1200956
assigning lease 2 to address 1496
Average Cache Occupancy Per Bin: [0.00,0.00,0.00,0.00,0.00]
Total cost: 2048.0
assigning lease 3 to address 1468
Average Cache Occupancy Per Bin: [0.96,0.98,0.99,0.98,0.99]
Total cost: 1154048.0
assigning lease 3 to address 1436
Average Cache Occupancy Per Bin: [0.96,0.98,0.99,0.98,0.99]
Total cost: 1162496.0
assigning lease 3 to address 1452
Average Cache Occupancy Per Bin: [1.96,1.97,1.99,1.97,1.99]
Total cost: 2358272.0
assigning lease 3 to address 1448
Average Cache Occupancy Per Bin: [2.92,2.97,2.97,2.98,2.98]
Total cost: 3517952.0
assigning lease 5986 to address 1424
Average Cache Occupancy Per Bin: [4.45,5.13,4.86,4.10,4.25]
Total cost: 5351424.0
assigning lease 5950 to address 1452
Average Cache Occupancy Per Bin: [39.9,72.3,89.2,115.,103.]
Total cost: 48025600.0
Final saturation:
	0.0,48025600.0
	1.0,86921472.0
	2.0,107132416.0
	3.0,138412800.0
	4.0,123979776.0
DUMP LEASES
0, 5ac, 173e, 0, 1 
0, 5bc, 3, 0, 1 
0, 5a8, 3, 0, 1 
0, 59c, 3, 0, 1 
0, 5d8, 2, 0, 1 
0, 590, 1762, 0, 1 
0, 5c4, 1, 0, 1 
Dump dual leases

