Dump predicted miss count (no contention misses): 1053378335
Dump formated leases
0, 5dc, 1, 0, 1
0, 624, 1f4, 0, 1
0, 628, 3, 0, 1
0, 62c, 2, 0, 1
0, 638, 3, 0, 1
0, 648, 2540, 0, 1
0, 668, 8, 0, 1
0, 66c, 1, 0, 1
0, 670, 4, 0, 1
0, 674, 3, 0, 1
0, 67c, 253b, 0, 1
0, 694, 3, 0, 1
0, 6a0, 11b, 0, 1
0, 6b0, 5, 0, 1
0, 6b4, 4, 0, 1
0, 6c4, 1a9, 250b, 0.5223212588697816
1, 6f4, 1, 0, 1
1, 700, 20de5, 0, 1
1, 730, 3, 0, 1
1, 734, 3, 0, 1
1, 738, 23fc, 0, 1
1, 744, 2, 0, 1
1, 758, 23d1, 0, 1
1, 77c, 3, 0, 1
1, 780, 6d7b1, 0, 1
1, 784, f87, 0, 1
1, 788, 935a, 6b270, 0.8648685250731643
1, 790, 23cb, 0, 1
1, 7a4, 2, 0, 1
1, 7b4, 3, 0, 1
1, 7c4, f45, 0, 1
1, 7c8, f3f, 0, 1
1, 7d8, 22b3, 0, 1
