Dump predicted miss count (no contention misses): 1603857908
Dump formated leases
0, 730, 3e, 0, 1
0, 7a4, a0, 0, 1
0, 7a8, 1, 0, 1
0, 7b8, 34, 0, 1
0, 7d0, 7c1, 0, 1
0, 7dc, 86d, 0, 1
0, 7e0, 1, 835, 0.5788156
0, 7f8, 73f, 0, 1
0, 80c, 89, 0, 1
1, 74c, 7de, 0, 1
1, 75c, 865, 0, 1
1, 760, 1, 840, 0.5792146
1, 774, 77, 0, 1
1, 794, 43, 0, 1
2, 860, e9, 0, 1
2, 86c, 2, 7fffffff, 0.99999946
2, 870, ad2, 0, 1
3, 8fc, 2, 0, 1
3, 900, c2a, 0, 1
3, 918, 1d, 0, 1
3, 934, c7, 0, 1
3, 93c, 1, 7fffffff, 0.9999435
