sample rate: 0.00390625
1732,
	[4,2]
	[7,4]
	[10,2]
	[3499,1]
	[13,6]
	[4548,1]
	[16,8]
	[19,7]
	[6493,1]
	[22,9]
	[25,5]
	[28,14]
	[31,16]
	[34,15]
	[12911,1]
	[13134,1]
	[37,21]
	[13504,1]
	[14032,1]
	[40,16]
	[43,20]
	[15449,1]
	[46,20]
	[16705,1]
	[49,21]
	[17478,1]
	[17622,1]
	[52,19]
	[55,24]
	[58,23]
	[21123,2]
	[61,26]
	[22028,1]
	[64,37]
	[24069,1]
	[67,32]
	[70,19]
	[25397,1]
	[73,30]
	[26722,1]
	[76,38]
	[27420,1]
	[27660,1]
	[27996,1]
	[79,34]
	[28883,1]
	[30050,1]
	[82,37]
	[29671,1]
	[30007,1]
	[30487,1]
	[85,38]
	[30600,1]
	[30840,1]
	[31320,1]
	[88,27]
	[32150,1]
	[32198,1]
	[91,47]
	[94,40]
	[33801,1]
	[34233,1]
	[34521,1]
	[97,39]
	[34958,1]
	[35054,1]
	[35534,1]
	[100,44]
	[36832,1]
	[103,47]
	[37599,2]
	[37647,1]
	[106,41]
	[38315,1]
	[38651,1]
	[38699,1]
	[109,46]
	[39892,1]
	[112,50]
	[40074,1]
	[40458,1]
	[40890,1]
	[41034,1]
	[41082,1]
	[41120,1]
	[115,56]
	[41309,1]
	[41549,1]
	[41789,1]
	[41837,1]
	[41885,1]
	[118,67]
	[42637,1]
	[43069,1]
	[121,45]
	[43578,1]
	[43818,1]
	[43866,1]
	[43914,1]
	[124,53]
	[44228,1]
	[44948,1]
	[127,59]
	[46123,1]
	[130,59]
	[46479,1]
	[46527,1]
	[46719,1]
	[47103,1]
	[133,51]
	[47360,1]
	[47648,1]
	[47888,1]
	[48032,1]
	[48128,1]
	[48334,1]
	[136,69]
	[48526,1]
	[49246,1]
	[49294,1]
	[139,54]
	[49401,1]
	[49593,1]
	[50265,1]
	[142,61]
	[50513,1]
	[50609,1]
	[50705,1]
	[51185,1]
	[51382,1]
	[145,57]
	[51574,1]
	[51670,1]
	[51766,1]
	[51910,1]
	[52054,1]
	[52198,1]
	[52393,1]
	[148,61]
	[52488,1]
	[52680,1]
	[52728,1]
	[52776,1]
	[52824,2]
	[52872,1]
	[52968,1]
	[53160,1]
	[53256,1]
	[151,64]
	[54071,1]
	[54311,1]
	[54415,1]
	[154,61]
	[54595,2]
	[55123,1]
	[55219,1]
	[55315,1]
	[55411,1]
	[157,60]
	[55500,1]
	[55836,2]
	[56076,1]
	[160,65]
	[56594,1]
	[56930,1]
	[56978,1]
	[57410,1]
	[163,60]
	[57445,1]
	[57733,1]
	[58021,1]
	[58213,1]
	[58357,1]
	[58405,1]
	[58459,1]
	[166,69]
	[58533,1]
	[58773,1]
	[58869,1]
	[58965,1]
	[59013,1]
	[169,67]
	[59666,1]
	[59714,1]
	[59762,1]
	[172,61]
	[61228,1]
	[61324,1]
	[175,75]
	[61539,1]
	[61587,1]
	[61731,1]
	[61971,1]
	[62115,1]
	[62259,1]
	[178,66]
	[62375,1]
	[63287,1]
	[181,63]
	[63640,1]
	[63832,1]
	[63976,1]
	[64024,1]
	[64072,1]
	[64168,1]
	[64216,1]
	[64264,1]
	[184,71]
	[64518,1]
	[64662,1]
	[64710,1]
	[64950,1]
	[187,90]
	[65345,1]
	[65489,1]
	[65537,2]
	[65585,1]
	[65681,1]
	[65729,1]
	[65825,1]
	[65969,1]
	[66265,1]
	[190,88]
	[66361,1]
	[66601,1]
	[66649,1]
	[66841,1]
	[193,70]
	[67278,1]
	[67326,1]
	[67614,1]
	[67854,1]
	[67902,1]
	[68046,1]
	[68094,1]
	[68190,1]
	[196,78]
	[68240,1]
	[68624,1]
	[68672,1]
	[68720,1]
	[68912,1]
	[69104,1]
	[199,100]
	[69535,2]
	[202,73]
	[70155,1]
	[70347,1]
	[70539,1]
	[70683,1]
	[70923,1]
	[205,79]
	[71300,1]
	[71444,1]
	[71636,2]
	[71780,1]
	[71924,1]
	[71972,1]
	[72020,1]
	[72045,1]
	[208,80]
	[72106,1]
	[72154,2]
	[72586,1]
	[72634,1]
	[72922,1]
	[211,77]
	[73053,1]
	[73341,1]
	[73581,1]
	[73677,1]
	[73773,1]
	[73821,1]
	[214,89]
	[73949,1]
	[73997,1]
	[74141,1]
	[74189,2]
	[74237,1]
	[74381,1]
	[74477,1]
	[74525,1]
	[74669,1]
	[74717,1]
	[217,78]
	[74890,1]
	[74938,1]
	[75130,1]
	[75370,1]
	[75418,1]
	[75466,1]
	[75754,1]
	[220,89]
	[75876,1]
	[75924,1]
	[75972,1]
	[76068,1]
	[76116,1]
	[76164,1]
	[76212,2]
	[76452,2]
	[76500,1]
	[76692,1]
	[76740,1]
	[76860,1]
	[223,90]
	[76955,1]
	[77147,1]
	[226,81]
	[77887,1]
	[77935,2]
	[78031,2]
	[78271,1]
	[78415,1]
	[78786,1]
	[229,106]
	[78624,1]
	[79200,2]
	[79344,1]
	[79392,1]
	[79536,1]
	[232,74]
	[79694,1]
	[79838,1]
	[79934,1]
	[80078,1]
	[80174,1]
	[80270,1]
	[80318,1]
	[235,91]
	[80569,1]
	[80617,1]
	[80905,1]
	[81049,1]
	[81097,1]
	[81241,2]
	[81289,1]
	[81337,1]
	[81393,2]
	[238,81]
	[81489,1]
	[81921,1]
	[82065,1]
	[82209,1]
	[82305,2]
	[82310,1]
	[241,100]
	[82646,1]
	[83030,2]
	[83078,1]
	[83126,1]
	[83225,1]
	[244,94]
	[83368,1]
	[83656,1]
	[83800,1]
	[83992,1]
	[247,110]
	[84231,1]
	[84279,1]
	[84327,1]
	[84519,1]
	[84615,1]
	[84711,1]
	[84855,1]
	[84999,1]
	[85055,1]
	[250,92]
	[85235,1]
	[85331,2]
	[85379,1]
	[85427,1]
	[85475,1]
	[85619,1]
	[85715,1]
	[85763,1]
	[85811,1]
	[85907,1]
	[253,113]
	[86476,1]
	[86885,1]
	[256,105]
	[86994,1]
	[87378,1]
	[87522,1]
	[87618,2]
	[259,85]
	[88037,1]
	[88229,1]
	[88277,1]
	[88325,1]
	[88373,1]
	[88517,1]
	[88661,1]
	[262,98]
	[88981,1]
	[89557,2]
	[265,101]
	[89682,1]
	[89826,1]
	[90114,1]
	[90162,1]
	[90258,1]
	[90354,1]
	[268,97]
	[90524,1]
	[90716,1]
	[90812,1]
	[90956,2]
	[91052,1]
	[91100,1]
	[271,110]
	[91603,1]
	[91939,1]
	[91987,1]
	[92083,1]
	[92179,1]
	[274,99]
	[92247,1]
	[92391,1]
	[92487,1]
	[92727,1]
	[92871,1]
	[93015,1]
	[95854,1]
	[277,104]
	[93128,1]
	[93224,1]
	[93512,1]
	[93896,2]
	[93944,1]
	[94205,2]
	[94006,1]
	[280,99]
	[94102,1]
	[94294,1]
	[94342,1]
	[94630,1]
	[94774,1]
	[94870,1]
	[95120,1]
	[283,93]
	[95025,1]
	[95121,1]
	[95409,1]
	[95553,1]
	[95697,2]
	[286,107]
	[96041,1]
	[96281,1]
	[96473,1]
	[96521,1]
	[99514,1]
	[289,101]
	[96670,1]
	[96766,1]
	[96862,1]
	[96958,1]
	[97006,2]
	[97150,1]
	[97198,1]
	[97294,1]
	[97486,1]
	[292,115]
	[97584,1]
	[97728,1]
	[97872,1]
	[98016,1]
	[98064,1]
	[98208,1]
	[98304,1]
	[295,124]
	[98399,1]
	[98447,1]
	[98495,1]
	[98687,1]
	[98831,1]
	[98927,2]
	[98975,1]
	[99023,1]
	[298,94]
	[99307,2]
	[99403,2]
	[99547,1]
	[99595,1]
	[99835,1]
	[100090,1]
	[301,127]
	[100164,2]
	[100308,1]
	[100596,1]
	[100692,1]
	[100740,1]
	[100884,1]
	[304,134]
	[100970,2]
	[101066,1]
	[101210,1]
	[101258,1]
	[101306,1]
	[101354,1]
	[101546,1]
	[101786,1]
	[307,83]
	[102157,1]
	[102637,1]
	[102691,1]
	[310,107]
	[102909,1]
	[103053,1]
	[103101,1]
	[103197,2]
	[103341,1]
	[103389,1]
	[103485,1]
	[103558,1]
	[313,104]
	[103514,1]
	[103706,1]
	[103802,1]
	[103898,1]
	[104090,1]
	[104234,1]
	[104282,1]
	[104330,1]
	[316,105]
	[104356,2]
	[104452,1]
	[104692,2]
	[104884,1]
	[104980,1]
	[106173,1]
	[319,114]
	[105195,1]
	[105291,1]
	[105435,1]
	[105531,1]
	[105675,1]
	[105819,1]
	[105963,1]
	[322,111]
	[106079,2]
	[106175,1]
	[106271,2]
	[106415,2]
	[106463,1]
	[106607,1]
	[106655,1]
	[325,114]
	[106960,1]
	[107008,2]
	[107152,1]
	[107200,1]
	[107392,1]
	[107584,1]
	[107680,1]
	[107893,2]
	[328,120]
	[107742,2]
	[107982,1]
	[108318,1]
	[108462,1]
	[108510,1]
	[331,128]
	[108617,1]
	[108665,1]
	[108713,1]
	[108761,1]
	[108953,2]
	[109097,1]
	[109193,1]
	[334,131]
	[109441,1]
	[109585,1]
	[109777,1]
	[109873,1]
	[109969,1]
	[110161,2]
	[110166,1]
	[337,125]
	[110406,1]
	[110550,1]
	[110598,2]
	[110838,1]
	[110934,1]
	[110982,1]
	[340,111]
	[111032,1]
	[111176,1]
	[111272,1]
	[111320,1]
	[111368,1]
	[111560,2]
	[111704,1]
	[111800,1]
	[111804,1]
	[343,114]
	[111847,1]
	[111943,1]
	[112039,2]
	[112135,1]
	[112183,1]
	[112279,1]
	[112327,1]
	[112375,2]
	[112519,1]
	[112567,1]
	[112615,2]
	[112623,1]
	[346,120]
	[112707,1]
	[113043,2]
	[113091,1]
	[113331,1]
	[349,131]
	[113468,1]
	[113516,1]
	[113708,2]
	[113852,1]
	[113900,1]
	[113948,1]
	[113996,1]
	[114092,1]
	[114140,1]
	[114188,1]
	[352,114]
	[114274,1]
	[114514,1]
	[114658,1]
	[114706,1]
	[114754,1]
	[114946,1]
	[355,112]
	[115077,1]
	[115125,1]
	[115173,1]
	[115269,1]
	[115317,1]
	[115413,1]
	[115701,1]
	[115749,1]
	[115899,1]
	[358,120]
	[116117,1]
	[116165,1]
	[116261,2]
	[116357,1]
	[116405,2]
	[116453,2]
	[116597,1]
	[361,132]
	[116674,1]
	[116770,1]
	[117058,1]
	[117106,2]
	[117202,2]
	[117346,1]
	[364,125]
	[117564,1]
	[117612,1]
	[117708,2]
	[118044,1]
	[118140,1]
	[118188,1]
	[118236,1]
	[367,128]
	[118355,1]
	[118499,1]
	[118595,1]
	[118643,2]
	[118739,1]
	[118883,2]
	[119027,2]
	[119175,1]
	[370,120]
	[119047,2]
	[119287,1]
	[119479,1]
	[119623,1]
	[119671,1]
	[119719,1]
	[119767,1]
	[119994,1]
	[373,108]
	[119880,1]
	[119976,1]
	[120024,1]
	[120072,1]
	[120120,1]
	[120168,1]
	[120504,1]
	[120552,1]
	[120600,1]
	[376,121]
	[120614,1]
	[120806,1]
	[120998,1]
	[121286,1]
	[121334,1]
	[379,140]
	[121441,1]
	[121489,1]
	[121537,1]
	[121777,1]
	[121873,1]
	[121969,1]
	[122161,1]
	[122451,2]
	[382,132]
	[122361,1]
	[122409,2]
	[122457,1]
	[122601,1]
	[122697,1]
	[122889,1]
	[122937,2]
	[122942,1]
	[385,125]
	[122990,1]
	[123038,1]
	[123182,1]
	[123422,1]
	[123470,1]
	[123566,1]
	[388,119]
	[123808,1]
	[123952,1]
	[124000,1]
	[124096,1]
	[124192,2]
	[124432,1]
	[124484,2]
	[391,135]
	[124527,1]
	[124623,2]
	[124719,1]
	[124911,2]
	[125055,1]
	[125103,1]
	[125151,1]
	[125247,1]
	[394,128]
	[125339,2]
	[125387,1]
	[125435,1]
	[125579,1]
	[125627,1]
	[125867,1]
	[125963,1]
	[397,142]
	[126100,1]
	[126148,1]
	[126196,1]
	[126244,1]
	[126340,1]
	[126484,1]
	[126532,1]
	[126772,1]
	[400,130]
	[126858,1]
	[126906,1]
	[127002,1]
	[127050,1]
	[127194,1]
	[127338,1]
	[127530,1]
	[127568,1]
	[403,118]
	[127565,1]
	[127613,1]
	[127853,1]
	[127997,1]
	[128045,2]
	[128141,2]
	[128285,1]
	[128339,1]
	[406,118]
	[128509,1]
	[128653,1]
	[128797,2]
	[128845,3]
	[128893,1]
	[128941,1]
	[409,109]
	[129066,1]
	[129114,1]
	[129210,1]
	[129450,2]
	[129498,2]
	[129546,1]
	[129594,1]
	[129738,1]
	[129786,1]
	[412,125]
	[129908,1]
	[130148,1]
	[130436,1]
	[130484,1]
	[130652,1]
	[415,129]
	[130651,1]
	[130699,1]
	[130795,2]
	[131083,1]
	[131179,1]
	[131275,1]
	[131423,1]
	[418,140]
	[131343,1]
	[131439,1]
	[131679,1]
	[131871,1]
	[131919,2]
	[131967,1]
	[132194,1]
	[421,129]
	[132080,2]
	[132128,1]
	[132368,1]
	[132560,2]
	[132608,1]
	[132656,1]
	[132704,1]
	[424,136]
	[133006,1]
	[133054,1]
	[133150,1]
	[133246,1]
	[133294,1]
	[133390,2]
	[133486,1]
	[133736,1]
	[427,120]
	[133593,2]
	[133641,1]
	[133689,2]
	[133737,2]
	[133785,1]
	[133881,1]
	[133929,1]
	[133977,1]
	[134169,1]
	[134217,1]
	[430,129]
	[134273,1]
	[134369,1]
	[134513,1]
	[134705,2]
	[134753,1]
	[134801,1]
	[134897,1]
	[134945,1]
	[134950,1]
	[433,133]
	[135046,1]
	[135094,2]
	[135142,1]
	[135238,1]
	[135334,1]
	[135382,1]
	[135430,1]
	[135478,2]
	[135670,1]
	[436,128]
	[135720,1]
	[135864,1]
	[135912,2]
	[135960,1]
	[136056,1]
	[136104,1]
	[136152,1]
	[136200,1]
	[136248,1]
	[136392,1]
	[136396,2]
	[439,139]
	[136439,1]
	[136679,4]
	[136727,2]
	[136775,1]
	[136823,1]
	[137015,1]
	[137111,1]
	[137119,2]
	[442,145]
	[137395,1]
	[137443,1]
	[137635,1]
	[137683,1]
	[137731,1]
	[137779,1]
	[445,143]
	[137916,1]
	[138060,1]
	[138252,1]
	[138444,2]
	[448,130]
	[138578,1]
	[138626,1]
	[138674,1]
	[138722,2]
	[138770,1]
	[138818,1]
	[138866,1]
	[138914,1]
	[138962,2]
	[139106,1]
	[451,137]
	[139333,1]
	[139573,2]
	[139621,2]
	[139669,2]
	[454,141]
	[139989,2]
	[140085,1]
	[140277,1]
	[140373,1]
	[140421,1]
	[140469,1]
	[140517,1]
	[140565,1]
	[140613,2]
	[140734,1]
	[457,155]
	[140690,1]
	[140834,1]
	[140978,1]
	[141074,1]
	[141122,1]
	[141218,1]
	[141314,1]
	[141457,1]
	[460,146]
	[141436,1]
	[141484,1]
	[141580,1]
	[141676,1]
	[141724,1]
	[141820,1]
	[142012,2]
	[463,142]
	[142131,2]
	[142275,2]
	[142371,2]
	[142419,3]
	[142563,1]
	[142611,2]
	[142707,2]
	[142755,1]
	[466,139]
	[142871,1]
	[143111,1]
	[143255,1]
	[143351,1]
	[143626,2]
	[469,134]
	[143464,1]
	[143560,2]
	[143608,1]
	[143656,1]
	[143704,1]
	[143800,1]
	[143944,1]
	[144040,2]
	[472,140]
	[144150,1]
	[144342,1]
	[144438,1]
	[144486,1]
	[144534,1]
	[144774,1]
	[144822,2]
	[145072,1]
	[475,141]
	[144881,3]
	[145025,1]
	[145169,1]
	[145217,2]
	[145361,1]
	[145457,1]
	[145505,2]
	[145513,2]
	[478,138]
	[145609,2]
	[145801,1]
	[145849,1]
	[146089,1]
	[146518,1]
	[481,147]
	[146382,1]
	[146478,1]
	[146574,1]
	[146622,1]
	[146814,1]
	[146862,1]
	[484,147]
	[146960,1]
	[147008,1]
	[147056,1]
	[147152,2]
	[147200,1]
	[147248,1]
	[147392,2]
	[147440,1]
	[147540,1]
	[487,139]
	[147631,1]
	[147679,2]
	[147727,1]
	[147775,1]
	[147919,1]
	[147967,1]
	[148015,1]
	[148063,1]
	[148111,1]
	[148159,1]
	[148215,1]
	[490,141]
	[148395,1]
	[148443,1]
	[148539,1]
	[148587,1]
	[148683,1]
	[148875,1]
	[148890,1]
	[493,129]
	[148916,1]
	[149012,1]
	[149108,2]
	[149156,1]
	[149204,1]
	[149252,1]
	[149300,1]
	[149444,1]
	[149492,1]
	[149540,1]
	[149565,1]
	[496,162]
	[149578,2]
	[149626,1]
	[149722,1]
	[150010,1]
	[150106,1]
	[150154,1]
	[150202,1]
	[150240,2]
	[499,133]
	[150333,1]
	[150381,2]
	[150429,1]
	[150573,1]
	[150813,2]
	[502,147]
	[150893,1]
	[150941,1]
	[151037,2]
	[151085,1]
	[151133,1]
	[151421,1]
	[151517,2]
	[151590,1]
	[505,129]
	[151546,1]
	[151642,1]
	[151738,1]
	[151786,1]
	[151882,2]
	[151978,1]
	[152026,1]
	[152170,1]
	[152265,1]
	[508,155]
	[152244,1]
	[152292,1]
	[152340,2]
	[152388,1]
	[152484,1]
	[152532,1]
	[152628,1]
	[152676,1]
	[152724,1]
	[152772,2]
	[152940,1]
	[511,149]
	[152891,1]
	[152939,1]
	[153035,1]
	[153179,3]
	[153275,1]
	[153323,1]
	[153371,1]
	[153419,1]
	[514,143]
	[153487,1]
	[153535,2]
	[153583,1]
	[153871,1]
	[153919,1]
	[154063,1]
	[154111,1]
	[154290,1]
	[517,144]
	[154128,1]
	[154176,4]
	[154224,1]
	[154368,1]
	[154416,2]
	[154608,2]
	[154656,1]
	[154752,1]
	[154965,1]
	[154766,1]
	[520,131]
	[154814,1]
	[154910,1]
	[155054,1]
	[155102,1]
	[155390,2]
	[523,138]
	[155401,1]
	[155497,1]
	[155545,1]
	[155689,1]
	[155737,1]
	[155785,1]
	[155833,1]
	[155929,1]
	[155977,2]
	[156025,1]
	[156033,2]
	[526,158]
	[156129,1]
	[156177,1]
	[156321,1]
	[156417,1]
	[156465,2]
	[156990,1]
	[162983,1]
	[529,137]
	[156758,1]
	[156950,1]
	[156998,1]
	[157046,2]
	[157289,1]
	[532,141]
	[157336,1]
	[157384,1]
	[157432,2]
	[157576,1]
	[157624,1]
	[157672,1]
	[157816,1]
	[157864,1]
	[157916,1]
	[535,143]
	[158151,2]
	[158199,1]
	[158295,1]
	[158343,2]
	[158391,1]
	[158439,1]
	[158487,2]
	[538,148]
	[158627,1]
	[158675,3]
	[158723,1]
	[158771,2]
	[158915,1]
	[158963,1]
	[159107,1]
	[541,143]
	[159340,2]
	[159388,1]
	[159436,2]
	[159484,1]
	[159532,1]
	[159580,1]
	[159628,1]
	[159676,2]
	[159772,1]
	[159797,1]
	[544,152]
	[160098,1]
	[160146,1]
	[160194,1]
	[160290,1]
	[160338,2]
	[160386,1]
	[547,145]
	[160421,2]
	[160565,1]
	[160805,1]
	[160901,1]
	[160949,1]
	[161051,1]
	[550,144]
	[161029,1]
	[161077,1]
	[161173,1]
	[161221,2]
	[161317,1]
	[161365,2]
	[553,159]
	[161730,1]
	[161826,1]
	[162114,1]
	[162305,1]
	[556,137]
	[162332,2]
	[162524,2]
	[162620,2]
	[162668,2]
	[162716,1]
	[162764,2]
	[162812,1]
	[162932,2]
	[559,153]
	[162835,2]
	[162931,2]
	[162979,1]
	[163027,3]
	[163171,2]
	[163267,3]
	[163315,2]
	[163559,1]
	[562,139]
	[163431,1]
	[163479,3]
	[163575,1]
	[163623,1]
	[163671,1]
	[163719,1]
	[163767,2]
	[163911,2]
	[164007,1]
	[164186,1]
	[164024,1]
	[565,146]
	[164072,2]
	[164168,1]
	[164216,1]
	[164312,1]
	[164408,1]
	[164600,2]
	[568,141]
	[164614,1]
	[164710,1]
	[164806,1]
	[164854,1]
	[164902,1]
	[164998,1]
	[165046,1]
	[165094,1]
	[165190,1]
	[165440,1]
	[571,143]
	[165297,2]
	[165345,1]
	[165441,2]
	[165537,2]
	[166067,1]
	[165785,1]
	[574,149]
	[165833,1]
	[165929,3]
	[165977,1]
	[166025,1]
	[166217,2]
	[166265,1]
	[166313,1]
	[577,151]
	[166414,2]
	[166462,1]
	[166510,2]
	[166558,1]
	[166654,1]
	[166702,2]
	[166798,1]
	[166846,1]
	[166894,1]
	[166942,1]
	[580,150]
	[167040,1]
	[167088,1]
	[167136,1]
	[167184,1]
	[167328,2]
	[167376,2]
	[167424,1]
	[167520,1]
	[583,141]
	[167663,2]
	[167807,1]
	[167951,1]
	[167999,4]
	[168047,1]
	[168103,3]
	[586,146]
	[168139,1]
	[168235,1]
	[168331,1]
	[168523,1]
	[168571,1]
	[168682,1]
	[589,151]
	[168708,1]
	[168756,1]
	[168804,1]
	[168852,1]
	[169044,1]
	[169092,1]
	[169188,1]
	[169236,1]
	[169261,1]
	[592,145]
	[169274,2]
	[169466,2]
	[169514,1]
	[169562,1]
	[169658,1]
	[169706,1]
	[169802,1]
	[595,142]
	[169837,1]
	[169885,3]
	[169933,1]
	[169981,1]
	[170029,2]
	[170173,1]
	[170365,1]
	[170419,2]
	[598,150]
	[170397,1]
	[170445,1]
	[170493,1]
	[170781,1]
	[170925,1]
	[601,136]
	[171002,2]
	[171050,1]
	[171098,2]
	[171146,1]
	[171242,1]
	[171290,5]
	[604,149]
	[171508,1]
	[171556,1]
	[171604,2]
	[171652,2]
	[171844,1]
	[171940,2]
	[172036,2]
	[172156,1]
	[607,136]
	[172059,1]
	[172107,1]
	[172155,1]
	[172203,2]
	[172251,1]
	[172299,1]
	[172395,1]
	[172443,1]
	[172587,2]
	[172735,1]
	[610,145]
	[172607,1]
	[172751,1]
	[172799,1]
	[172847,1]
	[172895,1]
	[172943,1]
	[172991,1]
	[173039,1]
	[173087,1]
	[173135,1]
	[613,134]
	[173152,3]
	[173296,1]
	[173392,1]
	[173440,2]
	[173488,1]
	[173536,2]
	[173584,1]
	[173680,1]
	[616,156]
	[173790,2]
	[173838,1]
	[173982,2]
	[174030,1]
	[174078,1]
	[174126,1]
	[174174,1]
	[174222,1]
	[174472,2]
	[619,149]
	[174281,1]
	[174329,1]
	[174377,2]
	[174425,2]
	[174521,1]
	[174569,1]
	[174617,1]
	[174665,2]
	[174713,1]
	[175051,1]
	[622,151]
	[174913,1]
	[175009,1]
	[175105,2]
	[175201,1]
	[175249,2]
	[175297,2]
	[175630,2]
	[625,141]
	[175350,1]
	[175638,1]
	[175734,2]
	[175782,2]
	[175830,1]
	[175833,1]
	[628,154]
	[175880,1]
	[175976,2]
	[176024,1]
	[176072,1]
	[176216,2]
	[176312,1]
	[176360,2]
	[176364,1]
	[631,153]
	[176407,2]
	[176503,1]
	[176551,1]
	[176599,1]
	[176695,1]
	[176743,2]
	[176791,1]
	[176839,1]
	[176887,3]
	[176895,1]
	[634,139]
	[176931,1]
	[176979,1]
	[177171,1]
	[177219,1]
	[177267,1]
	[177315,2]
	[177411,2]
	[177426,1]
	[637,147]
	[177452,1]
	[177596,2]
	[177644,1]
	[177692,1]
	[177740,2]
	[177788,1]
	[177884,4]
	[640,141]
	[177970,1]
	[178018,1]
	[178114,1]
	[178162,1]
	[178210,1]
	[178306,1]
	[178354,1]
	[178402,1]
	[178450,2]
	[643,158]
	[178485,1]
	[178533,3]
	[178725,1]
	[178773,1]
	[178821,2]
	[178869,1]
	[179019,1]
	[646,137]
	[178997,2]
	[179045,1]
	[179141,1]
	[179189,1]
	[179237,1]
	[179429,2]
	[179477,1]
	[179550,1]
	[649,153]
	[179554,1]
	[179650,1]
	[179698,2]
	[179746,1]
	[179794,3]
	[179842,2]
	[652,146]
	[180060,1]
	[180156,1]
	[180204,1]
	[180300,1]
	[180396,1]
	[180492,1]
	[180612,2]
	[655,142]
	[180563,1]
	[180611,1]
	[180659,2]
	[180707,1]
	[180755,1]
	[180899,1]
	[180995,1]
	[658,151]
	[181015,1]
	[181111,1]
	[181207,1]
	[181303,1]
	[181351,2]
	[181399,4]
	[181495,3]
	[181674,2]
	[661,135]
	[181704,1]
	[181896,1]
	[181944,1]
	[181992,1]
	[664,150]
	[182006,1]
	[182054,1]
	[182102,1]
	[182150,2]
	[182198,2]
	[182294,1]
	[182342,1]
	[182390,1]
	[182438,4]
	[182486,2]
	[182736,2]
	[182497,2]
	[667,142]
	[182593,1]
	[182641,1]
	[182689,1]
	[182785,2]
	[183267,2]
	[182985,1]
	[670,144]
	[183081,1]
	[183177,1]
	[183225,1]
	[183321,2]
	[183369,1]
	[183417,2]
	[183465,1]
	[183798,2]
	[183470,2]
	[673,143]
	[183566,1]
	[183614,2]
	[183662,3]
	[183758,1]
	[183806,1]
	[183854,1]
	[183902,2]
	[676,139]
	[184048,1]
	[184144,1]
	[184336,1]
	[184384,1]
	[679,139]
	[184479,2]
	[184575,1]
	[184623,2]
	[184719,2]
	[184815,1]
	[184863,1]
	[184919,1]
	[682,154]
	[185003,1]
	[185051,1]
	[185099,1]
	[185147,1]
	[185195,1]
	[185291,2]
	[185387,1]
	[185402,2]
	[685,132]
	[185428,1]
	[185524,1]
	[185620,2]
	[185668,2]
	[185764,1]
	[688,142]
	[185898,2]
	[185946,2]
	[185994,2]
	[186186,1]
	[186282,2]
	[186330,2]
	[691,139]
	[186365,1]
	[186461,2]
	[186509,1]
	[186557,2]
	[186605,1]
	[186653,1]
	[186701,1]
	[186797,1]
	[694,142]
	[186829,1]
	[186925,1]
	[187021,1]
	[187069,2]
	[187117,2]
	[187165,1]
	[187213,2]
	[187261,1]
	[697,139]
	[187290,1]
	[187386,3]
	[187482,3]
	[187530,2]
	[187578,2]
	[187626,1]
	[187722,1]
	[187817,1]
	[700,142]
	[187748,2]
	[187796,2]
	[187844,2]
	[187940,2]
	[187988,2]
	[188036,1]
	[188132,2]
	[188180,1]
	[188300,2]
	[703,137]
	[188203,1]
	[188299,1]
	[188347,1]
	[188395,2]
	[188443,1]
	[188491,1]
	[188539,1]
	[188587,1]
	[188635,1]
	[188783,1]
	[706,156]
	[188703,1]
	[188751,1]
	[188799,3]
	[188895,1]
	[188943,1]
	[188991,1]
	[709,148]
	[189104,2]
	[189200,1]
	[189248,1]
	[189296,2]
	[189440,2]
	[712,138]
	[189550,1]
	[189790,1]
	[189886,2]
	[189934,2]
	[189982,2]
	[715,132]
	[190041,1]
	[190185,1]
	[190233,2]
	[190281,1]
	[190329,1]
	[190425,2]
	[190433,1]
	[718,144]
	[190481,1]
	[190529,2]
	[190577,2]
	[190673,1]
	[190721,1]
	[190769,1]
	[190817,1]
	[190865,1]
	[721,136]
	[190918,1]
	[190966,1]
	[191254,1]
	[724,136]
	[191352,1]
	[191400,1]
	[191592,2]
	[191688,2]
	[191740,1]
	[727,142]
	[191783,1]
	[191831,1]
	[191879,1]
	[191927,3]
	[191975,1]
	[192023,2]
	[192071,3]
	[192119,2]
	[192167,3]
	[192175,1]
	[730,134]
	[192259,1]
	[192355,1]
	[192403,1]
	[192451,1]
	[192499,1]
	[192595,1]
	[733,152]
	[192636,1]
	[192684,1]
	[192732,1]
	[192780,1]
	[192828,1]
	[192876,1]
	[192924,2]
	[192972,2]
	[193045,1]
	[736,139]
	[193106,2]
	[193154,1]
	[193202,1]
	[193250,1]
	[193298,1]
	[193346,1]
	[193394,2]
	[193480,2]
	[739,131]
	[193573,1]
	[193765,2]
	[193813,2]
	[193861,1]
	[193915,2]
	[742,137]
	[193893,2]
	[193989,1]
	[194037,4]
	[194085,2]
	[194133,1]
	[194181,1]
	[194229,1]
	[745,148]
	[194306,2]
	[194354,1]
	[194450,2]
	[194498,1]
	[194594,2]
	[194690,1]
	[194785,1]
	[748,128]
	[194716,1]
	[194860,1]
	[194908,1]
	[194956,2]
	[195220,1]
	[751,153]
	[195123,1]
	[195171,2]
	[195219,1]
	[195267,2]
	[195315,1]
	[195411,2]
	[195459,1]
	[195655,1]
	[754,139]
	[195527,1]
	[195575,1]
	[195671,1]
	[195719,2]
	[195863,1]
	[195911,1]
	[757,137]
	[195928,1]
	[195976,2]
	[196072,1]
	[196120,1]
	[196312,1]
	[196525,1]
	[760,128]
	[196374,3]
	[196470,1]
	[196518,1]
	[196566,1]
	[196614,1]
	[196662,1]
	[196710,1]
	[763,141]
	[196769,3]
	[196817,1]
	[196865,4]
	[196913,3]
	[196961,1]
	[197009,1]
	[197105,3]
	[197395,1]
	[206268,1]
	[197113,1]
	[766,131]
	[197161,2]
	[197209,3]
	[197257,2]
	[197305,2]
	[197401,2]
	[197830,1]
	[197502,1]
	[769,144]
	[197550,1]
	[197598,2]
	[197646,2]
	[197694,2]
	[197742,1]
	[197790,1]
	[197889,1]
	[772,127]
	[197936,2]
	[198128,1]
	[198224,1]
	[198272,1]
	[198276,2]
	[775,136]
	[198319,2]
	[198367,1]
	[198415,1]
	[198463,2]
	[198655,1]
	[198663,1]
	[778,145]
	[198699,1]
	[198843,1]
	[198891,1]
	[198939,2]
	[198987,1]
	[781,134]
	[199124,1]
	[199172,2]
	[199268,1]
	[199316,1]
	[199412,1]
	[199437,1]
	[784,129]
	[199498,2]
	[199546,1]
	[199594,1]
	[199738,2]
	[199786,1]
	[787,124]
	[199917,1]
	[199965,3]
	[200013,2]
	[200061,2]
	[200109,2]
	[200157,2]
	[200211,2]
	[790,119]
	[200189,1]
	[200237,1]
	[200285,1]
	[200333,1]
	[200381,2]
	[200477,1]
	[200525,1]
	[793,129]
	[200554,2]
	[200602,1]
	[200650,1]
	[200698,2]
	[200746,2]
	[200890,2]
	[200985,1]
	[796,137]
	[200916,1]
	[201012,1]
	[201060,1]
	[201108,1]
	[201156,1]
	[201204,1]
	[201372,1]
	[799,124]
	[201275,1]
	[201323,1]
	[201371,1]
	[201419,1]
	[201515,1]
	[201563,2]
	[201611,1]
	[201759,2]
	[802,136]
	[201679,1]
	[201727,1]
	[201775,1]
	[201823,2]
	[201871,2]
	[201967,1]
	[202146,2]
	[805,121]
	[201984,1]
	[202032,2]
	[202080,2]
	[202272,1]
	[202320,1]
	[202533,1]
	[808,133]
	[202334,1]
	[202382,1]
	[202478,3]
	[202526,1]
	[202574,2]
	[202622,2]
	[202670,1]
	[811,116]
	[202681,1]
	[202729,2]
	[202777,2]
	[202873,3]
	[202969,2]
	[203017,3]
	[203307,2]
	[203025,1]
	[814,128]
	[203073,2]
	[203121,2]
	[203169,2]
	[203265,2]
	[203313,2]
	[203361,1]
	[203694,1]
	[817,132]
	[203414,1]
	[203462,1]
	[203510,1]
	[203558,2]
	[203606,1]
	[203702,1]
	[820,124]
	[203752,2]
	[203848,1]
	[203944,2]
	[823,122]
	[204087,3]
	[204183,1]
	[204231,1]
	[204279,2]
	[204327,2]
	[204375,1]
	[826,114]
	[204467,2]
	[204515,1]
	[204563,2]
	[204659,2]
	[204722,1]
	[829,125]
	[204748,3]
	[204844,1]
	[204892,2]
	[204988,2]
	[205061,2]
	[832,127]
	[205074,2]
	[205170,2]
	[205266,1]
	[205314,2]
	[835,115]
	[205397,1]
	[205445,1]
	[205493,1]
	[205589,2]
	[205637,1]
	[205685,3]
	[209032,1]
	[838,125]
	[205717,3]
	[205765,1]
	[205813,1]
	[205861,1]
	[205909,1]
	[205957,2]
	[206005,1]
	[841,124]
	[206082,1]
	[206130,2]
	[206178,1]
	[206226,3]
	[206274,2]
	[206417,1]
	[844,123]
	[206348,2]
	[206396,2]
	[206444,2]
	[206540,1]
	[206588,3]
	[847,102]
	[206707,1]
	[206755,2]
	[206803,1]
	[206851,1]
	[206899,2]
	[207095,1]
	[850,113]
	[207015,1]
	[207063,2]
	[207159,2]
	[207207,1]
	[853,117]
	[207272,1]
	[207368,2]
	[207416,1]
	[207464,2]
	[207512,1]
	[207560,2]
	[207773,1]
	[856,105]
	[207574,1]
	[207622,1]
	[207718,2]
	[207766,2]
	[207814,3]
	[208112,2]
	[859,119]
	[207873,1]
	[207921,1]
	[207969,3]
	[208017,2]
	[208065,2]
	[208161,1]
	[208451,1]
	[208169,1]
	[862,105]
	[208217,1]
	[208313,1]
	[208457,2]
	[208790,2]
	[208462,3]
	[865,112]
	[208510,1]
	[208558,2]
	[208606,1]
	[208654,2]
	[208702,2]
	[208750,1]
	[208753,1]
	[868,133]
	[208800,1]
	[208848,2]
	[208896,3]
	[209044,3]
	[871,119]
	[209087,1]
	[209135,1]
	[209231,1]
	[209279,2]
	[209327,2]
	[209335,2]
	[874,113]
	[209371,2]
	[209419,1]
	[209467,3]
	[209515,2]
	[209563,1]
	[209611,1]
	[209626,1]
	[877,114]
	[209700,2]
	[209748,2]
	[209796,1]
	[209844,1]
	[209892,1]
	[209917,2]
	[880,122]
	[209978,1]
	[210026,1]
	[210122,1]
	[210170,1]
	[210208,2]
	[883,108]
	[210253,2]
	[210301,1]
	[210349,1]
	[210397,1]
	[210445,1]
	[210499,1]
	[886,115]
	[210477,1]
	[210525,1]
	[210573,1]
	[210621,1]
	[210669,1]
	[889,110]
	[210746,1]
	[210794,3]
	[210842,3]
	[210890,2]
	[210938,2]
	[210986,2]
	[211081,3]
	[892,113]
	[211012,2]
	[211060,1]
	[211108,2]
	[211156,2]
	[211204,1]
	[895,98]
	[211275,2]
	[211323,1]
	[211371,2]
	[211515,2]
	[211663,2]
	[898,113]
	[211535,1]
	[211583,2]
	[211631,1]
	[211727,1]
	[211775,1]
	[211954,1]
	[901,110]
	[211792,1]
	[211840,2]
	[211888,1]
	[211984,4]
	[212032,1]
	[214854,1]
	[904,102]
	[212046,1]
	[212094,1]
	[212142,3]
	[212190,2]
	[212238,1]
	[212286,1]
	[907,113]
	[212297,2]
	[212345,1]
	[212393,2]
	[212441,2]
	[212489,2]
	[212537,1]
	[212827,2]
	[212545,2]
	[910,109]
	[212689,1]
	[212737,2]
	[213118,3]
	[212790,2]
	[913,95]
	[212838,1]
	[212886,2]
	[212934,2]
	[916,117]
	[213080,1]
	[213176,4]
	[213224,1]
	[213276,1]
	[919,103]
	[213319,2]
	[213463,1]
	[213511,2]
	[922,98]
	[213555,3]
	[213603,1]
	[213651,1]
	[213747,1]
	[213762,1]
	[925,101]
	[213932,1]
	[214005,1]
	[928,108]
	[214018,2]
	[214114,2]
	[214162,1]
	[214210,2]
	[214248,1]
	[931,120]
	[214293,2]
	[214341,2]
	[214389,1]
	[214491,2]
	[934,102]
	[214565,3]
	[214661,3]
	[214734,2]
	[937,104]
	[214690,2]
	[214738,2]
	[214786,1]
	[214834,1]
	[214882,1]
	[214977,1]
	[940,100]
	[214908,2]
	[214956,2]
	[215052,4]
	[215100,1]
	[943,103]
	[215123,1]
	[215219,3]
	[215267,2]
	[215315,1]
	[215463,1]
	[946,102]
	[215383,1]
	[215527,2]
	[215706,1]
	[949,96]
	[215544,1]
	[215592,2]
	[215640,2]
	[215688,3]
	[215736,2]
	[952,86]
	[215750,1]
	[215798,1]
	[215894,1]
	[215942,2]
	[216192,1]
	[955,92]
	[215953,1]
	[216001,2]
	[216049,2]
	[216097,2]
	[216145,1]
	[216435,3]
	[216153,1]
	[958,93]
	[216201,2]
	[216297,3]
	[216678,1]
	[961,97]
	[216398,2]
	[216494,1]
	[216542,1]
	[216545,2]
	[964,85]
	[216640,1]
	[216688,2]
	[216736,1]
	[216740,1]
	[967,82]
	[216783,1]
	[216831,2]
	[216879,2]
	[216935,2]
	[970,88]
	[217067,3]
	[217115,1]
	[973,98]
	[217156,2]
	[217204,2]
	[217325,2]
	[976,87]
	[217338,1]
	[217386,2]
	[217520,1]
	[979,88]
	[217517,2]
	[217565,2]
	[217613,3]
	[217661,2]
	[217715,2]
	[982,91]
	[217693,1]
	[217741,1]
	[217910,3]
	[985,91]
	[217866,2]
	[217914,2]
	[217962,1]
	[218010,1]
	[218105,1]
	[988,83]
	[218036,1]
	[218084,1]
	[218180,3]
	[218300,1]
	[991,75]
	[218299,2]
	[218347,2]
	[218495,1]
	[994,81]
	[218367,2]
	[218415,2]
	[218463,2]
	[218511,1]
	[218690,1]
	[218528,2]
	[997,76]
	[218576,1]
	[218672,1]
	[218885,3]
	[1000,85]
	[218686,4]
	[218734,2]
	[218782,1]
	[218830,1]
	[219080,2]
	[1003,80]
	[218841,2]
	[218889,1]
	[218937,1]
	[218985,1]
	[219275,1]
	[218993,3]
	[1006,74]
	[219089,1]
	[219137,3]
	[219470,1]
	[219142,2]
	[1009,74]
	[219238,2]
	[1012,90]
	[219336,1]
	[219432,3]
	[219436,2]
	[1015,79]
	[219479,1]
	[219527,1]
	[219583,2]
	[1018,73]
	[219619,3]
	[219667,2]
	[219715,1]
	[219730,1]
	[1021,73]
	[219756,1]
	[219804,1]
	[219852,2]
	[219877,1]
	[1024,76]
	[219890,2]
	[219986,2]
	[220024,1]
	[1027,68]
	[220021,1]
	[220069,1]
	[220171,2]
	[1030,75]
	[220149,1]
	[220197,1]
	[220245,3]
	[220318,2]
	[1033,73]
	[220274,1]
	[220322,1]
	[220370,1]
	[220465,2]
	[1036,66]
	[220444,2]
	[220492,2]
	[220612,3]
	[1039,70]
	[220515,1]
	[220563,5]
	[220611,1]
	[220759,1]
	[1042,73]
	[220679,1]
	[220727,1]
	[220906,1]
	[1045,76]
	[220792,1]
	[220840,1]
	[221053,1]
	[1048,74]
	[220854,2]
	[220902,1]
	[220950,1]
	[1051,56]
	[221057,3]
	[221347,1]
	[221065,2]
	[1054,57]
	[221113,4]
	[221161,2]
	[221494,2]
	[221166,2]
	[1057,66]
	[221214,3]
	[221262,1]
	[221265,2]
	[1060,58]
	[221312,1]
	[221360,2]
	[221364,2]
	[1063,64]
	[221407,1]
	[221455,2]
	[221463,3]
	[1066,58]
	[221499,2]
	[221562,2]
	[1069,48]
	[221588,1]
	[221636,2]
	[1072,60]
	[221674,3]
	[221722,1]
	[221760,1]
	[1075,56]
	[221757,1]
	[221859,2]
	[1078,47]
	[221885,2]
	[221958,3]
	[1081,51]
	[221914,1]
	[221962,1]
	[222057,1]
	[1084,54]
	[221988,2]
	[222036,3]
	[222156,2]
	[1087,55]
	[222059,2]
	[222107,2]
	[1090,57]
	[222127,2]
	[222175,1]
	[1093,48]
	[222240,2]
	[1096,40]
	[222254,2]
	[222302,1]
	[222552,2]
	[1099,45]
	[222361,2]
	[222651,1]
	[222369,1]
	[1102,44]
	[222417,1]
	[222750,1]
	[222422,1]
	[1105,52]
	[222473,2]
	[1108,53]
	[222520,1]
	[222524,2]
	[1111,37]
	[222567,2]
	[222575,2]
	[1114,34]
	[222611,1]
	[222626,2]
	[1117,31]
	[222677,1]
	[1120,41]
	[222728,3]
	[1123,34]
	[222725,2]
	[222779,1]
	[1126,44]
	[222757,1]
	[1129,33]
	[222786,1]
	[222881,2]
	[1132,36]
	[222932,2]
	[1135,28]
	[222983,1]
	[1138,37]
	[222855,2]
	[1141,28]
	[222872,1]
	[223085,3]
	[1144,27]
	[222886,2]
	[223136,2]
	[1147,21]
	[222897,1]
	[222905,1]
	[1150,19]
	[223238,2]
	[222910,2]
	[1153,19]
	[222913,3]
	[1156,23]
	[222916,1]
	[1159,19]
	[222919,1]
	[1162,19]
	[222922,1]
	[1165,13]
	[222925,1]
	[1168,12]
	[222928,2]
	[1171,12]
	[222931,2]
	[1174,13]
	[222934,1]
	[1177,11]
	[222937,2]
	[1180,11]
	[1183,4]
	[1186,5]
	[222946,1]
	[1189,3]
	[222949,1]
	[1192,3]
	[222952,2]
	[1195,2]
	[222955,4]

1748,
	[1,371]
	[1873,1]
	[3,40847]
	[2545,1]
	[3693,1]
	[10662,1]
	[59111,1]
	[67035,1]
	[83128,1]
	[86334,1]
	[88935,1]
	[94056,1]
	[101823,1]
	[290,1]
	[116964,1]
	[125341,1]
	[135000,1]
	[135576,1]
	[155008,1]
	[161319,1]
	[164314,1]
	[167665,1]
	[177077,1]
	[180565,1]
	[199222,1]
	[202827,1]
	[202971,1]
	[207017,1]
	[219434,1]
	[1106,1]

1716,
	[3,317]

1728,
	[4,28]
	[3,38564]
	[52,28]
	[10,7]
	[16,3]
	[22,1]
	[25,5]
	[31,1]
	[34,1]
	[37,1]
	[40,1]
	[2,87]
	[43,2]
	[49,2]
	[55,4]
	[100,24]
	[58,3]
	[61,4]
	[64,2]
	[67,2]
	[70,3]
	[73,3]
	[76,2]
	[79,6]
	[82,1]
	[85,1]
	[88,3]
	[91,4]
	[94,4]
	[97,2]
	[148,24]
	[103,3]
	[106,6]
	[109,6]
	[112,5]
	[115,4]
	[118,5]
	[121,2]
	[124,6]
	[127,5]
	[130,2]
	[133,2]
	[136,6]
	[139,6]
	[142,3]
	[145,4]
	[196,25]
	[151,1]
	[154,7]
	[157,9]
	[160,7]
	[163,7]
	[166,5]
	[169,9]
	[172,3]
	[175,5]
	[178,3]
	[181,7]
	[184,6]
	[187,5]
	[190,7]
	[193,9]
	[244,26]
	[199,6]
	[202,7]
	[205,9]
	[208,7]
	[211,4]
	[214,7]
	[217,9]
	[220,7]
	[223,7]
	[226,3]
	[229,1]
	[232,3]
	[235,4]
	[238,13]
	[241,6]
	[247,8]
	[250,8]
	[292,22]
	[253,3]
	[256,5]
	[259,8]
	[262,7]
	[265,8]
	[268,7]
	[271,7]
	[274,9]
	[277,4]
	[280,7]
	[283,7]
	[286,3]
	[289,5]
	[295,7]
	[340,26]
	[298,7]
	[301,12]
	[304,12]
	[307,7]
	[310,10]
	[313,14]
	[316,6]
	[319,8]
	[322,8]
	[325,4]
	[328,9]
	[331,3]
	[334,10]
	[24385,1]
	[337,5]
	[343,13]
	[388,21]
	[346,5]
	[349,10]
	[352,10]
	[355,7]
	[358,8]
	[361,5]
	[364,10]
	[367,10]
	[370,5]
	[373,9]
	[376,9]
	[379,8]
	[382,17]
	[385,5]
	[391,9]
	[394,7]
	[436,20]
	[397,10]
	[400,7]
	[403,11]
	[406,6]
	[409,9]
	[412,12]
	[415,6]
	[418,11]
	[421,8]
	[424,3]
	[427,4]
	[430,17]
	[433,12]
	[439,11]
	[484,17]
	[442,10]
	[445,4]
	[448,9]
	[451,5]
	[454,13]
	[457,9]
	[460,6]
	[463,11]
	[466,13]
	[469,11]
	[472,2]
	[475,13]
	[478,12]
	[481,13]
	[487,8]
	[532,26]
	[490,6]
	[493,9]
	[496,12]
	[499,7]
	[502,14]
	[505,7]
	[508,8]
	[511,9]
	[514,7]
	[517,7]
	[520,9]
	[523,7]
	[526,11]
	[529,14]
	[535,12]
	[538,12]
	[580,20]
	[541,12]
	[544,6]
	[547,8]
	[550,9]
	[553,9]
	[556,6]
	[559,8]
	[562,9]
	[565,9]
	[568,5]
	[571,3]
	[574,4]
	[577,11]
	[583,9]
	[586,17]
	[628,22]
	[589,12]
	[592,9]
	[595,6]
	[598,10]
	[601,4]
	[604,10]
	[607,16]
	[610,10]
	[613,9]
	[616,11]
	[619,11]
	[622,7]
	[625,15]
	[631,10]
	[634,9]
	[637,7]
	[676,18]
	[640,10]
	[643,8]
	[646,7]
	[649,4]
	[652,9]
	[655,11]
	[658,11]
	[661,9]
	[664,12]
	[667,9]
	[670,7]
	[673,7]
	[679,8]
	[724,12]
	[682,8]
	[685,5]
	[688,9]
	[691,12]
	[694,10]
	[697,8]
	[700,4]
	[703,10]
	[706,3]
	[709,13]
	[712,8]
	[715,6]
	[718,7]
	[721,11]
	[727,12]
	[730,6]
	[772,21]
	[733,7]
	[736,10]
	[739,13]
	[742,11]
	[745,6]
	[748,8]
	[751,8]
	[754,9]
	[757,4]
	[760,7]
	[763,12]
	[766,15]
	[769,7]
	[775,11]
	[778,9]
	[781,15]
	[784,7]
	[787,5]
	[820,15]
	[790,11]
	[793,8]
	[796,8]
	[799,5]
	[802,11]
	[805,11]
	[808,2]
	[811,7]
	[814,4]
	[817,12]
	[823,13]
	[826,5]
	[868,19]
	[829,6]
	[832,6]
	[835,12]
	[838,12]
	[841,6]
	[844,13]
	[847,2]
	[850,6]
	[853,5]
	[856,9]
	[859,4]
	[862,7]
	[865,7]
	[871,7]
	[916,12]
	[874,4]
	[877,4]
	[880,8]
	[883,9]
	[886,5]
	[889,6]
	[892,4]
	[895,8]
	[898,9]
	[901,6]
	[904,11]
	[907,9]
	[910,5]
	[913,5]
	[919,5]
	[922,4]
	[925,4]
	[964,11]
	[928,3]
	[931,3]
	[934,2]
	[937,2]
	[940,7]
	[943,5]
	[946,3]
	[949,5]
	[952,5]
	[955,1]
	[958,5]
	[961,5]
	[967,8]
	[970,5]
	[973,3]
	[976,6]
	[1012,9]
	[979,5]
	[982,5]
	[985,5]
	[988,3]
	[991,8]
	[994,9]
	[997,6]
	[1000,3]
	[1003,4]
	[1006,2]
	[1009,6]
	[1015,9]
	[1018,3]
	[1021,4]
	[1024,3]
	[1027,2]
	[1030,6]
	[1033,3]
	[1060,7]
	[1036,3]
	[1039,1]
	[1042,4]
	[1045,2]
	[1048,3]
	[1051,4]
	[1054,1]
	[1057,3]
	[1063,4]
	[1066,3]
	[1069,2]
	[1072,2]
	[1075,1]
	[1078,3]
	[1081,2]
	[1084,2]
	[1087,3]
	[1096,2]
	[1099,1]
	[1108,3]
	[1114,1]
	[1117,4]
	[1120,3]
	[1123,3]
	[1126,1]
	[1132,1]
	[1138,2]
	[1144,1]

1628,
	[2,2312]
	[3,36483]
	[36,1]
	[66,4]
	[54,1]
	[63,7]
	[87,3]
	[102,11]
	[24,2]
	[135,6]
	[51,3]
	[123,3]
	[9,2]
	[150,2]
	[159,7]
	[165,8]
	[12,3]
	[177,4]
	[108,5]
	[156,4]
	[129,5]
	[216,5]
	[162,7]
	[228,4]
	[222,5]
	[183,8]
	[204,4]
	[231,8]
	[255,9]
	[252,11]
	[201,6]
	[225,7]
	[207,12]
	[288,6]
	[198,8]
	[72,3]
	[141,5]
	[243,7]
	[117,2]
	[195,3]
	[279,6]
	[300,6]
	[186,6]
	[213,6]
	[237,8]
	[285,4]
	[168,7]
	[174,5]
	[312,7]
	[282,5]
	[297,9]
	[327,8]
	[75,3]
	[276,4]
	[219,3]
	[264,6]
	[294,6]
	[303,7]
	[267,8]
	[240,3]
	[126,7]
	[210,8]
	[270,8]
	[306,8]
	[324,11]
	[192,6]
	[363,14]
	[330,6]
	[90,4]
	[78,4]
	[249,6]
	[366,9]
	[309,6]
	[336,10]
	[381,6]
	[396,5]
	[354,14]
	[387,12]
	[138,3]
	[399,7]
	[234,7]
	[360,11]
	[57,2]
	[315,8]
	[429,9]
	[333,2]
	[372,7]
	[411,6]
	[351,10]
	[69,3]
	[348,5]
	[408,9]
	[339,12]
	[444,8]
	[375,13]
	[321,8]
	[342,13]
	[447,5]
	[21,1]
	[423,15]
	[462,9]
	[465,9]
	[450,3]
	[33,2]
	[486,16]
	[171,8]
	[405,9]
	[48,1]
	[345,9]
	[432,7]
	[498,12]
	[477,9]
	[489,19]
	[507,11]
	[426,6]
	[114,3]
	[273,5]
	[420,9]
	[522,10]
	[378,6]
	[501,9]
	[417,11]
	[483,7]
	[369,6]
	[99,3]
	[441,9]
	[543,10]
	[153,4]
	[516,10]
	[189,3]
	[468,8]
	[480,8]
	[525,9]
	[357,8]
	[552,13]
	[111,2]
	[504,10]
	[540,11]
	[84,2]
	[30,1]
	[531,14]
	[393,7]
	[105,2]
	[519,6]
	[570,8]
	[585,5]
	[456,4]
	[459,6]
	[492,6]
	[594,15]
	[438,7]
	[510,10]
	[558,7]
	[291,2]
	[549,7]
	[555,6]
	[564,13]
	[471,8]
	[609,20]
	[390,11]
	[588,11]
	[534,12]
	[591,9]
	[561,14]
	[453,13]
	[513,5]
	[573,11]
	[597,9]
	[612,10]
	[384,10]
	[624,9]
	[627,11]
	[636,8]
	[642,6]
	[645,6]
	[600,9]
	[633,8]
	[582,12]
	[261,4]
	[546,9]
	[618,8]
	[414,9]
	[603,13]
	[120,3]
	[663,6]
	[657,8]
	[495,9]
	[537,8]
	[615,7]
	[654,8]
	[651,7]
	[606,15]
	[669,13]
	[672,13]
	[474,8]
	[630,6]
	[666,13]
	[27,1]
	[258,6]
	[621,9]
	[708,13]
	[705,9]
	[648,6]
	[723,12]
	[693,6]
	[180,6]
	[528,9]
	[402,5]
	[579,8]
	[741,9]
	[567,6]
	[678,11]
	[660,4]
	[717,9]
	[747,11]
	[690,8]
	[318,7]
	[684,9]
	[765,8]
	[726,6]
	[681,7]
	[738,7]
	[744,7]
	[762,12]
	[675,8]
	[735,14]
	[711,7]
	[753,7]
	[729,4]
	[780,14]
	[714,10]
	[789,7]
	[777,7]
	[801,10]
	[732,7]
	[246,2]
	[576,5]
	[807,11]
	[144,2]
	[699,8]
	[798,12]
	[720,8]
	[774,4]
	[759,6]
	[822,9]
	[768,4]
	[771,8]
	[750,7]
	[813,8]
	[819,10]
	[783,6]
	[849,3]
	[786,8]
	[756,7]
	[816,4]
	[837,5]
	[18,1]
	[834,3]
	[687,5]
	[861,7]
	[147,2]
	[702,6]
	[831,8]
	[696,6]
	[795,6]
	[804,7]
	[852,4]
	[873,12]
	[858,4]
	[828,3]
	[855,10]
	[825,12]
	[843,7]
	[870,8]
	[885,4]
	[864,5]
	[792,6]
	[96,1]
	[639,5]
	[876,5]
	[912,5]
	[897,11]
	[918,7]
	[810,6]
	[867,5]
	[882,7]
	[888,6]
	[909,8]
	[927,4]
	[435,3]
	[879,7]
	[894,6]
	[921,8]
	[840,7]
	[930,5]
	[900,5]
	[924,9]
	[945,5]
	[915,4]
	[891,6]
	[936,4]
	[960,6]
	[939,9]
	[933,6]
	[966,4]
	[846,10]
	[903,6]
	[942,2]
	[975,7]
	[906,5]
	[948,6]
	[963,6]
	[984,5]
	[954,6]
	[993,7]
	[957,3]
	[999,8]
	[972,4]
	[1002,4]
	[1005,2]
	[996,8]
	[1008,8]
	[951,4]
	[978,8]
	[1014,7]
	[1020,4]
	[1029,4]
	[1038,3]
	[1011,3]
	[1035,4]
	[987,4]
	[1047,3]
	[1026,5]
	[1041,3]
	[1059,4]
	[969,2]
	[1023,3]
	[990,5]
	[1062,7]
	[1065,2]
	[1077,2]
	[981,2]
	[1053,7]
	[1050,5]
	[1068,2]
	[1032,4]
	[1083,4]
	[60,1]
	[1098,3]
	[1071,1]
	[1092,2]
	[1107,3]
	[1089,1]
	[1116,3]
	[1101,2]
	[1110,2]
	[1119,2]
	[1086,3]
	[1095,1]
	[1074,3]
	[1125,3]
	[1044,2]
	[1128,1]
	[1131,2]
	[1017,4]
	[1134,1]
	[1104,1]
	[1113,1]
	[1149,1]

1616,
	[1,23]
	[3,302]

1632,
	[12,8]
	[21,8]
	[27,10]
	[42,27]
	[54,25]
	[45,32]
	[69,40]
	[72,35]
	[60,18]
	[78,40]
	[57,27]
	[63,26]
	[84,42]
	[51,19]
	[81,35]
	[90,45]
	[24,12]
	[93,46]
	[75,35]
	[108,55]
	[36,19]
	[105,39]
	[30,13]
	[102,47]
	[114,47]
	[66,28]
	[117,53]
	[132,59]
	[111,54]
	[87,34]
	[99,49]
	[120,56]
	[9,4]
	[135,71]
	[126,58]
	[147,66]
	[54875,1]
	[141,63]
	[33,10]
	[150,63]
	[153,78]
	[156,65]
	[162,80]
	[165,72]
	[61124,1]
	[138,43]
	[159,67]
	[62155,1]
	[174,82]
	[168,76]
	[15,9]
	[64208,1]
	[180,75]
	[171,65]
	[39,20]
	[66968,1]
	[183,75]
	[186,98]
	[68278,1]
	[189,88]
	[69721,1]
	[71005,1]
	[129,49]
	[198,78]
	[71580,1]
	[195,90]
	[123,48]
	[177,80]
	[204,83]
	[201,97]
	[216,100]
	[78030,1]
	[207,88]
	[213,69]
	[79901,1]
	[78503,1]
	[210,85]
	[80920,1]
	[80200,1]
	[219,89]
	[222,101]
	[225,94]
	[231,97]
	[84498,1]
	[228,86]
	[85688,1]
	[234,99]
	[83600,1]
	[87501,1]
	[246,95]
	[87368,1]
	[88978,1]
	[252,104]
	[90378,1]
	[87418,1]
	[88365,1]
	[249,92]
	[255,107]
	[18,10]
	[90029,1]
	[258,108]
	[237,96]
	[92716,1]
	[93127,1]
	[264,108]
	[95952,1]
	[243,114]
	[267,97]
	[273,96]
	[94704,1]
	[96235,1]
	[276,123]
	[261,113]
	[279,131]
	[282,103]
	[270,98]
	[285,114]
	[98584,1]
	[98775,1]
	[291,105]
	[297,118]
	[101308,1]
	[104005,1]
	[300,119]
	[309,107]
	[106338,1]
	[104178,1]
	[105068,1]
	[106312,1]
	[294,121]
	[303,122]
	[315,124]
	[107395,1]
	[106675,1]
	[105955,1]
	[306,110]
	[318,109]
	[110941,1]
	[109318,1]
	[321,108]
	[324,125]
	[330,141]
	[111065,1]
	[110345,1]
	[333,128]
	[112654,1]
	[312,104]
	[113520,1]
	[112080,2]
	[339,142]
	[115147,1]
	[113663,1]
	[115963,1]
	[115243,1]
	[345,125]
	[116820,1]
	[113940,1]
	[342,126]
	[118771,1]
	[351,133]
	[354,129]
	[120443,1]
	[357,130]
	[120938,1]
	[118058,1]
	[117338,1]
	[121780,1]
	[122121,1]
	[327,113]
	[348,130]
	[360,150]
	[122619,1]
	[120459,1]
	[363,122]
	[366,122]
	[122266,1]
	[125322,1]
	[122128,1]
	[369,134]
	[372,132]
	[125153,1]
	[122958,1]
	[378,137]
	[126049,1]
	[124609,1]
	[124050,1]
	[375,138]
	[381,141]
	[127811,1]
	[126870,1]
	[126150,1]
	[126248,1]
	[124808,1]
	[125989,1]
	[387,133]
	[130119,1]
	[125623,1]
	[129315,1]
	[126435,1]
	[390,123]
	[127244,1]
	[126524,1]
	[393,134]
	[396,157]
	[129490,1]
	[127330,2]
	[132614,1]
	[130293,1]
	[128853,1]
	[129158,1]
	[399,139]
	[133253,1]
	[131813,1]
	[128933,1]
	[402,148]
	[405,127]
	[134100,1]
	[129730,1]
	[132684,1]
	[131244,2]
	[411,151]
	[134195,1]
	[133475,1]
	[132755,2]
	[132035,1]
	[132688,1]
	[414,143]
	[135703,1]
	[134263,1]
	[133543,1]
	[133704,1]
	[132103,1]
	[417,141]
	[134328,1]
	[133608,1]
	[132888,2]
	[408,142]
	[420,145]
	[137314,1]
	[135830,1]
	[135110,1]
	[134390,1]
	[137329,1]
	[136609,1]
	[135169,2]
	[134449,1]
	[423,132]
	[140429,1]
	[426,114]
	[429,136]
	[136718,1]
	[135998,1]
	[136768,1]
	[136815,1]
	[435,141]
	[438,134]
	[143653,1]
	[137579,1]
	[441,153]
	[139780,1]
	[138340,1]
	[139818,1]
	[444,153]
	[447,137]
	[145702,1]
	[144173,1]
	[142013,1]
	[139853,2]
	[145125,1]
	[142765,1]
	[142045,1]
	[144456,1]
	[141325,2]
	[143784,1]
	[450,149]
	[144234,1]
	[142794,1]
	[146618,1]
	[453,144]
	[456,137]
	[145699,1]
	[144980,1]
	[144260,1]
	[143540,1]
	[142100,1]
	[462,154]
	[145023,1]
	[144303,1]
	[465,154]
	[149360,1]
	[147200,1]
	[146480,1]
	[145760,1]
	[144320,2]
	[459,150]
	[151011,1]
	[149374,1]
	[145774,2]
	[468,120]
	[471,144]
	[147945,1]
	[150833,1]
	[148673,1]
	[146513,2]
	[477,157]
	[150118,1]
	[150510,1]
	[149398,1]
	[147238,1]
	[474,141]
	[150840,1]
	[149400,1]
	[148680,2]
	[483,153]
	[153719,1]
	[151559,1]
	[147959,1]
	[486,153]
	[153715,1]
	[154353,1]
	[150115,1]
	[151548,1]
	[150108,1]
	[149388,1]
	[489,150]
	[153698,1]
	[152258,1]
	[151538,1]
	[495,146]
	[157518,1]
	[156150,1]
	[153685,1]
	[152245,1]
	[492,146]
	[498,148]
	[156323,1]
	[152229,1]
	[151509,1]
	[155810,1]
	[153650,1]
	[154330,1]
	[152210,1]
	[501,135]
	[504,157]
	[154323,1]
	[153603,1]
	[507,145]
	[510,142]
	[155015,1]
	[155704,1]
	[161346,1]
	[158550,1]
	[157110,1]
	[156390,1]
	[513,142]
	[519,154]
	[159233,1]
	[157753,1]
	[157033,1]
	[522,183]
	[525,159]
	[163470,1]
	[162750,1]
	[159870,1]
	[163424,1]
	[161264,1]
	[160544,1]
	[159824,1]
	[159104,2]
	[165807,1]
	[165381,1]
	[163375,1]
	[161175,1]
	[159055,1]
	[158335,2]
	[516,144]
	[531,153]
	[163241,1]
	[160443,1]
	[162830,1]
	[534,140]
	[537,137]
	[166198,1]
	[540,159]
	[166090,1]
	[164649,1]
	[163210,1]
	[162490,1]
	[161770,1]
	[164277,1]
	[166749,1]
	[164589,1]
	[163869,2]
	[163149,2]
	[546,164]
	[163805,1]
	[162365,1]
	[161645,2]
	[543,162]
	[164458,1]
	[163738,1]
	[162298,3]
	[549,171]
	[167988,1]
	[164388,1]
	[163668,1]
	[555,149]
	[167195,1]
	[166475,1]
	[552,149]
	[170719,1]
	[169279,1]
	[164959,1]
	[164239,1]
	[558,164]
	[167760,1]
	[166320,1]
	[164880,1]
	[561,146]
	[171478,1]
	[166238,2]
	[564,151]
	[567,127]
	[169033,1]
	[167593,2]
	[166153,1]
	[570,164]
	[173420,1]
	[171105,1]
	[170385,1]
	[168945,1]
	[173963,1]
	[168225,2]
	[172454,1]
	[171734,1]
	[171014,1]
	[170294,1]
	[168854,1]
	[573,155]
	[174520,1]
	[171640,1]
	[170920,1]
	[170200,1]
	[168760,1]
	[167320,2]
	[579,135]
	[170823,1]
	[170002,1]
	[169283,1]
	[168563,3]
	[582,157]
	[174220,1]
	[173500,1]
	[175569,1]
	[169900,1]
	[169180,1]
	[585,140]
	[588,155]
	[176687,1]
	[174114,2]
	[173394,2]
	[170514,1]
	[169794,1]
	[591,163]
	[172565,2]
	[171125,1]
	[594,155]
	[177897,1]
	[172453,1]
	[171733,1]
	[171013,1]
	[597,152]
	[177378,1]
	[176658,1]
	[174498,2]
	[175742,1]
	[172338,1]
	[171618,2]
	[600,182]
	[177980,1]
	[176540,1]
	[174380,1]
	[172940,1]
	[172220,1]
	[603,146]
	[178579,1]
	[174979,1]
	[177822,1]
	[173539,2]
	[172819,2]
	[180615,1]
	[179993,1]
	[174855,1]
	[606,135]
	[179048,1]
	[176168,1]
	[174728,1]
	[181602,1]
	[177478,2]
	[176758,1]
	[176038,2]
	[174598,2]
	[180945,1]
	[177345,2]
	[176625,1]
	[175905,2]
	[182939,1]
	[175185,1]
	[609,159]
	[182249,1]
	[183124,1]
	[177929,1]
	[177209,1]
	[176489,1]
	[618,158]
	[182830,1]
	[180670,1]
	[179950,1]
	[178510,1]
	[176350,1]
	[612,148]
	[615,136]
	[184178,1]
	[181248,1]
	[180528,1]
	[178368,2]
	[177648,1]
	[176928,1]
	[176208,1]
	[627,167]
	[185428,1]
	[177503,1]
	[176783,1]
	[630,152]
	[182395,1]
	[181675,1]
	[181239,1]
	[178075,2]
	[177355,2]
	[621,142]
	[186626,1]
	[185834,1]
	[182964,1]
	[180821,1]
	[636,164]
	[187327,1]
	[184250,1]
	[183530,1]
	[181370,1]
	[180650,1]
	[179930,1]
	[179740,1]
	[183541,1]
	[178490,3]
	[633,149]
	[186253,1]
	[179773,1]
	[179053,1]
	[642,162]
	[187118,1]
	[184653,1]
	[183933,1]
	[181773,1]
	[179613,1]
	[645,166]
	[183770,1]
	[648,135]
	[185044,1]
	[184324,2]
	[182884,1]
	[182164,2]
	[181444,3]
	[180724,1]
	[639,138]
	[187755,1]
	[187035,1]
	[187832,1]
	[185885,1]
	[182715,1]
	[181995,1]
	[181275,1]
	[651,164]
	[654,162]
	[187583,1]
	[186143,1]
	[183983,2]
	[182543,1]
	[181823,1]
	[187272,1]
	[185248,1]
	[188772,1]
	[182368,1]
	[657,172]
	[189062,1]
	[186510,1]
	[183630,1]
	[182910,1]
	[663,167]
	[189929,1]
	[190378,1]
	[187769,1]
	[184169,2]
	[660,166]
	[666,142]
	[187585,2]
	[185425,1]
	[183985,1]
	[188118,1]
	[186678,1]
	[186677,1]
	[185958,1]
	[669,153]
	[190808,1]
	[190088,1]
	[187208,1]
	[186488,1]
	[192775,1]
	[191335,1]
	[189175,1]
	[191634,1]
	[187735,2]
	[185575,2]
	[675,145]
	[190418,1]
	[189699,2]
	[194621,1]
	[187539,1]
	[187349,1]
	[186099,2]
	[678,154]
	[681,149]
	[190940,1]
	[187340,2]
	[186620,1]
	[185900,2]
	[684,153]
	[191458,1]
	[190738,1]
	[190018,2]
	[188578,1]
	[187858,1]
	[187137,1]
	[186418,5]
	[687,170]
	[191253,1]
	[192017,1]
	[189093,1]
	[188373,1]
	[187653,1]
	[186933,1]
	[690,134]
	[196750,1]
	[192485,1]
	[190325,2]
	[189605,1]
	[188885,1]
	[188165,1]
	[187445,1]
	[197376,1]
	[196594,1]
	[195231,1]
	[192994,1]
	[192274,1]
	[191554,1]
	[190114,1]
	[696,165]
	[195660,1]
	[193500,1]
	[192060,2]
	[189900,1]
	[189180,2]
	[188460,2]
	[191843,1]
	[188963,3]
	[693,148]
	[699,145]
	[197268,1]
	[195943,1]
	[193783,2]
	[193063,1]
	[190903,2]
	[189463,2]
	[702,148]
	[705,156]
	[197160,1]
	[196440,2]
	[195000,1]
	[190680,1]
	[189960,1]
	[708,154]
	[197977,1]
	[195454,1]
	[192614,1]
	[191894,1]
	[191174,1]
	[190454,1]
	[711,151]
	[197425,1]
	[195985,1]
	[192385,1]
	[190945,2]
	[714,139]
	[195033,1]
	[198623,1]
	[194313,2]
	[192873,1]
	[192153,1]
	[191433,1]
	[199118,1]
	[197884,1]
	[194798,1]
	[194078,1]
	[191918,2]
	[717,150]
	[200320,1]
	[199600,1]
	[193120,1]
	[192400,1]
	[191680,1]
	[723,133]
	[201518,1]
	[200799,1]
	[199359,1]
	[194319,2]
	[193599,1]
	[192879,1]
	[726,147]
	[202486,1]
	[199115,1]
	[198395,1]
	[199576,1]
	[196955,2]
	[195515,1]
	[194795,1]
	[192635,1]
	[194668,1]
	[202468,1]
	[201028,1]
	[198868,1]
	[197428,1]
	[195268,1]
	[194548,2]
	[193108,1]
	[729,160]
	[201498,1]
	[198618,1]
	[197898,1]
	[196458,1]
	[195018,1]
	[194298,1]
	[194930,1]
	[732,137]
	[735,137]
	[204439,1]
	[201245,1]
	[203329,1]
	[199805,1]
	[198365,1]
	[196925,1]
	[198346,1]
	[195485,1]
	[194765,1]
	[194045,1]
	[738,138]
	[204765,1]
	[203016,1]
	[198829,1]
	[203382,1]
	[196669,1]
	[195949,1]
	[194509,1]
	[741,142]
	[197850,2]
	[196410,2]
	[195690,1]
	[194970,2]
	[744,145]
	[203348,1]
	[201908,1]
	[199748,1]
	[199028,1]
	[197588,1]
	[196868,1]
	[205243,1]
	[202363,1]
	[201643,1]
	[200923,2]
	[200203,2]
	[198763,1]
	[198043,1]
	[197323,2]
	[195883,2]
	[750,151]
	[205073,2]
	[204899,1]
	[198495,2]
	[197775,1]
	[197055,2]
	[196335,1]
	[747,129]
	[753,154]
	[203264,2]
	[200384,2]
	[198224,2]
	[197504,2]
	[196784,1]
	[756,146]
	[205870,1]
	[201550,1]
	[200830,1]
	[205779,1]
	[200110,2]
	[198670,1]
	[205815,1]
	[197950,1]
	[197230,1]
	[206198,1]
	[204873,1]
	[204153,1]
	[202713,1]
	[201993,1]
	[200553,1]
	[199833,2]
	[199113,1]
	[759,170]
	[762,148]
	[204593,1]
	[203153,1]
	[202433,1]
	[200273,1]
	[199553,1]
	[198113,2]
	[765,134]
	[205030,1]
	[204310,1]
	[203590,1]
	[201430,1]
	[199270,2]
	[209228,1]
	[206184,1]
	[208664,1]
	[203304,1]
	[201864,1]
	[201144,1]
	[199704,1]
	[198984,2]
	[771,152]
	[205895,1]
	[205175,1]
	[203015,1]
	[202295,1]
	[201575,1]
	[200855,1]
	[200135,1]
	[199415,1]
	[198695,3]
	[209203,1]
	[204163,1]
	[202723,1]
	[202003,1]
	[200563,1]
	[202560,1]
	[207432,1]
	[199123,2]
	[774,133]
	[209546,1]
	[206028,1]
	[203148,1]
	[200988,2]
	[200268,3]
	[777,139]
	[205730,1]
	[202130,1]
	[201410,1]
	[200690,1]
	[783,132]
	[208326,1]
	[204709,1]
	[201829,1]
	[200389,2]
	[780,148]
	[786,138]
	[208005,1]
	[205845,2]
	[204405,1]
	[202965,1]
	[202245,1]
	[201525,2]
	[200805,1]
	[210578,1]
	[210004,1]
	[209137,1]
	[206978,1]
	[206258,1]
	[203378,2]
	[202658,2]
	[201938,1]
	[201218,1]
	[207085,1]
	[207388,1]
	[206668,1]
	[212358,1]
	[205948,1]
	[205228,1]
	[210321,1]
	[203068,1]
	[202348,1]
	[201628,1]
	[789,150]
	[792,144]
	[208515,2]
	[203475,2]
	[202755,1]
	[202035,3]
	[798,130]
	[213052,1]
	[208919,1]
	[207479,1]
	[206039,1]
	[205319,2]
	[204599,3]
	[203159,1]
	[202439,1]
	[795,142]
	[801,132]
	[212920,1]
	[212187,1]
	[209320,1]
	[207160,1]
	[205000,1]
	[204280,1]
	[207444,1]
	[203560,1]
	[202840,2]
	[804,135]
	[213122,1]
	[207558,1]
	[205398,2]
	[213680,1]
	[807,153]
	[212993,1]
	[213397,1]
	[211597,1]
	[209393,1]
	[211471,1]
	[208673,2]
	[211975,1]
	[207233,1]
	[209182,1]
	[206513,1]
	[810,131]
	[211225,1]
	[209785,1]
	[209065,2]
	[207625,1]
	[207930,1]
	[207990,1]
	[204745,1]
	[204025,2]
	[214778,1]
	[214145,1]
	[210894,1]
	[208014,2]
	[205134,2]
	[204414,1]
	[215584,1]
	[210560,1]
	[209840,1]
	[209120,1]
	[207680,2]
	[206960,2]
	[206240,1]
	[205520,1]
	[813,141]
	[214543,1]
	[213823,1]
	[215253,1]
	[213103,1]
	[210943,1]
	[209503,1]
	[207343,1]
	[205903,1]
	[205183,1]
	[204463,2]
	[819,117]
	[822,132]
	[212763,1]
	[212043,1]
	[209883,1]
	[208443,1]
	[206283,1]
	[825,146]
	[216973,3]
	[216175,1]
	[213860,1]
	[215287,1]
	[212420,2]
	[209540,1]
	[208100,2]
	[206660,1]
	[205940,3]
	[205220,1]
	[828,143]
	[209914,1]
	[209194,2]
	[216330,1]
	[208474,2]
	[207034,2]
	[831,146]
	[212445,1]
	[211005,1]
	[208845,1]
	[208125,1]
	[207405,2]
	[206685,1]
	[205965,2]
	[834,136]
	[215989,1]
	[217123,1]
	[215755,1]
	[217090,1]
	[212093,1]
	[210653,1]
	[209213,2]
	[208493,1]
	[207773,1]
	[208447,1]
	[207053,2]
	[206333,1]
	[212458,1]
	[209578,1]
	[207418,2]
	[206698,1]
	[840,132]
	[214980,3]
	[214260,3]
	[212100,1]
	[211380,1]
	[210660,1]
	[209940,1]
	[209220,1]
	[215624,1]
	[207780,2]
	[207060,1]
	[837,129]
	[843,132]
	[217030,1]
	[213899,2]
	[212459,1]
	[211739,1]
	[215905,1]
	[210299,2]
	[208859,2]
	[208139,1]
	[846,134]
	[214975,1]
	[216333,1]
	[209935,1]
	[209215,1]
	[208495,3]
	[207775,1]
	[849,134]
	[218501,1]
	[213888,1]
	[213168,1]
	[210288,1]
	[208128,1]
	[852,104]
	[216398,1]
	[215968,1]
	[214238,1]
	[211358,1]
	[210638,1]
	[209918,2]
	[218905,1]
	[215305,1]
	[214585,1]
	[213865,1]
	[213145,2]
	[212425,1]
	[211705,1]
	[210265,1]
	[209545,1]
	[208825,2]
	[855,120]
	[858,123]
	[217089,1]
	[215649,1]
	[220619,1]
	[212769,1]
	[212049,2]
	[211329,1]
	[210609,1]
	[209169,2]
	[861,132]
	[219590,2]
	[218870,1]
	[213110,1]
	[212390,1]
	[210950,1]
	[210230,2]
	[209510,1]
	[218488,1]
	[217048,1]
	[213448,1]
	[212008,2]
	[210568,2]
	[209848,1]
	[867,120]
	[220263,2]
	[219543,1]
	[221216,1]
	[218387,1]
	[215223,2]
	[214503,4]
	[213783,1]
	[212343,2]
	[210903,2]
	[209463,3]
	[870,123]
	[214835,1]
	[214115,2]
	[213395,1]
	[211955,2]
	[210515,1]
	[209795,1]
	[873,119]
	[220204,1]
	[220281,1]
	[221601,1]
	[217324,1]
	[216604,2]
	[214444,2]
	[213004,1]
	[212284,1]
	[211564,2]
	[210844,1]
	[210124,2]
	[876,134]
	[220530,1]
	[221237,1]
	[219090,1]
	[217650,1]
	[215490,1]
	[213330,3]
	[220907,1]
	[211170,1]
	[210450,1]
	[879,124]
	[220133,2]
	[218693,1]
	[215813,1]
	[213653,1]
	[212933,2]
	[212213,2]
	[211493,2]
	[882,118]
	[220453,1]
	[219733,2]
	[217573,1]
	[215413,1]
	[214693,1]
	[213253,1]
	[212533,2]
	[211813,1]
	[211093,1]
	[885,119]
	[221490,1]
	[220770,1]
	[220050,2]
	[219330,1]
	[218610,2]
	[217890,1]
	[215730,2]
	[215010,2]
	[214290,1]
	[211410,1]
	[888,122]
	[223585,1]
	[219644,1]
	[218924,1]
	[218204,1]
	[215324,1]
	[214604,1]
	[213884,1]
	[213164,2]
	[212444,2]
	[891,117]
	[223555,1]
	[222835,1]
	[219955,1]
	[217075,1]
	[222039,1]
	[216355,1]
	[215635,1]
	[214915,1]
	[214195,1]
	[213475,1]
	[212755,1]
	[894,118]
	[218823,1]
	[217383,1]
	[216663,1]
	[215943,1]
	[897,110]
	[221288,2]
	[218408,1]
	[216968,1]
	[214808,2]
	[214088,1]
	[212648,2]
	[900,109]
	[221590,1]
	[220150,1]
	[218710,1]
	[216550,1]
	[215110,1]
	[214390,1]
	[212950,1]
	[903,116]
	[219729,1]
	[224150,1]
	[218289,1]
	[216849,2]
	[216129,1]
	[215409,1]
	[906,115]
	[225811,1]
	[222868,1]
	[218585,1]
	[217865,1]
	[217145,1]
	[216425,1]
	[214985,1]
	[214265,1]
	[213545,2]
	[221758,1]
	[220318,1]
	[218878,1]
	[217438,1]
	[220524,1]
	[215998,1]
	[214558,1]
	[213838,2]
	[909,101]
	[224208,1]
	[224198,1]
	[219888,1]
	[219168,1]
	[217728,2]
	[216288,1]
	[215568,2]
	[214848,1]
	[213408,1]
	[915,104]
	[223055,1]
	[222335,1]
	[221615,1]
	[220175,1]
	[218735,2]
	[217295,1]
	[216575,1]
	[215135,1]
	[213695,1]
	[918,106]
	[227172,1]
	[225804,1]
	[224779,2]
	[221179,1]
	[219739,1]
	[218299,1]
	[222414,1]
	[216859,1]
	[216139,2]
	[215419,1]
	[214699,1]
	[226437,1]
	[213979,1]
	[218343,1]
	[921,102]
	[225060,2]
	[222900,2]
	[221460,1]
	[220740,1]
	[220020,1]
	[219300,2]
	[217860,1]
	[217140,1]
	[216420,1]
	[924,128]
	[222458,1]
	[221738,1]
	[220298,1]
	[225022,1]
	[218858,2]
	[218138,1]
	[217418,2]
	[215978,1]
	[215258,1]
	[214538,1]
	[927,107]
	[226218,1]
	[219133,2]
	[217693,1]
	[216253,4]
	[222504,1]
	[227319,1]
	[215533,1]
	[214813,1]
	[930,111]
	[222285,2]
	[220845,1]
	[220125,1]
	[217245,2]
	[215805,1]
	[215085,3]
	[933,98]
	[228532,1]
	[223274,1]
	[220394,1]
	[218954,1]
	[216074,2]
	[215354,2]
	[222820,1]
	[221380,1]
	[219940,2]
	[221100,1]
	[218500,2]
	[216340,1]
	[215620,1]
	[936,99]
	[939,108]
	[225963,1]
	[226934,1]
	[223083,1]
	[220923,1]
	[220203,1]
	[219483,1]
	[218763,1]
	[218043,2]
	[217323,1]
	[215883,1]
	[942,125]
	[224063,1]
	[220463,1]
	[219743,1]
	[218303,1]
	[217583,2]
	[216863,1]
	[216143,3]
	[228225,4]
	[225040,1]
	[222880,1]
	[222160,1]
	[221440,1]
	[220720,2]
	[220000,1]
	[217840,2]
	[217120,1]
	[216400,2]
	[948,107]
	[229178,1]
	[228174,1]
	[227454,1]
	[225294,1]
	[223854,2]
	[222719,1]
	[220254,1]
	[219534,2]
	[218814,1]
	[220991,1]
	[226739,1]
	[217374,1]
	[945,104]
	[951,106]
	[226265,1]
	[224105,1]
	[221945,2]
	[221225,1]
	[220505,1]
	[225604,1]
	[219785,1]
	[221818,1]
	[217625,1]
	[216905,2]
	[954,90]
	[225073,1]
	[230091,1]
	[221473,1]
	[220753,1]
	[219313,1]
	[218593,2]
	[217873,1]
	[217153,3]
	[957,100]
	[225318,3]
	[221718,2]
	[220998,1]
	[220278,1]
	[218118,2]
	[217398,2]
	[230413,1]
	[225560,1]
	[226240,1]
	[223400,1]
	[221960,3]
	[220520,3]
	[218360,1]
	[217640,1]
	[216920,1]
	[963,95]
	[230727,1]
	[227239,2]
	[226519,1]
	[225799,1]
	[225079,1]
	[222199,1]
	[221479,1]
	[220039,2]
	[219319,1]
	[217159,1]
	[227475,2]
	[230312,1]
	[225315,1]
	[223875,1]
	[230195,1]
	[220275,1]
	[218835,1]
	[218115,1]
	[217395,1]
	[966,103]
	[969,106]
	[226988,1]
	[226268,1]
	[224108,2]
	[223388,1]
	[222668,1]
	[221948,1]
	[221228,1]
	[220508,2]
	[220558,1]
	[226039,1]
	[217628,1]
	[972,99]
	[230818,1]
	[227218,2]
	[225778,1]
	[224338,1]
	[223618,1]
	[222898,1]
	[222178,1]
	[221458,2]
	[220738,1]
	[220018,1]
	[219298,1]
	[218578,1]
	[217858,2]
	[975,102]
	[229605,1]
	[226725,1]
	[224565,1]
	[226529,1]
	[221685,1]
	[220965,2]
	[220245,1]
	[220244,1]
	[219525,1]
	[218805,3]
	[218085,2]
	[978,100]
	[232207,1]
	[229829,2]
	[228389,1]
	[225509,1]
	[224789,1]
	[228232,1]
	[223349,1]
	[222629,1]
	[221909,1]
	[221189,1]
	[220469,1]
	[219749,1]
	[219029,3]
	[218309,2]
	[230050,1]
	[228610,1]
	[225730,1]
	[224290,1]
	[223570,2]
	[219250,1]
	[218530,1]
	[981,86]
	[984,79]
	[228828,1]
	[228108,2]
	[226668,1]
	[229970,1]
	[223068,1]
	[222348,1]
	[221628,1]
	[223229,1]
	[220188,1]
	[219468,1]
	[218748,2]
	[987,99]
	[229043,1]
	[227603,2]
	[226883,2]
	[225443,1]
	[224723,1]
	[222563,1]
	[221843,2]
	[221123,2]
	[219683,3]
	[218963,1]
	[990,77]
	[229975,1]
	[229255,1]
	[227815,1]
	[226375,1]
	[225655,1]
	[223495,1]
	[222775,2]
	[222055,1]
	[219175,1]
	[993,82]
	[232344,1]
	[231624,2]
	[229464,2]
	[228744,1]
	[228024,2]
	[226584,2]
	[225864,1]
	[226832,1]
	[225144,3]
	[224424,1]
	[223704,1]
	[222264,2]
	[221544,2]
	[220823,1]
	[220104,1]
	[231110,1]
	[231256,1]
	[228950,1]
	[227510,1]
	[232774,1]
	[225350,2]
	[223910,1]
	[220310,3]
	[996,89]
	[999,89]
	[229153,1]
	[224833,2]
	[224113,3]
	[223393,1]
	[221233,2]
	[222051,1]
	[219793,2]
	[1002,92]
	[227913,1]
	[226473,2]
	[225033,2]
	[222873,1]
	[222153,5]
	[221433,1]
	[220713,2]
	[219993,3]
	[1005,91]
	[230990,2]
	[230512,1]
	[229550,2]
	[228830,1]
	[228154,1]
	[224510,2]
	[223790,4]
	[221630,1]
	[220910,1]
	[220190,1]
	[226864,1]
	[225424,2]
	[222544,2]
	[220384,1]
	[1011,73]
	[232095,1]
	[231375,1]
	[230655,1]
	[229215,1]
	[227055,1]
	[226335,1]
	[225615,3]
	[224895,2]
	[224175,1]
	[222735,1]
	[222015,2]
	[221295,1]
	[222161,1]
	[1014,72]
	[233723,1]
	[229403,1]
	[227963,1]
	[227243,1]
	[225803,1]
	[225083,1]
	[223643,3]
	[222203,2]
	[222202,1]
	[221483,2]
	[220763,1]
	[220043,2]
	[1017,82]
	[230308,1]
	[229588,1]
	[228868,1]
	[228148,1]
	[227428,2]
	[225988,1]
	[228321,1]
	[231672,1]
	[224548,2]
	[223108,1]
	[221668,1]
	[220948,1]
	[220228,1]
	[230490,1]
	[229770,1]
	[229050,1]
	[228330,1]
	[227610,1]
	[225450,1]
	[222570,1]
	[221850,1]
	[221130,2]
	[220410,1]
	[1020,78]
	[232829,1]
	[231389,1]
	[229949,1]
	[227789,1]
	[224189,3]
	[223469,3]
	[221309,3]
	[220589,1]
	[1023,82]
	[1026,80]
	[230845,1]
	[230125,1]
	[228685,1]
	[227245,1]
	[226525,2]
	[225085,2]
	[224365,1]
	[222205,2]
	[220765,1]
	[233178,1]
	[232982,1]
	[235034,1]
	[228138,1]
	[233102,1]
	[227418,1]
	[225258,1]
	[224538,3]
	[223098,1]
	[220938,2]
	[1029,69]
	[1032,84]
	[232628,1]
	[230468,1]
	[229028,1]
	[227588,1]
	[226868,1]
	[226148,1]
	[223988,2]
	[223268,2]
	[222548,2]
	[221828,2]
	[221108,1]
	[1035,71]
	[235239,1]
	[229195,1]
	[227755,2]
	[226315,2]
	[225595,2]
	[224875,2]
	[223435,1]
	[221995,2]
	[234123,1]
	[221275,1]
	[1038,78]
	[234770,1]
	[232959,1]
	[229359,1]
	[228639,1]
	[227919,1]
	[227199,2]
	[226479,1]
	[225759,1]
	[225039,1]
	[224319,1]
	[222159,2]
	[221439,3]
	[1041,83]
	[233120,2]
	[232400,1]
	[231680,2]
	[229520,2]
	[228800,1]
	[228080,2]
	[227360,1]
	[226640,1]
	[225200,1]
	[224480,2]
	[222320,1]
	[1044,73]
	[234144,1]
	[233278,1]
	[232558,1]
	[231118,2]
	[229678,1]
	[228238,1]
	[226798,2]
	[226078,1]
	[225358,1]
	[224638,1]
	[223198,1]
	[222478,1]
	[1047,75]
	[234153,1]
	[233433,1]
	[231993,1]
	[230553,1]
	[228393,2]
	[226953,1]
	[225513,1]
	[224073,1]
	[223353,2]
	[222633,2]
	[221913,3]
	[1050,71]
	[232435,1]
	[229265,1]
	[236299,1]
	[227825,1]
	[227105,2]
	[225665,1]
	[223505,1]
	[224371,1]
	[222785,5]
	[1053,58]
	[236460,1]
	[235174,1]
	[231574,3]
	[230134,2]
	[229414,2]
	[228694,1]
	[227974,5]
	[222934,3]
	[222214,2]
	[237026,1]
	[231152,1]
	[228120,2]
	[227400,2]
	[226680,3]
	[224520,1]
	[223080,1]
	[232124,1]
	[234023,1]
	[234820,1]
	[230423,1]
	[229703,1]
	[228983,1]
	[236689,1]
	[228263,1]
	[227543,1]
	[226823,1]
	[226103,2]
	[224663,1]
	[223223,1]
	[222503,3]
	[221783,2]
	[1059,62]
	[232723,1]
	[232003,1]
	[230563,1]
	[229843,2]
	[227683,1]
	[225523,1]
	[224803,4]
	[224083,2]
	[223363,1]
	[1065,63]
	[236459,1]
	[235020,1]
	[233580,1]
	[232860,1]
	[230700,1]
	[237014,1]
	[229260,1]
	[228540,1]
	[227820,1]
	[227100,1]
	[226380,1]
	[225660,2]
	[224940,1]
	[224220,2]
	[223500,2]
	[222780,1]
	[222060,2]
	[1062,64]
	[1068,54]
	[233875,1]
	[230114,1]
	[229394,1]
	[228674,2]
	[225794,1]
	[223634,1]
	[232678,1]
	[222194,1]
	[1071,68]
	[234565,1]
	[233845,1]
	[232405,1]
	[230965,1]
	[230245,2]
	[229525,1]
	[228085,2]
	[226645,1]
	[225925,1]
	[225205,1]
	[224485,3]
	[223765,1]
	[223045,2]
	[222325,1]
	[236853,1]
	[232533,1]
	[231093,1]
	[230373,1]
	[228933,1]
	[228213,1]
	[226773,3]
	[225333,3]
	[224613,2]
	[223893,1]
	[223173,2]
	[222453,2]
	[1074,55]
	[236257,1]
	[234098,1]
	[234259,1]
	[231938,1]
	[232975,1]
	[230498,1]
	[229778,1]
	[228338,1]
	[226178,3]
	[225458,2]
	[224738,1]
	[224018,2]
	[223298,2]
	[222578,1]
	[234220,3]
	[233500,2]
	[232780,1]
	[230620,3]
	[229180,2]
	[228460,3]
	[226300,2]
	[225580,3]
	[224860,3]
	[224140,4]
	[223420,1]
	[1077,56]
	[1080,54]
	[1083,56]
	[231459,2]
	[229299,2]
	[228579,1]
	[227859,2]
	[227139,1]
	[225699,1]
	[224979,1]
	[224259,1]
	[223539,2]
	[222819,1]
	[1086,51]
	[234455,1]
	[233735,1]
	[231575,1]
	[230135,1]
	[228695,1]
	[227975,1]
	[226535,1]
	[225815,1]
	[224375,2]
	[223655,3]
	[222935,1]
	[1089,51]
	[235638,1]
	[233128,1]
	[231688,1]
	[230968,1]
	[230248,1]
	[228808,1]
	[231333,1]
	[228088,1]
	[227368,2]
	[226648,2]
	[225928,1]
	[231723,1]
	[225208,1]
	[224488,1]
	[223048,1]
	[238385,1]
	[231078,1]
	[228918,1]
	[228198,2]
	[227478,2]
	[226758,2]
	[226038,1]
	[224598,1]
	[223878,1]
	[223158,1]
	[1092,54]
	[1095,40]
	[237665,1]
	[236945,1]
	[236225,1]
	[233345,1]
	[232625,1]
	[231905,1]
	[231185,1]
	[229025,2]
	[228305,1]
	[226865,2]
	[226145,1]
	[225425,1]
	[224705,1]
	[223265,2]
	[1098,54]
	[235609,1]
	[234889,1]
	[234169,1]
	[236319,1]
	[231289,1]
	[230569,1]
	[229849,1]
	[226249,1]
	[225529,2]
	[224809,2]
	[224089,1]
	[223369,3]
	[1101,51]
	[238289,1]
	[234833,1]
	[230670,2]
	[229230,1]
	[227070,1]
	[225630,2]
	[224190,1]
	[223470,1]
	[236528,1]
	[235088,1]
	[233648,1]
	[234328,1]
	[232208,1]
	[231488,1]
	[230048,1]
	[231793,1]
	[228608,1]
	[234091,1]
	[227888,1]
	[225728,2]
	[224288,2]
	[222848,1]
	[1107,44]
	[236623,1]
	[235903,1]
	[235183,1]
	[233023,3]
	[238617,1]
	[230863,1]
	[229423,1]
	[237807,1]
	[228703,1]
	[227983,3]
	[227263,2]
	[226543,3]
	[225823,1]
	[223663,3]
	[222943,1]
	[1110,32]
	[238155,1]
	[237435,1]
	[234555,1]
	[233835,1]
	[233115,1]
	[230955,2]
	[229515,2]
	[228075,2]
	[227355,2]
	[226635,2]
	[225195,2]
	[223755,4]
	[223035,3]
	[1113,42]
	[236084,1]
	[232484,1]
	[231044,1]
	[230324,2]
	[229604,1]
	[228164,2]
	[226724,1]
	[226004,2]
	[225284,3]
	[224564,1]
	[223844,1]
	[1116,33]
	[237610,1]
	[235450,1]
	[234730,1]
	[234010,1]
	[233290,1]
	[231130,1]
	[233334,1]
	[229690,1]
	[228250,1]
	[227530,2]
	[226090,1]
	[225370,1]
	[224650,1]
	[223930,1]
	[223210,1]
	[235103,1]
	[234093,1]
	[233373,1]
	[231213,1]
	[230493,1]
	[234872,1]
	[235235,1]
	[227613,1]
	[226893,2]
	[226173,1]
	[225453,2]
	[224733,1]
	[227630,1]
	[223293,2]
	[1119,37]
	[1122,39]
	[237773,2]
	[236333,1]
	[234173,1]
	[233453,1]
	[232013,2]
	[228413,1]
	[227693,2]
	[226253,1]
	[225533,2]
	[224813,2]
	[224093,2]
	[223373,1]
	[1125,38]
	[235690,1]
	[232810,1]
	[232090,1]
	[230650,1]
	[234765,1]
	[229210,2]
	[228490,1]
	[227770,1]
	[227050,2]
	[226330,2]
	[225610,3]
	[224890,1]
	[1128,34]
	[236484,1]
	[235044,1]
	[232884,2]
	[232164,1]
	[231444,1]
	[230724,1]
	[227844,2]
	[227124,1]
	[226404,1]
	[225684,1]
	[224964,1]
	[223524,3]
	[223523,1]
	[1131,35]
	[239668,1]
	[232235,1]
	[231514,1]
	[230795,1]
	[230075,1]
	[228635,1]
	[227915,1]
	[227195,2]
	[226475,1]
	[225755,1]
	[225035,1]
	[224315,1]
	[223595,2]
	[233233,1]
	[1134,29]
	[234463,1]
	[231583,1]
	[230143,2]
	[225103,3]
	[1137,28]
	[235968,1]
	[235248,1]
	[231648,1]
	[230928,3]
	[229488,2]
	[228768,3]
	[228048,1]
	[227328,2]
	[226608,4]
	[225888,1]
	[225168,2]
	[224448,2]
	[223728,2]
	[1140,28]
	[236750,2]
	[236030,1]
	[232430,1]
	[233434,1]
	[228110,1]
	[226670,1]
	[225950,3]
	[225230,1]
	[227158,1]
	[1143,28]
	[236089,1]
	[235369,1]
	[234649,1]
	[233209,2]
	[232489,1]
	[230329,2]
	[228889,1]
	[228169,2]
	[227449,2]
	[226009,1]
	[225289,3]
	[223849,2]
	[1146,25]
	[238305,1]
	[238718,1]
	[233985,1]
	[230385,2]
	[229665,2]
	[228945,1]
	[227505,1]
	[226785,1]
	[226065,1]
	[237242,1]
	[225345,1]
	[224625,2]
	[223905,1]
	[1149,24]
	[239827,1]
	[238358,1]
	[234758,1]
	[234038,1]
	[233318,2]
	[231878,2]
	[238447,1]
	[228278,2]
	[226838,1]
	[226118,3]
	[225398,2]
	[224678,2]
	[237688,1]
	[236968,1]
	[234808,1]
	[234088,1]
	[233368,1]
	[232648,3]
	[229768,1]
	[229048,1]
	[228328,1]
	[226888,1]
	[229497,1]
	[226168,1]
	[225448,2]
	[224728,2]
	[224008,1]
	[223288,1]
	[1155,24]
	[236295,1]
	[234855,1]
	[233415,1]
	[230535,1]
	[229815,1]
	[229095,1]
	[228375,1]
	[227655,1]
	[226935,2]
	[226215,2]
	[225495,1]
	[224055,3]
	[223335,3]
	[1158,23]
	[239884,1]
	[235619,1]
	[234179,1]
	[233459,1]
	[232739,2]
	[231299,1]
	[230579,1]
	[229859,1]
	[229139,2]
	[228419,1]
	[227699,1]
	[225539,2]
	[224819,3]
	[224099,2]
	[223379,2]
	[1161,28]
	[238143,1]
	[232060,1]
	[229900,1]
	[1164,29]
	[238676,1]
	[237138,1]
	[235698,1]
	[232818,1]
	[230658,2]
	[229938,1]
	[228498,1]
	[227778,1]
	[227058,1]
	[226338,1]
	[225618,1]
	[224178,1]
	[233816,1]
	[223458,3]
	[1167,16]
	[237893,1]
	[235013,1]
	[234293,1]
	[233573,1]
	[231413,2]
	[235144,1]
	[229973,2]
	[229253,1]
	[228533,1]
	[227813,2]
	[226373,2]
	[225653,2]
	[224933,1]
	[224213,2]
	[223493,1]
	[236485,1]
	[235765,1]
	[234325,1]
	[233605,2]
	[232885,2]
	[232165,1]
	[231445,1]
	[230725,1]
	[230005,1]
	[229285,2]
	[227845,2]
	[225685,2]
	[224245,1]
	[223525,3]
	[1173,10]
	[236514,1]
	[235794,1]
	[235074,1]
	[234740,1]
	[232194,1]
	[230754,1]
	[230034,1]
	[229314,1]
	[227874,3]
	[227154,2]
	[226434,1]
	[224994,2]
	[224274,5]
	[230672,1]
	[1170,13]
	[1176,14]
	[237980,1]
	[235100,1]
	[232940,1]
	[232220,1]
	[230060,3]
	[227900,1]
	[227180,1]
	[226460,1]
	[225020,1]
	[224300,3]
	[223580,2]
	[1179,10]
	[235843,1]
	[235123,1]
	[234403,1]
	[233683,1]
	[232963,1]
	[232243,2]
	[231523,1]
	[228643,1]
	[227923,1]
	[225763,2]
	[225043,3]
	[224323,2]
	[223603,1]
	[1182,10]
	[235143,1]
	[232263,1]
	[231543,2]
	[230823,1]
	[229383,2]
	[228663,2]
	[227943,1]
	[227223,4]
	[226503,2]
	[225783,3]
	[225063,1]
	[224343,1]
	[223623,3]
	[1185,6]
	[240229,1]
	[235880,1]
	[233000,1]
	[232280,1]
	[231560,1]
	[230840,1]
	[229400,2]
	[228680,1]
	[227240,1]
	[225800,1]
	[225080,1]
	[224360,1]
	[223640,2]
	[1188,9]
	[238774,1]
	[238054,2]
	[233734,1]
	[227254,2]
	[226534,1]
	[225814,1]
	[225094,1]
	[224374,1]
	[1191,4]
	[238065,1]
	[237345,1]
	[235905,1]
	[236489,1]
	[235185,1]
	[234465,1]
	[232305,2]
	[230865,2]
	[230145,1]
	[229425,1]
	[228705,1]
	[227985,1]
	[227265,5]
	[226545,1]
	[225825,2]
	[225105,2]
	[224385,4]
	[223665,1]
	[1194,5]
	[235193,1]
	[233033,2]
	[231593,1]
	[230873,1]
	[234679,1]
	[230153,2]
	[227993,1]
	[227273,2]
	[225833,1]
	[224393,1]
	[223673,1]
	[1197,1]

1648,
	[1,2274]
	[2,327]
	[3,38729]

1660,
	[19,1]
	[10,1]
	[136,4]
	[16,4]
	[85,4]
	[106,3]
	[31,1]
	[109,2]
	[199,1]
	[100,3]
	[163,3]
	[232,1]
	[46,1]
	[55,3]
	[154,3]
	[223,3]
	[82,4]
	[157,1]
	[166,5]
	[208,2]
	[310,2]
	[64,3]
	[184,2]
	[121,4]
	[355,2]
	[328,2]
	[151,2]
	[259,2]
	[190,1]
	[265,2]
	[142,2]
	[148,2]
	[298,2]
	[379,4]
	[343,3]
	[427,3]
	[424,1]
	[304,1]
	[211,1]
	[442,4]
	[7,1]
	[409,1]
	[367,2]
	[292,3]
	[37,3]
	[526,2]
	[553,2]
	[52,1]
	[79,3]
	[361,2]
	[271,1]
	[174345,1]
	[475,1]
	[541,2]
	[349,2]
	[388,2]
	[334,1]
	[214,2]
	[235,1]
	[514,1]
	[181099,1]
	[562,1]
	[613,2]
	[185208,1]
	[268,2]
	[403,2]
	[547,1]
	[295,1]
	[91,1]
	[559,1]
	[316,1]
	[325,1]
	[189724,1]
	[463,1]
	[505,2]
	[195620,1]
	[628,1]
	[373,1]
	[688,2]
	[391,2]
	[439,1]
	[283,1]
	[43,1]
	[454,1]
	[133,3]
	[160,2]
	[178,2]
	[253,3]
	[580,1]
	[28,1]
	[499,2]
	[586,1]
	[661,2]
	[210283,1]
	[210708,2]
	[211130,1]
	[772,3]
	[34,1]
	[88,2]
	[436,1]
	[115,1]
	[727,2]
	[358,2]
	[523,3]
	[751,1]
	[544,2]
	[739,2]
	[814,2]
	[218213,1]
	[646,2]
	[61,1]
	[538,1]
	[604,1]
	[811,2]
	[181,1]
	[472,2]
	[205,1]
	[700,1]
	[222724,1]
	[25,1]
	[13,2]
	[415,1]
	[823,2]
	[697,3]
	[412,1]
	[520,2]
	[868,1]
	[583,2]
	[652,1]
	[862,2]
	[895,1]
	[487,3]
	[709,2]
	[796,2]
	[856,2]
	[352,3]
	[595,1]
	[832,1]
	[730,1]
	[466,1]
	[667,1]
	[319,1]
	[778,2]
	[715,1]
	[382,1]
	[988,1]
	[679,1]
	[1006,1]
	[234230,2]
	[634,1]
	[718,1]
	[703,1]
	[760,1]
	[829,2]
	[919,1]
	[808,1]
	[217,1]
	[247,1]
	[1018,1]
	[970,1]
	[889,1]
	[277,1]
	[955,2]
	[886,1]
	[169,1]
	[394,1]
	[460,1]
	[745,1]
	[928,1]
	[256,1]
	[237933,1]
	[724,1]
	[508,1]
	[238299,1]
	[1066,1]
	[535,1]
	[532,1]
	[766,2]
	[781,1]
	[610,1]
	[802,1]
	[655,1]
	[1042,1]
	[775,1]
	[943,1]
	[229,1]
	[946,1]
	[1102,1]
	[240445,1]
	[757,1]
	[982,1]
	[240523,1]
	[240543,1]

1680,
	[1,281]
	[2,2]
	[98,3]
	[290,1]
	[146,2]
	[386,1]
	[482,2]
	[626,2]
	[578,1]
	[338,2]
	[50,1]
	[674,2]
	[434,1]
	[1010,1]
	[770,2]
	[722,1]

1608,
	[1,4]

1584,
	[4,1]

1580,
	[2,1]

len(carl_order):
37
Printing carl assignment order:
1608,1,1.0
1680,1,0.921311475409836
1580,2,0.5
1616,3,0.34983853606027987
1648,3,0.3469756118037191
1748,3,0.33511658915737097
1716,3,0.3333333333333333
1628,3,0.31981105633686707
1728,3,0.3112974283390114
1584,4,0.25
1680,2,0.08333333333333333
1728,4,0.010126582278481013
1680,1010,0.0022467320261437907
1660,1018,0.002087047262924475
1660,1066,0.0020325203252032522
1728,1144,0.0018336634061504127
1628,1149,0.0017552442563253587
1632,1176,0.0014676939648912925
1660,1102,0.0014619883040935672
1732,1165,0.0014560519639757556
1732,1174,0.0014354438237119801
1732,1180,0.0012940415269690018
1632,1182,0.0012621481761958854
1632,1188,0.0009531071292413268
1632,1194,0.0005749329244921426
1732,1186,0.0005328596802841918
1732,1192,0.0003563156957063959
1732,1195,0.00023792529145848205
1632,1197,0.00012810658467845247
1748,290,0.00012444001991040318
1748,2545,5.1042978187633985e-05
1728,24385,4.30274084591885e-05
1748,3693,3.629500580720093e-05
1748,219434,7.525082244241267e-06
1732,223238,6.247389163077503e-06
1632,240229,4.833845859449458e-06
1660,240543,4.667893631151862e-06
bin_width: 12815811
assigning lease 1 to address 1608
Average Cache Occupancy Per Bin: [1.99,1.99,0.0,1.99,1.99]
Total cost: 256.0
assigning lease 1 to address 1680
Average Cache Occupancy Per Bin: [0.00,0.00,0.00,0.00,0.00]
Total cost: 10496.0
assigning lease 2 to address 1580
Average Cache Occupancy Per Bin: [0.00,0.00,0.00,0.00,0.00]
Total cost: 10496.0
assigning lease 3 to address 1616
Average Cache Occupancy Per Bin: [0.00,0.00,0.00,0.00,0.00]
Total cost: 45568.0
assigning lease 3 to address 1648
Average Cache Occupancy Per Bin: [0.13,0.30,0.47,0.63,0.84]
Total cost: 1767424.0
assigning lease 3 to address 1748
Average Cache Occupancy Per Bin: [0.96,0.97,0.97,0.97,0.97]
Total cost: 12345344.0
assigning lease 3 to address 1716
Average Cache Occupancy Per Bin: [0.97,0.97,0.97,0.97,0.97]
Total cost: 12504320.0
assigning lease 3 to address 1628
Average Cache Occupancy Per Bin: [1.11,1.28,1.44,1.61,1.82]
Total cost: 14340096.0
assigning lease 3 to address 1728
Average Cache Occupancy Per Bin: [1.96,1.95,1.95,1.95,1.94]
Total cost: 25164544.0
assigning lease 4 to address 1584
Average Cache Occupancy Per Bin: [1.96,1.95,1.95,1.95,1.94]
Total cost: 25164544.0
assigning lease 2 to address 1680
Average Cache Occupancy Per Bin: [1.96,1.95,1.95,1.95,1.94]
Total cost: 25165568.0
assigning lease 4 to address 1728
Average Cache Occupancy Per Bin: [1.98,1.97,1.96,1.96,1.95]
Total cost: 25421312.0
assigning lease 1010 to address 1680
Average Cache Occupancy Per Bin: [1.99,1.99,2.04,1.97,2.03]
Total cost: 25556480.0
assigning lease 1018 to address 1660
Average Cache Occupancy Per Bin: [2.16,2.38,2.58,2.75,2.90]
Total cost: 27747584.0
assigning lease 1066 to address 1660
Average Cache Occupancy Per Bin: [2.16,2.38,2.58,2.75,2.90]
Total cost: 27747584.0
assigning lease 1144 to address 1728
Average Cache Occupancy Per Bin: [7.02,10.1,10.6,9.03,5.80]
Total cost: 90080768.0
assigning lease 1149 to address 1628
Average Cache Occupancy Per Bin: [7.57,12.2,14.8,16.7,18.5]
Total cost: 97103360.0
addr: 1632 ri: 1176
bin target: 1640423808
	bin: 3.0 current capacity: 16.73696592435703  avg impact: 146.91296805172922
	bin: 4.0 current capacity: 18.561911688616508  avg impact: 224.87133120174758
num_full_bins: 0
printing bin ranks sorted:
	bin: 4.0 rank: 0.4866698112495231
	selecting this^ bin
	bin: 3.0 rank: 0.7573397743653669
acceptable_ratio: 0.4866698112495231
Assigning 1632 dual lease lease 1176 * 0.4866698112495231. Bin saturation: [14.7,35.1,59.2,88.2,128.]
addr: 1660 ri: 1102
bin target: 1640423808
	bin: 4.0 current capacity: 128.0  avg impact: 0.004314670370841143
num_full_bins: 1
printing bin ranks sorted:
	bin: 4.0 rank: 0.0
acceptable_ratio: 0
addr: 1732 ri: 1165
bin target: 1640423808
	bin: 1.0 current capacity: 35.177261938197724  avg impact: 139.07722702839484
	bin: 2.0 current capacity: 59.239958462133316  avg impact: 136.3506749592359
	bin: 3.0 current capacity: 88.23507235619931  avg impact: 108.53779039032332
	bin: 4.0 current capacity: 128.0  avg impact: 47.12984359710049
num_full_bins: 1
printing bin ranks sorted:
	bin: 4.0 rank: 0.0
	bin: 3.0 rank: 0.36636942304425174
	bin: 2.0 rank: 0.5042882373587336
	bin: 1.0 rank: 0.6674186712311357
acceptable_ratio: 0
addr: 1732 ri: 1174
bin target: 1640423808
	bin: 1.0 current capacity: 35.177261938197724  avg impact: 139.20954358643397
	bin: 2.0 current capacity: 59.239958462133316  avg impact: 136.45548549366092
	bin: 3.0 current capacity: 88.23507235619931  avg impact: 108.60862289557797
	bin: 4.0 current capacity: 128.0  avg impact: 47.17173185528407
num_full_bins: 1
printing bin ranks sorted:
	bin: 4.0 rank: 0.0
	bin: 3.0 rank: 0.36613048378334356
	bin: 2.0 rank: 0.5039008969783113
	bin: 1.0 rank: 0.6667842999152531
acceptable_ratio: 0
addr: 1732 ri: 1180
bin target: 1640423808
	bin: 1.0 current capacity: 35.177261938197724  avg impact: 139.29775462512671
	bin: 2.0 current capacity: 59.239958462133316  avg impact: 136.5253591832776
	bin: 3.0 current capacity: 88.23507235619931  avg impact: 108.65584456574773
	bin: 4.0 current capacity: 128.0  avg impact: 47.19600187612005
num_full_bins: 1
printing bin ranks sorted:
	bin: 4.0 rank: 0.0
	bin: 3.0 rank: 0.3659713640138235
	bin: 2.0 rank: 0.5036430004594253
	bin: 1.0 rank: 0.6663620552363073
acceptable_ratio: 0
addr: 1632 ri: 1182
bin target: 1640423808
	bin: 2.0 current capacity: 59.239958462133316  avg impact: 91.18366680032969
	bin: 3.0 current capacity: 88.23507235619931  avg impact: 146.994107825092
	bin: 4.0 current capacity: 128.0  avg impact: 224.98638907830335
num_full_bins: 1
printing bin ranks sorted:
	bin: 4.0 rank: 0.0
	bin: 3.0 rank: 0.27052055508998296
	bin: 2.0 rank: 0.7540828741668686
acceptable_ratio: 0
addr: 1632 ri: 1188
bin target: 1640423808
	bin: 2.0 current capacity: 59.239958462133316  avg impact: 91.24515085311417
	bin: 3.0 current capacity: 88.23507235619931  avg impact: 147.07524759845475
	bin: 4.0 current capacity: 128.0  avg impact: 225.0992896196737
num_full_bins: 1
printing bin ranks sorted:
	bin: 4.0 rank: 0.0
	bin: 3.0 rank: 0.2703713119176043
	bin: 2.0 rank: 0.7535747477535123
acceptable_ratio: 0
addr: 1632 ri: 1194
bin target: 1640423808
	bin: 2.0 current capacity: 59.239958462133316  avg impact: 91.30663490589866
	bin: 3.0 current capacity: 88.23507235619931  avg impact: 147.15638737181752
	bin: 4.0 current capacity: 128.0  avg impact: 225.2105122336776
num_full_bins: 1
printing bin ranks sorted:
	bin: 4.0 rank: 0.0
	bin: 3.0 rank: 0.2702222333260148
	bin: 2.0 rank: 0.7530673056643838
acceptable_ratio: 0
addr: 1732 ri: 1186
bin target: 1640423808
	bin: 1.0 current capacity: 35.177261938197724  avg impact: 139.3859656638195
	bin: 2.0 current capacity: 59.239958462133316  avg impact: 136.59523287289426
	bin: 3.0 current capacity: 88.23507235619931  avg impact: 108.70306623591749
	bin: 4.0 current capacity: 128.0  avg impact: 47.21805463579324
num_full_bins: 1
printing bin ranks sorted:
	bin: 4.0 rank: 0.0
	bin: 3.0 rank: 0.3658123824906572
	bin: 2.0 rank: 0.5033853677884195
	bin: 1.0 rank: 0.6659403449962707
acceptable_ratio: 0
addr: 1732 ri: 1192
bin target: 1640423808
	bin: 1.0 current capacity: 35.177261938197724  avg impact: 139.47417670251224
	bin: 2.0 current capacity: 59.239958462133316  avg impact: 136.66510656251094
	bin: 3.0 current capacity: 88.23507235619931  avg impact: 108.75028790608725
	bin: 4.0 current capacity: 128.0  avg impact: 47.23908865385109
num_full_bins: 1
printing bin ranks sorted:
	bin: 4.0 rank: 0.0
	bin: 3.0 rank: 0.3656535390337561
	bin: 2.0 rank: 0.5031279985605959
	bin: 1.0 rank: 0.6655191681811186
acceptable_ratio: 0
addr: 1732 ri: 1195
bin target: 1640423808
	bin: 1.0 current capacity: 35.177261938197724  avg impact: 139.5182822218586
	bin: 2.0 current capacity: 59.239958462133316  avg impact: 136.7000434073193
	bin: 3.0 current capacity: 88.23507235619931  avg impact: 108.77389874117213
	bin: 4.0 current capacity: 128.0  avg impact: 47.24933599598184
num_full_bins: 1
printing bin ranks sorted:
	bin: 4.0 rank: 0.0
	bin: 3.0 rank: 0.3655741690239629
	bin: 2.0 rank: 0.5029994126116356
	bin: 1.0 rank: 0.6653087794916928
acceptable_ratio: 0
addr: 1632 ri: 1197
bin target: 1640423808
	bin: 2.0 current capacity: 59.239958462133316  avg impact: 91.33737693229091
	bin: 3.0 current capacity: 88.23507235619931  avg impact: 147.19695725849888
	bin: 4.0 current capacity: 128.0  avg impact: 225.26570405883794
num_full_bins: 1
printing bin ranks sorted:
	bin: 4.0 rank: 0.0
	bin: 3.0 rank: 0.27014775566296384
	bin: 2.0 rank: 0.7528138408095411
acceptable_ratio: 0
addr: 1748 ri: 290
bin target: 1640423808
	bin: 4.0 current capacity: 128.0  avg impact: 0.00573291850199726
num_full_bins: 1
printing bin ranks sorted:
	bin: 4.0 rank: 0.0
acceptable_ratio: 0
addr: 1748 ri: 2545
bin target: 1640423808
	bin: 4.0 current capacity: 128.0  avg impact: 0.02203278434739713
num_full_bins: 1
printing bin ranks sorted:
	bin: 4.0 rank: 0.0
acceptable_ratio: 0
assigning lease 24385 to address 1728
Average Cache Occupancy Per Bin: [15.2,35.1,59.2,88.2,128.]
Total cost: 195457590.34541857
addr: 1748 ri: 3693
bin target: 1640423808
	bin: 4.0 current capacity: 128.0  avg impact: 0.02203278434739713
num_full_bins: 1
printing bin ranks sorted:
	bin: 4.0 rank: 0.0
acceptable_ratio: 0
addr: 1748 ri: 219434
bin target: 1640423808
	bin: 4.0 current capacity: 128.0  avg impact: 0.02203278434739713
num_full_bins: 1
printing bin ranks sorted:
	bin: 4.0 rank: 0.0
acceptable_ratio: 0
addr: 1732 ri: 223238
bin target: 1640423808
	bin: 0.0 current capacity: 15.251285333828548  avg impact: 1893.285828263229
	bin: 1.0 current capacity: 35.177261938197724  avg impact: 2573.6253694752522
	bin: 2.0 current capacity: 59.239958462133316  avg impact: 2433.357992560908
	bin: 3.0 current capacity: 88.23507235619931  avg impact: 1792.4682815625167
	bin: 4.0 current capacity: 128.0  avg impact: 792.7414385246474
num_full_bins: 1
printing bin ranks sorted:
	bin: 4.0 rank: 0.0
	bin: 3.0 rank: 0.022184452608074664
	bin: 2.0 rank: 0.028257264959810718
	bin: 1.0 rank: 0.036066919126122976
	bin: 0.0 rank: 0.05955187166303327
acceptable_ratio: 0
addr: 1632 ri: 240229
bin target: 1640423808
	bin: 0.0 current capacity: 15.251285333828548  avg impact: 395.76705492925885
	bin: 1.0 current capacity: 35.177261938197724  avg impact: 1182.722440585305
	bin: 2.0 current capacity: 59.239958462133316  avg impact: 2168.243431180438
	bin: 3.0 current capacity: 88.23507235619931  avg impact: 3124.864100445926
	bin: 4.0 current capacity: 128.0  avg impact: 4402.604291839198
num_full_bins: 1
printing bin ranks sorted:
	bin: 4.0 rank: 0.0
	bin: 3.0 rank: 0.012725330243361987
	bin: 2.0 rank: 0.031712325539218746
	bin: 1.0 rank: 0.07848226674034037
	bin: 0.0 rank: 0.2848865595604583
acceptable_ratio: 0
addr: 1660 ri: 240543
bin target: 1640423808
	bin: 4.0 current capacity: 128.0  avg impact: 23.819557264070138
num_full_bins: 1
printing bin ranks sorted:
	bin: 4.0 rank: 0.0
acceptable_ratio: 0
Final saturation:
	0.0,195457590.34541857
	1.0,450825140.4974357
	2.0,759208111.2985512
	3.0,1130804010.888375
	4.0,1640423808.0
DUMP LEASES
0, 6c4, 1, 0, 1 
0, 6d4, 3, 0, 1 
0, 6b4, 3, 0, 1 
0, 6c0, 5f41, 0, 1 
0, 65c, 47d, 0, 1 
0, 650, 3, 0, 1 
0, 660, 1, 498, 0.5133301887504769 
0, 670, 3, 0, 1 
0, 67c, 42a, 0, 1 
0, 690, 3f2, 0, 1 
0, 648, 1, 0, 1 
0, 630, 4, 0, 1 
0, 62c, 2, 0, 1 
Dump dual leases

