sample rate: 0.00390625
1824,
	[1,272]
	[25090,1]
	[66,1]
	[47041,1]
	[50449,1]
	[51490,1]
	[64121,1]
	[72274,1]
	[76882,1]
	[77385,1]
	[81982,1]
	[86270,1]
	[90625,1]
	[97598,1]
	[99865,1]
	[102545,1]
	[322,1]
	[120177,1]
	[121278,1]
	[121310,1]
	[125489,1]
	[125858,1]
	[129950,1]
	[131641,1]
	[134161,1]
	[138729,1]
	[139065,1]
	[141705,1]

1784,
	[1,3]
	[3,1]
	[5,2]
	[7,1]
	[9,1]
	[11,2]
	[13,1]
	[15,1]
	[17,2]
	[21,2]
	[23,4]
	[27,2]
	[29,2]
	[31,3]
	[33,3]
	[35,3]
	[37,1]
	[39,1]
	[41,2]
	[43,4]
	[45,3]
	[47,1]
	[53,3]
	[55,3]
	[57,2]
	[59,1]
	[61,1]
	[63,2]
	[65,3]
	[67,2]
	[71,1]
	[73,3]
	[79,6]
	[81,1]
	[83,1]
	[85,2]
	[87,1]
	[89,2]
	[91,1]
	[93,2]
	[95,1]
	[97,1]
	[101,3]
	[103,2]
	[105,5]
	[107,1]
	[109,2]
	[113,1]
	[115,2]
	[117,1]
	[123,5]
	[125,1]
	[127,2]
	[129,2]
	[131,1]
	[133,2]
	[137,1]
	[141,2]
	[143,1]
	[151,1]
	[153,1]
	[159,1]
	[161,1]
	[163,1]
	[165,1]
	[167,3]
	[173,3]
	[177,2]
	[183,4]
	[185,3]
	[191,1]
	[193,1]
	[195,1]
	[199,1]
	[201,5]
	[203,3]
	[205,1]
	[207,2]
	[209,1]
	[211,1]
	[213,2]
	[215,2]
	[217,1]
	[219,1]
	[227,1]
	[229,4]
	[233,1]
	[225,1]
	[237,3]
	[243,3]
	[245,2]
	[247,4]
	[249,1]
	[251,1]
	[255,2]
	[257,1]
	[259,1]
	[261,2]
	[265,1]
	[267,2]
	[271,1]
	[273,1]
	[275,1]
	[279,1]
	[285,1]
	[289,2]
	[293,2]
	[299,2]
	[301,2]
	[305,3]
	[307,1]
	[309,1]
	[315,1]
	[317,1]
	[321,2]
	[323,2]
	[325,3]
	[329,2]
	[331,1]
	[339,1]
	[341,1]
	[349,1]
	[351,2]
	[357,1]
	[359,2]
	[361,3]
	[363,1]
	[369,4]
	[373,3]
	[353,1]
	[379,1]
	[383,1]
	[385,1]
	[391,3]
	[395,1]
	[399,1]
	[403,2]
	[409,1]
	[411,1]
	[413,1]
	[415,1]
	[419,2]
	[421,2]
	[417,1]
	[423,1]
	[425,2]
	[427,1]
	[431,2]
	[437,2]
	[439,1]
	[441,1]
	[443,1]
	[445,1]
	[447,1]
	[449,3]
	[451,1]
	[465,1]
	[469,2]
	[489,2]
	[491,1]
	[493,1]
	[499,1]
	[511,1]
	[523,2]
	[535,3]
	[513,1]
	[539,1]
	[541,1]
	[543,1]
	[547,2]
	[559,1]
	[561,1]
	[575,1]
	[589,2]
	[591,1]
	[599,2]
	[605,1]
	[615,1]
	[623,1]
	[639,1]
	[645,1]
	[659,2]
	[677,1]
	[681,1]
	[707,1]
	[713,1]
	[721,1]
	[767,1]
	[769,1]

1800,
	[2,38852]
	[4,32]
	[36,38]
	[6,1]
	[8,4]
	[10,5]
	[12,2]
	[22,2]
	[26,1]
	[28,3]
	[30,1]
	[32,1]
	[38,3]
	[68,32]
	[42,3]
	[44,1]
	[46,3]
	[48,2]
	[50,2]
	[52,6]
	[54,3]
	[56,3]
	[58,3]
	[60,3]
	[62,3]
	[64,6]
	[66,2]
	[70,6]
	[100,29]
	[72,2]
	[74,4]
	[76,3]
	[78,1]
	[80,6]
	[82,5]
	[84,4]
	[86,5]
	[88,5]
	[90,5]
	[92,4]
	[94,5]
	[96,7]
	[98,3]
	[102,7]
	[132,16]
	[104,6]
	[106,3]
	[108,3]
	[110,3]
	[112,6]
	[114,7]
	[116,4]
	[118,2]
	[120,9]
	[122,7]
	[124,9]
	[126,5]
	[128,6]
	[130,7]
	[134,3]
	[136,7]
	[164,16]
	[138,6]
	[140,8]
	[142,7]
	[144,6]
	[146,3]
	[148,7]
	[150,6]
	[152,2]
	[154,6]
	[156,4]
	[158,2]
	[160,3]
	[9216,1]
	[162,11]
	[166,8]
	[168,12]
	[196,27]
	[170,10]
	[172,7]
	[174,9]
	[176,4]
	[178,3]
	[180,12]
	[182,7]
	[184,9]
	[186,13]
	[188,8]
	[190,10]
	[192,13]
	[194,7]
	[198,11]
	[200,4]
	[228,25]
	[202,3]
	[204,9]
	[206,3]
	[208,11]
	[210,7]
	[212,8]
	[214,5]
	[216,4]
	[218,9]
	[220,4]
	[222,5]
	[224,5]
	[226,7]
	[230,9]
	[260,21]
	[232,9]
	[234,12]
	[17689,1]
	[236,3]
	[238,11]
	[240,11]
	[242,4]
	[244,12]
	[246,6]
	[248,8]
	[19600,1]
	[250,8]
	[252,10]
	[254,7]
	[256,6]
	[258,6]
	[262,8]
	[264,11]
	[292,22]
	[266,9]
	[268,7]
	[270,5]
	[272,6]
	[274,13]
	[276,8]
	[278,12]
	[280,5]
	[282,12]
	[284,10]
	[286,6]
	[288,9]
	[290,13]
	[294,12]
	[296,9]
	[298,9]
	[324,20]
	[300,7]
	[302,11]
	[304,8]
	[306,14]
	[308,12]
	[310,10]
	[312,7]
	[314,8]
	[316,9]
	[318,8]
	[320,16]
	[322,8]
	[326,14]
	[356,21]
	[328,13]
	[330,12]
	[332,13]
	[334,10]
	[336,12]
	[338,5]
	[340,8]
	[342,12]
	[344,7]
	[346,10]
	[348,12]
	[350,8]
	[352,10]
	[354,11]
	[358,14]
	[360,10]
	[362,11]
	[364,15]
	[388,28]
	[366,8]
	[368,7]
	[370,13]
	[372,11]
	[374,11]
	[376,12]
	[378,6]
	[380,8]
	[382,6]
	[384,11]
	[386,11]
	[390,12]
	[420,24]
	[392,8]
	[394,12]
	[396,7]
	[398,11]
	[400,12]
	[402,13]
	[404,10]
	[406,7]
	[408,12]
	[410,7]
	[412,8]
	[414,8]
	[416,9]
	[418,7]
	[422,6]
	[424,11]
	[426,13]
	[428,8]
	[452,16]
	[430,14]
	[432,11]
	[434,12]
	[436,11]
	[438,9]
	[440,6]
	[442,6]
	[444,10]
	[446,10]
	[448,11]
	[450,8]
	[454,10]
	[456,10]
	[458,12]
	[484,15]
	[460,11]
	[462,5]
	[464,8]
	[466,18]
	[468,9]
	[470,11]
	[472,10]
	[474,13]
	[476,5]
	[478,11]
	[480,11]
	[482,7]
	[486,10]
	[488,14]
	[490,10]
	[516,10]
	[492,17]
	[494,17]
	[496,9]
	[498,11]
	[500,7]
	[502,9]
	[504,10]
	[506,7]
	[508,11]
	[510,4]
	[512,9]
	[514,6]
	[518,5]
	[520,9]
	[548,16]
	[522,7]
	[524,9]
	[526,7]
	[528,8]
	[530,7]
	[532,7]
	[534,10]
	[536,6]
	[538,6]
	[540,11]
	[542,9]
	[544,5]
	[546,7]
	[550,6]
	[580,12]
	[552,6]
	[554,13]
	[556,5]
	[558,7]
	[560,9]
	[562,8]
	[564,5]
	[566,6]
	[568,8]
	[570,5]
	[572,7]
	[574,13]
	[576,11]
	[578,9]
	[582,6]
	[584,12]
	[612,13]
	[586,6]
	[588,6]
	[590,5]
	[592,3]
	[594,8]
	[596,2]
	[598,10]
	[600,5]
	[602,7]
	[604,10]
	[606,8]
	[608,6]
	[610,3]
	[614,7]
	[616,4]
	[644,9]
	[618,6]
	[620,12]
	[622,6]
	[624,9]
	[626,8]
	[628,7]
	[630,1]
	[632,4]
	[634,5]
	[636,4]
	[638,11]
	[640,3]
	[642,3]
	[646,3]
	[648,6]
	[650,7]
	[652,3]
	[654,5]
	[656,3]
	[658,7]
	[660,3]
	[662,8]
	[664,7]
	[666,3]
	[668,10]
	[670,6]
	[672,4]
	[674,4]
	[676,10]
	[678,4]
	[708,6]
	[680,3]
	[682,4]
	[684,4]
	[686,3]
	[688,2]
	[690,6]
	[692,3]
	[694,5]
	[696,4]
	[698,2]
	[700,2]
	[702,5]
	[704,6]
	[706,4]
	[712,2]
	[714,6]
	[716,5]
	[718,6]
	[720,3]
	[722,2]
	[724,4]
	[734,2]
	[736,2]
	[738,1]
	[740,2]
	[746,1]
	[748,2]
	[752,1]
	[756,3]
	[760,1]
	[766,1]
	[41929545,1]
	[39134422,1]
	[34387592,1]
	[34286642,1]
	[33356507,1]
	[31384214,1]
	[30227409,1]
	[28415764,1]
	[27287197,1]
	[20522272,1]
	[15681722,1]
	[14169237,1]
	[13253122,1]
	[12022470,1]
	[10002777,1]
	[8434792,1]
	[7804602,1]
	[7172892,1]
	[4314819,1]
	[2239707,1]

1804,
	[4,2]
	[2557,1]
	[8,5]
	[10,5]
	[12,9]
	[14,9]
	[16,12]
	[18,18]
	[6448,1]
	[6864,1]
	[20,8]
	[22,12]
	[8144,1]
	[24,14]
	[26,18]
	[9320,1]
	[28,20]
	[30,20]
	[32,22]
	[34,17]
	[12544,1]
	[12704,1]
	[36,33]
	[13089,1]
	[13441,1]
	[13537,1]
	[38,24]
	[14144,1]
	[14344,1]
	[40,21]
	[42,20]
	[15160,1]
	[44,28]
	[15953,1]
	[46,24]
	[16776,1]
	[17192,1]
	[48,18]
	[17533,1]
	[17789,1]
	[50,39]
	[18096,1]
	[52,41]
	[18913,1]
	[54,32]
	[20016,1]
	[20112,1]
	[56,32]
	[58,34]
	[20936,1]
	[21128,1]
	[60,35]
	[21713,1]
	[21841,1]
	[21873,1]
	[22097,1]
	[62,37]
	[22712,1]
	[64,50]
	[23165,2]
	[23261,1]
	[23517,1]
	[23645,1]
	[66,30]
	[24128,1]
	[24224,1]
	[68,40]
	[24577,1]
	[24737,1]
	[24961,1]
	[70,46]
	[25376,1]
	[25568,1]
	[25792,1]
	[72,44]
	[26109,1]
	[26333,1]
	[26493,1]
	[74,58]
	[26808,1]
	[26968,1]
	[27128,1]
	[76,39]
	[27697,1]
	[78,49]
	[28072,1]
	[28488,1]
	[80,52]
	[28637,1]
	[28701,1]
	[29021,1]
	[29117,3]
	[82,50]
	[29360,1]
	[29616,1]
	[29904,1]
	[84,63]
	[30017,1]
	[30145,1]
	[30337,1]
	[30401,4]
	[30561,1]
	[30740,1]
	[86,50]
	[30832,1]
	[30896,1]
	[31152,1]
	[31184,1]
	[31344,1]
	[88,40]
	[31805,1]
	[32029,1]
	[90,65]
	[32136,1]
	[32168,1]
	[32200,1]
	[32360,2]
	[32712,1]
	[92,51]
	[32721,1]
	[32753,1]
	[32785,1]
	[33169,2]
	[33201,1]
	[94,56]
	[33560,1]
	[33752,1]
	[96,63]
	[34589,1]
	[98,71]
	[34816,1]
	[100,69]
	[35745,1]
	[35841,1]
	[35969,1]
	[36100,1]
	[102,65]
	[36288,1]
	[36544,1]
	[36608,1]
	[36640,1]
	[104,75]
	[106,73]
	[37560,1]
	[38072,1]
	[108,71]
	[38353,1]
	[38481,1]
	[38577,1]
	[38769,1]
	[110,60]
	[38920,1]
	[39176,1]
	[39400,1]
	[39432,1]
	[112,70]
	[39805,1]
	[40061,1]
	[40093,1]
	[114,62]
	[40240,1]
	[116,72]
	[40897,1]
	[40929,2]
	[41057,1]
	[41153,1]
	[41185,1]
	[41313,1]
	[41345,1]
	[118,77]
	[41488,1]
	[41808,1]
	[120,70]
	[42109,1]
	[42461,1]
	[42557,1]
	[122,79]
	[42792,1]
	[42824,1]
	[42920,1]
	[43016,1]
	[43112,1]
	[43144,1]
	[124,90]
	[43729,1]
	[44024,2]
	[126,73]
	[44184,1]
	[44344,1]
	[44408,1]
	[44600,1]
	[44632,1]
	[128,82]
	[45053,1]
	[45181,1]
	[45213,1]
	[130,81]
	[45600,1]
	[45728,1]
	[132,70]
	[45985,1]
	[46017,1]
	[46049,1]
	[46113,1]
	[46145,1]
	[46273,1]
	[46305,2]
	[46337,2]
	[46465,1]
	[134,89]
	[46624,2]
	[46688,1]
	[46720,1]
	[46752,1]
	[46816,1]
	[136,71]
	[47357,1]
	[47389,1]
	[47421,1]
	[47549,1]
	[47613,1]
	[47645,2]
	[47805,1]
	[138,71]
	[48120,1]
	[48152,1]
	[48216,1]
	[48344,1]
	[48408,1]
	[48522,3]
	[140,79]
	[48529,1]
	[49009,3]
	[49073,1]
	[49105,1]
	[142,80]
	[49160,1]
	[49224,1]
	[49288,1]
	[49320,1]
	[49416,2]
	[49640,1]
	[49672,2]
	[144,91]
	[49789,1]
	[49853,1]
	[50045,1]
	[50077,2]
	[50109,1]
	[50173,2]
	[50301,1]
	[50448,2]
	[146,71]
	[50512,1]
	[50576,1]
	[50704,1]
	[50768,1]
	[50960,1]
	[148,85]
	[51137,1]
	[51201,1]
	[51329,1]
	[51361,1]
	[51393,1]
	[51553,1]
	[51732,1]
	[150,85]
	[51728,1]
	[51760,1]
	[51984,1]
	[52016,1]
	[52144,1]
	[52272,1]
	[152,87]
	[52317,1]
	[52349,2]
	[52413,1]
	[52477,1]
	[52573,1]
	[52701,1]
	[52893,1]
	[154,96]
	[52936,1]
	[53448,1]
	[53480,1]
	[53512,2]
	[53658,1]
	[156,91]
	[53521,1]
	[53553,1]
	[53841,1]
	[53905,1]
	[54065,1]
	[158,99]
	[54136,1]
	[54168,1]
	[54328,1]
	[54392,1]
	[54520,1]
	[54616,1]
	[54712,1]
	[54744,1]
	[54942,1]
	[54749,1]
	[160,102]
	[54813,1]
	[54909,1]
	[54973,1]
	[55165,1]
	[55293,1]
	[162,85]
	[55712,2]
	[55872,1]
	[164,109]
	[56065,2]
	[56097,1]
	[56321,1]
	[56385,1]
	[56417,1]
	[56449,1]
	[56577,1]
	[56580,1]
	[166,96]
	[56608,3]
	[56640,2]
	[56800,1]
	[56864,1]
	[56896,1]
	[57024,1]
	[168,110]
	[57277,1]
	[57309,1]
	[57469,1]
	[57501,1]
	[57789,1]
	[170,89]
	[57816,1]
	[57848,1]
	[57880,2]
	[57976,1]
	[58040,1]
	[58072,1]
	[58104,1]
	[58136,2]
	[58200,1]
	[58410,2]
	[172,111]
	[58449,1]
	[58481,1]
	[58545,1]
	[58577,1]
	[58737,1]
	[58801,1]
	[58929,1]
	[58961,1]
	[58993,1]
	[174,91]
	[59112,1]
	[59176,1]
	[59336,1]
	[59432,1]
	[59528,2]
	[59630,1]
	[59613,1]
	[176,102]
	[59805,1]
	[59869,1]
	[59933,1]
	[60061,1]
	[60093,1]
	[178,101]
	[60208,1]
	[60304,1]
	[60336,1]
	[60560,2]
	[60624,1]
	[60720,1]
	[180,106]
	[60865,1]
	[60929,1]
	[60993,1]
	[61057,1]
	[61121,1]
	[61217,1]
	[61345,1]
	[61377,1]
	[61954,1]
	[182,107]
	[61392,1]
	[61584,1]
	[61776,1]
	[61808,2]
	[61904,1]
	[61981,2]
	[184,104]
	[62205,1]
	[62237,1]
	[62301,1]
	[62429,1]
	[62525,1]
	[62680,1]
	[186,110]
	[62696,2]
	[62792,1]
	[62856,1]
	[63112,1]
	[63144,1]
	[188,109]
	[63313,1]
	[63377,2]
	[63900,1]
	[190,109]
	[63896,1]
	[63928,1]
	[63960,1]
	[64088,1]
	[64280,1]
	[64312,1]
	[64317,2]
	[192,99]
	[64349,1]
	[64477,1]
	[64541,1]
	[64829,1]
	[64861,1]
	[64893,1]
	[64896,1]
	[194,111]
	[64992,2]
	[65184,1]
	[65216,1]
	[65248,2]
	[65280,1]
	[65312,1]
	[65344,1]
	[65376,1]
	[65408,1]
	[196,113]
	[65537,1]
	[65569,1]
	[65633,1]
	[65825,1]
	[65985,1]
	[66052,1]
	[198,101]
	[66176,2]
	[66240,1]
	[66368,1]
	[66432,1]
	[66592,1]
	[200,128]
	[66653,2]
	[66877,1]
	[66909,1]
	[66941,2]
	[66973,2]
	[67069,1]
	[67165,1]
	[202,99]
	[67256,1]
	[67320,1]
	[67384,1]
	[67416,1]
	[67448,1]
	[67576,1]
	[67640,1]
	[67672,1]
	[67704,1]
	[204,129]
	[67953,1]
	[68017,1]
	[68049,1]
	[68113,1]
	[68145,1]
	[68209,1]
	[68273,1]
	[68364,1]
	[206,109]
	[68456,1]
	[68488,1]
	[68520,1]
	[68648,1]
	[68776,1]
	[68840,1]
	[68872,1]
	[68942,1]
	[208,121]
	[69021,1]
	[69149,1]
	[69213,1]
	[69245,1]
	[69405,1]
	[210,120]
	[69488,1]
	[69616,1]
	[69712,1]
	[69744,1]
	[69776,2]
	[69808,1]
	[69872,1]
	[69936,1]
	[69968,1]
	[70000,1]
	[212,116]
	[70049,1]
	[70177,1]
	[70369,2]
	[70529,1]
	[70561,1]
	[70593,1]
	[70676,1]
	[214,119]
	[70640,1]
	[70704,2]
	[70736,1]
	[70864,1]
	[70960,1]
	[71056,2]
	[216,117]
	[71197,1]
	[71229,1]
	[71261,1]
	[71325,1]
	[71421,1]
	[71485,1]
	[71517,1]
	[71549,2]
	[71677,1]
	[71709,1]
	[218,115]
	[71944,1]
	[71976,1]
	[72136,1]
	[72168,1]
	[72264,1]
	[220,116]
	[72369,1]
	[72401,1]
	[72497,1]
	[72529,1]
	[72593,1]
	[72689,1]
	[72721,1]
	[72753,1]
	[72988,1]
	[222,111]
	[72824,1]
	[72984,1]
	[73080,1]
	[73112,1]
	[73144,1]
	[73304,1]
	[73336,1]
	[73368,1]
	[73373,2]
	[224,122]
	[73565,1]
	[73597,1]
	[73629,1]
	[73661,1]
	[73853,1]
	[73885,1]
	[74144,2]
	[226,103]
	[73952,1]
	[74080,1]
	[74176,1]
	[74208,1]
	[74368,1]
	[74400,1]
	[74466,1]
	[228,115]
	[74529,1]
	[74561,1]
	[74593,1]
	[74689,1]
	[74753,1]
	[74785,1]
	[74849,1]
	[230,103]
	[75104,1]
	[75136,1]
	[75200,1]
	[75232,1]
	[75296,4]
	[75328,1]
	[75424,1]
	[75488,1]
	[75558,1]
	[232,119]
	[75613,1]
	[75645,1]
	[75709,1]
	[75965,1]
	[234,126]
	[76120,1]
	[76184,1]
	[76440,1]
	[76536,1]
	[76650,1]
	[236,112]
	[76721,2]
	[76977,1]
	[77105,1]
	[77196,1]
	[238,143]
	[77416,1]
	[77480,2]
	[77544,2]
	[77608,1]
	[240,119]
	[77789,2]
	[242,136]
	[78320,1]
	[78544,1]
	[78736,2]
	[244,113]
	[78977,2]
	[79009,1]
	[79073,1]
	[79137,1]
	[79169,1]
	[79380,1]
	[246,119]
	[79344,1]
	[79408,3]
	[79472,1]
	[79536,1]
	[79568,2]
	[79600,1]
	[79664,2]
	[79696,1]
	[79728,1]
	[79760,2]
	[79792,1]
	[80381,1]
	[248,137]
	[79869,1]
	[79901,1]
	[80029,1]
	[80125,1]
	[80157,2]
	[80317,1]
	[80472,2]
	[250,132]
	[80392,1]
	[80424,1]
	[80456,1]
	[80584,1]
	[80808,2]
	[80840,1]
	[81018,1]
	[252,126]
	[80881,2]
	[80913,1]
	[81265,1]
	[81329,1]
	[81564,1]
	[254,118]
	[81432,1]
	[81464,1]
	[81496,1]
	[81688,1]
	[81720,1]
	[81752,1]
	[81784,1]
	[81848,1]
	[81880,2]
	[256,129]
	[81981,1]
	[82045,1]
	[82141,1]
	[82205,1]
	[82397,2]
	[82656,3]
	[258,117]
	[82560,1]
	[82688,1]
	[82816,1]
	[82912,3]
	[82944,1]
	[260,120]
	[83009,1]
	[83073,1]
	[83105,1]
	[83265,1]
	[83393,2]
	[262,133]
	[83520,1]
	[83584,2]
	[83616,1]
	[83648,1]
	[83712,1]
	[83744,1]
	[83776,2]
	[83936,1]
	[83968,1]
	[83974,1]
	[264,119]
	[84093,1]
	[84125,1]
	[84221,1]
	[84349,1]
	[84413,1]
	[84445,2]
	[84477,2]
	[266,147]
	[84504,1]
	[84632,1]
	[84792,2]
	[84856,1]
	[84888,1]
	[84920,1]
	[268,128]
	[85009,1]
	[85073,1]
	[85105,2]
	[85137,1]
	[85169,2]
	[85265,1]
	[85393,1]
	[85489,1]
	[270,134]
	[85512,1]
	[85704,3]
	[85736,1]
	[85768,1]
	[85800,2]
	[85864,1]
	[85928,1]
	[85960,2]
	[86030,2]
	[272,143]
	[86077,2]
	[86109,1]
	[86205,2]
	[86333,2]
	[86461,1]
	[86493,1]
	[274,140]
	[86544,1]
	[86576,2]
	[86768,2]
	[86832,1]
	[86864,1]
	[86896,1]
	[86928,2]
	[86960,1]
	[276,128]
	[87009,1]
	[87041,1]
	[87073,1]
	[87169,1]
	[87201,2]
	[87297,1]
	[87329,1]
	[87361,1]
	[87489,1]
	[87572,1]
	[278,133]
	[87504,1]
	[87600,1]
	[87632,1]
	[87760,2]
	[87792,1]
	[87856,2]
	[87920,1]
	[280,129]
	[88093,1]
	[88221,1]
	[88349,1]
	[88413,1]
	[282,128]
	[88520,1]
	[88552,1]
	[88584,2]
	[88616,1]
	[88712,1]
	[88744,1]
	[88840,3]
	[88872,1]
	[88968,1]
	[89114,1]
	[284,122]
	[88977,1]
	[89073,2]
	[89105,1]
	[89233,2]
	[89297,1]
	[89457,1]
	[89628,1]
	[286,150]
	[89464,1]
	[89560,1]
	[89624,1]
	[89656,1]
	[89720,1]
	[89752,3]
	[89784,1]
	[89816,1]
	[89848,1]
	[89880,1]
	[89944,2]
	[89949,1]
	[288,131]
	[90013,1]
	[90045,1]
	[90077,1]
	[90109,1]
	[90141,1]
	[90237,1]
	[90269,1]
	[90301,2]
	[90365,2]
	[90397,2]
	[90429,1]
	[90432,1]
	[290,136]
	[90464,1]
	[90496,1]
	[90528,1]
	[90560,1]
	[90688,2]
	[90720,1]
	[90752,2]
	[90784,2]
	[90816,1]
	[90880,1]
	[90914,1]
	[292,150]
	[91009,1]
	[91073,1]
	[91137,1]
	[91201,1]
	[91297,1]
	[91396,1]
	[294,132]
	[91424,1]
	[91456,1]
	[91488,1]
	[91520,1]
	[91712,1]
	[91744,1]
	[91776,1]
	[91808,1]
	[296,139]
	[91901,1]
	[91933,1]
	[92061,1]
	[92093,4]
	[92157,1]
	[92189,2]
	[92317,1]
	[298,120]
	[92472,2]
	[92504,2]
	[92568,2]
	[92632,2]
	[92664,2]
	[92696,1]
	[92728,1]
	[92760,1]
	[92842,1]
	[300,129]
	[92849,2]
	[92913,1]
	[93009,1]
	[93073,2]
	[93105,1]
	[93233,1]
	[302,138]
	[93320,1]
	[93352,2]
	[93384,1]
	[93416,1]
	[93640,1]
	[93704,1]
	[93806,3]
	[304,138]
	[93821,1]
	[93853,1]
	[93885,2]
	[94013,2]
	[94045,2]
	[94173,1]
	[94205,2]
	[306,144]
	[94288,1]
	[94384,3]
	[94416,1]
	[94544,1]
	[94672,1]
	[94704,1]
	[94770,2]
	[308,152]
	[94721,1]
	[94785,1]
	[94913,1]
	[310,137]
	[95184,1]
	[95216,1]
	[95248,1]
	[95312,1]
	[95344,1]
	[95408,1]
	[95472,1]
	[95504,1]
	[95536,1]
	[95568,1]
	[95734,1]
	[312,147]
	[95709,1]
	[95773,1]
	[95805,1]
	[95933,2]
	[95965,1]
	[96029,1]
	[96061,1]
	[314,121]
	[96136,1]
	[96200,2]
	[96264,1]
	[96328,1]
	[96392,1]
	[96456,1]
	[96488,1]
	[316,127]
	[96593,1]
	[96625,1]
	[96657,1]
	[96753,1]
	[96785,1]
	[96849,1]
	[96913,1]
	[318,159]
	[97080,1]
	[97176,2]
	[97336,1]
	[97368,1]
	[97432,1]
	[97662,1]
	[320,136]
	[97533,2]
	[97597,1]
	[97693,2]
	[97725,1]
	[97757,1]
	[97885,2]
	[98144,2]
	[322,137]
	[98016,1]
	[98048,1]
	[98112,1]
	[98176,1]
	[98208,1]
	[98240,2]
	[98272,1]
	[98304,1]
	[98368,2]
	[98370,2]
	[324,148]
	[98433,1]
	[98529,1]
	[98561,1]
	[98721,2]
	[98817,1]
	[98820,1]
	[326,132]
	[98848,1]
	[98944,1]
	[98976,1]
	[99008,1]
	[99072,1]
	[99104,1]
	[99200,1]
	[99264,1]
	[99270,1]
	[328,138]
	[99293,1]
	[99357,1]
	[99389,1]
	[99421,1]
	[99453,1]
	[99645,3]
	[99720,1]
	[330,141]
	[99736,1]
	[99768,1]
	[99928,1]
	[99992,2]
	[100024,1]
	[100152,1]
	[332,131]
	[100177,1]
	[100209,1]
	[100305,1]
	[100401,1]
	[100433,2]
	[100465,1]
	[100497,3]
	[100529,1]
	[100561,1]
	[334,150]
	[100616,3]
	[100680,1]
	[100712,1]
	[100776,1]
	[100808,1]
	[100872,1]
	[100904,1]
	[100968,1]
	[101000,1]
	[101032,1]
	[336,156]
	[101085,1]
	[101149,1]
	[101181,1]
	[101245,2]
	[101277,1]
	[101309,1]
	[101373,1]
	[101405,1]
	[101469,1]
	[101520,2]
	[338,139]
	[101488,2]
	[101552,1]
	[101616,1]
	[101648,1]
	[101680,1]
	[101712,1]
	[101808,1]
	[101840,1]
	[101872,1]
	[101970,1]
	[340,147]
	[101921,2]
	[102017,1]
	[102049,2]
	[102113,2]
	[342,140]
	[102352,1]
	[102384,1]
	[102416,1]
	[102448,1]
	[102480,1]
	[102576,1]
	[102608,1]
	[102640,1]
	[102704,2]
	[102736,1]
	[344,127]
	[102781,1]
	[102813,2]
	[102845,1]
	[102909,1]
	[103101,1]
	[103133,1]
	[103197,1]
	[103320,1]
	[346,144]
	[103240,1]
	[103272,1]
	[103336,2]
	[103368,1]
	[103432,1]
	[103464,1]
	[103528,1]
	[103624,3]
	[348,158]
	[103665,1]
	[103697,1]
	[103729,3]
	[103761,1]
	[103793,1]
	[103857,1]
	[103921,2]
	[103953,1]
	[104017,1]
	[104049,1]
	[350,142]
	[104088,1]
	[104120,1]
	[104152,1]
	[104184,2]
	[104216,1]
	[104280,3]
	[104312,1]
	[104344,1]
	[104408,1]
	[104472,1]
	[352,141]
	[104605,1]
	[104637,1]
	[104669,1]
	[104701,1]
	[104733,1]
	[104765,1]
	[104797,1]
	[354,143]
	[104960,2]
	[104992,1]
	[105056,1]
	[105088,1]
	[105120,2]
	[105152,2]
	[105184,3]
	[105248,1]
	[105280,2]
	[105312,1]
	[356,128]
	[105377,2]
	[105409,1]
	[105505,3]
	[105601,2]
	[105729,3]
	[358,149]
	[105824,1]
	[105856,1]
	[105888,2]
	[105920,1]
	[105984,1]
	[106016,1]
	[106080,1]
	[106144,1]
	[360,155]
	[106173,1]
	[106205,2]
	[106333,1]
	[106365,1]
	[106461,1]
	[106493,1]
	[106525,1]
	[106557,1]
	[362,141]
	[106584,1]
	[106648,1]
	[106680,1]
	[106744,1]
	[106808,2]
	[106840,1]
	[106872,2]
	[106904,2]
	[106986,2]
	[364,143]
	[107025,1]
	[107089,1]
	[107185,1]
	[107249,1]
	[107404,2]
	[366,149]
	[107432,1]
	[107464,2]
	[107528,1]
	[107592,2]
	[107624,1]
	[107656,1]
	[107688,1]
	[107752,1]
	[107822,1]
	[368,137]
	[107837,1]
	[107901,1]
	[107997,2]
	[108093,3]
	[108157,1]
	[108240,4]
	[370,145]
	[108208,1]
	[108272,1]
	[108336,3]
	[108400,1]
	[108432,1]
	[108496,1]
	[108592,3]
	[108658,1]
	[372,146]
	[108641,2]
	[108801,1]
	[108865,1]
	[108897,2]
	[108961,1]
	[109076,1]
	[374,130]
	[109008,1]
	[109040,1]
	[109072,1]
	[109104,1]
	[109168,2]
	[109200,1]
	[109232,2]
	[109264,1]
	[109360,2]
	[109392,1]
	[376,133]
	[109469,1]
	[109501,1]
	[109533,1]
	[109629,2]
	[109725,1]
	[109912,1]
	[378,162]
	[109832,1]
	[109928,2]
	[109960,1]
	[109992,1]
	[110024,1]
	[110056,1]
	[110088,1]
	[110120,1]
	[110152,1]
	[110184,1]
	[110330,1]
	[380,152]
	[110193,1]
	[110225,1]
	[110257,2]
	[110321,1]
	[110353,1]
	[110385,1]
	[110449,1]
	[110481,1]
	[110513,1]
	[110577,1]
	[110748,2]
	[382,149]
	[110584,2]
	[110648,1]
	[110712,1]
	[110808,1]
	[110936,2]
	[110968,2]
	[110973,2]
	[384,152]
	[111005,2]
	[111037,2]
	[111069,1]
	[111133,1]
	[111197,1]
	[111229,1]
	[111261,1]
	[111360,1]
	[386,138]
	[111488,1]
	[111520,1]
	[111552,1]
	[111584,1]
	[111680,1]
	[111712,2]
	[111744,2]
	[388,134]
	[111777,1]
	[111873,4]
	[111905,1]
	[112097,1]
	[112132,1]
	[390,145]
	[112192,1]
	[112288,2]
	[112320,1]
	[112384,2]
	[112512,1]
	[112518,2]
	[392,146]
	[112541,1]
	[112573,3]
	[112669,2]
	[112701,2]
	[112733,1]
	[112797,1]
	[112861,1]
	[112893,1]
	[394,133]
	[112920,1]
	[112952,1]
	[113016,2]
	[113048,2]
	[113144,1]
	[113176,2]
	[113240,2]
	[396,131]
	[113329,1]
	[113393,1]
	[113425,1]
	[113457,1]
	[113489,1]
	[113521,1]
	[113553,3]
	[113585,3]
	[113617,2]
	[113649,1]
	[398,165]
	[113704,1]
	[113768,1]
	[113800,2]
	[113832,2]
	[113864,1]
	[113896,2]
	[113928,1]
	[113960,1]
	[400,147]
	[114045,1]
	[114077,1]
	[114205,1]
	[114269,1]
	[114301,2]
	[114333,2]
	[114365,1]
	[114397,1]
	[114448,5]
	[402,145]
	[114480,1]
	[114512,2]
	[114576,4]
	[114608,1]
	[114640,2]
	[114704,1]
	[114736,1]
	[114768,1]
	[404,147]
	[114785,1]
	[114817,1]
	[114849,1]
	[114881,2]
	[114945,1]
	[115009,1]
	[115073,2]
	[115105,1]
	[115137,1]
	[406,155]
	[115152,2]
	[115184,1]
	[115216,1]
	[115248,1]
	[115280,1]
	[115312,2]
	[115376,1]
	[115408,1]
	[115440,1]
	[115504,1]
	[408,140]
	[115549,1]
	[115645,1]
	[115805,1]
	[115837,1]
	[115869,1]
	[115992,1]
	[410,136]
	[115976,1]
	[116008,3]
	[116168,1]
	[116232,1]
	[116378,2]
	[412,147]
	[116241,2]
	[116305,1]
	[116369,1]
	[116433,1]
	[116465,1]
	[116497,1]
	[116529,2]
	[116593,2]
	[116764,2]
	[414,124]
	[116632,1]
	[116664,1]
	[116696,1]
	[116728,4]
	[116792,1]
	[116856,1]
	[116888,1]
	[116957,4]
	[416,134]
	[117053,1]
	[117085,1]
	[117181,1]
	[117213,3]
	[117245,1]
	[418,144]
	[117344,1]
	[117408,1]
	[117472,1]
	[117600,2]
	[117632,1]
	[117664,1]
	[117666,1]
	[420,154]
	[117697,2]
	[117729,1]
	[117761,1]
	[117793,3]
	[117825,3]
	[117857,1]
	[117889,1]
	[117985,2]
	[118020,1]
	[422,141]
	[118080,2]
	[118176,1]
	[118208,1]
	[118272,1]
	[118374,1]
	[424,141]
	[118429,1]
	[118461,1]
	[118493,1]
	[118621,1]
	[118685,1]
	[118717,2]
	[426,161]
	[118808,2]
	[118840,1]
	[118904,2]
	[118936,1]
	[118968,1]
	[119064,1]
	[428,155]
	[119121,3]
	[119153,1]
	[119185,2]
	[119249,2]
	[119313,1]
	[119345,1]
	[119409,1]
	[119436,3]
	[430,140]
	[119432,2]
	[119464,1]
	[119496,1]
	[119528,1]
	[119560,1]
	[119592,2]
	[119624,2]
	[119656,1]
	[119688,2]
	[432,136]
	[119837,2]
	[119869,2]
	[119933,1]
	[119997,1]
	[120061,2]
	[120144,1]
	[434,158]
	[120112,2]
	[120176,1]
	[120208,2]
	[120240,1]
	[120272,2]
	[120336,1]
	[120400,2]
	[120432,1]
	[436,154]
	[120449,1]
	[120481,1]
	[120545,1]
	[120577,1]
	[120609,1]
	[120641,1]
	[120705,1]
	[120737,2]
	[438,141]
	[120784,3]
	[120848,1]
	[120880,2]
	[120912,1]
	[120976,1]
	[121040,1]
	[121072,3]
	[121206,2]
	[440,146]
	[121117,1]
	[121149,1]
	[121181,1]
	[121213,1]
	[121245,1]
	[121277,1]
	[121341,2]
	[121373,1]
	[121405,1]
	[121437,2]
	[121560,1]
	[442,153]
	[121512,2]
	[121576,1]
	[121608,2]
	[121640,2]
	[121914,2]
	[444,150]
	[121905,2]
	[121969,1]
	[122001,1]
	[122033,2]
	[122097,1]
	[446,149]
	[122168,1]
	[122232,1]
	[122296,1]
	[122360,2]
	[122392,1]
	[122424,2]
	[122622,1]
	[122429,1]
	[448,153]
	[122493,1]
	[122525,2]
	[122557,1]
	[122589,1]
	[122685,1]
	[122717,1]
	[122752,1]
	[450,141]
	[122784,1]
	[122816,1]
	[122848,1]
	[122880,1]
	[122944,1]
	[123072,1]
	[452,142]
	[123169,1]
	[123201,2]
	[123233,1]
	[123265,2]
	[123297,4]
	[123361,3]
	[123393,2]
	[454,150]
	[123424,3]
	[123456,1]
	[123488,3]
	[123520,1]
	[123584,1]
	[123616,1]
	[123680,1]
	[123712,1]
	[123718,2]
	[456,148]
	[123773,2]
	[123805,1]
	[123901,1]
	[123933,2]
	[123997,1]
	[124040,2]
	[458,148]
	[124056,1]
	[124120,1]
	[124152,1]
	[124184,1]
	[124248,2]
	[124280,2]
	[124344,1]
	[124362,1]
	[460,146]
	[124369,3]
	[124497,1]
	[124593,1]
	[124625,1]
	[462,152]
	[124680,3]
	[124808,2]
	[124872,1]
	[124936,1]
	[125006,1]
	[464,148]
	[125053,1]
	[125085,1]
	[125181,2]
	[125245,1]
	[125328,2]
	[466,139]
	[125360,1]
	[125392,1]
	[125456,1]
	[125488,1]
	[125520,1]
	[125552,3]
	[125584,1]
	[468,142]
	[125633,1]
	[125665,3]
	[125697,1]
	[125729,2]
	[125793,2]
	[125857,3]
	[125889,2]
	[125972,1]
	[470,141]
	[125968,1]
	[126000,2]
	[126096,3]
	[126128,1]
	[126192,2]
	[472,141]
	[126237,2]
	[126269,1]
	[126301,1]
	[126333,1]
	[126365,2]
	[126429,2]
	[126461,1]
	[126616,1]
	[474,137]
	[126504,1]
	[126536,1]
	[126568,2]
	[126600,1]
	[126664,2]
	[126728,1]
	[126938,1]
	[126801,1]
	[476,149]
	[126833,4]
	[126865,1]
	[126897,3]
	[126929,1]
	[126961,4]
	[126993,2]
	[127025,1]
	[127089,2]
	[478,142]
	[127096,1]
	[127192,1]
	[127256,3]
	[127352,1]
	[127384,2]
	[127582,2]
	[127389,1]
	[480,140]
	[127421,1]
	[127485,1]
	[127517,2]
	[127549,2]
	[127581,2]
	[127904,1]
	[482,155]
	[127776,1]
	[127808,1]
	[127840,1]
	[127872,2]
	[127936,1]
	[127968,1]
	[127970,2]
	[484,155]
	[128001,1]
	[128033,1]
	[128065,2]
	[128097,1]
	[128129,1]
	[128193,1]
	[128225,1]
	[128257,1]
	[128260,2]
	[486,132]
	[128288,1]
	[128352,1]
	[128448,1]
	[128480,3]
	[128512,1]
	[128550,1]
	[488,131]
	[128573,1]
	[128605,3]
	[128637,1]
	[128701,1]
	[128733,1]
	[128797,1]
	[128840,1]
	[490,150]
	[128920,2]
	[128952,1]
	[128984,1]
	[129016,1]
	[129112,1]
	[492,152]
	[129137,3]
	[129169,2]
	[129201,2]
	[129233,1]
	[129265,3]
	[129297,2]
	[129393,1]
	[129420,1]
	[494,130]
	[129416,2]
	[129448,2]
	[129512,2]
	[129544,2]
	[129576,2]
	[129640,2]
	[129672,1]
	[129710,1]
	[496,125]
	[129693,3]
	[129725,1]
	[129757,1]
	[129789,1]
	[129821,1]
	[129885,1]
	[129917,1]
	[129949,2]
	[498,136]
	[129968,2]
	[130032,1]
	[130064,1]
	[130096,1]
	[130160,2]
	[130192,1]
	[130224,2]
	[130290,3]
	[500,140]
	[130273,3]
	[130305,1]
	[130337,1]
	[130369,2]
	[130401,1]
	[130433,1]
	[130465,3]
	[130497,1]
	[130580,1]
	[502,118]
	[130512,1]
	[130544,1]
	[130608,1]
	[130704,2]
	[130736,1]
	[130768,2]
	[504,121]
	[130781,1]
	[130813,2]
	[130845,1]
	[130877,3]
	[130941,2]
	[130973,2]
	[131160,1]
	[506,133]
	[131144,2]
	[131176,1]
	[131208,1]
	[131240,1]
	[131450,1]
	[508,129]
	[131313,1]
	[131345,1]
	[131377,4]
	[131409,1]
	[131441,1]
	[131473,1]
	[131505,1]
	[131537,1]
	[131740,1]
	[132707,1]
	[510,130]
	[131608,2]
	[131640,3]
	[131704,1]
	[131736,1]
	[131768,2]
	[131832,3]
	[132030,1]
	[131837,1]
	[512,140]
	[131869,1]
	[131901,1]
	[131933,1]
	[132029,1]
	[132061,1]
	[132093,1]
	[132320,3]
	[132096,1]
	[514,137]
	[132128,1]
	[132256,2]
	[132288,1]
	[132352,1]
	[516,136]
	[132385,2]
	[132417,1]
	[132449,1]
	[132513,2]
	[132545,5]
	[132609,1]
	[132612,1]
	[518,148]
	[132640,1]
	[132704,1]
	[132736,1]
	[132768,3]
	[132832,2]
	[520,147]
	[132925,1]
	[132957,1]
	[133021,1]
	[133085,2]
	[133117,1]
	[133128,4]
	[522,128]
	[133144,1]
	[133176,1]
	[133208,3]
	[133240,2]
	[133304,1]
	[133336,1]
	[133368,1]
	[524,119]
	[133457,1]
	[133489,1]
	[133521,1]
	[133585,1]
	[133644,3]
	[526,136]
	[133640,2]
	[133672,1]
	[133704,2]
	[133736,1]
	[133800,1]
	[133902,2]
	[528,139]
	[133885,1]
	[133917,1]
	[133949,1]
	[134013,1]
	[134045,1]
	[134077,3]
	[530,125]
	[134128,1]
	[134160,1]
	[134256,2]
	[134320,1]
	[532,109]
	[134401,2]
	[134529,1]
	[134593,1]
	[134676,1]
	[136226,2]
	[534,127]
	[134640,2]
	[134672,1]
	[134704,4]
	[134736,1]
	[536,122]
	[134845,2]
	[134909,1]
	[134941,1]
	[135037,2]
	[135069,2]
	[135192,1]
	[538,130]
	[135080,2]
	[135144,1]
	[135176,3]
	[135208,1]
	[135240,1]
	[135272,3]
	[135304,3]
	[135450,1]
	[540,128]
	[135313,2]
	[135409,1]
	[135441,1]
	[135473,2]
	[135505,2]
	[135537,2]
	[542,127]
	[135608,2]
	[135640,1]
	[135704,1]
	[135736,3]
	[135768,1]
	[135966,1]
	[544,113]
	[135837,1]
	[135869,2]
	[135901,1]
	[135933,1]
	[135965,2]
	[136224,1]
	[136000,1]
	[546,141]
	[136032,3]
	[136064,1]
	[136096,2]
	[136160,1]
	[136192,2]
	[548,124]
	[136257,1]
	[136321,1]
	[136353,2]
	[136385,2]
	[136417,1]
	[136449,2]
	[136452,3]
	[550,119]
	[136480,2]
	[136512,2]
	[136544,1]
	[136576,1]
	[136608,2]
	[136640,1]
	[136678,2]
	[552,112]
	[136733,2]
	[136829,1]
	[136893,1]
	[136904,1]
	[554,124]
	[136952,2]
	[136984,2]
	[137048,2]
	[137130,1]
	[556,128]
	[137137,1]
	[137265,1]
	[137297,2]
	[558,126]
	[137352,1]
	[137384,3]
	[137416,1]
	[137480,1]
	[137512,2]
	[137544,3]
	[137582,1]
	[138677,1]
	[560,126]
	[137565,3]
	[137597,1]
	[137629,1]
	[137693,1]
	[137725,1]
	[137757,1]
	[562,109]
	[137776,1]
	[137808,2]
	[137872,1]
	[137904,1]
	[137936,2]
	[138034,1]
	[564,119]
	[137985,1]
	[138017,5]
	[138081,2]
	[138113,1]
	[138145,2]
	[138177,1]
	[138260,1]
	[566,123]
	[138192,1]
	[138288,1]
	[138320,1]
	[138352,2]
	[141240,1]
	[568,124]
	[138397,2]
	[138429,2]
	[138493,3]
	[138557,1]
	[570,108]
	[138600,1]
	[138632,1]
	[138696,2]
	[138728,1]
	[138760,2]
	[138792,2]
	[138938,1]
	[572,110]
	[138801,1]
	[138929,2]
	[138993,1]
	[139164,2]
	[139000,1]
	[574,122]
	[139096,1]
	[139128,3]
	[139160,1]
	[139192,2]
	[576,117]
	[139229,2]
	[139261,2]
	[139293,1]
	[139325,1]
	[139357,5]
	[139616,1]
	[578,138]
	[139424,3]
	[139456,1]
	[139488,3]
	[139520,1]
	[139552,1]
	[139586,2]
	[580,133]
	[139617,2]
	[139681,1]
	[139713,2]
	[139745,2]
	[139777,2]
	[139780,2]
	[582,109]
	[139808,2]
	[139872,1]
	[139936,1]
	[139968,3]
	[139974,1]
	[584,109]
	[140029,2]
	[140125,1]
	[140157,1]
	[586,116]
	[140184,1]
	[140216,1]
	[140248,2]
	[140280,1]
	[140312,2]
	[140362,1]
	[588,112]
	[140369,2]
	[140401,1]
	[140465,1]
	[140497,2]
	[140556,1]
	[590,110]
	[140552,1]
	[140584,1]
	[140648,1]
	[140680,1]
	[140712,3]
	[140750,2]
	[592,133]
	[140733,2]
	[140797,3]
	[140829,1]
	[140861,1]
	[140944,1]
	[594,105]
	[140976,2]
	[141008,1]
	[141040,2]
	[141072,1]
	[141138,2]
	[144052,1]
	[596,99]
	[141089,1]
	[141121,1]
	[141153,1]
	[141185,2]
	[141217,1]
	[141249,2]
	[141332,2]
	[598,111]
	[141296,2]
	[141328,1]
	[141360,1]
	[141392,2]
	[141424,1]
	[600,112]
	[141437,1]
	[141469,2]
	[141533,1]
	[141565,1]
	[141597,1]
	[141720,2]
	[602,99]
	[141640,1]
	[141672,1]
	[141704,2]
	[141768,1]
	[141914,1]
	[604,103]
	[141777,3]
	[141809,3]
	[141841,1]
	[141873,2]
	[141905,1]
	[141937,4]
	[142108,4]
	[606,93]
	[141976,2]
	[142008,2]
	[142040,3]
	[142072,1]
	[142104,1]
	[142109,2]
	[608,95]
	[142141,4]
	[142173,3]
	[142237,1]
	[142269,1]
	[142496,1]
	[142272,1]
	[610,110]
	[142304,1]
	[142368,1]
	[142432,3]
	[142434,2]
	[612,99]
	[142465,2]
	[142497,1]
	[142529,1]
	[142561,1]
	[614,100]
	[142624,1]
	[142656,3]
	[142688,2]
	[142720,2]
	[142752,1]
	[142758,1]
	[616,100]
	[142781,1]
	[142845,4]
	[142909,1]
	[142920,1]
	[618,99]
	[142936,1]
	[142968,2]
	[143000,2]
	[143032,3]
	[143082,2]
	[620,100]
	[143089,2]
	[143121,2]
	[143185,1]
	[143217,5]
	[622,102]
	[143240,1]
	[143272,2]
	[143304,1]
	[143406,2]
	[624,97]
	[143389,3]
	[143421,3]
	[143453,2]
	[143517,2]
	[626,95]
	[143536,2]
	[143568,2]
	[143664,1]
	[143730,2]
	[628,97]
	[143681,1]
	[143777,1]
	[143809,1]
	[143892,1]
	[146347,1]
	[630,93]
	[143856,4]
	[143888,1]
	[143920,1]
	[143952,2]
	[144054,2]
	[632,92]
	[143965,2]
	[143997,3]
	[144029,2]
	[144093,1]
	[144216,1]
	[634,97]
	[144136,1]
	[144168,2]
	[144200,1]
	[144232,1]
	[144378,2]
	[636,89]
	[144241,1]
	[144273,3]
	[144305,2]
	[144337,2]
	[144540,1]
	[638,86]
	[144376,1]
	[144440,2]
	[144472,3]
	[144504,2]
	[144702,2]
	[640,91]
	[144541,3]
	[144605,2]
	[144640,1]
	[642,92]
	[144672,2]
	[144704,2]
	[144736,3]
	[144768,2]
	[144770,2]
	[644,80]
	[144801,1]
	[144833,1]
	[144897,1]
	[144900,1]
	[646,91]
	[144928,1]
	[144992,1]
	[145024,1]
	[648,87]
	[145053,1]
	[145085,1]
	[145117,3]
	[145149,2]
	[145160,1]
	[650,84]
	[145176,3]
	[145208,2]
	[145240,2]
	[145272,1]
	[145290,3]
	[652,96]
	[145329,1]
	[145393,1]
	[145420,1]
	[654,87]
	[145448,5]
	[145512,2]
	[656,78]
	[145533,2]
	[145597,1]
	[145629,1]
	[145680,2]
	[658,81]
	[145744,1]
	[660,80]
	[145761,2]
	[145825,2]
	[662,87]
	[145872,1]
	[145904,3]
	[145936,1]
	[664,98]
	[145981,1]
	[146013,1]
	[146045,2]
	[146077,2]
	[146200,1]
	[666,73]
	[146088,2]
	[146120,3]
	[146152,2]
	[146184,1]
	[146330,2]
	[668,79]
	[146289,1]
	[670,80]
	[146296,4]
	[146328,1]
	[146360,1]
	[146392,2]
	[146590,2]
	[146397,2]
	[672,84]
	[146461,2]
	[146493,2]
	[146720,2]
	[146496,2]
	[674,94]
	[146560,3]
	[146592,2]
	[146594,2]
	[676,85]
	[146625,1]
	[146689,2]
	[146692,1]
	[678,69]
	[146752,1]
	[146784,1]
	[146790,1]
	[680,66]
	[146813,4]
	[146845,2]
	[146888,4]
	[682,80]
	[146904,2]
	[146936,1]
	[146986,2]
	[684,76]
	[146993,3]
	[147025,1]
	[147057,1]
	[686,76]
	[147080,2]
	[147112,2]
	[147182,1]
	[688,69]
	[147165,2]
	[147197,2]
	[147229,2]
	[147280,1]
	[690,60]
	[147378,2]
	[692,67]
	[147329,3]
	[147393,1]
	[694,68]
	[147408,1]
	[147440,2]
	[147472,3]
	[147574,1]
	[696,53]
	[147485,2]
	[147517,2]
	[147549,1]
	[147672,1]
	[150383,1]
	[698,60]
	[147560,1]
	[147592,2]
	[147624,1]
	[700,66]
	[147633,1]
	[147665,1]
	[147697,2]
	[702,71]
	[147736,3]
	[147768,2]
	[147966,4]
	[147773,2]
	[704,75]
	[147805,1]
	[147837,1]
	[151458,1]
	[147840,2]
	[706,51]
	[147872,1]
	[147904,1]
	[147906,2]
	[708,59]
	[147937,2]
	[147969,1]
	[710,66]
	[148000,5]
	[148032,3]
	[148038,1]
	[712,63]
	[148061,2]
	[714,63]
	[148120,3]
	[148170,2]
	[716,54]
	[148177,1]
	[148209,2]
	[148236,1]
	[718,54]
	[148232,2]
	[148302,2]
	[720,45]
	[148285,2]
	[148368,2]
	[722,59]
	[148434,1]
	[724,42]
	[148385,2]
	[148417,1]
	[148500,1]
	[726,43]
	[148432,1]
	[148464,1]
	[148566,3]
	[728,49]
	[148477,2]
	[148509,1]
	[148632,4]
	[730,46]
	[148520,2]
	[148552,2]
	[732,53]
	[148561,2]
	[148593,1]
	[148764,2]
	[734,38]
	[148600,2]
	[148830,1]
	[148637,1]
	[736,40]
	[148669,5]
	[148672,2]
	[738,48]
	[148704,2]
	[148706,2]
	[740,49]
	[148737,2]
	[148740,1]
	[742,47]
	[148768,1]
	[148774,2]
	[744,34]
	[148797,2]
	[148808,2]
	[746,40]
	[148824,2]
	[748,34]
	[148849,4]
	[148876,2]
	[750,38]
	[148872,2]
	[752,33]
	[148893,1]
	[148944,4]
	[754,30]
	[148912,1]
	[148978,1]
	[756,31]
	[148929,3]
	[149012,5]
	[758,41]
	[760,33]
	[148957,2]
	[149080,2]
	[762,25]
	[148968,1]
	[764,24]
	[766,20]
	[148984,1]
	[149182,3]
	[148989,1]
	[768,21]
	[149216,3]
	[148992,2]
	[770,23]
	[772,17]
	[148996,2]
	[774,10]
	[148998,2]
	[776,29]
	[149000,2]
	[778,13]
	[149002,1]
	[780,13]
	[782,13]
	[149006,1]
	[784,6]
	[149008,2]
	[786,9]
	[788,6]
	[790,10]
	[149014,1]
	[792,3]
	[149016,1]
	[794,3]
	[149018,3]
	[796,3]
	[149020,2]
	[149022,2]
	[168105,1]
	[203625,1]

1908,
	[23,15]
	[17,15]
	[29,20]
	[39,33]
	[17695,1]
	[27,17]
	[49,23]
	[31,26]
	[45,24]
	[37,18]
	[59,48]
	[55,37]
	[67,51]
	[15,6]
	[27569,1]
	[47,29]
	[79,43]
	[19,9]
	[73,54]
	[53,40]
	[77,52]
	[31184,1]
	[57,49]
	[75,55]
	[32287,1]
	[83,53]
	[32616,1]
	[71,60]
	[81,54]
	[85,51]
	[33832,1]
	[91,66]
	[51,36]
	[87,56]
	[35,21]
	[89,48]
	[35607,1]
	[69,61]
	[25,15]
	[93,57]
	[37784,1]
	[39448,1]
	[61,41]
	[103,73]
	[40183,1]
	[111,77]
	[99,56]
	[41,28]
	[95,65]
	[101,65]
	[115,79]
	[109,76]
	[113,72]
	[44326,1]
	[107,73]
	[117,73]
	[63,47]
	[45174,1]
	[105,61]
	[121,94]
	[127,67]
	[46689,1]
	[47549,1]
	[123,65]
	[49247,1]
	[49063,1]
	[49952,1]
	[133,67]
	[50205,1]
	[52311,1]
	[50864,1]
	[119,68]
	[143,79]
	[51521,1]
	[135,83]
	[149,93]
	[54303,1]
	[53309,1]
	[141,96]
	[131,85]
	[145,97]
	[137,76]
	[55974,1]
	[147,92]
	[153,77]
	[55901,1]
	[55421,1]
	[155,89]
	[159,90]
	[125,81]
	[139,85]
	[58304,1]
	[58567,1]
	[157,69]
	[57501,1]
	[59096,2]
	[167,99]
	[163,106]
	[59880,1]
	[169,97]
	[171,102]
	[60509,1]
	[60508,1]
	[61588,1]
	[61828,1]
	[60029,1]
	[165,83]
	[151,96]
	[175,93]
	[62721,1]
	[173,103]
	[177,94]
	[64104,1]
	[63624,1]
	[183,110]
	[65927,1]
	[65479,1]
	[179,122]
	[21,12]
	[65949,1]
	[181,100]
	[187,102]
	[189,115]
	[67040,1]
	[185,117]
	[191,110]
	[66209,1]
	[67421,1]
	[66941,1]
	[195,117]
	[199,106]
	[201,117]
	[69224,1]
	[68744,1]
	[203,130]
	[69341,1]
	[197,108]
	[71376,1]
	[70896,2]
	[69936,1]
	[207,130]
	[72803,1]
	[205,120]
	[209,133]
	[73426,1]
	[71600,1]
	[71709,1]
	[72372,1]
	[74172,1]
	[211,138]
	[213,116]
	[73455,1]
	[72296,1]
	[74570,1]
	[215,140]
	[217,125]
	[75887,1]
	[219,126]
	[221,123]
	[77103,1]
	[76543,1]
	[74624,1]
	[223,124]
	[75201,2]
	[75776,1]
	[229,137]
	[76349,1]
	[75869,1]
	[227,126]
	[78639,1]
	[76440,1]
	[80583,1]
	[78056,1]
	[79958,1]
	[79191,1]
	[233,137]
	[237,108]
	[80541,1]
	[79101,1]
	[78141,1]
	[231,133]
	[235,139]
	[43,23]
	[79184,1]
	[239,145]
	[79265,1]
	[241,134]
	[243,119]
	[80784,1]
	[79824,1]
	[80861,1]
	[247,150]
	[81896,1]
	[245,126]
	[81969,2]
	[83480,1]
	[84559,1]
	[83000,1]
	[251,138]
	[85140,1]
	[83549,1]
	[255,131]
	[84096,1]
	[83136,1]
	[249,111]
	[85219,1]
	[84641,1]
	[253,144]
	[259,118]
	[86624,1]
	[84704,1]
	[83744,1]
	[261,147]
	[85724,1]
	[86380,1]
	[263,132]
	[88351,1]
	[86264,1]
	[85784,1]
	[84824,1]
	[265,130]
	[88819,1]
	[85361,1]
	[87336,1]
	[86856,3]
	[85896,1]
	[87869,1]
	[87389,1]
	[269,139]
	[87969,1]
	[87489,1]
	[267,141]
	[271,117]
	[11,4]
	[89456,1]
	[88496,1]
	[89501,1]
	[273,130]
	[275,144]
	[7,6]
	[90024,1]
	[89544,1]
	[89064,1]
	[277,133]
	[92465,1]
	[92959,1]
	[91025,1]
	[90545,2]
	[90065,1]
	[279,130]
	[283,146]
	[91064,1]
	[90778,1]
	[90104,1]
	[90621,1]
	[281,133]
	[285,144]
	[92096,1]
	[91136,1]
	[93569,1]
	[92609,1]
	[287,125]
	[291,146]
	[94080,1]
	[93149,1]
	[96028,1]
	[293,142]
	[295,142]
	[95930,1]
	[95610,1]
	[94616,1]
	[93656,1]
	[93176,1]
	[92696,1]
	[297,136]
	[95601,1]
	[94641,1]
	[93681,1]
	[97546,1]
	[96104,1]
	[94664,1]
	[299,166]
	[94205,1]
	[301,142]
	[95664,1]
	[94704,1]
	[303,173]
	[98287,1]
	[95201,2]
	[305,168]
	[99538,1]
	[99634,1]
	[97616,1]
	[307,153]
	[309,145]
	[98109,1]
	[97149,1]
	[96669,1]
	[99080,1]
	[313,152]
	[99624,1]
	[98129,1]
	[97169,2]
	[311,140]
	[315,139]
	[101503,1]
	[101626,1]
	[98136,1]
	[98141,1]
	[317,136]
	[100064,3]
	[100545,1]
	[100065,1]
	[98625,1]
	[101984,1]
	[101504,1]
	[101024,1]
	[101538,1]
	[99584,2]
	[319,153]
	[323,153]
	[325,145]
	[102461,1]
	[102456,1]
	[101016,1]
	[327,147]
	[329,138]
	[102449,1]
	[101489,2]
	[101267,1]
	[103880,1]
	[101960,2]
	[333,150]
	[104829,1]
	[103869,2]
	[102347,1]
	[331,153]
	[335,140]
	[102896,2]
	[102416,1]
	[337,150]
	[106241,1]
	[104321,1]
	[103361,1]
	[102881,1]
	[339,150]
	[105744,1]
	[102864,1]
	[341,138]
	[103805,1]
	[343,142]
	[107624,1]
	[105704,2]
	[104264,1]
	[104721,1]
	[104241,1]
	[345,165]
	[108056,1]
	[107576,1]
	[106616,1]
	[104696,1]
	[108509,1]
	[108228,1]
	[349,148]
	[351,142]
	[107520,1]
	[107040,1]
	[347,159]
	[109409,1]
	[108449,1]
	[107969,2]
	[107489,1]
	[106529,1]
	[105569,1]
	[110370,1]
	[108416,1]
	[107456,1]
	[106496,1]
	[355,172]
	[108381,1]
	[107901,1]
	[107421,1]
	[106941,2]
	[357,149]
	[359,156]
	[111224,1]
	[109304,1]
	[108824,1]
	[108344,1]
	[111199,1]
	[107384,1]
	[106904,1]
	[361,145]
	[110225,1]
	[109265,1]
	[109704,1]
	[109224,1]
	[108744,1]
	[110621,2]
	[110141,1]
	[108701,1]
	[108221,1]
	[365,135]
	[112016,1]
	[111056,1]
	[110096,1]
	[109136,1]
	[363,146]
	[369,181]
	[113987,1]
	[111969,1]
	[111489,1]
	[109089,4]
	[371,154]
	[112880,1]
	[111440,1]
	[110960,1]
	[112498,1]
	[367,160]
	[373,143]
	[111389,2]
	[110909,1]
	[111956,1]
	[109949,1]
	[375,142]
	[112775,1]
	[111816,1]
	[110856,1]
	[377,155]
	[115072,1]
	[112721,2]
	[115283,1]
	[115536,1]
	[110801,3]
	[113624,1]
	[111704,1]
	[115642,1]
	[379,149]
	[116300,1]
	[114524,1]
	[113565,1]
	[113085,1]
	[111645,1]
	[383,145]
	[114944,2]
	[115375,1]
	[381,145]
	[114881,1]
	[117155,1]
	[112481,1]
	[112001,1]
	[387,130]
	[113856,1]
	[117629,1]
	[115709,1]
	[114749,1]
	[113789,2]
	[115640,2]
	[115160,1]
	[113240,1]
	[389,150]
	[391,167]
	[117009,1]
	[115569,3]
	[114129,1]
	[113649,1]
	[393,147]
	[118856,2]
	[117896,2]
	[115016,1]
	[114536,1]
	[114056,1]
	[397,154]
	[117341,1]
	[119551,1]
	[115421,1]
	[114461,1]
	[395,155]
	[116784,1]
	[116304,2]
	[114864,1]
	[399,146]
	[120259,1]
	[117185,1]
	[118288,1]
	[115745,1]
	[115265,2]
	[403,155]
	[119984,1]
	[119024,2]
	[118544,1]
	[118064,2]
	[117584,1]
	[117104,2]
	[401,155]
	[405,145]
	[120308,1]
	[118941,1]
	[119867,1]
	[117981,1]
	[120340,1]
	[117501,1]
	[116541,1]
	[117515,1]
	[407,142]
	[119336,1]
	[117416,1]
	[409,167]
	[117329,1]
	[116849,1]
	[116848,1]
	[411,137]
	[119640,1]
	[119160,1]
	[118200,1]
	[117720,2]
	[117240,1]
	[413,159]
	[122428,1]
	[121469,1]
	[119549,1]
	[119069,2]
	[122479,1]
	[121376,1]
	[119936,2]
	[118976,1]
	[118016,1]
	[119086,1]
	[415,150]
	[121761,1]
	[121281,1]
	[120801,1]
	[120321,1]
	[121475,1]
	[119361,1]
	[118401,1]
	[419,145]
	[121184,1]
	[120704,2]
	[119744,1]
	[119264,1]
	[118304,1]
	[119851,1]
	[421,153]
	[423,166]
	[123864,1]
	[122424,1]
	[120984,2]
	[123343,1]
	[119064,1]
	[123761,1]
	[122801,1]
	[121361,1]
	[120881,1]
	[119921,1]
	[427,144]
	[125735,1]
	[122696,1]
	[122216,1]
	[121736,1]
	[121256,1]
	[120296,1]
	[123549,1]
	[124460,1]
	[121149,1]
	[120189,1]
	[429,157]
	[124400,1]
	[123440,1]
	[122480,1]
	[122000,1]
	[121520,2]
	[121040,1]
	[120560,2]
	[124926,1]
	[433,159]
	[126808,1]
	[126403,1]
	[123329,2]
	[122369,2]
	[121889,1]
	[120929,1]
	[425,160]
	[431,154]
	[435,159]
	[125616,1]
	[124656,1]
	[122736,1]
	[121661,2]
	[437,154]
	[439,168]
	[126751,1]
	[124904,1]
	[124424,1]
	[123464,1]
	[441,135]
	[126225,1]
	[125745,2]
	[123825,1]
	[122865,1]
	[443,146]
	[127544,1]
	[123704,1]
	[126941,1]
	[125981,1]
	[124541,1]
	[129295,1]
	[127776,2]
	[126816,2]
	[126336,1]
	[124416,1]
	[447,158]
	[125729,1]
	[125249,1]
	[125832,1]
	[124769,1]
	[124289,1]
	[125872,1]
	[128000,1]
	[127520,1]
	[127040,1]
	[125600,1]
	[124160,1]
	[123680,2]
	[445,153]
	[451,133]
	[453,153]
	[129309,1]
	[128349,1]
	[126429,1]
	[125469,1]
	[124989,1]
	[124509,1]
	[129656,2]
	[129478,1]
	[127736,2]
	[127256,1]
	[126776,2]
	[124856,1]
	[124376,1]
	[457,158]
	[129304,1]
	[128561,1]
	[128081,1]
	[127121,1]
	[126641,2]
	[126161,1]
	[125681,1]
	[125201,1]
	[455,180]
	[126984,1]
	[125064,1]
	[461,169]
	[128285,2]
	[459,143]
	[463,148]
	[131504,1]
	[129584,1]
	[129104,1]
	[128624,1]
	[126224,1]
	[465,155]
	[129921,2]
	[128481,1]
	[132192,1]
	[126561,1]
	[131336,1]
	[126081,1]
	[467,157]
	[131216,1]
	[128336,1]
	[127856,3]
	[127376,1]
	[126416,1]
	[131549,2]
	[130589,3]
	[128189,1]
	[127709,1]
	[132860,1]
	[127229,2]
	[126749,3]
	[469,164]
	[132840,1]
	[130440,1]
	[129960,2]
	[129480,1]
	[128040,1]
	[471,163]
	[473,148]
	[132689,1]
	[132209,1]
	[131729,1]
	[131728,1]
	[131249,1]
	[130769,2]
	[130289,1]
	[129809,2]
	[129843,1]
	[127409,1]
	[475,172]
	[130616,1]
	[130136,2]
	[128216,3]
	[132381,1]
	[131421,1]
	[129981,1]
	[129021,1]
	[128061,1]
	[134754,1]
	[132894,1]
	[130304,1]
	[129824,1]
	[129344,2]
	[128384,2]
	[477,150]
	[132545,1]
	[130625,1]
	[129665,1]
	[128705,1]
	[132355,1]
	[132864,3]
	[132384,1]
	[131424,1]
	[130464,1]
	[128544,1]
	[479,150]
	[483,141]
	[133661,2]
	[134316,1]
	[131741,1]
	[131261,3]
	[130301,1]
	[135071,1]
	[485,144]
	[487,145]
	[133016,1]
	[132056,1]
	[131096,1]
	[129176,1]
	[135168,1]
	[132369,1]
	[131889,1]
	[130929,1]
	[130449,2]
	[129969,1]
	[129489,1]
	[489,134]
	[491,155]
	[135766,1]
	[134120,1]
	[133640,1]
	[134839,1]
	[132680,2]
	[129800,2]
	[493,134]
	[135389,1]
	[134909,1]
	[132989,2]
	[130109,2]
	[495,149]
	[135696,1]
	[135216,1]
	[133296,1]
	[132816,1]
	[131856,1]
	[130416,3]
	[497,127]
	[136481,2]
	[136001,1]
	[134561,1]
	[134081,2]
	[133601,1]
	[132641,1]
	[131681,1]
	[131201,1]
	[132888,1]
	[130721,1]
	[136739,1]
	[499,134]
	[135824,1]
	[133424,1]
	[137298,1]
	[131984,1]
	[131024,2]
	[501,137]
	[135645,1]
	[135165,2]
	[134205,2]
	[133725,1]
	[133245,2]
	[132765,1]
	[137916,1]
	[132285,1]
	[131805,1]
	[131325,1]
	[503,136]
	[136424,1]
	[135944,2]
	[134504,1]
	[135551,1]
	[133544,1]
	[134847,1]
	[133064,1]
	[132104,1]
	[131624,1]
	[505,121]
	[134321,1]
	[133841,1]
	[133361,1]
	[132881,1]
	[132401,1]
	[131921,2]
	[507,135]
	[139034,1]
	[138456,1]
	[137976,1]
	[137016,1]
	[136536,1]
	[136698,1]
	[136056,1]
	[135576,3]
	[133176,1]
	[509,147]
	[136349,2]
	[138603,1]
	[133949,1]
	[133469,1]
	[132509,1]
	[511,159]
	[136160,1]
	[132800,1]
	[138849,1]
	[137409,1]
	[137519,1]
	[135489,2]
	[134529,1]
	[134049,2]
	[133089,1]
	[132609,4]
	[515,160]
	[139975,1]
	[137216,2]
	[136736,1]
	[136255,1]
	[135776,1]
	[134336,2]
	[133856,1]
	[132896,2]
	[517,141]
	[137021,1]
	[135101,1]
	[133181,2]
	[140678,1]
	[137304,1]
	[136344,1]
	[135864,2]
	[135384,1]
	[136095,1]
	[134424,1]
	[133944,3]
	[133464,2]
	[521,152]
	[138065,1]
	[136625,1]
	[136145,1]
	[135665,1]
	[134225,1]
	[133745,1]
	[519,146]
	[138550,1]
	[136904,1]
	[134984,1]
	[134024,1]
	[523,136]
	[525,165]
	[139581,1]
	[139101,1]
	[138621,1]
	[140500,1]
	[135741,1]
	[134781,3]
	[134301,1]
	[527,141]
	[141295,1]
	[139376,1]
	[137936,1]
	[136496,2]
	[136016,2]
	[529,138]
	[140129,1]
	[138689,1]
	[136289,1]
	[135809,1]
	[134849,1]
	[531,140]
	[140880,1]
	[139920,2]
	[138960,1]
	[138000,2]
	[137999,1]
	[137040,1]
	[135120,4]
	[533,166]
	[138749,1]
	[138269,1]
	[135869,1]
	[535,135]
	[142376,2]
	[139976,1]
	[137576,1]
	[136616,1]
	[135656,1]
	[143344,1]
	[142641,2]
	[142976,4]
	[141681,1]
	[140241,1]
	[139281,1]
	[138801,1]
	[138321,2]
	[136881,1]
	[135921,1]
	[537,127]
	[539,146]
	[143239,1]
	[142424,1]
	[140984,1]
	[141398,1]
	[138584,1]
	[136184,1]
	[141245,2]
	[140285,2]
	[142891,1]
	[137405,1]
	[136925,1]
	[541,145]
	[543,145]
	[141024,1]
	[140544,2]
	[139584,1]
	[138624,2]
	[138144,2]
	[137664,1]
	[143266,1]
	[137184,1]
	[136704,1]
	[142241,1]
	[141281,2]
	[140801,4]
	[140321,2]
	[143560,1]
	[139361,1]
	[138881,1]
	[137921,1]
	[137441,2]
	[136961,1]
	[547,127]
	[141536,3]
	[140576,2]
	[137696,2]
	[549,150]
	[142269,2]
	[144479,1]
	[141309,2]
	[140349,1]
	[139869,3]
	[137949,3]
	[551,134]
	[143398,1]
	[141080,2]
	[140600,2]
	[140120,2]
	[139640,2]
	[139160,1]
	[138200,2]
	[553,134]
	[144344,2]
	[143729,2]
	[143249,2]
	[140849,2]
	[139889,2]
	[138929,1]
	[139768,1]
	[138449,1]
	[137489,2]
	[143496,2]
	[143016,1]
	[142536,2]
	[142056,2]
	[141096,1]
	[140136,4]
	[139176,1]
	[138696,2]
	[555,120]
	[557,143]
	[145803,1]
	[144221,2]
	[143261,1]
	[141821,2]
	[141341,2]
	[140861,2]
	[140381,3]
	[139901,2]
	[141460,1]
	[138941,2]
	[137981,1]
	[145703,1]
	[143984,2]
	[143024,1]
	[141584,1]
	[141104,2]
	[139664,2]
	[139184,3]
	[138224,1]
	[559,130]
	[561,146]
	[145816,1]
	[144705,1]
	[142785,2]
	[142305,1]
	[140865,2]
	[140385,1]
	[138945,1]
	[563,132]
	[142544,4]
	[142064,1]
	[140144,1]
	[138704,1]
	[13,2]
	[144701,3]
	[145055,1]
	[142301,1]
	[143355,1]
	[139421,1]
	[565,145]
	[144456,1]
	[567,114]
	[569,144]
	[146609,1]
	[145649,2]
	[144689,2]
	[142769,1]
	[141809,1]
	[141329,2]
	[139409,1]
	[571,118]
	[146360,1]
	[143480,2]
	[143000,1]
	[146589,1]
	[145629,1]
	[144669,1]
	[147140,1]
	[144189,1]
	[143229,1]
	[573,119]
	[575,134]
	[144896,3]
	[144416,2]
	[143936,3]
	[142496,1]
	[142016,1]
	[141056,1]
	[140096,1]
	[146561,1]
	[145121,2]
	[144641,1]
	[144304,1]
	[139841,2]
	[579,117]
	[146784,3]
	[144864,1]
	[145319,1]
	[146978,1]
	[144384,1]
	[143904,1]
	[143424,3]
	[142944,1]
	[142464,1]
	[141984,1]
	[141504,1]
	[140064,2]
	[581,127]
	[146788,1]
	[146045,1]
	[144125,1]
	[142205,1]
	[141244,1]
	[140765,1]
	[583,139]
	[146744,1]
	[146264,1]
	[146575,1]
	[144824,1]
	[143864,2]
	[142904,2]
	[141944,1]
	[147441,1]
	[146481,1]
	[146001,2]
	[145521,1]
	[144561,1]
	[146127,1]
	[143121,1]
	[140721,2]
	[585,127]
	[148616,7]
	[145514,1]
	[149031,1]
	[144296,2]
	[143336,1]
	[142856,1]
	[141416,2]
	[140936,1]
	[587,125]
	[589,109]
	[148349,2]
	[146909,3]
	[144989,3]
	[144509,3]
	[144029,1]
	[146555,1]
	[143549,3]
	[143069,2]
	[142109,2]
	[141629,2]
	[141149,2]
	[146160,1]
	[145200,1]
	[144240,2]
	[143280,2]
	[142800,2]
	[142320,2]
	[141840,2]
	[141360,3]
	[591,121]
	[593,127]
	[149023,2]
	[147329,4]
	[143969,1]
	[143489,3]
	[142529,1]
	[142049,1]
	[595,113]
	[148016,3]
	[147056,2]
	[145616,1]
	[144176,1]
	[142736,1]
	[142256,2]
	[141776,4]
	[597,123]
	[148701,1]
	[147741,1]
	[147261,2]
	[146781,2]
	[146301,2]
	[145341,1]
	[144861,2]
	[143901,1]
	[143421,1]
	[142461,1]
	[599,111]
	[146984,3]
	[146504,2]
	[146024,1]
	[148522,1]
	[145064,2]
	[144584,4]
	[144104,1]
	[143144,2]
	[143626,1]
	[142664,1]
	[601,106]
	[149203,1]
	[148625,1]
	[148145,1]
	[149504,3]
	[147185,1]
	[146224,1]
	[145745,1]
	[144785,1]
	[144305,3]
	[143825,1]
	[143345,1]
	[603,115]
	[150767,1]
	[150938,1]
	[149304,2]
	[148824,3]
	[145944,4]
	[144984,1]
	[143544,3]
	[143064,1]
	[142584,2]
	[147101,3]
	[146621,2]
	[146141,4]
	[150844,1]
	[145661,3]
	[143741,2]
	[605,119]
	[607,113]
	[150176,4]
	[149696,3]
	[148736,3]
	[148256,3]
	[147776,1]
	[146816,2]
	[146336,1]
	[145856,1]
	[145376,1]
	[143456,1]
	[147488,1]
	[146049,1]
	[145569,1]
	[145089,2]
	[144129,1]
	[142689,1]
	[611,105]
	[149600,2]
	[148640,2]
	[147680,1]
	[149807,1]
	[147200,3]
	[146240,1]
	[145280,1]
	[145698,1]
	[144800,1]
	[144320,2]
	[143360,1]
	[142880,1]
	[613,108]
	[147869,2]
	[146429,6]
	[145949,9]
	[145469,1]
	[615,115]
	[149495,1]
	[148056,1]
	[146616,1]
	[145656,1]
	[145176,1]
	[144216,1]
	[143736,1]
	[143256,1]
	[617,107]
	[150641,5]
	[148241,1]
	[147281,2]
	[146801,3]
	[145841,1]
	[145361,1]
	[144401,2]
	[619,99]
	[150344,4]
	[149384,1]
	[148424,3]
	[150278,1]
	[147464,1]
	[146031,1]
	[621,107]
	[150525,2]
	[149565,5]
	[148605,1]
	[151284,1]
	[148125,1]
	[147645,2]
	[147165,1]
	[146685,3]
	[146205,2]
	[145725,2]
	[144285,1]
	[143805,2]
	[623,108]
	[152295,1]
	[150224,7]
	[147824,3]
	[146864,1]
	[146384,1]
	[145904,1]
	[145424,1]
	[625,119]
	[150881,4]
	[149921,3]
	[149441,6]
	[148961,4]
	[148481,1]
	[148001,1]
	[147041,1]
	[145601,2]
	[151056,1]
	[150096,1]
	[149136,1]
	[148176,2]
	[145776,1]
	[144816,1]
	[627,115]
	[150269,3]
	[149309,5]
	[148829,3]
	[147389,1]
	[149627,1]
	[145087,1]
	[149791,1]
	[629,112]
	[631,111]
	[153334,1]
	[151880,3]
	[150440,1]
	[149000,1]
	[148520,1]
	[147560,2]
	[147080,1]
	[146600,1]
	[145640,1]
	[145160,1]
	[144680,2]
	[633,99]
	[153491,1]
	[149169,1]
	[147249,1]
	[146769,2]
	[146289,1]
	[145809,2]
	[145329,2]
	[144849,1]
	[152696,3]
	[151256,3]
	[149336,4]
	[148376,3]
	[147896,2]
	[150247,1]
	[146936,3]
	[145496,3]
	[145016,2]
	[635,91]
	[637,95]
	[150461,5]
	[149981,5]
	[149021,7]
	[148541,4]
	[147580,1]
	[145181,1]
	[639,103]
	[152064,1]
	[151584,1]
	[150624,1]
	[150144,1]
	[149664,1]
	[148224,1]
	[147264,2]
	[145824,2]
	[145344,1]
	[153185,1]
	[152225,2]
	[148385,1]
	[147425,1]
	[146945,1]
	[146465,1]
	[145025,2]
	[643,103]
	[153623,1]
	[150464,1]
	[151511,1]
	[151471,1]
	[148544,2]
	[147584,2]
	[146624,2]
	[146144,1]
	[150127,1]
	[645,111]
	[152541,3]
	[151581,3]
	[150141,7]
	[149181,1]
	[148221,1]
	[154268,1]
	[145821,1]
	[647,105]
	[154639,1]
	[150776,1]
	[152679,1]
	[149816,3]
	[146456,2]
	[145976,1]
	[649,98]
	[154936,1]
	[153809,3]
	[153427,1]
	[151889,3]
	[151409,1]
	[150929,4]
	[150449,5]
	[149969,3]
	[148529,3]
	[148049,1]
	[146129,3]
	[651,119]
	[152520,2]
	[151080,1]
	[149640,1]
	[149160,2]
	[148680,1]
	[148200,1]
	[653,83]
	[152189,6]
	[151229,6]
	[150749,3]
	[153675,1]
	[655,100]
	[151376,7]
	[150896,5]
	[149936,5]
	[148976,1]
	[148496,1]
	[147536,1]
	[148702,1]
	[146576,3]
	[146096,2]
	[657,100]
	[153921,2]
	[152961,3]
	[151521,2]
	[151041,1]
	[150081,2]
	[151555,1]
	[149121,3]
	[148161,2]
	[147681,1]
	[147201,1]
	[146721,1]
	[146241,2]
	[151664,2]
	[149264,6]
	[148784,2]
	[661,97]
	[154783,1]
	[152765,4]
	[152285,3]
	[151805,2]
	[150365,1]
	[149885,5]
	[149405,2]
	[148925,1]
	[148445,5]
	[147485,1]
	[147005,1]
	[659,80]
	[663,81]
	[153384,1]
	[152424,1]
	[151944,1]
	[150024,3]
	[149064,1]
	[148584,1]
	[148104,1]
	[152279,1]
	[146664,3]
	[665,87]
	[155795,1]
	[153041,1]
	[152081,4]
	[151121,3]
	[150160,1]
	[149681,5]
	[148721,2]
	[154015,1]
	[667,103]
	[155855,1]
	[153176,3]
	[151736,1]
	[150296,1]
	[148856,2]
	[147416,2]
	[669,91]
	[154749,2]
	[153789,2]
	[151869,2]
	[150909,7]
	[150429,7]
	[155615,1]
	[149469,3]
	[148509,1]
	[147549,2]
	[147069,1]
	[671,81]
	[152960,1]
	[152480,1]
	[151040,1]
	[153711,1]
	[150080,2]
	[148160,1]
	[154049,1]
	[153089,4]
	[153315,1]
	[152609,3]
	[152129,2]
	[151169,6]
	[150689,8]
	[149729,3]
	[149249,4]
	[148769,1]
	[148289,1]
	[155555,1]
	[147809,2]
	[146849,1]
	[675,78]
	[154176,1]
	[153216,1]
	[152736,2]
	[151296,3]
	[150816,5]
	[149376,3]
	[148416,1]
	[147456,1]
	[146976,1]
	[677,83]
	[156607,1]
	[154301,1]
	[153821,2]
	[153341,3]
	[151421,8]
	[149501,6]
	[147581,4]
	[156316,1]
	[679,90]
	[156495,1]
	[155862,1]
	[153944,2]
	[151064,5]
	[150584,5]
	[149624,5]
	[147704,1]
	[681,78]
	[155985,1]
	[154065,1]
	[152625,1]
	[152145,1]
	[156435,1]
	[151185,1]
	[150705,1]
	[150225,2]
	[148785,1]
	[148305,1]
	[147345,2]
	[683,81]
	[156614,1]
	[154664,2]
	[154184,3]
	[152744,3]
	[151784,1]
	[151304,3]
	[149864,2]
	[148904,1]
	[147944,1]
	[685,78]
	[152861,3]
	[152381,2]
	[150941,6]
	[153484,1]
	[148061,2]
	[687,81]
	[156816,1]
	[154416,1]
	[153936,1]
	[153456,1]
	[152976,1]
	[152496,1]
	[152016,1]
	[149616,1]
	[148656,2]
	[147696,1]
	[689,79]
	[155969,2]
	[155489,2]
	[154529,2]
	[153569,1]
	[150209,2]
	[157056,1]
	[691,73]
	[156560,3]
	[154160,2]
	[153200,2]
	[151760,3]
	[150800,4]
	[150320,4]
	[148880,1]
	[148400,1]
	[693,73]
	[151389,2]
	[149949,3]
	[148029,1]
	[153896,4]
	[152936,3]
	[151976,2]
	[151496,4]
	[151990,1]
	[149576,6]
	[149096,3]
	[148136,2]
	[152678,1]
	[695,62]
	[697,78]
	[153521,1]
	[152561,2]
	[150161,3]
	[155935,1]
	[149201,2]
	[699,67]
	[154104,1]
	[153624,1]
	[153144,1]
	[152664,2]
	[151704,1]
	[151224,1]
	[150264,1]
	[149784,2]
	[148344,1]
	[701,71]
	[155645,2]
	[153725,3]
	[151325,2]
	[150845,2]
	[155744,4]
	[153344,3]
	[152864,2]
	[152384,3]
	[157103,1]
	[155841,1]
	[154401,1]
	[152481,1]
	[150561,1]
	[149601,1]
	[148641,3]
	[703,58]
	[155936,1]
	[154496,2]
	[154016,2]
	[152096,2]
	[151136,1]
	[150656,1]
	[153534,1]
	[707,64]
	[709,68]
	[155549,2]
	[154589,6]
	[154109,2]
	[153149,4]
	[154623,1]
	[149789,6]
	[158234,1]
	[154680,1]
	[154200,1]
	[153720,2]
	[152760,1]
	[152280,1]
	[151800,1]
	[150840,2]
	[150360,1]
	[149400,1]
	[148920,1]
	[155439,1]
	[148440,3]
	[711,79]
	[713,61]
	[154289,2]
	[152849,2]
	[152369,2]
	[149489,4]
	[149009,1]
	[715,66]
	[155336,1]
	[153416,1]
	[152456,3]
	[151016,2]
	[150056,1]
	[717,57]
	[157821,1]
	[154941,2]
	[157068,2]
	[153501,3]
	[157892,1]
	[152061,4]
	[149661,2]
	[155039,1]
	[719,58]
	[154064,1]
	[153584,1]
	[152144,1]
	[150704,1]
	[721,50]
	[156065,1]
	[154625,1]
	[149825,1]
	[149345,2]
	[148865,2]
	[723,40]
	[155664,1]
	[157863,1]
	[154704,1]
	[153744,2]
	[153264,4]
	[152304,3]
	[151344,2]
	[150864,4]
	[150384,3]
	[149904,5]
	[149424,5]
	[148944,1]
	[159103,1]
	[154781,2]
	[151901,3]
	[727,52]
	[157190,1]
	[156166,1]
	[153814,1]
	[157711,1]
	[150536,1]
	[152511,1]
	[725,46]
	[158208,1]
	[158931,1]
	[154929,1]
	[154449,3]
	[152529,1]
	[152049,1]
	[154959,1]
	[150609,2]
	[150129,1]
	[149649,2]
	[729,55]
	[731,51]
	[159511,1]
	[158360,1]
	[158822,1]
	[155000,1]
	[154040,1]
	[153560,1]
	[153080,1]
	[152600,2]
	[149720,1]
	[149240,2]
	[733,39]
	[156029,1]
	[155069,3]
	[153629,3]
	[152669,6]
	[152491,1]
	[154656,1]
	[153696,1]
	[153634,1]
	[152256,1]
	[157422,1]
	[149856,2]
	[157703,1]
	[159648,1]
	[157121,2]
	[156641,3]
	[158032,1]
	[155681,3]
	[155201,3]
	[154721,1]
	[154241,3]
	[153761,1]
	[152321,2]
	[151361,2]
	[150401,4]
	[735,42]
	[739,50]
	[156224,1]
	[157378,1]
	[155264,2]
	[151904,2]
	[151424,1]
	[149984,1]
	[741,44]
	[157725,1]
	[156765,1]
	[155805,2]
	[155325,1]
	[153405,1]
	[152925,2]
	[152445,1]
	[151485,1]
	[151005,1]
	[152363,1]
	[150045,2]
	[149085,1]
	[743,38]
	[158264,1]
	[157304,1]
	[155864,2]
	[154330,1]
	[153464,3]
	[152504,2]
	[152024,3]
	[152335,1]
	[149144,2]
	[157361,1]
	[155921,1]
	[154961,1]
	[154481,1]
	[154001,1]
	[151601,1]
	[745,35]
	[159575,2]
	[159446,1]
	[156456,2]
	[155496,1]
	[155016,1]
	[154536,3]
	[154056,2]
	[152616,2]
	[151656,2]
	[151176,2]
	[150696,2]
	[150216,3]
	[149736,3]
	[747,35]
	[749,44]
	[159988,1]
	[158429,1]
	[157949,1]
	[157469,2]
	[156989,1]
	[151709,2]
	[751,35]
	[159826,1]
	[158480,1]
	[157520,1]
	[156080,1]
	[152240,2]
	[149840,1]
	[153919,1]
	[753,47]
	[157089,1]
	[153729,1]
	[153249,1]
	[152289,1]
	[151809,3]
	[151329,2]
	[149889,1]
	[149409,4]
	[755,20]
	[159122,1]
	[158576,1]
	[158096,2]
	[154736,1]
	[153776,1]
	[153296,3]
	[152816,1]
	[152336,1]
	[151856,4]
	[150416,4]
	[149456,3]
	[757,29]
	[157661,1]
	[156221,2]
	[155741,3]
	[155261,1]
	[759,30]
	[159144,1]
	[158184,1]
	[157224,1]
	[156744,1]
	[155784,1]
	[155304,1]
	[154824,1]
	[153864,1]
	[152904,1]
	[150504,2]
	[149544,2]
	[761,29]
	[160000,1]
	[158225,1]
	[157265,1]
	[154865,2]
	[153905,2]
	[153425,1]
	[152465,1]
	[151985,2]
	[151505,2]
	[152863,1]
	[150545,2]
	[150065,1]
	[149585,1]
	[763,24]
	[157784,1]
	[156824,1]
	[154904,1]
	[150104,1]
	[158239,1]
	[9,1]
	[158781,1]
	[157316,1]
	[155421,2]
	[153981,2]
	[150621,1]
	[765,23]
	[767,25]
	[158336,1]
	[157376,1]
	[156416,1]
	[155456,1]
	[152576,1]
	[150850,1]
	[158369,1]
	[157409,1]
	[156449,1]
	[155008,1]
	[151649,2]
	[154463,1]
	[771,26]
	[157920,1]
	[156960,1]
	[156480,1]
	[154560,1]
	[153600,2]
	[153120,1]
	[152640,2]
	[152160,2]
	[151680,1]
	[150720,2]
	[150240,3]
	[149280,1]
	[773,23]
	[157951,1]
	[775,20]
	[157016,2]
	[156056,2]
	[155576,1]
	[154616,1]
	[777,15]
	[160568,1]
	[158481,1]
	[158001,1]
	[157041,1]
	[156081,1]
	[155601,1]
	[155121,1]
	[154641,1]
	[154161,1]
	[150801,2]
	[150321,1]
	[149841,2]
	[149361,2]
	[157599,1]
	[779,21]
	[158024,1]
	[157064,1]
	[156584,1]
	[156394,1]
	[155624,1]
	[155144,1]
	[153704,2]
	[153224,1]
	[157066,1]
	[781,14]
	[159005,1]
	[156125,1]
	[155165,1]
	[154685,1]
	[156639,1]
	[154205,2]
	[153245,3]
	[157643,1]
	[783,11]
	[158064,1]
	[155184,1]
	[154224,1]
	[151824,1]
	[785,16]
	[157601,1]
	[153281,2]
	[152801,2]
	[151841,1]
	[787,16]
	[160016,1]
	[157616,1]
	[156656,1]
	[156176,1]
	[155216,1]
	[155570,1]
	[154256,1]
	[789,7]
	[158708,1]
	[153309,1]
	[152349,3]
	[156108,1]
	[791,8]
	[159560,1]
	[157640,1]
	[157160,1]
	[156200,1]
	[155720,1]
	[155240,1]
	[154760,1]
	[154280,2]
	[153320,1]
	[152840,1]
	[158767,1]
	[149960,3]
	[793,7]
	[156689,2]
	[156209,1]
	[795,4]
	[159576,1]
	[158136,1]
	[158599,1]
	[155736,1]
	[154776,1]
	[152856,2]
	[151896,1]
	[151416,2]
	[160151,1]
	[150936,2]
	[150456,2]
	[149976,3]
	[149496,3]
	[158621,1]
	[154932,1]
	[797,2]
	[799,3]
	[160677,1]
	[158347,1]
	[154549,1]
	[243378,1]
	[214586,1]
	[262349,1]
	[301346,1]
	[276365,1]
	[321485,1]
	[368781,1]
	[291898,1]
	[396429,1]
	[428713,1]
	[376322,1]
	[430313,1]

1932,
	[28,4]
	[48,2]
	[80,3]
	[44,2]
	[58,2]
	[22,2]
	[16,3]
	[86,5]
	[100,2]
	[106,2]
	[108,1]
	[144,1]
	[114,2]
	[60311,1]
	[170,2]
	[154,2]
	[40,3]
	[10,3]
	[140,1]
	[68,1]
	[142,2]
	[36,1]
	[24,3]
	[118,1]
	[84,5]
	[50,2]
	[14,3]
	[70,5]
	[148,4]
	[228,3]
	[120,4]
	[74,1]
	[208,3]
	[88976,1]
	[218,3]
	[264,1]
	[72,1]
	[97296,1]
	[190,3]
	[184,1]
	[246,2]
	[100775,1]
	[6,1]
	[236,2]
	[160,1]
	[182,1]
	[272,2]
	[330,4]
	[105575,1]
	[234,1]
	[168,1]
	[318,4]
	[38,2]
	[78,1]
	[254,1]
	[308,2]
	[8,3]
	[102,3]
	[122,2]
	[60,1]
	[324,1]
	[152,2]
	[117951,1]
	[224,2]
	[380,1]
	[286,1]
	[302,1]
	[176,1]
	[188,2]
	[372,2]
	[298,2]
	[384,2]
	[390,1]
	[62,5]
	[206,3]
	[104,3]
	[280,1]
	[388,1]
	[156,1]
	[127676,1]
	[166,1]
	[430,3]
	[116,1]
	[238,1]
	[244,2]
	[186,1]
	[32,1]
	[452,3]
	[212,2]
	[276,1]
	[414,1]
	[304,1]
	[202,1]
	[470,1]
	[316,2]
	[486,1]
	[500,1]
	[124,1]
	[494,1]
	[284,2]
	[172,2]
	[340,1]
	[46,2]
	[88,1]
	[474,1]
	[178,1]
	[76,2]
	[204,2]
	[410,1]
	[338,1]
	[94,1]
	[544,2]
	[288,1]
	[306,2]
	[572,1]
	[266,2]
	[146,1]
	[346,2]
	[348,4]
	[174,1]
	[149351,1]
	[444,1]
	[590,2]
	[136,1]
	[222,1]
	[252,1]
	[368,1]
	[440,2]
	[530,2]
	[378,2]
	[398,1]
	[96,1]
	[220,1]
	[554,1]
	[200,1]
	[402,1]
	[586,2]
	[560,2]
	[152879,1]
	[242,2]
	[608,2]
	[12,3]
	[542,2]
	[153744,1]
	[150,1]
	[412,2]
	[408,1]
	[336,3]
	[230,1]
	[270,1]
	[526,1]
	[54,1]
	[660,1]
	[400,1]
	[156311,1]
	[614,1]
	[672,1]
	[644,1]
	[64,1]
	[566,1]
	[670,1]
	[164,1]
	[432,1]
	[476,3]
	[134,1]
	[128,1]
	[132,1]
	[574,1]
	[536,1]
	[278,1]
	[508,1]
	[704,1]
	[294,1]
	[456,1]
	[594,1]
	[692,1]
	[396,1]
	[159200,1]
	[626,2]
	[426,1]
	[260,1]
	[180,1]
	[604,1]
	[464,1]
	[210,1]
	[534,1]
	[356,2]
	[350,1]
	[468,1]
	[734,1]
	[360,1]
	[488,1]
	[256,1]
	[216,2]
	[392,1]
	[640,1]
	[520,1]
	[52,1]
	[462,1]
	[710,1]

1952,
	[1,262]
	[194,3]
	[162,3]
	[418,2]
	[34,1]
	[354,2]
	[130,1]
	[450,1]
	[386,1]
	[66,1]

1904,
	[2,38153]
	[19,1]
	[37,1]
	[27,2]
	[3,305]
	[51,3]
	[59,5]
	[57,4]
	[79,7]
	[41,3]
	[95,7]
	[65,3]
	[107,5]
	[83,5]
	[113,8]
	[119,5]
	[7,2]
	[15,2]
	[123,8]
	[131,4]
	[101,10]
	[105,6]
	[111,5]
	[39,3]
	[109,7]
	[45,2]
	[11,2]
	[43,6]
	[71,2]
	[165,6]
	[169,5]
	[99,5]
	[137,8]
	[17,2]
	[153,6]
	[177,9]
	[103,6]
	[147,2]
	[155,9]
	[29,1]
	[187,11]
	[67,1]
	[195,9]
	[157,5]
	[191,9]
	[197,5]
	[199,10]
	[201,5]
	[159,15]
	[207,9]
	[173,8]
	[47,4]
	[69,2]
	[81,3]
	[97,2]
	[229,10]
	[171,8]
	[121,7]
	[221,7]
	[223,8]
	[73,5]
	[231,10]
	[193,3]
	[215,8]
	[219,5]
	[233,5]
	[61,5]
	[237,10]
	[253,7]
	[21,1]
	[141,8]
	[33,2]
	[217,3]
	[227,10]
	[139,5]
	[225,11]
	[135,7]
	[249,9]
	[275,17]
	[55,3]
	[179,6]
	[273,6]
	[281,8]
	[133,8]
	[175,4]
	[243,6]
	[255,8]
	[279,8]
	[23,2]
	[257,9]
	[117,6]
	[265,10]
	[267,13]
	[145,3]
	[297,12]
	[91,3]
	[235,8]
	[271,6]
	[261,7]
	[161,8]
	[295,8]
	[181,6]
	[31,1]
	[291,10]
	[303,6]
	[305,9]
	[115,4]
	[259,5]
	[245,8]
	[247,9]
	[163,4]
	[263,6]
	[311,11]
	[75,3]
	[183,3]
	[277,9]
	[127,6]
	[213,7]
	[313,7]
	[149,4]
	[209,4]
	[289,8]
	[63,1]
	[211,12]
	[143,2]
	[343,12]
	[299,9]
	[189,4]
	[239,9]
	[325,9]
	[269,7]
	[307,8]
	[185,7]
	[287,15]
	[347,13]
	[317,8]
	[339,7]
	[353,7]
	[329,16]
	[345,5]
	[203,7]
	[323,10]
	[285,7]
	[125,4]
	[371,9]
	[319,9]
	[349,7]
	[359,9]
	[375,13]
	[377,15]
	[293,11]
	[327,10]
	[335,11]
	[373,2]
	[367,10]
	[381,7]
	[167,12]
	[331,4]
	[401,18]
	[383,14]
	[393,6]
	[351,14]
	[301,9]
	[309,7]
	[379,7]
	[397,12]
	[357,13]
	[407,11]
	[341,11]
	[389,14]
	[403,13]
	[355,7]
	[385,13]
	[365,8]
	[415,11]
	[419,12]
	[53,1]
	[93,1]
	[333,13]
	[337,12]
	[315,6]
	[399,11]
	[251,3]
	[417,12]
	[427,9]
	[369,6]
	[433,10]
	[363,7]
	[413,12]
	[411,11]
	[425,10]
	[241,7]
	[391,13]
	[421,8]
	[395,7]
	[405,10]
	[409,7]
	[447,7]
	[449,11]
	[429,14]
	[455,9]
	[431,11]
	[441,7]
	[283,7]
	[423,5]
	[321,7]
	[451,12]
	[461,14]
	[463,6]
	[361,9]
	[439,8]
	[459,4]
	[387,7]
	[437,11]
	[475,7]
	[443,13]
	[457,7]
	[469,10]
	[129,1]
	[465,8]
	[479,7]
	[493,12]
	[435,14]
	[477,10]
	[481,7]
	[495,10]
	[467,10]
	[485,8]
	[489,12]
	[487,10]
	[89,1]
	[501,10]
	[445,8]
	[473,11]
	[509,11]
	[483,8]
	[507,7]
	[499,11]
	[87,4]
	[505,10]
	[521,5]
	[513,5]
	[511,12]
	[471,9]
	[453,8]
	[517,4]
	[533,4]
	[525,5]
	[541,6]
	[535,9]
	[523,7]
	[491,9]
	[545,8]
	[527,7]
	[539,9]
	[519,12]
	[549,13]
	[515,4]
	[531,8]
	[151,6]
	[553,8]
	[557,6]
	[543,7]
	[205,1]
	[497,6]
	[573,6]
	[559,13]
	[563,8]
	[569,4]
	[581,3]
	[579,10]
	[587,5]
	[585,3]
	[593,8]
	[537,6]
	[555,6]
	[503,7]
	[551,8]
	[575,5]
	[567,7]
	[595,8]
	[609,7]
	[591,6]
	[85,1]
	[611,6]
	[571,4]
	[547,8]
	[605,8]
	[617,6]
	[529,1]
	[613,4]
	[623,4]
	[625,4]
	[597,4]
	[599,8]
	[577,5]
	[607,8]
	[621,6]
	[583,3]
	[637,2]
	[631,8]
	[647,4]
	[649,4]
	[565,3]
	[627,10]
	[635,7]
	[645,4]
	[651,5]
	[653,5]
	[639,4]
	[619,3]
	[655,5]
	[633,5]
	[663,5]
	[603,6]
	[9,1]
	[629,4]
	[561,4]
	[589,5]
	[677,7]
	[671,6]
	[661,5]
	[667,9]
	[669,3]
	[683,5]
	[673,4]
	[685,4]
	[659,2]
	[615,4]
	[643,5]
	[681,3]
	[641,4]
	[687,1]
	[657,2]
	[697,5]
	[601,6]
	[693,3]
	[691,5]
	[709,5]
	[689,2]
	[701,2]
	[711,5]
	[713,7]
	[699,3]
	[707,1]
	[679,4]
	[715,3]
	[675,5]
	[723,4]
	[721,1]
	[727,2]
	[737,3]
	[741,1]
	[25,1]
	[725,4]
	[731,1]
	[745,1]
	[665,1]
	[749,2]
	[735,2]
	[739,3]
	[733,2]
	[703,2]
	[705,3]
	[729,2]
	[757,3]
	[747,2]
	[755,1]
	[49,1]
	[743,1]

1892,
	[33,21]
	[1,29]
	[65,23]
	[130,2]
	[98,4]
	[97,18]
	[129,21]
	[161,13]
	[193,11]
	[225,13]
	[194,1]
	[34,3]
	[257,15]
	[162,2]
	[289,13]
	[354,1]
	[258,2]
	[290,3]
	[353,18]
	[417,14]
	[321,12]
	[385,11]
	[481,10]
	[449,11]
	[513,9]
	[578,1]
	[482,1]
	[641,6]
	[609,4]
	[577,3]
	[545,12]
	[642,1]
	[226,1]
	[705,1]
	[673,5]
	[322,1]
	[706,1]
	[737,2]

1856,
	[2,2]

1860,
	[4,2]

1884,
	[1,1]

2032,
	[2,279]
	[132,1]
	[1,2]
	[220,1]
	[364,1]
	[366,1]
	[372,1]
	[414,1]
	[472,1]
	[480,1]
	[490,1]
	[504,1]
	[526,1]
	[548,1]
	[564,1]
	[640,1]
	[692,1]

2016,
	[86,1]
	[204,1]

2028,
	[2,292]
	[84319,1]
	[206375,1]
	[289887,1]

2056,
	[227,1]

2144,
	[2,305]
	[123,1]
	[147,1]
	[203,1]
	[225,1]
	[239,1]
	[283,1]
	[353,1]
	[449,1]
	[443,1]
	[445,1]
	[467,1]
	[469,1]
	[521,1]
	[555,1]
	[557,1]
	[571,1]
	[583,1]
	[587,1]
	[595,1]
	[601,1]
	[631,1]
	[671,1]
	[685,1]
	[711,1]
	[717,1]
	[723,1]
	[727,1]
	[739,1]

2204,
	[1,2]

2140,
	[2,283]

2168,
	[4,3]

2196,
	[571,1]
	[727,1]
	[759,1]

len(carl_order):
47
Printing carl assignment order:
1884,1,1.0
2204,1,1.0
1952,1,0.9458483754512635
1824,1,0.9096989966555183
1856,2,0.5
2140,2,0.5
2028,2,0.49491525423728816
2032,2,0.47627118644067795
1904,2,0.46663486705315427
1800,2,0.4652154129846493
2144,2,0.45795795795795796
1860,4,0.25
2168,4,0.25
1904,3,0.11180351906158358
1892,1,0.09090909090909091
1784,1,0.009375
2016,204,0.006896551724137931
1800,4,0.005507745266781412
2056,227,0.004405286343612335
1952,450,0.004095004095004095
1784,769,0.003997377115331265
1932,710,0.0035685226083924213
1892,737,0.003544538965483524
1932,734,0.003205128205128205
1800,766,0.0026797601943719393
1904,757,0.0026587164862367806
2032,692,0.002220906129700918
1908,787,0.002196060852484813
1804,782,0.0021824583661899694
2144,739,0.002005156115726153
1908,791,0.001466275659824047
2196,759,0.0014584346135148275
1908,793,0.0013747054202670856
1804,790,0.0013513513513513514
1908,795,0.0007877116975187081
1824,66,0.0005698005698005698
1804,796,0.0005274261603375527
1908,799,0.0004932912391475928
1824,322,0.00015024038461538462
1824,141705,1.022524162245954e-05
1804,203625,9.261951233672812e-06
1932,159200,8.212220194260068e-06
1908,160677,7.231071289586842e-06
1800,19600,7.127803899859107e-06
1908,430313,6.048871860194441e-06
2028,289887,5.16729104766826e-06
1800,41929545,4.811906149429357e-08
bin_width: 8645523
assigning lease 1 to address 1884
Average Cache Occupancy Per Bin: [0.0,0.0,2.96,0.0,0.0]
Total cost: 0
assigning lease 1 to address 2204
Average Cache Occupancy Per Bin: [0.0,0.0,2.96,0.0,5.92]
Total cost: 0
assigning lease 1 to address 1952
Average Cache Occupancy Per Bin: [0.00,0.00,0.00,0.00,0.00]
Total cost: 11520.0
assigning lease 1 to address 1824
Average Cache Occupancy Per Bin: [0.00,0.00,0.00,0.00,0.00]
Total cost: 60160.0
assigning lease 2 to address 1856
Average Cache Occupancy Per Bin: [0.00,0.00,0.00,0.00,0.00]
Total cost: 60672.0
assigning lease 2 to address 2140
Average Cache Occupancy Per Bin: [0.00,0.00,0.00,0.00,0.01]
Total cost: 60672.0
assigning lease 2 to address 2028
Average Cache Occupancy Per Bin: [0.00,0.00,0.00,0.00,0.03]
Total cost: 60672.0
assigning lease 2 to address 2032
Average Cache Occupancy Per Bin: [0.00,0.00,0.00,0.00,0.05]
Total cost: 60672.0
assigning lease 2 to address 1904
Average Cache Occupancy Per Bin: [0.14,0.32,0.48,0.65,0.88]
Total cost: 1279232.0
assigning lease 2 to address 1800
Average Cache Occupancy Per Bin: [0.98,0.99,0.99,0.98,1.00]
Total cost: 8513280.0
assigning lease 2 to address 2144
Average Cache Occupancy Per Bin: [0.98,0.99,0.99,0.98,1.02]
Total cost: 8513280.0
assigning lease 4 to address 1860
Average Cache Occupancy Per Bin: [0.98,0.99,0.99,0.98,1.02]
Total cost: 8514304.0
assigning lease 4 to address 2168
Average Cache Occupancy Per Bin: [0.98,0.99,0.99,0.98,1.02]
Total cost: 8514304.0
assigning lease 3 to address 1904
Average Cache Occupancy Per Bin: [0.99,1.00,1.00,1.00,1.05]
Total cost: 8559616.0
assigning lease 1 to address 1892
Average Cache Occupancy Per Bin: [0.99,1.00,1.01,1.01,1.05]
Total cost: 8571136.0
assigning lease 1 to address 1784
Average Cache Occupancy Per Bin: [0.99,1.00,1.01,1.01,1.05]
Total cost: 8624896.0
assigning lease 204 to address 2016
Average Cache Occupancy Per Bin: [0.99,1.00,1.01,1.01,1.06]
Total cost: 8624896.0
assigning lease 4 to address 1800
Average Cache Occupancy Per Bin: [1.05,1.05,1.04,1.03,1.07]
Total cost: 9137920.0
assigning lease 227 to address 2056
Average Cache Occupancy Per Bin: [1.05,1.05,1.04,1.03,1.08]
Total cost: 9137920.0
assigning lease 450 to address 1952
Average Cache Occupancy Per Bin: [1.06,1.06,1.08,1.07,1.09]
Total cost: 9236736.0
assigning lease 769 to address 1784
Average Cache Occupancy Per Bin: [1.92,1.83,1.43,1.33,1.19]
Total cost: 16613632.0
assigning lease 710 to address 1932
Average Cache Occupancy Per Bin: [2.13,2.22,1.87,2.10,1.93]
Total cost: 18469120.0
assigning lease 737 to address 1892
Average Cache Occupancy Per Bin: [2.24,2.48,2.25,2.71,2.99]
Total cost: 19403776.0
assigning lease 734 to address 1932
Average Cache Occupancy Per Bin: [2.24,2.48,2.25,2.71,3.00]
Total cost: 19428352.0
assigning lease 766 to address 1800
Average Cache Occupancy Per Bin: [7.07,10.8,10.5,9.34,6.35]
Total cost: 61141504.0
assigning lease 757 to address 1904
Average Cache Occupancy Per Bin: [7.62,13.1,15.1,17.1,18.1]
Total cost: 65954816.0
assigning lease 692 to address 2032
Average Cache Occupancy Per Bin: [7.62,13.1,15.1,17.1,18.3]
Total cost: 65954816.0
addr: 1908 ri: 787
bin target: 1106626944
	bin: 3.0 current capacity: 17.111787453460018  avg impact: 150.4341777819572
	bin: 4.0 current capacity: 18.345339663083426  avg impact: 216.9450542205486
num_full_bins: 0
printing bin ranks sorted:
	bin: 4.0 rank: 0.5054489982769578
	selecting this^ bin
	bin: 3.0 rank: 0.737121139501051
acceptable_ratio: 0.5054489982769578
Assigning 1908 dual lease lease 787 * 0.5054489982769578. Bin saturation: [14.8,37.0,61.2,93.1,128.]
addr: 1804 ri: 782
bin target: 1106626944
	bin: 1.0 current capacity: 37.067687033044194  avg impact: 139.06446793328755
	bin: 2.0 current capacity: 61.23630551869491  avg impact: 137.22434050548475
	bin: 3.0 current capacity: 93.14859191996806  avg impact: 105.21191511490976
	bin: 4.0 current capacity: 128.0  avg impact: 43.47437257410569
num_full_bins: 1
printing bin ranks sorted:
	bin: 4.0 rank: 0.0
	bin: 3.0 rank: 0.3312496312035393
	bin: 2.0 rank: 0.4865295343039859
	bin: 1.0 rank: 0.6538860308341174
acceptable_ratio: 0
addr: 2144 ri: 739
bin target: 1106626944
	bin: 4.0 current capacity: 128.0  avg impact: 0.413483834349871
num_full_bins: 1
printing bin ranks sorted:
	bin: 4.0 rank: 0.0
acceptable_ratio: 0
addr: 1908 ri: 791
bin target: 1106626944
	bin: 2.0 current capacity: 61.23630551869491  avg impact: 91.25026212989081
	bin: 3.0 current capacity: 93.14859191996806  avg impact: 150.51471888976525
	bin: 4.0 current capacity: 128.0  avg impact: 217.04839556843467
num_full_bins: 1
printing bin ranks sorted:
	bin: 4.0 rank: 0.0
	bin: 3.0 rank: 0.2315481724120057
	bin: 2.0 rank: 0.7316548240296542
acceptable_ratio: 0
addr: 2196 ri: 759
bin target: 1106626944
	bin: 4.0 current capacity: 128.0  avg impact: 0.060909212779839926
num_full_bins: 1
printing bin ranks sorted:
	bin: 4.0 rank: 0.0
acceptable_ratio: 0
addr: 1908 ri: 793
bin target: 1106626944
	bin: 2.0 current capacity: 61.23630551869491  avg impact: 91.28028738111043
	bin: 3.0 current capacity: 93.14859191996806  avg impact: 150.55498944366929
	bin: 4.0 current capacity: 128.0  avg impact: 217.0993851962455
num_full_bins: 1
printing bin ranks sorted:
	bin: 4.0 rank: 0.0
	bin: 3.0 rank: 0.23148623774485882
	bin: 2.0 rank: 0.7314141573914587
acceptable_ratio: 0
addr: 1804 ri: 790
bin target: 1106626944
	bin: 1.0 current capacity: 37.067687033044194  avg impact: 139.24450099779966
	bin: 2.0 current capacity: 61.23630551869491  avg impact: 137.36433990170403
	bin: 3.0 current capacity: 93.14859191996806  avg impact: 105.30809067305702
	bin: 4.0 current capacity: 128.0  avg impact: 43.52257879598493
num_full_bins: 1
printing bin ranks sorted:
	bin: 4.0 rank: 0.0
	bin: 3.0 rank: 0.3309471082163361
	bin: 2.0 rank: 0.4860336716871368
	bin: 1.0 rank: 0.6530406035093099
acceptable_ratio: 0
addr: 1908 ri: 795
bin target: 1106626944
	bin: 2.0 current capacity: 61.23630551869491  avg impact: 91.31031263233005
	bin: 3.0 current capacity: 93.14859191996806  avg impact: 150.59525999757332
	bin: 4.0 current capacity: 128.0  avg impact: 217.14996027423675
num_full_bins: 1
printing bin ranks sorted:
	bin: 4.0 rank: 0.0
	bin: 3.0 rank: 0.23142433620150815
	bin: 2.0 rank: 0.7311736490284034
acceptable_ratio: 0
assigning lease 66 to address 1824
Average Cache Occupancy Per Bin: [14.9,37.0,61.2,93.1,128.]
Total cost: 128993985.78488833
addr: 1804 ri: 796
bin target: 1106626944
	bin: 1.0 current capacity: 37.081159902181206  avg impact: 139.37952579618377
	bin: 2.0 current capacity: 61.249778387831924  avg impact: 137.4693394488685
	bin: 3.0 current capacity: 93.15051661555906  avg impact: 105.38022234166748
	bin: 4.0 current capacity: 128.0  avg impact: 43.55455835349695
num_full_bins: 1
printing bin ranks sorted:
	bin: 4.0 rank: 0.0
	bin: 3.0 rank: 0.3307023140589959
	bin: 2.0 rank: 0.4855644311653633
	bin: 1.0 rank: 0.6523113031017944
acceptable_ratio: 0
addr: 1908 ri: 799
bin target: 1106626944
	bin: 2.0 current capacity: 61.249778387831924  avg impact: 91.37036313476929
	bin: 3.0 current capacity: 93.15051661555906  avg impact: 150.67580110538137
	bin: 4.0 current capacity: 128.0  avg impact: 217.2505182161912
num_full_bins: 1
printing bin ranks sorted:
	bin: 4.0 rank: 0.0
	bin: 3.0 rank: 0.23128785862613405
	bin: 2.0 rank: 0.7305456531207275
acceptable_ratio: 0
assigning lease 322 to address 1824
Average Cache Occupancy Per Bin: [15.0,37.1,61.3,93.1,128.]
Total cost: 129714881.78488833
assigning lease 141705 to address 1824
Average Cache Occupancy Per Bin: [36.3,56.7,88.6,97.3,128.]
Total cost: 314052033.7848883
addr: 1804 ri: 203625
bin target: 1106626944
	bin: 0.0 current capacity: 36.325394517473185  avg impact: 1884.9430170968258
	bin: 1.0 current capacity: 56.70218780298026  avg impact: 2634.0625232273396
	bin: 2.0 current capacity: 88.62282869375326  avg impact: 2446.6904167625257
	bin: 3.0 current capacity: 97.34454675115641  avg impact: 1827.0543919668019
	bin: 4.0 current capacity: 128.0  avg impact: 806.999692210639
num_full_bins: 1
printing bin ranks sorted:
	bin: 4.0 rank: 0.0
	bin: 2.0 rank: 0.016094055478563907
	bin: 3.0 rank: 0.016778621032646636
	bin: 1.0 rank: 0.027067623326443795
	bin: 0.0 rank: 0.04863521318735848
acceptable_ratio: 0
addr: 1932 ri: 159200
bin target: 1106626944
	bin: 4.0 current capacity: 128.0  avg impact: 4.692289408055475
num_full_bins: 1
printing bin ranks sorted:
	bin: 4.0 rank: 0.0
acceptable_ratio: 0
addr: 1908 ri: 160677
bin target: 1106626944
	bin: 0.0 current capacity: 36.325394517473185  avg impact: 384.3149542254413
	bin: 1.0 current capacity: 56.70218780298026  avg impact: 1176.6258730674824
	bin: 2.0 current capacity: 88.62282869375326  avg impact: 2133.72961335017
	bin: 3.0 current capacity: 97.34454675115641  avg impact: 3117.353260410041
	bin: 4.0 current capacity: 128.0  avg impact: 4020.1668752717446
num_full_bins: 1
printing bin ranks sorted:
	bin: 4.0 rank: 0.0
	bin: 3.0 rank: 0.009833807941552098
	bin: 2.0 rank: 0.01845462098846752
	bin: 1.0 rank: 0.06059514228694054
	bin: 0.0 rank: 0.2385403026205168
acceptable_ratio: 0
addr: 1800 ri: 19600
bin target: 1106626944
	bin: 4.0 current capacity: 128.0  avg impact: 11.15375900335931
num_full_bins: 1
printing bin ranks sorted:
	bin: 4.0 rank: 0.0
acceptable_ratio: 0
addr: 1908 ri: 430313
bin target: 1106626944
	bin: 0.0 current capacity: 36.325394517473185  avg impact: 384.3149542254413
	bin: 1.0 current capacity: 56.70218780298026  avg impact: 1176.6258730674824
	bin: 2.0 current capacity: 88.62282869375326  avg impact: 2133.72961335017
	bin: 3.0 current capacity: 97.34454675115641  avg impact: 3117.353260410041
	bin: 4.0 current capacity: 128.0  avg impact: 4078.909798747861
num_full_bins: 1
printing bin ranks sorted:
	bin: 4.0 rank: 0.0
	bin: 3.0 rank: 0.009833807941552098
	bin: 2.0 rank: 0.01845462098846752
	bin: 1.0 rank: 0.06059514228694054
	bin: 0.0 rank: 0.2385403026205168
acceptable_ratio: 0
addr: 2028 ri: 289887
bin target: 1106626944
	bin: 4.0 current capacity: 128.0  avg impact: 17.191232965316267
num_full_bins: 1
printing bin ranks sorted:
	bin: 4.0 rank: 0.0
acceptable_ratio: 0
addr: 1800 ri: 41929545
bin target: 1106626944
	bin: 4.0 current capacity: 128.0  avg impact: 12318.418481334213
num_full_bins: 1
printing bin ranks sorted:
	bin: 4.0 rank: 0.0
acceptable_ratio: 0
Final saturation:
	0.0,314052033.7848883
	1.0,490220068.80098534
	2.0,766190703.7969038
	3.0,841594517.861698
	4.0,1106626944.0
DUMP LEASES
0, 720, 22989, 0, 1 
0, 6f8, 301, 0, 1 
0, 708, 2fe, 0, 1 
0, 70c, 1, 0, 1 
0, 774, 1, 313, 0.4945510017230422 
0, 78c, 2de, 0, 1 
0, 7a0, 1c2, 0, 1 
0, 770, 2f5, 0, 1 
0, 764, 2e1, 0, 1 
0, 740, 2, 0, 1 
0, 744, 4, 0, 1 
0, 75c, 1, 0, 1 
0, 7f0, 2b4, 0, 1 
0, 7e0, cc, 0, 1 
0, 7ec, 2, 0, 1 
0, 808, e3, 0, 1 
0, 860, 2, 0, 1 
0, 89c, 1, 0, 1 
0, 85c, 2, 0, 1 
0, 878, 4, 0, 1 
0, 894, 1, 0, 1 
Dump dual leases

