sample rate: 0.00390625
1456,
	[3,171]
	[12,2]
	[16,2]
	[20,2]
	[24,6]
	[28,3]
	[32,2]
	[36,7]
	[40,5]
	[44,6]
	[48,7]
	[8356,1]
	[8868,1]
	[52,12]
	[56,11]
	[9904,1]
	[9968,1]
	[60,9]
	[64,6]
	[11612,1]
	[68,16]
	[72,15]
	[76,7]
	[13742,1]
	[120,15]
	[80,15]
	[14420,1]
	[14452,1]
	[14772,1]
	[84,14]
	[15258,1]
	[15482,1]
	[88,15]
	[16032,1]
	[92,15]
	[96,21]
	[100,15]
	[104,20]
	[18648,1]
	[108,15]
	[112,15]
	[20228,1]
	[20772,1]
	[116,19]
	[20874,1]
	[21418,1]
	[21584,1]
	[124,27]
	[22966,1]
	[128,31]
	[23612,1]
	[23708,1]
	[132,30]
	[24162,1]
	[136,24]
	[25128,1]
	[140,27]
	[25582,1]
	[26004,1]
	[144,24]
	[26484,1]
	[148,27]
	[26970,1]
	[27386,1]
	[152,29]
	[28032,1]
	[156,22]
	[160,29]
	[29196,1]
	[29452,1]
	[29484,1]
	[29676,1]
	[164,42]
	[29810,1]
	[168,28]
	[30808,1]
	[172,34]
	[31326,1]
	[31358,1]
	[31454,1]
	[31908,1]
	[176,32]
	[32580,1]
	[180,22]
	[33098,1]
	[33226,1]
	[33392,1]
	[184,30]
	[33968,1]
	[188,33]
	[34166,1]
	[34582,1]
	[192,44]
	[35618,1]
	[196,38]
	[35842,1]
	[36258,1]
	[36360,1]
	[200,41]
	[36744,1]
	[204,39]
	[37646,1]
	[312,49]
	[208,30]
	[38164,1]
	[318,1]
	[212,36]
	[39034,1]
	[39162,1]
	[216,42]
	[39520,1]
	[39552,1]
	[39616,1]
	[40070,1]
	[220,43]
	[40230,1]
	[40614,1]
	[40774,1]
	[224,43]
	[41196,1]
	[41260,1]
	[228,40]
	[41682,1]
	[41906,1]
	[41970,1]
	[232,32]
	[42776,1]
	[42808,2]
	[42916,1]
	[236,37]
	[43358,1]
	[43678,1]
	[43774,1]
	[240,50]
	[43876,1]
	[43972,1]
	[44228,1]
	[44420,1]
	[366,2]
	[44522,1]
	[244,49]
	[44650,1]
	[45002,1]
	[45034,1]
	[45226,1]
	[45264,1]
	[248,41]
	[45360,1]
	[252,37]
	[46070,2]
	[46166,1]
	[46294,1]
	[46550,1]
	[384,60]
	[256,41]
	[46844,1]
	[47132,1]
	[47324,1]
	[47388,1]
	[47356,1]
	[260,46]
	[47682,1]
	[47970,1]
	[264,56]
	[48296,2]
	[48360,1]
	[48552,1]
	[48616,1]
	[48776,1]
	[48840,1]
	[268,43]
	[49230,1]
	[49454,1]
	[49716,1]
	[272,55]
	[50004,1]
	[50068,1]
	[50100,2]
	[50164,1]
	[50316,1]
	[414,1]
	[276,46]
	[50522,1]
	[280,51]
	[51584,1]
	[51712,1]
	[51840,1]
	[284,54]
	[52550,1]
	[288,53]
	[52908,1]
	[53388,1]
	[292,49]
	[53746,1]
	[54066,2]
	[54130,1]
	[296,53]
	[54264,1]
	[54488,1]
	[54910,1]
	[300,63]
	[54942,1]
	[55006,1]
	[55102,1]
	[55134,1]
	[55326,2]
	[55390,1]
	[304,57]
	[56068,1]
	[56132,1]
	[308,48]
	[56458,1]
	[56810,1]
	[57002,1]
	[57136,1]
	[57716,1]
	[316,70]
	[57942,1]
	[320,55]
	[58812,1]
	[59068,1]
	[59196,1]
	[59228,1]
	[59260,1]
	[324,64]
	[59426,1]
	[59586,1]
	[60066,1]
	[328,59]
	[60648,1]
	[60910,1]
	[332,60]
	[61134,1]
	[61416,1]
	[61588,1]
	[504,84]
	[336,58]
	[61812,2]
	[61972,1]
	[62036,2]
	[62228,1]
	[62292,1]
	[340,56]
	[62362,1]
	[62522,1]
	[62682,1]
	[344,51]
	[63104,1]
	[63168,1]
	[63648,1]
	[348,75]
	[63878,1]
	[64070,1]
	[64102,1]
	[64230,1]
	[64262,1]
	[64326,1]
	[528,98]
	[352,61]
	[64812,1]
	[64844,1]
	[64876,1]
	[64972,1]
	[356,66]
	[65842,1]
	[65906,1]
	[66034,1]
	[66072,1]
	[360,66]
	[66104,1]
	[66168,1]
	[66296,1]
	[66328,1]
	[66392,1]
	[66584,1]
	[364,70]
	[66846,2]
	[67006,2]
	[67070,1]
	[67166,1]
	[67358,1]
	[368,71]
	[67908,1]
	[67940,1]
	[68100,1]
	[68266,2]
	[558,1]
	[372,57]
	[68458,1]
	[68650,1]
	[376,64]
	[69264,2]
	[380,66]
	[69878,1]
	[69910,1]
	[70070,1]
	[70262,2]
	[70326,1]
	[70390,1]
	[576,112]
	[70748,2]
	[71196,1]
	[388,75]
	[71266,1]
	[71394,1]
	[71906,2]
	[71776,1]
	[392,76]
	[72200,1]
	[72360,1]
	[72616,1]
	[594,1]
	[396,76]
	[72814,1]
	[72942,1]
	[73166,1]
	[73230,1]
	[400,65]
	[73524,1]
	[73620,1]
	[73652,1]
	[73684,1]
	[73876,1]
	[74036,1]
	[404,77]
	[74266,1]
	[74490,1]
	[74554,2]
	[74650,1]
	[74842,2]
	[74906,1]
	[74938,1]
	[74944,1]
	[408,75]
	[74976,1]
	[75008,1]
	[75104,1]
	[75392,2]
	[75424,1]
	[75584,1]
	[75686,1]
	[412,67]
	[75782,1]
	[75846,1]
	[75974,2]
	[76006,1]
	[76230,1]
	[76294,1]
	[624,110]
	[416,77]
	[76780,1]
	[77100,1]
	[420,73]
	[77330,1]
	[77426,1]
	[77458,1]
	[77586,1]
	[77682,1]
	[424,69]
	[78008,1]
	[78392,1]
	[78424,2]
	[78456,1]
	[78648,1]
	[642,2]
	[428,86]
	[79038,1]
	[432,75]
	[79652,1]
	[79748,1]
	[79780,1]
	[79908,1]
	[80004,1]
	[436,81]
	[80170,1]
	[80298,1]
	[80490,1]
	[80682,1]
	[80842,1]
	[440,88]
	[81136,1]
	[81200,1]
	[81264,1]
	[81296,1]
	[81424,1]
	[81488,1]
	[444,77]
	[81750,1]
	[81782,1]
	[81846,1]
	[82038,1]
	[82134,1]
	[82198,1]
	[82262,1]
	[448,87]
	[82492,1]
	[82556,2]
	[82652,1]
	[82812,1]
	[82940,1]
	[83068,1]
	[82876,1]
	[452,86]
	[83234,2]
	[83490,1]
	[83842,1]
	[83616,1]
	[684,130]
	[456,82]
	[83880,1]
	[84168,1]
	[84552,1]
	[460,67]
	[84782,1]
	[85230,1]
	[85294,1]
	[464,84]
	[85396,1]
	[85588,1]
	[85652,1]
	[85748,1]
	[85812,1]
	[86004,1]
	[86036,2]
	[468,84]
	[86426,1]
	[86554,1]
	[472,68]
	[87136,1]
	[87488,2]
	[476,101]
	[87718,1]
	[87910,1]
	[87942,2]
	[88102,2]
	[480,79]
	[88812,1]
	[484,89]
	[89074,1]
	[89170,1]
	[89330,1]
	[89650,1]
	[488,95]
	[89880,1]
	[89912,1]
	[89976,1]
	[90040,1]
	[90264,1]
	[90296,1]
	[90328,1]
	[90360,1]
	[90520,1]
	[492,93]
	[90558,1]
	[90814,1]
	[91230,1]
	[91262,1]
	[744,135]
	[496,93]
	[91332,1]
	[91396,1]
	[91492,1]
	[91876,1]
	[91940,1]
	[92010,1]
	[500,91]
	[92202,1]
	[92394,1]
	[92458,2]
	[92554,1]
	[92650,1]
	[756,151]
	[92784,1]
	[92816,2]
	[93136,1]
	[93200,1]
	[93296,1]
	[93494,1]
	[508,102]
	[93654,1]
	[93686,1]
	[93942,1]
	[94006,2]
	[94134,3]
	[512,91]
	[94300,1]
	[94332,2]
	[94780,1]
	[94972,1]
	[774,1]
	[516,81]
	[95010,2]
	[95106,1]
	[95202,1]
	[95234,1]
	[95266,1]
	[95298,1]
	[95362,1]
	[95458,1]
	[95490,1]
	[95456,2]
	[95720,1]
	[520,103]
	[95880,1]
	[95944,1]
	[96008,1]
	[96072,2]
	[96168,1]
	[96456,1]
	[524,76]
	[96494,1]
	[96750,1]
	[96878,1]
	[96910,2]
	[96942,1]
	[97198,1]
	[97236,2]
	[97588,1]
	[97780,1]
	[97844,1]
	[97676,1]
	[532,89]
	[98234,1]
	[98330,1]
	[98362,1]
	[98394,1]
	[98458,1]
	[98522,1]
	[98586,1]
	[536,87]
	[98816,1]
	[99008,2]
	[99168,1]
	[99360,2]
	[99392,1]
	[99156,1]
	[99430,1]
	[810,2]
	[540,95]
	[99878,1]
	[99910,1]
	[99942,1]
	[100038,2]
	[544,79]
	[100268,1]
	[100524,1]
	[100684,2]
	[100812,1]
	[100844,1]
	[100876,1]
	[822,1]
	[548,106]
	[101106,1]
	[101298,1]
	[101330,2]
	[101426,1]
	[101458,1]
	[101586,1]
	[101376,1]
	[552,86]
	[101720,1]
	[101752,1]
	[101784,1]
	[101848,1]
	[101944,1]
	[101976,1]
	[102232,1]
	[102264,1]
	[102360,1]
	[556,107]
	[102430,1]
	[102590,2]
	[102814,2]
	[102846,1]
	[102878,1]
	[102974,1]
	[103006,1]
	[103070,1]
	[102856,1]
	[560,91]
	[103428,1]
	[103524,1]
	[103556,1]
	[103588,1]
	[103620,1]
	[103596,1]
	[103882,1]
	[564,107]
	[103946,1]
	[103978,3]
	[104074,1]
	[104234,1]
	[104266,1]
	[104362,2]
	[104522,1]
	[104624,1]
	[568,107]
	[104720,1]
	[104784,2]
	[104848,1]
	[105168,1]
	[105232,1]
	[105366,1]
	[572,100]
	[105526,1]
	[105590,1]
	[105814,1]
	[105974,1]
	[106006,1]
	[106102,2]
	[105816,1]
	[106108,1]
	[106140,1]
	[106268,1]
	[106332,1]
	[106492,1]
	[106620,1]
	[106684,1]
	[106748,1]
	[580,105]
	[106946,1]
	[107042,1]
	[107106,1]
	[107202,1]
	[107234,2]
	[876,165]
	[584,114]
	[107784,1]
	[107816,1]
	[107848,1]
	[108136,2]
	[108232,1]
	[108296,1]
	[108036,1]
	[588,109]
	[108494,1]
	[108590,1]
	[108686,1]
	[888,150]
	[592,113]
	[109364,1]
	[109428,1]
	[109524,1]
	[109780,1]
	[894,1]
	[596,108]
	[109946,1]
	[110106,1]
	[110138,1]
	[110170,1]
	[110330,2]
	[110426,1]
	[110490,1]
	[110522,1]
	[110554,1]
	[600,106]
	[110592,1]
	[110624,1]
	[110752,1]
	[111008,1]
	[111200,1]
	[111232,1]
	[906,2]
	[111302,1]
	[604,118]
	[111398,2]
	[111462,1]
	[111526,1]
	[111590,1]
	[111750,2]
	[111782,2]
	[111910,2]
	[111974,1]
	[112006,1]
	[111736,1]
	[112044,2]
	[608,110]
	[112076,1]
	[112172,1]
	[112556,1]
	[112588,1]
	[112652,1]
	[112476,1]
	[612,110]
	[112946,1]
	[113010,1]
	[113074,1]
	[113138,1]
	[113426,1]
	[113490,1]
	[113522,1]
	[113528,1]
	[616,114]
	[113816,1]
	[113912,2]
	[113976,2]
	[114040,1]
	[114072,1]
	[114136,1]
	[620,118]
	[114462,1]
	[114686,1]
	[114718,2]
	[114750,1]
	[114814,1]
	[114910,1]
	[114696,1]
	[936,167]
	[115012,1]
	[115172,1]
	[115236,1]
	[115300,1]
	[115428,1]
	[115492,1]
	[115652,2]
	[115716,1]
	[115754,1]
	[628,121]
	[115786,1]
	[115946,1]
	[116010,1]
	[116042,1]
	[116106,1]
	[116170,2]
	[116362,1]
	[116426,1]
	[948,186]
	[632,118]
	[116528,1]
	[116688,1]
	[116944,1]
	[117136,1]
	[636,114]
	[117398,1]
	[117462,1]
	[117494,2]
	[117526,1]
	[640,130]
	[118108,1]
	[118364,1]
	[118652,1]
	[118684,1]
	[118396,1]
	[644,116]
	[119202,1]
	[119298,1]
	[119458,2]
	[119136,1]
	[648,119]
	[119560,1]
	[119848,1]
	[119880,1]
	[119912,1]
	[120008,1]
	[120168,1]
	[120200,1]
	[119876,1]
	[978,2]
	[120206,1]
	[652,118]
	[120302,1]
	[120334,1]
	[120430,1]
	[120494,1]
	[120558,1]
	[120622,1]
	[120654,1]
	[120750,1]
	[120878,1]
	[656,127]
	[121044,2]
	[121172,2]
	[121236,1]
	[121364,1]
	[121428,2]
	[121684,1]
	[660,123]
	[121786,1]
	[122106,1]
	[122138,1]
	[122170,1]
	[122202,1]
	[122432,1]
	[996,1]
	[664,125]
	[122688,1]
	[122880,1]
	[122944,1]
	[123072,1]
	[1002,1]
	[668,113]
	[123206,1]
	[123270,1]
	[123302,1]
	[123398,1]
	[123430,1]
	[123718,2]
	[123814,1]
	[123846,1]
	[123878,1]
	[123910,2]
	[123576,1]
	[123916,1]
	[672,129]
	[124140,1]
	[124204,2]
	[124332,2]
	[124396,1]
	[124428,1]
	[124460,1]
	[124588,2]
	[124658,2]
	[676,119]
	[124850,1]
	[125170,1]
	[125202,1]
	[125234,1]
	[125298,2]
	[1020,1]
	[125400,1]
	[680,125]
	[125496,1]
	[125528,1]
	[125656,2]
	[125784,2]
	[126040,1]
	[126104,1]
	[126142,1]
	[126302,1]
	[126622,2]
	[126686,1]
	[126782,1]
	[126814,1]
	[688,130]
	[127012,2]
	[127172,1]
	[127236,1]
	[127428,1]
	[127524,1]
	[127556,1]
	[692,134]
	[128106,1]
	[128202,1]
	[128266,1]
	[128016,1]
	[128368,1]
	[696,131]
	[128432,1]
	[128624,1]
	[128816,2]
	[129040,1]
	[129110,1]
	[700,133]
	[129238,1]
	[129334,1]
	[129526,1]
	[129686,1]
	[129750,1]
	[129782,1]
	[129496,1]
	[704,133]
	[129884,2]
	[129948,1]
	[129980,2]
	[130012,2]
	[130044,1]
	[130108,1]
	[130204,1]
	[130428,1]
	[130588,1]
	[130236,1]
	[130594,1]
	[708,139]
	[130882,2]
	[130978,1]
	[131042,1]
	[131138,1]
	[131234,1]
	[130976,1]
	[131336,1]
	[712,135]
	[131368,1]
	[131688,1]
	[131784,1]
	[716,128]
	[132174,1]
	[132238,1]
	[132270,1]
	[132366,1]
	[132430,3]
	[132494,1]
	[132526,1]
	[132686,1]
	[132718,1]
	[132782,1]
	[132456,1]
	[720,137]
	[132852,1]
	[133012,1]
	[133044,1]
	[133172,1]
	[133236,1]
	[133268,1]
	[133300,1]
	[133332,1]
	[133524,1]
	[133196,1]
	[724,142]
	[133594,2]
	[133626,1]
	[133690,1]
	[133754,1]
	[133850,3]
	[133914,1]
	[133946,1]
	[134010,1]
	[134074,1]
	[134106,1]
	[134170,1]
	[728,139]
	[134336,1]
	[134400,1]
	[134432,2]
	[134688,1]
	[135040,1]
	[134676,1]
	[732,132]
	[135110,1]
	[135206,1]
	[135238,1]
	[135494,1]
	[135526,1]
	[135622,1]
	[135416,2]
	[1104,1]
	[736,141]
	[136012,1]
	[136108,1]
	[136268,1]
	[136300,1]
	[136332,2]
	[136428,1]
	[136492,3]
	[1110,1]
	[740,139]
	[136594,1]
	[136722,2]
	[136754,1]
	[136914,1]
	[137010,1]
	[137074,1]
	[137138,1]
	[137170,3]
	[136896,1]
	[137272,1]
	[137304,1]
	[137400,1]
	[137432,2]
	[137496,1]
	[137656,2]
	[137816,1]
	[137848,1]
	[137976,1]
	[137636,1]
	[138014,1]
	[748,143]
	[138046,1]
	[138078,1]
	[138334,1]
	[138590,2]
	[138654,1]
	[138686,1]
	[138750,1]
	[138756,1]
	[752,124]
	[138788,1]
	[138852,1]
	[138916,1]
	[139236,1]
	[139300,1]
	[139364,2]
	[1134,1]
	[139498,1]
	[139658,1]
	[139722,1]
	[139754,2]
	[139818,1]
	[139882,1]
	[140010,1]
	[140074,1]
	[140138,1]
	[760,123]
	[140272,1]
	[140368,1]
	[140432,1]
	[140528,1]
	[140752,1]
	[140848,2]
	[764,151]
	[141014,1]
	[141046,1]
	[141270,1]
	[141334,1]
	[141462,1]
	[141494,1]
	[141558,1]
	[768,127]
	[141788,2]
	[141948,1]
	[142012,1]
	[142108,1]
	[142268,1]
	[142460,1]
	[142076,1]
	[142466,1]
	[772,132]
	[142850,2]
	[142882,1]
	[143106,1]
	[143170,1]
	[143208,2]
	[776,140]
	[143496,1]
	[143560,1]
	[143592,1]
	[143624,1]
	[143656,1]
	[143720,2]
	[143752,1]
	[780,126]
	[144142,2]
	[144206,1]
	[144302,1]
	[144494,1]
	[144558,1]
	[144686,1]
	[144296,1]
	[1176,1]
	[784,140]
	[144724,1]
	[144756,1]
	[144852,1]
	[145236,1]
	[145268,1]
	[145332,2]
	[145364,1]
	[145434,1]
	[788,133]
	[145530,1]
	[145722,1]
	[145850,1]
	[145978,2]
	[146074,1]
	[1188,1]
	[146176,2]
	[792,147]
	[146208,1]
	[146336,2]
	[146816,1]
	[146912,1]
	[146516,1]
	[1194,1]
	[796,137]
	[147110,1]
	[147142,1]
	[147206,1]
	[147238,1]
	[147270,2]
	[147494,1]
	[147590,1]
	[147654,1]
	[800,148]
	[147724,2]
	[147820,1]
	[147852,1]
	[148012,1]
	[148044,2]
	[148108,1]
	[148204,2]
	[148236,2]
	[148364,1]
	[804,146]
	[148658,1]
	[148754,1]
	[148850,2]
	[148914,2]
	[148978,1]
	[149074,1]
	[149106,1]
	[808,160]
	[149208,1]
	[149240,3]
	[149304,1]
	[149432,1]
	[149624,1]
	[149720,1]
	[149784,2]
	[149816,1]
	[149886,1]
	[812,157]
	[149918,2]
	[150206,1]
	[150334,2]
	[150398,2]
	[150430,2]
	[150526,1]
	[150216,1]
	[816,155]
	[150820,1]
	[150852,1]
	[150916,1]
	[151044,1]
	[151076,1]
	[151140,1]
	[151364,1]
	[150956,2]
	[1230,1]
	[151370,1]
	[820,149]
	[151594,1]
	[151658,1]
	[151690,1]
	[151722,1]
	[151754,1]
	[151818,1]
	[151850,1]
	[152042,1]
	[152074,1]
	[152106,1]
	[151696,2]
	[152112,1]
	[824,150]
	[152208,1]
	[152240,2]
	[152272,2]
	[152368,1]
	[152400,1]
	[152464,1]
	[152496,1]
	[152592,2]
	[152656,1]
	[152816,1]
	[152848,1]
	[152436,1]
	[152854,1]
	[1242,1]
	[828,158]
	[152918,1]
	[152950,1]
	[153078,1]
	[153110,1]
	[153142,2]
	[153334,2]
	[153398,1]
	[153494,1]
	[153176,1]
	[153596,1]
	[832,137]
	[153820,1]
	[153948,2]
	[153980,2]
	[154108,1]
	[154268,1]
	[154332,3]
	[836,161]
	[154434,1]
	[154498,1]
	[154562,1]
	[154626,1]
	[154754,1]
	[154946,1]
	[155010,2]
	[840,145]
	[155176,1]
	[155208,1]
	[155240,1]
	[155272,1]
	[155304,1]
	[155432,1]
	[155464,1]
	[155496,1]
	[155656,1]
	[155720,2]
	[155784,1]
	[155816,1]
	[155396,1]
	[844,143]
	[155854,1]
	[155918,1]
	[156110,1]
	[156270,1]
	[156302,1]
	[156564,1]
	[848,156]
	[156596,1]
	[156788,1]
	[156852,1]
	[156884,1]
	[157012,1]
	[157140,1]
	[157268,1]
	[156876,1]
	[1278,1]
	[157306,1]
	[852,142]
	[157562,2]
	[157626,1]
	[157658,1]
	[157914,1]
	[157946,1]
	[157616,1]
	[158048,1]
	[856,159]
	[158144,1]
	[158272,1]
	[158368,2]
	[158400,1]
	[158464,1]
	[158356,2]
	[1290,1]
	[158790,1]
	[860,156]
	[158886,1]
	[158918,1]
	[158982,1]
	[159014,1]
	[159078,1]
	[159110,1]
	[159270,1]
	[159494,1]
	[864,169]
	[159596,1]
	[159660,1]
	[159788,2]
	[159820,1]
	[159916,1]
	[159948,3]
	[160108,1]
	[160204,1]
	[160274,1]
	[868,165]
	[160306,1]
	[160434,1]
	[160594,1]
	[160722,1]
	[160754,1]
	[160818,1]
	[160946,2]
	[161016,1]
	[872,159]
	[161080,1]
	[161304,1]
	[161400,1]
	[161528,1]
	[161624,1]
	[161688,1]
	[161316,1]
	[161854,1]
	[161886,1]
	[161950,1]
	[161982,2]
	[162014,1]
	[162078,1]
	[162174,1]
	[162206,1]
	[162270,1]
	[162302,1]
	[162398,1]
	[162430,1]
	[162462,1]
	[1320,1]
	[880,153]
	[162532,1]
	[162564,1]
	[162596,2]
	[162820,1]
	[162948,1]
	[163108,1]
	[163140,1]
	[163172,2]
	[163204,1]
	[163236,1]
	[884,169]
	[163306,1]
	[163434,1]
	[163690,1]
	[163722,1]
	[163754,1]
	[163850,1]
	[163914,1]
	[163946,2]
	[163536,2]
	[1332,2]
	[164016,1]
	[164240,1]
	[164272,1]
	[164432,1]
	[164464,1]
	[164592,3]
	[164720,1]
	[164276,1]
	[1338,2]
	[164726,1]
	[892,156]
	[164982,1]
	[165174,1]
	[165302,1]
	[165334,1]
	[165366,1]
	[165016,1]
	[896,161]
	[165500,1]
	[165628,1]
	[165692,1]
	[165884,1]
	[166044,1]
	[166140,1]
	[166204,1]
	[166210,2]
	[900,156]
	[166242,1]
	[166338,1]
	[166402,2]
	[166434,1]
	[166594,1]
	[166658,1]
	[166690,1]
	[166722,1]
	[166850,1]
	[166914,1]
	[904,170]
	[167176,1]
	[167432,2]
	[167560,1]
	[167592,1]
	[167624,1]
	[167688,1]
	[1362,2]
	[167694,1]
	[908,167]
	[167758,1]
	[167918,1]
	[167950,1]
	[167982,1]
	[168014,2]
	[168078,1]
	[168206,1]
	[168238,1]
	[168366,1]
	[168430,1]
	[167976,2]
	[1368,1]
	[912,171]
	[168596,1]
	[168628,2]
	[168692,1]
	[168724,1]
	[168820,1]
	[168884,2]
	[169012,1]
	[1374,1]
	[916,161]
	[169242,1]
	[169402,1]
	[169466,1]
	[169498,1]
	[169562,1]
	[169594,1]
	[169626,2]
	[169658,1]
	[169754,1]
	[169786,2]
	[169882,1]
	[169920,1]
	[920,174]
	[170080,1]
	[170144,2]
	[170176,1]
	[170208,1]
	[170336,1]
	[170432,2]
	[170464,1]
	[170560,2]
	[170624,3]
	[924,178]
	[170694,1]
	[170726,1]
	[170822,1]
	[170886,1]
	[170950,1]
	[170982,1]
	[171078,1]
	[171174,1]
	[171404,1]
	[928,155]
	[171500,2]
	[171532,2]
	[171692,1]
	[171884,1]
	[171916,2]
	[172140,1]
	[932,166]
	[172242,1]
	[172274,1]
	[172434,1]
	[172562,1]
	[172626,1]
	[172786,2]
	[172818,2]
	[172850,2]
	[172416,1]
	[172920,1]
	[173080,1]
	[173112,1]
	[173144,2]
	[1410,1]
	[940,165]
	[173662,1]
	[173694,1]
	[173758,1]
	[174014,2]
	[174078,1]
	[174110,2]
	[174270,4]
	[174302,1]
	[944,172]
	[174564,1]
	[174628,1]
	[174852,3]
	[174884,2]
	[174916,2]
	[175044,1]
	[175108,1]
	[174636,1]
	[175370,1]
	[175402,1]
	[175434,2]
	[175466,1]
	[175562,1]
	[175690,1]
	[175722,1]
	[952,187]
	[175888,1]
	[175920,1]
	[176144,1]
	[176176,1]
	[176208,1]
	[176272,1]
	[176432,1]
	[176464,1]
	[1434,1]
	[956,182]
	[177014,2]
	[177046,1]
	[177078,1]
	[177142,1]
	[177206,1]
	[176856,2]
	[960,165]
	[177372,1]
	[177436,1]
	[177468,1]
	[177532,1]
	[177564,1]
	[177724,1]
	[177756,1]
	[177788,1]
	[177916,1]
	[177948,1]
	[178012,1]
	[178044,1]
	[177596,1]

1460,
	[1,22543]

1480,
	[3,20943]
	[7,1]
	[67,12]
	[11,1]
	[15,1]
	[27,1]
	[31,1]
	[35,1]
	[51,2]
	[55,2]
	[59,1]
	[71,1]
	[131,17]
	[79,4]
	[83,3]
	[91,1]
	[99,1]
	[103,1]
	[107,1]
	[111,2]
	[115,4]
	[119,1]
	[127,2]
	[135,3]
	[195,15]
	[139,1]
	[143,4]
	[147,1]
	[151,3]
	[155,2]
	[163,2]
	[167,2]
	[171,3]
	[175,5]
	[179,1]
	[187,6]
	[191,2]
	[199,5]
	[203,1]
	[207,7]
	[259,15]
	[211,2]
	[215,2]
	[219,5]
	[223,4]
	[227,3]
	[231,2]
	[235,5]
	[239,5]
	[243,4]
	[247,4]
	[251,2]
	[255,3]
	[263,5]
	[267,3]
	[323,26]
	[271,3]
	[275,2]
	[279,8]
	[283,3]
	[287,3]
	[291,4]
	[295,4]
	[299,1]
	[303,2]
	[307,2]
	[311,2]
	[315,1]
	[319,5]
	[327,7]
	[387,15]
	[331,5]
	[335,5]
	[339,7]
	[343,3]
	[347,9]
	[351,4]
	[355,4]
	[359,8]
	[363,5]
	[367,6]
	[371,4]
	[375,2]
	[379,2]
	[383,5]
	[391,5]
	[451,20]
	[395,3]
	[399,7]
	[403,5]
	[407,4]
	[411,5]
	[415,2]
	[419,2]
	[423,7]
	[427,3]
	[431,6]
	[435,4]
	[439,5]
	[443,5]
	[447,5]
	[455,7]
	[515,23]
	[459,1]
	[463,9]
	[467,5]
	[471,7]
	[475,8]
	[479,8]
	[483,6]
	[487,9]
	[491,4]
	[495,3]
	[499,7]
	[503,9]
	[507,8]
	[511,3]
	[519,8]
	[579,18]
	[523,14]
	[527,5]
	[531,12]
	[535,6]
	[539,5]
	[543,5]
	[547,4]
	[551,5]
	[555,11]
	[559,10]
	[563,6]
	[567,6]
	[571,4]
	[575,7]
	[583,4]
	[643,17]
	[587,2]
	[591,6]
	[595,7]
	[599,4]
	[603,9]
	[607,10]
	[611,7]
	[615,5]
	[619,4]
	[623,8]
	[627,6]
	[631,1]
	[635,6]
	[639,7]
	[647,9]
	[707,13]
	[651,14]
	[655,12]
	[659,10]
	[663,7]
	[667,9]
	[671,4]
	[675,9]
	[679,7]
	[683,11]
	[687,13]
	[691,13]
	[695,7]
	[699,4]
	[703,8]
	[711,10]
	[771,19]
	[715,14]
	[719,9]
	[723,5]
	[727,11]
	[731,6]
	[735,4]
	[739,7]
	[743,10]
	[747,8]
	[751,5]
	[755,9]
	[759,6]
	[763,11]
	[767,15]
	[775,12]
	[835,27]
	[779,7]
	[783,8]
	[787,7]
	[791,8]
	[795,2]
	[799,12]
	[803,7]
	[807,9]
	[811,13]
	[815,14]
	[819,14]
	[823,12]
	[827,9]
	[831,10]
	[839,11]
	[843,8]
	[899,17]
	[847,6]
	[851,7]
	[855,14]
	[859,10]
	[863,13]
	[867,10]
	[871,16]
	[875,6]
	[879,9]
	[883,6]
	[887,9]
	[891,13]
	[895,6]

1416,
	[1,108]

1452,
	[4,22290]
	[1,186]

1428,
	[1,115]
	[131,1]
	[55,1]
	[373,1]
	[329,1]
	[479,1]
	[635,1]
	[669,1]
	[649,1]
	[751,1]

len(carl_order):
15
Printing carl assignment order:
1460,1,1.0
1416,1,1.0
1428,1,0.9274193548387096
1480,3,0.312307072876124
1452,4,0.2515613457793298
1456,3,0.0025207854236688485
1428,751,0.0022156573116691287
1480,899,0.001764211284946398
1456,960,0.001419664890229121
1456,978,7.874635798094339e-05
1456,1002,5.9154096421177164e-05
1456,1020,3.9485114111979786e-05
1456,1374,3.833040811797696e-05
1456,1434,2.4039617289292755e-05
1456,178044,8.553611579374169e-06
bin_width: 4638742
assigning lease 1 to address 1460
Average Cache Occupancy Per Bin: [0.24,0.24,0.25,0.24,0.24]
Total cost: 1146112.0
assigning lease 1 to address 1416
Average Cache Occupancy Per Bin: [0.24,0.24,0.25,0.24,0.24]
Total cost: 1151488.0
assigning lease 1 to address 1428
Average Cache Occupancy Per Bin: [0.24,0.24,0.25,0.24,0.25]
Total cost: 1157888.0
assigning lease 3 to address 1480
Average Cache Occupancy Per Bin: [0.99,0.99,0.97,1.00,0.99]
Total cost: 4605440.0
assigning lease 4 to address 1452
Average Cache Occupancy Per Bin: [1.97,1.98,1.93,1.99,1.98]
Total cost: 9179136.0
assigning lease 3 to address 1456
Average Cache Occupancy Per Bin: [2.72,2.73,2.70,2.73,2.73]
Total cost: 12637440.0
assigning lease 751 to address 1428
Average Cache Occupancy Per Bin: [2.73,2.77,2.73,2.80,2.80]
Total cost: 12684544.0
assigning lease 899 to address 1480
Average Cache Occupancy Per Bin: [6.93,10.4,11.5,13.6,15.4]
Total cost: 32171264.0
addr: 1456 ri: 960
bin target: 593758976
	bin: 1.0 current capacity: 10.413416396083248  avg impact: 135.90636426858833
	bin: 2.0 current capacity: 11.52930514350658  avg impact: 177.01505451262432
	bin: 3.0 current capacity: 13.658930804946685  avg impact: 198.55529451734975
	bin: 4.0 current capacity: 15.42641690354842  avg impact: 226.3285623559146
num_full_bins: 0
printing bin ranks sorted:
	bin: 4.0 rank: 0.49739008600877865
	selecting this^ bin
	bin: 3.0 rank: 0.5758651234810673
	bin: 2.0 rank: 0.6579705617534749
	bin: 1.0 rank: 0.8652029228854459
acceptable_ratio: 0.49739008600877865
Assigning 1456 dual lease lease 960 * 0.49739008600877865. Bin saturation: [46.5,78.0,99.5,112.,128.]
addr: 1456 ri: 978
bin target: 593758976
	bin: 1.0 current capacity: 78.0118946087768  avg impact: 136.20139598192785
	bin: 2.0 current capacity: 99.57483833238945  avg impact: 177.30511936210291
	bin: 3.0 current capacity: 112.41836582242965  avg impact: 198.83542563910646
	bin: 4.0 current capacity: 128.0  avg impact: 226.5957796316329
num_full_bins: 1
printing bin ranks sorted:
	bin: 4.0 rank: 0.0
	bin: 3.0 rank: 0.07836447719256819
	bin: 2.0 rank: 0.16031777181548282
	bin: 1.0 rank: 0.367016101640074
acceptable_ratio: 0
addr: 1456 ri: 1002
bin target: 593758976
	bin: 1.0 current capacity: 78.0118946087768  avg impact: 136.59477159971388
	bin: 2.0 current capacity: 99.57483833238945  avg impact: 177.68889237642446
	bin: 3.0 current capacity: 112.41836582242965  avg impact: 199.20893380144875
	bin: 4.0 current capacity: 128.0  avg impact: 226.9520693325906
num_full_bins: 1
printing bin ranks sorted:
	bin: 4.0 rank: 0.0
	bin: 3.0 rank: 0.07821754717637582
	bin: 2.0 rank: 0.15997151700058643
	bin: 1.0 rank: 0.36595914181628825
acceptable_ratio: 0
addr: 1456 ri: 1020
bin target: 593758976
	bin: 1.0 current capacity: 78.0118946087768  avg impact: 136.88980331305342
	bin: 2.0 current capacity: 99.57483833238945  avg impact: 177.97498373481432
	bin: 3.0 current capacity: 112.41836582242965  avg impact: 199.48906492320546
	bin: 4.0 current capacity: 128.0  avg impact: 227.2192866083089
num_full_bins: 1
printing bin ranks sorted:
	bin: 4.0 rank: 0.0
	bin: 3.0 rank: 0.07810771073376173
	bin: 2.0 rank: 0.15971436586820834
	bin: 1.0 rank: 0.36517040847012805
acceptable_ratio: 0
addr: 1456 ri: 1374
bin target: 593758976
	bin: 0.0 current capacity: 46.57977939675755  avg impact: 85.89661248674749
	bin: 1.0 current capacity: 78.0118946087768  avg impact: 142.69209367539733
	bin: 2.0 current capacity: 99.57483833238945  avg impact: 183.5524407263866
	bin: 3.0 current capacity: 112.41836582242965  avg impact: 204.92877422370117
	bin: 4.0 current capacity: 128.0  avg impact: 232.46131472713938
num_full_bins: 1
printing bin ranks sorted:
	bin: 4.0 rank: 0.0
	bin: 3.0 rank: 0.07603438919983664
	bin: 2.0 rank: 0.15486125684366506
	bin: 1.0 rank: 0.35032147965351523
	bin: 0.0 rank: 0.9478862814968906
acceptable_ratio: 0
addr: 1456 ri: 1434
bin target: 593758976
	bin: 0.0 current capacity: 46.57977939675755  avg impact: 86.7939592242897
	bin: 1.0 current capacity: 78.0118946087768  avg impact: 143.67553271986242
	bin: 2.0 current capacity: 99.57483833238945  avg impact: 184.49614485996418
	bin: 3.0 current capacity: 112.41836582242965  avg impact: 205.83605468896525
	bin: 4.0 current capacity: 128.0  avg impact: 233.32091329933849
num_full_bins: 1
printing bin ranks sorted:
	bin: 4.0 rank: 0.0
	bin: 3.0 rank: 0.07569924618461737
	bin: 2.0 rank: 0.15406913618268694
	bin: 1.0 rank: 0.3479235778348543
	bin: 0.0 rank: 0.9380862600453492
acceptable_ratio: 0
addr: 1456 ri: 178044
bin target: 593758976
	bin: 0.0 current capacity: 46.57977939675755  avg impact: 872.1806317316203
	bin: 1.0 current capacity: 78.0118946087768  avg impact: 1720.0796457315366
	bin: 2.0 current capacity: 99.57483833238945  avg impact: 2143.915328768015
	bin: 3.0 current capacity: 112.41836582242965  avg impact: 2438.516966884556
	bin: 4.0 current capacity: 128.0  avg impact: 2615.364914021948
num_full_bins: 1
printing bin ranks sorted:
	bin: 4.0 rank: 0.0
	bin: 3.0 rank: 0.006389799369523111
	bin: 2.0 rank: 0.013258528117313692
	bin: 1.0 rank: 0.029061506259475352
	bin: 0.0 rank: 0.09335247498169205
acceptable_ratio: 0
Final saturation:
	0.0,216071579.0384739
	1.0,361877052.0213065
	2.0,461901984.71566486
	3.0,521479795.111869
	4.0,593758976.0
DUMP LEASES
0, 5b0, 3, 3c0, 0.5026099139912213 
0, 5b4, 1, 0, 1 
0, 5c8, 383, 0, 1 
0, 588, 1, 0, 1 
0, 5ac, 4, 0, 1 
0, 594, 2ef, 0, 1 
Dump dual leases

