sample rate: 0.00390625
1468,
	[3,18487]
	[1,173]

1448,
	[599,187]
	[596,193]
	[593,195]
	[590,178]
	[587,173]
	[584,194]
	[581,190]
	[578,189]
	[575,184]
	[572,191]
	[569,169]
	[566,156]
	[563,149]
	[560,177]
	[557,180]
	[554,172]
	[551,181]
	[548,171]
	[545,184]
	[542,160]
	[539,163]
	[536,154]
	[533,171]
	[530,154]
	[527,183]
	[524,158]
	[521,187]
	[518,182]
	[515,169]
	[512,170]
	[509,145]
	[506,146]
	[503,152]
	[500,149]
	[497,170]
	[494,145]
	[491,151]
	[488,139]
	[485,155]
	[482,146]
	[479,155]
	[476,160]
	[473,153]
	[470,138]
	[467,164]
	[464,133]
	[461,156]
	[458,146]
	[455,127]
	[452,160]
	[449,140]
	[446,143]
	[443,131]
	[440,150]
	[437,128]
	[434,137]
	[431,123]
	[428,137]
	[425,133]
	[422,125]
	[419,128]
	[416,130]
	[413,140]
	[410,109]
	[407,110]
	[404,138]
	[401,131]
	[398,121]
	[395,117]
	[392,111]
	[389,108]
	[386,119]
	[383,120]
	[380,120]
	[377,111]
	[374,115]
	[371,115]
	[368,100]
	[365,106]
	[362,97]
	[359,111]
	[356,117]
	[353,100]
	[350,87]
	[347,112]
	[344,107]
	[341,114]
	[338,109]
	[335,90]
	[332,104]
	[329,94]
	[326,103]
	[323,97]
	[320,83]
	[317,94]
	[314,117]
	[311,81]
	[308,107]
	[305,91]
	[302,103]
	[299,102]
	[296,105]
	[293,90]
	[290,98]
	[287,95]
	[284,91]
	[281,86]
	[278,82]
	[275,91]
	[272,72]
	[269,85]
	[266,72]
	[263,72]
	[260,88]
	[257,81]
	[254,74]
	[251,73]
	[248,84]
	[245,70]
	[242,87]
	[239,66]
	[236,61]
	[233,71]
	[230,66]
	[227,90]
	[224,53]
	[221,77]
	[218,68]
	[215,60]
	[212,66]
	[209,61]
	[206,72]
	[203,61]
	[200,57]
	[197,68]
	[194,55]
	[191,59]
	[188,62]
	[185,64]
	[182,44]
	[179,79]
	[176,59]
	[173,44]
	[170,61]
	[167,47]
	[164,61]
	[161,61]
	[158,53]
	[155,56]
	[152,50]
	[149,53]
	[146,42]
	[143,50]
	[140,29]
	[137,43]
	[134,39]
	[131,40]
	[128,38]
	[125,41]
	[122,35]
	[119,38]
	[116,29]
	[113,35]
	[110,33]
	[107,24]
	[104,30]
	[101,26]
	[98,27]
	[95,35]
	[92,34]
	[89,26]
	[86,31]
	[83,24]
	[80,23]
	[77,33]
	[74,22]
	[71,24]
	[68,8]
	[65,17]
	[62,11]
	[59,21]
	[56,18]
	[53,23]
	[50,12]
	[47,15]
	[44,16]
	[41,13]
	[38,10]
	[35,9]
	[32,12]
	[29,7]
	[26,9]
	[23,7]
	[20,7]
	[17,3]
	[14,7]
	[11,3]
	[8,1]
	[5,2]

1452,
	[599,182]
	[596,175]
	[134724,1]
	[134484,1]
	[134436,2]
	[134388,2]
	[134196,2]
	[134100,1]
	[593,168]
	[134049,1]
	[133809,1]
	[133713,1]
	[133569,2]
	[133521,1]
	[133473,1]
	[133425,1]
	[133422,1]
	[590,175]
	[133374,1]
	[133326,1]
	[133230,1]
	[133086,1]
	[133038,1]
	[132990,1]
	[132942,1]
	[132894,1]
	[132846,1]
	[132750,1]
	[132747,2]
	[587,145]
	[132699,1]
	[132603,1]
	[132555,1]
	[132507,1]
	[132411,1]
	[132315,2]
	[132267,1]
	[132171,1]
	[132123,1]
	[132072,1]
	[584,158]
	[131976,2]
	[131928,1]
	[131880,2]
	[131784,1]
	[131688,2]
	[131640,1]
	[131592,1]
	[131544,1]
	[131448,1]
	[131397,1]
	[581,160]
	[131349,2]
	[131301,3]
	[131109,3]
	[130965,1]
	[130917,1]
	[130869,1]
	[130821,2]
	[130722,1]
	[578,179]
	[130674,1]
	[130578,1]
	[130530,1]
	[130482,1]
	[130434,1]
	[130386,1]
	[130338,1]
	[130242,1]
	[130146,2]
	[130050,1]
	[130047,1]
	[575,151]
	[129999,1]
	[129951,1]
	[129903,2]
	[129855,1]
	[129807,1]
	[129759,1]
	[129711,1]
	[129663,1]
	[129615,2]
	[129373,1]
	[572,138]
	[129276,1]
	[128988,2]
	[128940,1]
	[128748,2]
	[128697,2]
	[569,166]
	[128649,1]
	[128601,2]
	[128553,2]
	[128505,2]
	[128457,1]
	[128265,1]
	[128169,1]
	[128121,2]
	[128073,2]
	[128025,1]
	[128022,2]
	[566,193]
	[127974,1]
	[127926,1]
	[127878,1]
	[127830,1]
	[127782,2]
	[127686,1]
	[127638,1]
	[127590,1]
	[127494,2]
	[563,156]
	[127299,1]
	[127203,2]
	[127155,2]
	[127011,1]
	[126915,2]
	[126867,2]
	[126819,1]
	[126723,2]
	[126672,1]
	[560,163]
	[126576,3]
	[126528,2]
	[126480,1]
	[126384,1]
	[126336,1]
	[126288,1]
	[126144,1]
	[126048,2]
	[557,153]
	[125901,3]
	[125613,1]
	[125565,2]
	[125469,1]
	[125322,1]
	[554,167]
	[125226,2]
	[125178,2]
	[125082,1]
	[124986,1]
	[124650,1]
	[124647,1]
	[551,145]
	[124599,1]
	[124551,1]
	[124503,1]
	[124455,2]
	[124407,1]
	[124263,2]
	[124215,1]
	[124023,1]
	[123975,1]
	[123972,2]
	[548,163]
	[123876,1]
	[123828,1]
	[123732,2]
	[123636,1]
	[123588,2]
	[123444,2]
	[123396,2]
	[123300,1]
	[123297,1]
	[545,137]
	[123249,4]
	[123153,1]
	[123105,1]
	[123057,1]
	[122961,1]
	[122865,1]
	[122817,1]
	[122721,1]
	[122673,1]
	[122625,2]
	[122622,1]
	[542,157]
	[122574,2]
	[122526,1]
	[122190,1]
	[121950,1]
	[121947,1]
	[539,172]
	[121899,1]
	[121851,1]
	[121803,1]
	[121707,1]
	[121611,1]
	[121515,1]
	[121467,2]
	[121419,2]
	[121275,1]
	[121272,3]
	[536,165]
	[121224,1]
	[121176,1]
	[121128,1]
	[121032,1]
	[120984,1]
	[120936,1]
	[120840,2]
	[120744,1]
	[120696,2]
	[120648,1]
	[533,152]
	[120549,2]
	[120453,1]
	[120165,1]
	[120117,1]
	[119922,1]
	[530,173]
	[119682,1]
	[119634,1]
	[119586,1]
	[119538,1]
	[119490,2]
	[119442,1]
	[119250,1]
	[527,135]
	[119199,1]
	[119151,2]
	[119103,1]
	[119007,1]
	[118959,1]
	[118911,1]
	[118863,1]
	[118815,1]
	[118767,3]
	[118719,1]
	[118671,2]
	[118623,3]
	[118575,1]
	[524,151]
	[118428,1]
	[118380,1]
	[118332,1]
	[118236,1]
	[521,139]
	[117849,1]
	[117753,1]
	[117657,1]
	[117609,2]
	[117561,1]
	[117465,1]
	[117321,1]
	[117273,1]
	[117222,1]
	[518,130]
	[117174,1]
	[117030,4]
	[116790,2]
	[116742,1]
	[116550,1]
	[515,156]
	[116499,1]
	[116307,1]
	[116259,1]
	[116163,2]
	[116067,1]
	[116019,1]
	[115971,1]
	[512,138]
	[115824,2]
	[115776,1]
	[115728,2]
	[115632,1]
	[115584,2]
	[115440,1]
	[115248,1]
	[115197,2]
	[509,139]
	[115149,2]
	[115101,1]
	[115053,2]
	[115005,2]
	[114861,2]
	[114717,1]
	[114573,1]
	[114525,1]
	[114522,1]
	[506,166]
	[114378,2]
	[114330,1]
	[114282,1]
	[114234,1]
	[114138,1]
	[114090,2]
	[113994,2]
	[113898,1]
	[113850,1]
	[503,144]
	[113799,2]
	[113607,1]
	[113463,1]
	[113415,2]
	[500,159]
	[113076,1]
	[112980,1]
	[112884,1]
	[112836,1]
	[112644,1]
	[112596,2]
	[112548,2]
	[112500,1]
	[497,115]
	[112401,1]
	[112209,1]
	[112113,1]
	[112065,1]
	[112017,1]
	[111921,1]
	[111873,1]
	[111825,1]
	[111822,1]
	[494,122]
	[111534,1]
	[111342,1]
	[111294,1]
	[111246,2]
	[111150,1]
	[111147,1]
	[491,154]
	[111099,1]
	[111051,1]
	[111003,1]
	[110955,1]
	[110763,1]
	[110619,1]
	[110571,1]
	[110472,1]
	[488,156]
	[110376,1]
	[110328,1]
	[110280,2]
	[110184,1]
	[110136,1]
	[110040,1]
	[109992,1]
	[109896,1]
	[109848,1]
	[485,137]
	[109749,1]
	[109701,1]
	[109605,1]
	[109557,1]
	[109413,1]
	[109221,1]
	[109173,1]
	[109125,1]
	[109122,2]
	[482,157]
	[108978,2]
	[108882,2]
	[108834,1]
	[108738,1]
	[108642,1]
	[108594,2]
	[108546,2]
	[108498,1]
	[108450,2]
	[479,148]
	[108399,1]
	[108255,1]
	[108207,1]
	[108159,1]
	[108111,1]
	[108015,1]
	[107919,2]
	[107823,2]
	[476,121]
	[107724,1]
	[107436,1]
	[107340,2]
	[107292,1]
	[107196,1]
	[107100,1]
	[473,130]
	[107049,2]
	[107001,2]
	[106953,1]
	[106761,1]
	[106569,1]
	[470,133]
	[106374,1]
	[106326,1]
	[106278,1]
	[106230,1]
	[106134,1]
	[106038,1]
	[105990,1]
	[105894,1]
	[105846,2]
	[105798,1]
	[105747,1]
	[467,129]
	[105699,3]
	[105555,1]
	[105363,1]
	[105267,1]
	[105171,2]
	[105075,2]
	[464,123]
	[104928,1]
	[104880,1]
	[104832,1]
	[104688,1]
	[104592,1]
	[104400,1]
	[461,128]
	[104301,2]
	[104205,1]
	[104013,1]
	[103965,1]
	[103917,1]
	[103773,1]
	[103722,1]
	[458,143]
	[103627,1]
	[103578,1]
	[103242,1]
	[103194,2]
	[103098,2]
	[103047,1]
	[455,134]
	[102999,2]
	[102759,2]
	[102711,1]
	[102423,1]
	[102375,1]
	[102372,1]
	[452,118]
	[102180,2]
	[102132,2]
	[102036,1]
	[101988,2]
	[101844,1]
	[449,122]
	[101649,1]
	[101313,1]
	[101265,1]
	[101169,1]
	[446,138]
	[100878,2]
	[100830,1]
	[100782,1]
	[100734,1]
	[100494,1]
	[443,136]
	[100251,2]
	[100203,1]
	[100011,1]
	[99867,1]
	[99672,1]
	[440,136]
	[99480,1]
	[99432,2]
	[99288,1]
	[99096,1]
	[99000,1]
	[437,117]
	[98949,1]
	[98901,1]
	[98805,1]
	[98565,2]
	[98469,1]
	[434,119]
	[98226,1]
	[98178,1]
	[98082,2]
	[98034,2]
	[97986,2]
	[97938,1]
	[97842,1]
	[97698,1]
	[431,130]
	[97407,1]
	[97167,1]
	[97119,1]
	[97071,1]
	[96975,2]
	[96972,1]
	[428,125]
	[96924,1]
	[96876,1]
	[96684,1]
	[96540,1]
	[96300,1]
	[96297,1]
	[425,114]
	[96201,1]
	[95961,1]
	[95913,1]
	[95817,2]
	[95769,1]
	[95721,1]
	[95622,1]
	[422,114]
	[95287,1]
	[95142,2]
	[95094,1]
	[95046,1]
	[94998,1]
	[94947,2]
	[419,133]
	[94851,1]
	[94803,1]
	[94755,1]
	[94659,1]
	[94563,1]
	[94419,1]
	[94275,1]
	[416,117]
	[94176,1]
	[94032,1]
	[93888,1]
	[93840,2]
	[93744,1]
	[93696,2]
	[93597,1]
	[413,115]
	[93549,1]
	[93405,2]
	[93357,1]
	[93165,1]
	[93117,1]
	[92973,1]
	[92925,1]
	[92922,1]
	[410,121]
	[92778,2]
	[92682,1]
	[92634,1]
	[92586,1]
	[92490,1]
	[92394,2]
	[92346,1]
	[92247,1]
	[407,122]
	[92151,1]
	[92103,1]
	[92055,1]
	[92007,1]
	[91864,1]
	[91863,1]
	[91623,1]
	[91575,3]
	[91572,1]
	[404,107]
	[91524,1]
	[91429,1]
	[91380,1]
	[91284,1]
	[91236,2]
	[91189,1]
	[91140,2]
	[90948,1]
	[90897,1]
	[401,115]
	[90801,1]
	[90705,4]
	[90657,1]
	[90561,1]
	[90465,1]
	[90417,1]
	[90273,1]
	[90225,1]
	[398,108]
	[90174,1]
	[90126,1]
	[90078,1]
	[89934,1]
	[89838,1]
	[89790,1]
	[89742,1]
	[89550,2]
	[89547,1]
	[395,116]
	[89451,1]
	[89403,1]
	[89307,1]
	[89259,2]
	[89163,2]
	[89115,1]
	[88872,4]
	[392,111]
	[88824,1]
	[88632,2]
	[88584,1]
	[88536,1]
	[389,130]
	[88149,1]
	[88005,1]
	[87957,1]
	[87909,2]
	[87765,1]
	[87669,1]
	[87525,1]
	[386,117]
	[87426,1]
	[87378,1]
	[87234,1]
	[87186,1]
	[86946,1]
	[86898,1]
	[383,111]
	[86559,1]
	[86415,1]
	[86271,1]
	[380,125]
	[86124,1]
	[86076,1]
	[86028,1]
	[85836,1]
	[85644,1]
	[85596,1]
	[85548,1]
	[85497,1]
	[377,117]
	[85209,1]
	[85065,2]
	[85017,1]
	[84921,1]
	[84822,1]
	[374,119]
	[84774,1]
	[84726,1]
	[84582,1]
	[84198,1]
	[84147,2]
	[371,107]
	[84099,1]
	[84051,1]
	[84003,1]
	[83955,1]
	[83907,2]
	[83859,1]
	[83763,1]
	[83619,1]
	[83472,1]
	[368,100]
	[83424,2]
	[83376,2]
	[83232,1]
	[83136,1]
	[83040,1]
	[82944,1]
	[82896,1]
	[82800,1]
	[82797,1]
	[365,112]
	[82605,1]
	[82557,1]
	[82510,1]
	[82509,1]
	[82413,1]
	[82365,1]
	[82221,1]
	[82122,2]
	[362,119]
	[82074,1]
	[82026,1]
	[81978,2]
	[81930,1]
	[81786,1]
	[81642,1]
	[81594,1]
	[81450,2]
	[81447,2]
	[359,95]
	[81159,1]
	[81111,1]
	[81015,1]
	[80871,1]
	[80823,1]
	[356,102]
	[80532,1]
	[80100,1]
	[353,102]
	[80049,1]
	[80001,2]
	[79857,2]
	[79521,1]
	[79473,1]
	[350,106]
	[79326,1]
	[79278,1]
	[79182,1]
	[79086,1]
	[78942,1]
	[78798,1]
	[78750,1]
	[78747,1]
	[347,94]
	[78603,1]
	[78507,1]
	[78267,1]
	[78075,1]
	[344,103]
	[78024,1]
	[77880,1]
	[77736,1]
	[77688,1]
	[77592,1]
	[77544,1]
	[77400,1]
	[77397,1]
	[341,105]
	[77205,1]
	[77109,1]
	[77013,1]
	[76917,1]
	[76869,1]
	[76722,1]
	[338,110]
	[76626,1]
	[76242,2]
	[76047,1]
	[335,95]
	[75951,1]
	[75855,1]
	[75759,1]
	[75711,1]
	[75663,1]
	[75471,1]
	[75423,1]
	[75375,1]
	[332,106]
	[75228,2]
	[75084,2]
	[75036,1]
	[74988,1]
	[74844,1]
	[74748,2]
	[74700,1]
	[74697,3]
	[329,101]
	[74649,1]
	[74505,1]
	[74457,1]
	[74361,1]
	[74313,1]
	[74169,1]
	[74025,1]
	[74022,1]
	[326,79]
	[73734,1]
	[73542,2]
	[73350,2]
	[323,89]
	[73299,1]
	[73059,1]
	[72915,1]
	[72867,1]
	[72672,1]
	[320,99]
	[72624,1]
	[72528,1]
	[72480,1]
	[72432,3]
	[72384,2]
	[72288,1]
	[72144,1]
	[317,94]
	[71853,1]
	[71805,1]
	[71613,1]
	[71517,1]
	[314,86]
	[71274,1]
	[71130,1]
	[71082,1]
	[71034,1]
	[70986,1]
	[311,87]
	[70599,1]
	[70311,1]
	[70263,2]
	[70167,1]
	[70071,1]
	[308,75]
	[69924,1]
	[69732,1]
	[69684,1]
	[69588,2]
	[69492,1]
	[69396,1]
	[69348,1]
	[69297,1]
	[305,91]
	[69249,2]
	[69105,1]
	[68961,1]
	[68769,1]
	[302,81]
	[68526,1]
	[68478,1]
	[68430,1]
	[68334,1]
	[68190,1]
	[68046,1]
	[67950,1]
	[299,64]
	[67755,1]
	[67707,2]
	[67419,1]
	[67371,1]
	[67275,1]
	[67272,1]
	[296,86]
	[66888,2]
	[66744,1]
	[66696,1]
	[293,79]
	[66549,1]
	[66261,1]
	[66165,2]
	[65922,1]
	[290,84]
	[65778,1]
	[65682,2]
	[65634,1]
	[65586,1]
	[287,76]
	[65199,1]
	[65007,1]
	[64911,1]
	[64863,1]
	[64815,1]
	[64767,1]
	[64572,1]
	[284,76]
	[64476,2]
	[64428,1]
	[64380,2]
	[64044,1]
	[63996,1]
	[281,91]
	[63849,1]
	[63801,1]
	[63705,1]
	[63513,2]
	[63465,1]
	[63369,1]
	[63321,1]
	[63222,2]
	[278,79]
	[62982,1]
	[62598,1]
	[62550,1]
	[275,84]
	[62499,1]
	[62451,1]
	[62211,1]
	[62163,1]
	[62115,1]
	[62067,1]
	[61923,1]
	[61875,1]
	[61872,1]
	[272,76]
	[61824,1]
	[61344,2]
	[61248,1]
	[61200,1]
	[269,82]
	[61101,1]
	[61053,1]
	[60909,1]
	[60621,1]
	[266,88]
	[60426,1]
	[59898,2]
	[263,86]
	[59751,1]
	[59559,1]
	[59223,1]
	[260,66]
	[58980,1]
	[58741,1]
	[58500,2]
	[257,79]
	[58449,1]
	[58305,1]
	[58258,1]
	[57873,1]
	[57825,1]
	[57822,1]
	[254,74]
	[57774,1]
	[57726,1]
	[57630,2]
	[57342,1]
	[57295,1]
	[57198,1]
	[57150,1]
	[251,72]
	[57099,1]
	[56955,1]
	[56859,1]
	[56811,1]
	[56763,1]
	[56715,2]
	[56475,1]
	[248,70]
	[56424,1]
	[245,61]
	[55365,1]
	[55269,3]
	[55221,1]
	[55122,1]
	[242,66]
	[54738,1]
	[54690,1]
	[54642,1]
	[239,67]
	[54399,1]
	[54159,1]
	[54063,1]
	[53967,1]
	[53871,1]
	[53775,1]
	[236,80]
	[53724,1]
	[53436,1]
	[53196,1]
	[53148,1]
	[233,77]
	[53049,1]
	[52953,1]
	[52761,1]
	[52665,1]
	[52569,2]
	[52521,1]
	[52473,1]
	[52422,1]
	[230,61]
	[52230,1]
	[52182,1]
	[51990,1]
	[51942,1]
	[227,72]
	[51603,1]
	[51267,1]
	[224,75]
	[50736,1]
	[50592,1]
	[221,54]
	[50253,1]
	[50157,1]
	[50013,1]
	[49917,1]
	[49821,1]
	[218,57]
	[49674,1]
	[49626,1]
	[49578,1]
	[49530,1]
	[49482,1]
	[49434,2]
	[49338,2]
	[49194,1]
	[49146,1]
	[215,72]
	[48999,1]
	[48951,1]
	[48567,1]
	[48423,1]
	[48372,1]
	[212,63]
	[48324,1]
	[48132,1]
	[48036,1]
	[47700,1]
	[47697,1]
	[209,53]
	[47649,2]
	[47601,1]
	[47361,1]
	[47217,1]
	[47022,1]
	[206,54]
	[46926,1]
	[46830,1]
	[46783,1]
	[46638,1]
	[46399,1]
	[203,64]
	[46299,1]
	[46203,1]
	[45963,1]
	[45771,1]
	[200,54]
	[45576,1]
	[45288,1]
	[45096,1]
	[45000,1]
	[197,52]
	[44902,1]
	[44709,1]
	[44661,1]
	[44565,1]
	[44517,1]
	[44373,1]
	[44325,1]
	[194,59]
	[44274,1]
	[43938,1]
	[43794,1]
	[43746,1]
	[191,58]
	[43071,1]
	[188,74]
	[42636,1]
	[42492,1]
	[185,48]
	[42105,1]
	[41913,1]
	[41721,1]
	[41622,1]
	[182,44]
	[41574,1]
	[41142,1]
	[41046,2]
	[179,51]
	[40851,1]
	[40707,1]
	[40659,1]
	[40563,1]
	[40419,1]
	[40371,1]
	[40275,1]
	[176,47]
	[40128,3]
	[39648,1]
	[173,52]
	[39309,1]
	[39021,1]
	[38925,1]
	[170,47]
	[38778,1]
	[38346,1]
	[167,53]
	[38103,1]
	[37768,1]
	[164,43]
	[37188,1]
	[161,53]
	[36417,1]
	[36174,1]
	[158,50]
	[155,30]
	[35307,1]
	[152,22]
	[34393,1]
	[34344,1]
	[34248,1]
	[149,51]
	[34005,1]
	[33957,1]
	[33621,1]
	[33573,1]
	[146,39]
	[33426,1]
	[32850,1]
	[143,43]
	[32559,1]
	[140,46]
	[32124,1]
	[31740,1]
	[137,43]
	[31305,1]
	[31017,1]
	[30969,1]
	[134,31]
	[131,35]
	[30003,1]
	[29908,1]
	[128,31]
	[29328,1]
	[29088,2]
	[28797,1]
	[125,43]
	[28701,1]
	[28269,1]
	[28122,1]
	[122,38]
	[28074,1]
	[27546,1]
	[119,31]
	[27351,1]
	[26775,1]
	[116,38]
	[26724,1]
	[26676,1]
	[26580,1]
	[26100,1]
	[113,29]
	[26049,1]
	[25761,1]
	[110,32]
	[24942,1]
	[24846,1]
	[24750,1]
	[107,27]
	[24363,1]
	[24267,1]
	[104,28]
	[23496,1]
	[23448,1]
	[101,28]
	[23205,1]
	[22725,2]
	[98,30]
	[22626,1]
	[22578,1]
	[22386,1]
	[95,22]
	[21567,1]
	[21375,2]
	[92,22]
	[89,24]
	[20457,1]
	[20169,1]
	[20121,1]
	[20025,1]
	[86,19]
	[19830,1]
	[19782,2]
	[19686,1]
	[19638,1]
	[19590,1]
	[83,23]
	[18723,1]
	[80,20]
	[18624,1]
	[77,23]
	[74,25]
	[17082,1]
	[16890,1]
	[71,23]
	[15975,1]
	[68,15]
	[65,18]
	[15201,1]
	[62,22]
	[14286,1]
	[14046,1]
	[59,11]
	[13852,1]
	[13371,1]
	[56,18]
	[53,21]
	[11925,1]
	[50,17]
	[11346,1]
	[11247,1]
	[47,7]
	[10719,1]
	[44,16]
	[10188,1]
	[9801,1]
	[9705,1]
	[41,9]
	[38,9]
	[8838,1]
	[8742,1]
	[35,5]
	[7824,1]
	[32,7]
	[29,9]
	[6717,1]
	[6669,1]
	[26,8]
	[6138,1]
	[23,3]
	[5703,1]
	[20,4]
	[4548,1]
	[17,6]
	[4209,1]
	[11,3]
	[8,2]
	[5,3]

1488,
	[1,167]

1432,
	[3,178]
	[1,1]

len(carl_order):
6
Printing carl assignment order:
1488,1,1.0
1468,3,0.33540640615450984
1432,3,0.33457943925233646
1448,599,0.0024928537435371634
1452,599,0.002263848208669254
1452,134724,1.1301000073547253e-05
bin_width: 2884780
assigning lease 1 to address 1488
Average Cache Occupancy Per Bin: [0.00,0.00,0.00,0.00,0.00]
Total cost: 5376.0
assigning lease 3 to address 1468
Average Cache Occupancy Per Bin: [0.99,0.99,0.99,0.99,0.97]
Total cost: 2869760.0
assigning lease 3 to address 1432
Average Cache Occupancy Per Bin: [0.99,0.99,1.00,1.00,0.99]
Total cost: 2880512.0
addr: 1448 ri: 599
bin target: 369251840
	bin: 0.0 current capacity: 0.9985205110961668  avg impact: 189.88848231060948
	bin: 1.0 current capacity: 0.9961244878292279  avg impact: 168.79158618681492
	bin: 2.0 current capacity: 1.0065072553192964  avg impact: 139.73785175992623
num_full_bins: 0
printing bin ranks sorted:
	bin: 0.0 rank: 0.66882139423897
	selecting this^ bin
	bin: 1.0 rank: 0.7524301322200123
	bin: 2.0 rank: 0.9087980897463579
acceptable_ratio: 0.66882139423897
Assigning 1448 dual lease lease 599 * 0.66882139423897. Bin saturation: [128.,113.,94.4,72.1,40.5]
addr: 1452 ri: 599
bin target: 369251840
	bin: 0.0 current capacity: 128.0  avg impact: 185.50145245044683
	bin: 1.0 current capacity: 113.88754849710206  avg impact: 165.6202275390151
	bin: 2.0 current capacity: 94.46617209735167  avg impact: 142.2660112729567
	bin: 3.0 current capacity: 72.16959409998263  avg impact: 114.7336628789717
num_full_bins: 1
printing bin ranks sorted:
	bin: 0.0 rank: 0.0
	bin: 1.0 rank: 0.08520970966286993
	bin: 2.0 rank: 0.235712153609966
	bin: 3.0 rank: 0.48660876415068166
acceptable_ratio: 0
addr: 1452 ri: 134724
bin target: 369251840
	bin: 0.0 current capacity: 128.0  avg impact: 2806.297703117742
	bin: 1.0 current capacity: 113.88754849710206  avg impact: 2482.912388466365
	bin: 2.0 current capacity: 94.46617209735167  avg impact: 2003.6669139414444
	bin: 3.0 current capacity: 72.16959409998263  avg impact: 1752.9497015370323
	bin: 4.0 current capacity: 40.58476686439245  avg impact: 920.04116501085
num_full_bins: 1
printing bin ranks sorted:
	bin: 0.0 rank: 0.0
	bin: 1.0 rank: 0.00568382983163367
	bin: 2.0 rank: 0.01673622879597458
	bin: 3.0 rank: 0.03184940551977264
	bin: 4.0 rank: 0.0950123064706313
acceptable_ratio: 0
Final saturation:
	0.0,369251840.0
	1.0,328540522.1534701
	2.0,272514123.9429982
	3.0,208193401.6677479
	4.0,117078123.75506206
DUMP LEASES
0, 5bc, 3, 0, 1 
0, 5a8, 1, 257, 0.33117860576103 
0, 5ac, 1, 0, 1 
0, 5d0, 1, 0, 1 
0, 598, 3, 0, 1 
Dump dual leases

