Dump predicted miss count (no contention misses): 200192
Dump formated leases
0, 5f0, 2, 0, 1
0, 5f4, 3, 0, 1
0, 5f8, 406a, 0, 1
0, 604, 6, 0, 1
0, 614, 1ff, 0, 1
0, 638, 7, 0, 1
0, 63c, 2, 0, 1
0, 640, abc, 0, 1
0, 644, 247, 0, 1
0, 64c, 223, 0, 1
0, 660, 6, 0, 1
0, 66c, 249, 0, 1
0, 67c, a9, 0, 1
0, 680, aa, 0, 1
0, 694, 1, 0, 1
0, 6c4, 2, 0, 1
0, 6c8, 3, 0, 1
0, 6cc, 21c, 0, 1
0, 6d8, 6, 0, 1
0, 6ec, 228, 0, 1
0, 710, 8, 0, 1
0, 714, 1e1, 0, 1
0, 718, 1a2b, 2cf4, 0.09387702
0, 71c, 1e5, 0, 1
0, 724, 222, 0, 1
0, 738, 6, 0, 1
0, 744, 3, 0, 1
0, 754, ab, 0, 1
0, 758, a8, 0, 1
0, 768, 1a85, 0, 1
