Dump predicted miss count (no contention misses): 0
Dump formated leases
0, 548, 4, 0, 1
0, 550, 2, 0, 1
0, 554, 21, 0, 1
0, 558, 20, 0, 1
0, 580, d08, 0, 1
0, 590, 2, 0, 1
0, 594, d46, 0, 1
0, 598, 1f, 0, 1
0, 5c0, e32, 0, 1
0, 1538, 1, 0, 1
0, 153c, 1, 0, 1
0, 1540, 1, 0, 1
0, 1544, 1, 0, 1
0, 1548, 1, 0, 1
0, 154c, 1, 0, 1
0, 1550, 1, 0, 1
0, 1554, 1, 0, 1
0, 1558, 1, 0, 1
0, 155c, 1, 0, 1
0, 1560, 2, 0, 1
0, 1620, 21, 0, 1
0, 16ac, 1, 0, 1
0, 16b0, 1, 0, 1
0, 16b4, 1, 0, 1
0, 16b8, 1, 0, 1
0, 16bc, 1, 0, 1
0, 16c0, 1, 0, 1
0, 16c4, 1, 0, 1
0, 16c8, 1, 0, 1
0, 16cc, 1, 0, 1
0, 16d0, 1, 0, 1
0, 16d4, 5, 0, 1
0, 1dcc, 1, 0, 1
0, 1dd0, 1, 0, 1
0, 1dd4, 1, 0, 1
0, 1e2c, 1, 0, 1
0, 1e30, 1, 0, 1
0, 1e34, 1, 0, 1
