sample rate: 0.00390625
1404,
	[4,1]
	[7,1]
	[10,3]
	[13,1]
	[16,2]
	[19,3]
	[22,3]
	[25,2]
	[28,4]
	[31,2]
	[3284,1]
	[34,3]
	[3175,1]
	[3367,1]
	[37,3]
	[40,10]
	[3902,1]
	[43,5]
	[46,8]
	[4353,1]
	[49,7]
	[52,6]
	[5079,1]
	[55,8]
	[58,7]
	[61,2]
	[5740,1]
	[64,4]
	[67,12]
	[6317,1]
	[70,5]
	[6517,1]
	[73,6]
	[76,12]
	[79,9]
	[7930,1]
	[82,13]
	[85,15]
	[7785,1]
	[7859,1]
	[88,10]
	[7822,1]
	[7942,1]
	[91,7]
	[94,16]
	[97,11]
	[8590,1]
	[8638,1]
	[8665,1]
	[100,11]
	[103,8]
	[9023,1]
	[106,11]
	[9139,1]
	[109,8]
	[9396,1]
	[112,15]
	[9602,1]
	[9760,1]
	[115,11]
	[9901,1]
	[118,10]
	[10053,1]
	[10125,1]
	[121,15]
	[10226,1]
	[10325,1]
	[124,13]
	[144,1]
	[127,8]
	[10587,1]
	[10727,1]
	[130,9]
	[10751,1]
	[133,12]
	[11056,1]
	[136,14]
	[11118,1]
	[11262,1]
	[139,12]
	[11321,1]
	[11495,1]
	[142,14]
	[13074,1]
	[145,14]
	[12950,1]
	[11793,1]
	[148,13]
	[11936,1]
	[151,19]
	[154,14]
	[157,17]
	[12332,1]
	[160,10]
	[163,12]
	[13055,1]
	[12819,1]
	[12773,1]
	[166,11]
	[169,12]
	[12970,2]
	[172,14]
	[13116,2]
	[175,16]
	[178,13]
	[13399,1]
	[13471,1]
	[13674,1]
	[181,13]
	[13608,1]
	[184,12]
	[13694,1]
	[15238,2]
	[13777,1]
	[187,9]
	[13951,1]
	[190,9]
	[14030,1]
	[14054,1]
	[193,9]
	[14078,1]
	[196,10]
	[199,17]
	[202,12]
	[14411,1]
	[205,18]
	[16260,1]
	[208,10]
	[14682,1]
	[14980,1]
	[211,6]
	[14837,1]
	[214,13]
	[14893,1]
	[14970,1]
	[217,12]
	[14994,1]
	[15018,1]
	[16778,1]
	[15045,1]
	[220,16]
	[15140,1]
	[223,11]
	[15187,2]
	[226,14]
	[3,1]
	[229,11]
	[15416,1]
	[232,18]
	[235,12]
	[15585,1]
	[15593,1]
	[238,10]
	[15738,1]
	[241,12]
	[244,11]
	[15816,1]
	[15820,1]
	[247,15]
	[250,10]
	[15907,1]
	[16134,1]
	[253,14]
	[256,8]
	[18130,1]
	[259,10]
	[16141,1]
	[18213,1]
	[262,19]
	[16270,1]
	[265,8]
	[16345,1]
	[268,9]
	[271,7]
	[16355,1]
	[274,8]
	[16391,1]
	[18583,1]
	[277,10]
	[18648,1]
	[16457,1]
	[280,6]
	[18710,1]
	[283,9]
	[286,8]
	[16537,1]
	[16870,1]
	[16542,1]
	[289,5]
	[292,7]
	[295,7]
	[16615,1]
	[16623,1]
	[298,6]
	[16635,2]
	[301,7]
	[16652,1]
	[16677,3]
	[304,6]
	[307,7]
	[310,5]
	[16758,1]
	[313,5]
	[16693,1]
	[316,7]
	[319,2]
	[322,4]
	[16866,1]
	[16702,1]
	[325,5]
	[328,3]
	[16708,1]
	[19305,1]
	[331,5]
	[16947,1]
	[19313,1]
	[334,3]
	[339,1]
	[337,2]
	[340,3]
	[343,2]
	[346,3]
	[16726,1]
	[349,1]
	[352,1]
	[19336,1]
	[355,1]
	[19339,1]

1420,
	[1,42]
	[3,1085]
	[6668,1]
	[8227,1]

1388,
	[3,29]

1400,
	[2,15]
	[3,993]
	[4,5]
	[7,1]
	[28,7]
	[25,1]
	[22,1]
	[52,1]
	[58,4]
	[76,2]
	[46,1]
	[79,1]
	[100,5]
	[85,2]
	[61,1]
	[64,2]
	[70,1]
	[82,1]
	[124,6]
	[109,2]
	[97,1]
	[121,2]
	[106,1]
	[112,1]
	[139,3]
	[151,3]
	[130,1]
	[133,2]
	[142,1]
	[148,2]
	[172,1]
	[163,1]
	[178,1]
	[220,2]
	[187,1]
	[193,2]
	[244,3]
	[208,2]
	[214,1]
	[241,1]
	[217,1]
	[223,1]
	[226,1]
	[253,2]
	[250,1]
	[232,1]
	[238,1]
	[265,1]
	[268,1]
	[283,1]
	[292,1]
	[298,1]

1352,
	[1,31]
	[26,1]
	[2,2]
	[218,1]
	[122,1]

1320,
	[3,857]
	[1,177]
	[2,24]

1300,
	[2,184]
	[3,822]
	[42,2]
	[96,1]
	[66,1]
	[48,2]
	[120,2]
	[60,1]
	[108,4]
	[135,2]
	[54,2]
	[51,2]
	[81,1]
	[144,1]
	[105,1]
	[198,2]
	[162,2]
	[168,2]
	[171,2]
	[45,1]
	[87,2]
	[102,2]
	[165,1]
	[156,1]
	[216,2]
	[111,1]
	[213,2]
	[33,1]
	[183,1]
	[231,3]
	[180,1]
	[186,1]
	[255,1]
	[147,1]
	[159,1]
	[246,2]
	[90,1]
	[243,1]
	[252,1]
	[39,1]
	[57,1]
	[123,1]
	[285,3]
	[249,1]
	[69,1]
	[129,1]
	[99,1]
	[192,1]
	[219,1]
	[309,1]

1304,
	[21,5]
	[30,2]
	[33,8]
	[36,6]
	[24,3]
	[6382,1]
	[51,3]
	[42,9]
	[57,4]
	[15,2]
	[27,5]
	[60,10]
	[81,16]
	[75,9]
	[84,12]
	[45,4]
	[63,7]
	[66,6]
	[99,16]
	[102,9]
	[105,9]
	[87,15]
	[114,18]
	[11457,1]
	[11309,1]
	[11420,1]
	[10933,1]
	[108,11]
	[11659,1]
	[123,14]
	[117,13]
	[12589,1]
	[39,5]
	[90,9]
	[135,15]
	[12310,1]
	[126,13]
	[18,2]
	[141,8]
	[48,2]
	[144,8]
	[150,14]
	[132,11]
	[153,9]
	[147,14]
	[78,5]
	[93,4]
	[14493,1]
	[13413,1]
	[165,17]
	[14680,1]
	[111,14]
	[162,16]
	[174,11]
	[15427,1]
	[72,5]
	[129,11]
	[177,9]
	[168,6]
	[159,11]
	[171,20]
	[186,14]
	[96,8]
	[183,14]
	[189,13]
	[15798,1]
	[195,15]
	[15939,1]
	[15219,1]
	[180,17]
	[198,16]
	[201,11]
	[204,17]
	[16937,1]
	[210,17]
	[120,3]
	[138,13]
	[207,10]
	[192,7]
	[18190,1]
	[69,4]
	[213,12]
	[219,11]
	[16783,1]
	[17421,1]
	[156,12]
	[222,17]
	[228,13]
	[231,13]
	[18860,1]
	[54,2]
	[225,13]
	[216,8]
	[19247,1]
	[19453,1]
	[17075,1]
	[16355,1]
	[249,19]
	[16468,1]
	[237,14]
	[246,12]
	[234,11]
	[240,5]
	[252,13]
	[258,11]
	[16789,1]
	[17348,1]
	[16628,2]
	[264,4]
	[19243,1]
	[17895,1]
	[18147,1]
	[255,5]
	[261,9]
	[273,12]
	[243,8]
	[279,10]
	[270,7]
	[276,10]
	[285,6]
	[19390,1]
	[282,14]
	[17304,1]
	[267,10]
	[291,14]
	[17375,1]
	[19819,1]
	[17148,1]
	[294,17]
	[297,9]
	[18290,1]
	[17210,1]
	[303,12]
	[306,7]
	[17685,1]
	[309,11]
	[300,7]
	[315,11]
	[19635,1]
	[318,8]
	[18599,1]
	[19882,1]
	[20661,1]
	[18280,1]
	[288,3]
	[17958,1]
	[321,3]
	[327,3]
	[18713,1]
	[20185,1]
	[18385,1]
	[330,2]
	[333,3]
	[18054,1]
	[17694,2]
	[312,3]
	[324,4]
	[18745,1]
	[339,2]
	[18897,1]
	[342,1]
	[18843,1]
	[20807,1]
	[18123,1]
	[17403,1]
	[345,3]
	[348,4]
	[18154,1]
	[19965,1]
	[17085,1]
	[18875,1]
	[351,3]
	[336,1]
	[354,1]

1332,
	[46,1]
	[37,1]
	[52,2]
	[22,1]
	[64,3]
	[148,1]
	[14395,1]
	[40,1]
	[31,1]
	[112,2]
	[82,1]
	[58,1]
	[154,1]
	[229,1]
	[202,1]
	[310,1]
	[21680,1]
	[352,1]

1288,
	[3,30]
	[1,5]

1280,
	[1,1]

len(carl_order):
25
Printing carl assignment order:
1280,1,1.0
1352,1,0.8611111111111112
1352,2,0.4
1320,3,0.37839771101573677
1288,3,0.3684210526315789
1420,3,0.34120496518316684
1388,3,0.3333333333333333
1300,3,0.3304862023653088
1400,3,0.3076923076923077
1400,4,0.056179775280898875
1352,26,0.013888888888888888
1332,64,0.008914100486223663
1400,298,0.007543103448275862
1300,309,0.00697350069735007
1352,218,0.006944444444444444
1332,154,0.006038647342995169
1304,354,0.004889872779241159
1332,229,0.004728132387706856
1404,346,0.004628970232160661
1332,352,0.0044444444444444444
1404,355,0.0028735632183908046
1420,8227,0.00013432735576600176
1404,19339,7.702988962427657e-05
1304,20807,6.0346212058535826e-05
1332,21680,5.6543496084362897e-05
bin_width: 346971
assigning lease 1 to address 1280
Average Cache Occupancy Per Bin: [0.0,0.00,0.0,0.0,0.0]
Total cost: 0
assigning lease 1 to address 1352
Average Cache Occupancy Per Bin: [0.00,0.00,0.00,0.00,0.00]
Total cost: 1792.0
assigning lease 2 to address 1352
Average Cache Occupancy Per Bin: [0.00,0.00,0.00,0.00,0.00]
Total cost: 2048.0
assigning lease 3 to address 1320
Average Cache Occupancy Per Bin: [0.09,0.24,0.40,0.55,0.79]
Total cost: 33792.0
assigning lease 3 to address 1288
Average Cache Occupancy Per Bin: [0.10,0.25,0.40,0.57,0.82]
Total cost: 36864.0
assigning lease 3 to address 1420
Average Cache Occupancy Per Bin: [0.89,0.92,0.92,0.91,0.93]
Total cost: 311808.0
assigning lease 3 to address 1388
Average Cache Occupancy Per Bin: [0.93,0.93,0.93,0.92,0.93]
Total cost: 325632.0
assigning lease 3 to address 1300
Average Cache Occupancy Per Bin: [1.05,1.18,1.38,1.53,1.74]
Total cost: 366336.0
assigning lease 3 to address 1400
Average Cache Occupancy Per Bin: [1.86,1.88,1.84,1.88,1.84]
Total cost: 647936.0
assigning lease 4 to address 1400
Average Cache Occupancy Per Bin: [1.89,1.90,1.85,1.89,1.84]
Total cost: 657664.0
assigning lease 26 to address 1352
Average Cache Occupancy Per Bin: [1.91,1.90,1.85,1.93,1.84]
Total cost: 663808.0
assigning lease 64 to address 1332
Average Cache Occupancy Per Bin: [2.12,2.08,1.94,2.11,2.08]
Total cost: 736768.0
assigning lease 298 to address 1400
Average Cache Occupancy Per Bin: [3.55,4.33,3.55,4.20,2.91]
Total cost: 1235200.0
assigning lease 309 to address 1300
Average Cache Occupancy Per Bin: [3.58,4.88,4.80,6.63,6.06]
Total cost: 1245184.0
assigning lease 218 to address 1352
Average Cache Occupancy Per Bin: [3.58,4.88,4.80,6.84,6.06]
Total cost: 1245184.0
assigning lease 154 to address 1332
Average Cache Occupancy Per Bin: [3.58,5.01,4.83,6.96,6.39]
Total cost: 1245184.0
assigning lease 354 to address 1304
Average Cache Occupancy Per Bin: [8.31,19.1,30.5,49.7,77.0]
Total cost: 2885632.0
assigning lease 229 to address 1332
Average Cache Occupancy Per Bin: [8.31,19.2,30.5,49.7,77.2]
Total cost: 2885632.0
assigning lease 346 to address 1404
Average Cache Occupancy Per Bin: [40.7,62.7,73.0,82.0,92.1]
Total cost: 14131200.0
assigning lease 352 to address 1332
Average Cache Occupancy Per Bin: [40.7,62.8,73.0,82.0,92.4]
Total cost: 14131200.0
assigning lease 355 to address 1404
Average Cache Occupancy Per Bin: [40.9,63.0,73.2,82.2,92.4]
Total cost: 14209536.0
assigning lease 8227 to address 1420
Average Cache Occupancy Per Bin: [51.9,63.0,73.2,82.2,92.4]
Total cost: 18021120.0
addr: 1404 ri: 19339
bin target: 44412288
	bin: 0.0 current capacity: 51.9384040741157  avg impact: 198.6689146931588
	bin: 1.0 current capacity: 63.06537433964222  avg impact: 260.96253577388313
	bin: 2.0 current capacity: 73.23761351813263  avg impact: 259.73924045525416
	bin: 3.0 current capacity: 82.20795397886279  avg impact: 231.78716376872995
	bin: 4.0 current capacity: 92.4975055552193  avg impact: 140.76602367344822
num_full_bins: 0
printing bin ranks sorted:
	bin: 3.0 rank: 0.1975607504599655
	selecting this^ bin
	bin: 2.0 rank: 0.2108360153278472
	bin: 1.0 rank: 0.24882738615255431
	bin: 4.0 rank: 0.2522092584439273
	bin: 0.0 rank: 0.3828560499429934
acceptable_ratio: 0.1975607504599655
Assigning 1404 dual lease lease 19339 * 0.1975607504599655. Bin saturation: [91.1,114.,124.,128.,120.]
addr: 1304 ri: 20807
bin target: 44412288
	bin: 0.0 current capacity: 91.18758395396303  avg impact: 54.06035662922838
	bin: 1.0 current capacity: 114.62132874906615  avg impact: 84.44057860743405
	bin: 2.0 current capacity: 124.55189278637408  avg impact: 127.82550703084696
	bin: 3.0 current capacity: 128.0  avg impact: 193.00398015972516
	bin: 4.0 current capacity: 120.30734683141102  avg impact: 298.703188450908
num_full_bins: 1
printing bin ranks sorted:
	bin: 3.0 rank: 0.0
	bin: 4.0 rank: 0.025753502024814412
	bin: 2.0 rank: 0.02697511078750355
	bin: 1.0 rank: 0.15843888651132484
	bin: 0.0 rank: 0.6809502996532936
acceptable_ratio: 0
addr: 1332 ri: 21680
bin target: 44412288
	bin: 3.0 current capacity: 128.0  avg impact: 0.0
	bin: 4.0 current capacity: 120.30734683141102  avg impact: 15.736093218165207
num_full_bins: 1
printing bin ranks sorted:
	bin: 4.0 rank: 0.48885406701256984
acceptable_ratio: 0
Final saturation:
	0.0,31639447.192090504
	1.0,39770277.05739223
	2.0,43215894.791981004
	3.0,44412288.0
	4.0,41743160.43744151
DUMP LEASES
0, 57c, 163, 4b8b, 0.8024392495400345 
0, 58c, 2023, 0, 1 
0, 56c, 3, 0, 1 
0, 578, 12a, 0, 1 
0, 548, da, 0, 1 
0, 528, 3, 0, 1 
0, 514, 135, 0, 1 
0, 518, 162, 0, 1 
0, 534, 160, 0, 1 
0, 508, 3, 0, 1 
0, 500, 1, 0, 1 
Dump dual leases

