sample rate: 0.00390625
1808,
	[1,25]
	[7481,1]
	[8113,1]

1768,
	[3,1]
	[9,1]
	[13,1]
	[17,1]
	[19,1]
	[25,1]
	[29,1]
	[33,1]
	[47,1]
	[49,1]
	[69,1]
	[71,1]
	[99,1]
	[109,1]
	[125,1]
	[141,1]
	[145,2]
	[159,1]
	[161,2]
	[167,1]
	[171,1]
	[193,1]
	[209,1]

1788,
	[6,1]
	[8,4]
	[10,1]
	[12,3]
	[14,5]
	[16,5]
	[18,1]
	[20,3]
	[22,4]
	[24,1]
	[26,6]
	[28,3]
	[30,3]
	[32,10]
	[34,9]
	[36,1]
	[38,7]
	[40,4]
	[42,5]
	[44,8]
	[4161,1]
	[46,6]
	[48,10]
	[50,4]
	[52,5]
	[4721,1]
	[4916,1]
	[54,11]
	[4848,1]
	[56,10]
	[5037,1]
	[58,11]
	[60,7]
	[62,11]
	[64,6]
	[66,13]
	[68,9]
	[3,2]
	[6051,1]
	[70,13]
	[6096,1]
	[6294,1]
	[72,7]
	[6237,1]
	[6333,1]
	[74,10]
	[6376,1]
	[6472,1]
	[6481,1]
	[76,15]
	[6830,1]
	[78,18]
	[80,10]
	[82,10]
	[84,13]
	[7073,1]
	[7137,1]
	[86,10]
	[7248,1]
	[7366,1]
	[88,12]
	[7373,1]
	[8093,1]
	[90,16]
	[7432,1]
	[7464,1]
	[7521,1]
	[92,14]
	[7601,1]
	[7660,1]
	[94,11]
	[7757,1]
	[96,16]
	[7837,1]
	[98,14]
	[8050,1]
	[100,20]
	[102,10]
	[8160,1]
	[104,10]
	[8317,1]
	[106,19]
	[108,7]
	[8497,1]
	[110,12]
	[112,13]
	[8733,1]
	[114,9]
	[8768,1]
	[8865,1]
	[116,11]
	[118,11]
	[9008,2]
	[9024,1]
	[120,12]
	[122,8]
	[9160,1]
	[9176,1]
	[124,12]
	[9468,1]
	[126,16]
	[9352,1]
	[128,16]
	[10493,1]
	[130,12]
	[132,12]
	[9636,1]
	[134,12]
	[9648,1]
	[9664,1]
	[9696,1]
	[136,10]
	[9773,1]
	[138,16]
	[9816,1]
	[140,11]
	[142,12]
	[9960,1]
	[144,15]
	[10029,1]
	[10077,1]
	[10304,1]
	[146,12]
	[10128,1]
	[148,12]
	[10161,2]
	[150,12]
	[152,17]
	[11549,1]
	[154,13]
	[10344,1]
	[10376,1]
	[10410,1]
	[156,11]
	[158,14]
	[10472,1]
	[11768,1]
	[10509,1]
	[160,10]
	[11837,1]
	[162,12]
	[10592,1]
	[10610,1]
	[164,12]
	[11969,1]
	[166,12]
	[10710,1]
	[168,11]
	[10717,1]
	[170,12]
	[12152,1]
	[172,14]
	[10840,1]
	[174,11]
	[10872,1]
	[12264,1]
	[176,11]
	[178,10]
	[180,11]
	[10977,3]
	[196,11]
	[182,13]
	[184,8]
	[186,9]
	[11048,1]
	[11064,1]
	[188,8]
	[11073,1]
	[11089,1]
	[190,4]
	[11150,1]
	[192,9]
	[194,7]
	[11218,1]
	[11172,1]
	[198,4]
	[200,6]
	[11197,1]
	[11320,1]
	[202,10]
	[11226,1]
	[204,8]
	[11388,1]
	[206,7]
	[11229,1]
	[208,4]
	[210,7]
	[212,7]
	[214,5]
	[216,2]
	[218,7]
	[12968,1]
	[220,5]
	[11244,1]
	[12984,1]
	[222,5]
	[11246,1]
	[224,2]
	[226,3]
	[262,1]
	[11250,1]
	[228,3]
	[232,2]
	[234,2]
	[236,1]
	[238,1]
	[1723,1]

1784,
	[2,1040]
	[4,2]
	[20,2]
	[8,1]
	[36,3]
	[34,1]
	[38,3]
	[24,1]
	[42,1]
	[52,2]
	[46,1]
	[30,1]
	[40,1]
	[58,2]
	[44,2]
	[68,2]
	[56,3]
	[84,1]
	[76,1]
	[100,2]
	[80,1]
	[82,1]
	[88,1]
	[106,1]
	[92,2]
	[96,2]
	[102,2]
	[108,1]
	[114,1]
	[116,2]
	[148,4]
	[118,1]
	[122,2]
	[126,3]
	[130,3]
	[132,2]
	[134,2]
	[136,1]
	[138,1]
	[142,1]
	[162,1]
	[164,2]
	[158,3]
	[166,1]
	[168,4]
	[182,1]
	[207,1]
	[215,1]
	[694015,1]

1916,
	[6,1]
	[40,1]
	[14,1]
	[22,1]
	[46,1]
	[34,1]
	[54,1]
	[90,1]
	[68,1]
	[100,1]
	[28,1]
	[76,1]
	[124,1]
	[144,2]
	[42,1]
	[12704,1]
	[36,1]
	[104,1]
	[13964,1]
	[186,1]
	[102,1]
	[128,1]
	[158,1]
	[174,1]

1892,
	[25,10]
	[29,6]
	[23,6]
	[4054,1]
	[39,6]
	[37,10]
	[33,1]
	[35,8]
	[5120,1]
	[43,11]
	[41,10]
	[45,9]
	[6462,1]
	[9,2]
	[47,6]
	[61,11]
	[63,12]
	[65,7]
	[13,3]
	[6844,1]
	[55,13]
	[31,4]
	[7448,1]
	[59,13]
	[67,12]
	[77,17]
	[71,9]
	[79,12]
	[8222,1]
	[81,6]
	[69,13]
	[85,11]
	[89,15]
	[7,2]
	[19,3]
	[95,23]
	[73,10]
	[53,7]
	[99,21]
	[49,1]
	[93,15]
	[101,16]
	[27,7]
	[103,5]
	[105,21]
	[57,6]
	[83,10]
	[9920,1]
	[21,1]
	[51,6]
	[9200,1]
	[111,16]
	[113,6]
	[75,7]
	[10598,1]
	[87,11]
	[97,8]
	[109,9]
	[117,12]
	[121,13]
	[9944,1]
	[115,18]
	[119,11]
	[10443,1]
	[123,10]
	[10416,1]
	[10049,1]
	[127,7]
	[107,8]
	[125,14]
	[133,14]
	[131,14]
	[135,15]
	[11014,1]
	[141,15]
	[139,16]
	[11167,1]
	[143,11]
	[145,6]
	[11696,2]
	[10736,1]
	[149,13]
	[11030,1]
	[153,19]
	[91,6]
	[155,16]
	[15,1]
	[147,14]
	[159,18]
	[151,11]
	[11803,1]
	[11501,1]
	[157,6]
	[161,11]
	[163,15]
	[167,12]
	[11576,1]
	[169,18]
	[173,9]
	[11309,1]
	[137,4]
	[165,10]
	[171,10]
	[11856,1]
	[175,13]
	[12680,1]
	[11921,1]
	[179,11]
	[12943,1]
	[11805,2]
	[177,5]
	[181,11]
	[13423,1]
	[129,3]
	[11384,2]
	[13176,1]
	[13334,1]
	[12456,1]
	[185,14]
	[187,8]
	[189,10]
	[191,15]
	[195,8]
	[12656,1]
	[183,6]
	[197,11]
	[11544,2]
	[199,7]
	[201,15]
	[12584,1]
	[205,11]
	[193,3]
	[12209,1]
	[11729,1]
	[203,3]
	[207,4]
	[211,4]
	[209,1]
	[215,8]
	[13976,1]
	[12776,1]
	[14038,1]
	[217,6]
	[12801,1]
	[213,5]
	[12694,1]
	[219,3]
	[12879,1]
	[221,5]
	[223,4]
	[12624,1]
	[11664,1]
	[225,5]
	[227,2]
	[12176,1]
	[229,3]
	[13868,1]
	[12429,1]
	[11949,1]
	[12200,1]
	[231,3]
	[11969,1]
	[233,3]
	[11975,1]
	[11981,1]
	[235,1]
	[237,1]
	[13291,1]
	[21282,1]
	[24801,1]

1888,
	[2,980]
	[41,2]
	[27,2]
	[3,25]
	[55,2]
	[11,1]
	[29,1]
	[33,1]
	[51,1]
	[85,1]
	[79,4]
	[97,5]
	[113,2]
	[127,1]
	[117,2]
	[115,4]
	[135,1]
	[77,1]
	[133,1]
	[37,1]
	[177,1]
	[61,1]
	[111,2]
	[139,1]
	[137,1]
	[155,3]
	[83,1]
	[143,2]
	[103,1]
	[151,1]
	[7,1]
	[75,1]
	[99,2]
	[13,2]
	[31,1]
	[171,1]
	[191,2]
	[107,1]
	[109,1]
	[153,1]
	[165,1]
	[193,1]
	[39,1]
	[101,1]
	[131,1]

1936,
	[1,18]

1876,
	[17,4]
	[1,2]
	[81,6]
	[65,5]
	[113,4]
	[49,1]
	[145,4]
	[33,3]
	[129,1]

2012,
	[2,33]
	[7780,1]

2016,
	[2,31]
	[1,2]
	[80,1]

2000,
	[114,1]

2180,
	[15,1]

2128,
	[2,26]
	[97,1]

2124,
	[2,22]

len(carl_order):
33
Printing carl assignment order:
1936,1,1.0
1808,1,0.9259259259259259
2016,2,0.5
2124,2,0.5
2012,2,0.4852941176470588
2128,2,0.48148148148148145
1784,2,0.463871543264942
1888,2,0.45794392523364486
1888,3,0.2777777777777778
1876,1,0.06666666666666667
2180,15,0.06666666666666667
1768,3,0.013333333333333334
1876,145,0.012962962962962963
2016,80,0.01282051282051282
1784,4,0.012345679012345678
1768,33,0.011041009463722398
2128,97,0.010526315789473684
1888,193,0.010480490164463077
1768,209,0.010240963855421687
1916,186,0.010034904013961605
1784,215,0.009970599514252844
2000,114,0.008771929824561403
1892,237,0.007331697818767178
1788,228,0.006981073533974558
1788,234,0.006711409395973154
1788,238,0.005235602094240838
1788,262,0.0004432624113475177
2012,7780,0.00012856775520699409
1808,8113,0.00012827090815802975
1788,12984,0.00011155198802435432
1892,24801,8.697744674805823e-05
1916,13964,7.6057195010648e-05
1784,694015,1.4413375612568463e-06
bin_width: 240492
assigning lease 1 to address 1936
Average Cache Occupancy Per Bin: [0.00,0.00,0.0,0.00,0.00]
Total cost: 256.0
assigning lease 1 to address 1808
Average Cache Occupancy Per Bin: [0.01,0.01,0.00,0.00,0.00]
Total cost: 4608.0
assigning lease 2 to address 2016
Average Cache Occupancy Per Bin: [0.01,0.01,0.00,0.00,0.07]
Total cost: 4608.0
assigning lease 2 to address 2124
Average Cache Occupancy Per Bin: [0.01,0.01,0.00,0.00,0.12]
Total cost: 4608.0
assigning lease 2 to address 2012
Average Cache Occupancy Per Bin: [0.01,0.01,0.00,0.00,0.19]
Total cost: 4608.0
assigning lease 2 to address 2128
Average Cache Occupancy Per Bin: [0.01,0.01,0.00,0.00,0.25]
Total cost: 4608.0
assigning lease 2 to address 1784
Average Cache Occupancy Per Bin: [0.82,0.68,0.48,0.34,0.34]
Total cost: 198144.0
assigning lease 2 to address 1888
Average Cache Occupancy Per Bin: [0.97,1.03,0.89,0.98,1.06]
Total cost: 233984.0
assigning lease 3 to address 1888
Average Cache Occupancy Per Bin: [0.98,1.05,0.91,1.01,1.09]
Total cost: 235776.0
assigning lease 1 to address 1876
Average Cache Occupancy Per Bin: [0.98,1.05,0.91,1.02,1.10]
Total cost: 236288.0
assigning lease 15 to address 2180
Average Cache Occupancy Per Bin: [0.98,1.05,0.91,1.02,1.12]
Total cost: 236288.0
assigning lease 3 to address 1768
Average Cache Occupancy Per Bin: [1.02,1.06,0.93,1.03,1.12]
Total cost: 245504.0
assigning lease 145 to address 1876
Average Cache Occupancy Per Bin: [1.05,1.35,1.16,2.18,1.72]
Total cost: 253696.0
assigning lease 80 to address 2016
Average Cache Occupancy Per Bin: [1.05,1.35,1.16,2.18,1.80]
Total cost: 253696.0
assigning lease 4 to address 1784
Average Cache Occupancy Per Bin: [1.11,1.38,1.21,2.21,1.81]
Total cost: 267520.0
assigning lease 33 to address 1768
Average Cache Occupancy Per Bin: [1.37,1.48,1.46,2.24,1.84]
Total cost: 329984.0
assigning lease 97 to address 2128
Average Cache Occupancy Per Bin: [1.37,1.48,1.46,2.24,1.94]
Total cost: 329984.0
assigning lease 193 to address 1888
Average Cache Occupancy Per Bin: [1.46,1.92,2.33,4.28,5.10]
Total cost: 352000.0
assigning lease 209 to address 1768
Average Cache Occupancy Per Bin: [1.57,2.17,3.38,4.45,5.29]
Total cost: 378624.0
assigning lease 186 to address 1916
Average Cache Occupancy Per Bin: [1.71,2.54,4.05,5.20,5.80]
Total cost: 411392.0
assigning lease 215 to address 1784
Average Cache Occupancy Per Bin: [2.70,4.04,7.18,7.06,6.65]
Total cost: 649472.0
assigning lease 114 to address 2000
Average Cache Occupancy Per Bin: [2.70,4.04,7.18,7.06,6.77]
Total cost: 649472.0
assigning lease 237 to address 1892
Average Cache Occupancy Per Bin: [7.05,17.6,34.4,53.1,66.9]
Total cost: 1697024.0
assigning lease 228 to address 1788
Average Cache Occupancy Per Bin: [36.6,57.9,78.6,84.6,79.1]
Total cost: 8806400.0
assigning lease 234 to address 1788
Average Cache Occupancy Per Bin: [36.7,58.0,78.8,84.7,79.2]
Total cost: 8846336.0
assigning lease 238 to address 1788
Average Cache Occupancy Per Bin: [36.8,58.1,78.9,84.7,79.2]
Total cost: 8872960.0
assigning lease 262 to address 1788
Average Cache Occupancy Per Bin: [37.5,58.7,79.5,85.1,79.4]
Total cost: 9032704.0
assigning lease 7780 to address 2012
Average Cache Occupancy Per Bin: [37.5,58.7,79.5,85.1,87.7]
Total cost: 9032704.0
assigning lease 8113 to address 1808
Average Cache Occupancy Per Bin: [45.5,67.3,79.5,85.1,87.7]
Total cost: 10947584.0
addr: 1788 ri: 12984
bin target: 30782976
	bin: 0.0 current capacity: 45.52161402458294  avg impact: 174.32636428654592
	bin: 1.0 current capacity: 67.38825407913777  avg impact: 206.91981438051994
	bin: 2.0 current capacity: 79.55956954909102  avg impact: 268.80681270063036
	bin: 3.0 current capacity: 85.14811303494503  avg impact: 173.69725396270977
	bin: 4.0 current capacity: 87.72416546080535  avg impact: 63.70194434742112
num_full_bins: 0
printing bin ranks sorted:
	bin: 2.0 rank: 0.18020536743187748
	selecting this^ bin
	bin: 3.0 rank: 0.24670445840355446
	bin: 1.0 rank: 0.29292383671579597
	bin: 0.0 rank: 0.47312628995029493
	bin: 4.0 rank: 0.6322543990107448
acceptable_ratio: 0.18020536743187748
Assigning 1788 dual lease lease 12984 * 0.18020536743187748. Bin saturation: [76.9,104.,128.,116.,99.2]
addr: 1892 ri: 24801
bin target: 30782976
	bin: 1.0 current capacity: 104.67631525851525  avg impact: 84.82663872394923
	bin: 2.0 current capacity: 128.0  avg impact: 107.02433344976133
	bin: 3.0 current capacity: 116.44929050720329  avg impact: 229.93609766645045
	bin: 4.0 current capacity: 99.20359774805738  avg impact: 273.4341267069175
num_full_bins: 1
printing bin ranks sorted:
	bin: 2.0 rank: 0.0
	bin: 3.0 rank: 0.05023443300126101
	bin: 4.0 rank: 0.10531385602356895
	bin: 1.0 rank: 0.2749570782521144
acceptable_ratio: 0
addr: 1916 ri: 13964
bin target: 30782976
	bin: 2.0 current capacity: 128.0  avg impact: 13.325216639222926
	bin: 3.0 current capacity: 116.44929050720329  avg impact: 14.666467075827887
num_full_bins: 1
printing bin ranks sorted:
	bin: 2.0 rank: 0.0
	bin: 3.0 rank: 0.7875590919802138
acceptable_ratio: 0
addr: 1784 ri: 694015
bin target: 30782976
	bin: 2.0 current capacity: 128.0  avg impact: 0.0
	bin: 4.0 current capacity: 99.20359774805738  avg impact: 738.5393277115247
num_full_bins: 1
printing bin ranks sorted:
	bin: 4.0 rank: 0.03899102075061135
acceptable_ratio: 0
Final saturation:
	0.0,18502531.123929307
	1.0,25173816.40915085
	2.0,30782976.0
	3.0,28005122.772658333
	4.0,23857671.629625816
DUMP LEASES
0, 710, 1fb1, 0, 1 
0, 6e8, d1, 0, 1 
0, 6fc, 106, 32b8, 0.8197946325681225 
0, 6f8, d7, 0, 1 
0, 77c, ba, 0, 1 
0, 764, ed, 0, 1 
0, 760, c1, 0, 1 
0, 790, 1, 0, 1 
0, 754, 91, 0, 1 
0, 7dc, 1e64, 0, 1 
0, 7e0, 50, 0, 1 
0, 7d0, 72, 0, 1 
0, 884, f, 0, 1 
0, 850, 61, 0, 1 
0, 84c, 2, 0, 1 
Dump dual leases

