sample rate: 0.00390625
1360,
	[2,66]

1436,
	[1,7]
	[3,51]

1456,
	[15,2]
	[33,8]
	[18,2]
	[202,1]
	[39,7]
	[54,5]
	[36,4]
	[48,13]
	[517,1]
	[424,1]
	[63,7]
	[57,14]
	[75,14]
	[78,9]
	[60,13]
	[66,8]
	[42,12]
	[96,15]
	[1069,1]
	[27,4]
	[93,16]
	[87,17]
	[99,17]
	[102,14]
	[51,6]
	[69,12]
	[1765,1]
	[111,13]
	[117,20]
	[30,7]
	[81,11]
	[84,13]
	[120,21]
	[123,17]
	[90,15]
	[114,15]
	[3034,1]
	[2575,1]
	[45,12]
	[108,11]
	[2362,1]
	[132,21]
	[144,19]
	[72,7]
	[2482,1]
	[3526,1]
	[2605,1]
	[147,25]
	[141,16]
	[3502,1]
	[150,21]
	[4288,1]
	[153,14]
	[162,30]
	[105,18]
	[126,17]
	[156,19]
	[129,15]
	[171,29]
	[3340,1]
	[135,19]
	[4303,1]
	[159,14]
	[168,24]
	[174,31]
	[4090,1]
	[3418,1]
	[3730,1]
	[5221,1]
	[165,28]
	[5671,1]
	[138,19]
	[177,26]
	[5722,1]
	[183,28]
	[6679,1]
	[198,34]
	[186,22]
	[189,31]
	[201,27]
	[5497,1]
	[5869,1]
	[192,28]
	[204,19]
	[6733,1]
	[180,15]
	[6445,1]
	[210,23]
	[6688,1]
	[6520,1]
	[6844,1]
	[6364,1]
	[213,26]
	[222,31]
	[225,26]
	[8812,1]
	[24,3]
	[219,27]
	[8290,1]
	[7618,1]
	[7114,1]
	[207,25]
	[216,31]
	[231,32]
	[234,30]
	[195,25]
	[8347,1]
	[228,22]
	[237,34]
	[9388,1]
	[8560,1]
	[240,32]
	[7951,1]
	[7615,1]
	[249,29]
	[7825,1]
	[9490,1]
	[21,3]
	[9094,1]
	[8800,1]
	[252,28]
	[10960,1]
	[255,35]
	[258,33]
	[11497,1]
	[10738,1]
	[10489,1]
	[243,26]
	[264,29]
	[11542,1]
	[9424,1]
	[10468,1]
	[267,31]
	[9652,1]
	[261,23]
	[270,27]
	[11590,1]
	[11305,1]
	[12553,1]
	[276,25]
	[246,22]
	[279,29]
	[12022,3]
	[282,31]
	[10669,1]
	[10660,1]
	[273,32]
	[13672,1]
	[12847,1]
	[285,29]
	[294,29]
	[297,25]
	[12190,1]
	[303,28]
	[12958,1]
	[291,29]
	[300,24]
	[306,27]
	[13495,1]
	[13417,1]
	[288,31]
	[14860,1]
	[14380,1]
	[13708,1]
	[16099,1]
	[315,30]
	[15331,1]
	[14155,1]
	[309,29]
	[321,21]
	[15868,1]
	[13765,1]
	[15769,1]
	[318,28]
	[16912,1]
	[15730,1]
	[14890,1]
	[14722,2]
	[16078,1]
	[17149,1]
	[18391,1]
	[17866,1]
	[15469,1]
	[330,35]
	[15427,1]
	[312,14]
	[327,24]
	[336,41]
	[18370,1]
	[16228,1]
	[18442,1]
	[15856,1]
	[15352,1]
	[17668,1]
	[324,23]
	[333,30]
	[339,31]
	[342,21]
	[15823,1]
	[16717,1]
	[345,33]
	[16969,1]
	[18988,1]
	[348,31]
	[16606,1]
	[20008,1]
	[351,23]
	[19438,1]
	[20935,1]
	[18745,1]
	[357,22]
	[17887,1]
	[18337,1]
	[360,28]
	[17368,1]
	[19876,1]
	[19036,1]
	[18700,1]
	[354,29]
	[363,27]
	[19021,1]
	[20530,1]
	[19186,2]
	[21790,1]
	[22876,1]
	[23617,1]
	[372,29]
	[375,27]
	[23377,1]
	[378,26]
	[24058,1]
	[20707,1]
	[19867,1]
	[24001,1]
	[381,21]
	[21388,1]
	[20548,1]
	[20212,1]
	[22888,1]
	[24733,1]
	[20560,1]
	[23260,1]
	[24943,1]
	[23095,1]
	[21247,1]
	[366,22]
	[23635,1]
	[390,17]
	[393,21]
	[23785,1]
	[23113,1]
	[21769,1]
	[24646,1]
	[24394,1]
	[387,18]
	[399,30]
	[26722,1]
	[25741,1]
	[24166,2]
	[23830,1]
	[23662,1]
	[23494,1]
	[22654,1]
	[24025,2]
	[396,22]
	[25567,1]
	[23719,1]
	[22879,1]
	[369,13]
	[384,28]
	[405,24]
	[408,19]
	[28378,1]
	[24256,1]
	[24088,1]
	[25948,1]
	[411,26]
	[27343,1]
	[24796,1]
	[23452,1]
	[23284,1]
	[26515,1]
	[23995,1]
	[25177,1]
	[414,22]
	[26389,1]
	[25549,1]
	[28771,2]
	[417,19]
	[25090,1]
	[420,29]
	[423,19]
	[27658,1]
	[25978,1]
	[26356,1]
	[402,19]
	[426,25]
	[28717,1]
	[27709,1]
	[25189,1]
	[429,18]
	[26923,1]
	[30673,1]
	[28783,1]
	[432,17]
	[31483,1]
	[25972,1]
	[28720,1]
	[27544,1]
	[435,21]
	[29959,1]
	[31066,1]
	[30025,1]
	[29017,1]
	[30541,1]
	[438,10]
	[441,15]
	[444,19]
	[32698,1]
	[32632,1]
	[30166,1]
	[29326,1]
	[31690,1]
	[27982,1]
	[31330,1]
	[450,12]
	[28897,1]
	[28729,1]
	[32200,1]
	[30487,1]
	[30481,1]
	[447,19]
	[453,18]
	[12,1]
	[34984,1]
	[32080,1]
	[31576,1]
	[30400,1]
	[456,17]
	[33844,1]
	[31324,1]
	[32209,1]
	[34882,1]
	[33091,1]
	[31579,1]
	[34525,1]
	[34021,1]
	[33517,1]
	[31501,1]
	[462,10]
	[465,22]
	[468,16]
	[34450,1]
	[33106,1]
	[31762,1]
	[31426,1]
	[30922,1]
	[35347,1]
	[459,11]
	[34378,1]
	[32530,1]
	[34894,1]
	[471,17]
	[474,9]
	[33973,1]
	[35755,1]
	[35083,1]
	[32731,1]
	[477,8]
	[34348,1]
	[32836,1]
	[35968,1]
	[34960,1]
	[34792,1]
	[38638,1]
	[480,10]
	[38599,1]
	[34567,1]
	[33895,1]
	[33727,1]
	[33559,1]
	[483,15]
	[39049,1]
	[38545,1]
	[486,12]
	[492,10]
	[37318,1]
	[37150,1]
	[35806,1]
	[34966,1]
	[40096,1]
	[489,10]
	[495,13]
	[39139,1]
	[35758,1]
	[41575,1]
	[35254,1]
	[34918,2]
	[38065,1]
	[37057,1]
	[36049,1]
	[39871,1]
	[38023,1]
	[37687,1]
	[39619,1]
	[498,13]
	[501,6]
	[39397,1]
	[38152,1]
	[36808,1]
	[504,4]
	[42484,1]
	[42544,1]
	[39292,1]
	[37276,1]
	[510,10]
	[43885,1]
	[39931,1]
	[38419,1]
	[38251,1]
	[513,7]
	[42925,1]
	[43786,1]
	[42253,1]
	[41413,1]
	[41245,1]
	[40732,1]
	[39061,1]
	[38053,1]
	[43603,1]
	[44875,1]
	[43675,1]
	[507,5]
	[516,4]
	[519,9]
	[45604,1]
	[43042,1]
	[42034,1]
	[41194,1]
	[40186,1]
	[39682,1]
	[39346,1]
	[39178,1]
	[38674,1]
	[522,3]
	[44029,1]
	[40333,1]
	[525,1]
	[40987,1]
	[40147,1]
	[528,7]
	[42820,1]
	[40468,1]
	[45058,1]
	[40792,1]
	[531,1]
	[534,1]
	[48523,1]
	[43840,1]
	[45163,1]
	[47329,1]
	[45649,1]
	[43633,1]
	[42121,1]
	[41617,1]
	[47791,1]
	[537,1]
	[540,1]

1400,
	[26,1]
	[47,1]
	[104,1]
	[137,1]
	[128,1]
	[132,1]
	[63,1]
	[54,1]
	[117,2]
	[207,1]
	[222,1]
	[204,3]
	[288,2]
	[119,1]
	[303,1]
	[17,1]
	[201,1]
	[89,1]
	[261,1]
	[45,1]
	[315,1]
	[123,2]
	[294,1]
	[339,1]
	[48,1]
	[69,1]
	[75,1]
	[105,1]
	[216,1]
	[180,1]
	[321,1]
	[135,1]
	[183,1]
	[35,1]
	[369,1]
	[426,1]
	[156,1]
	[447,1]
	[306,1]
	[77,1]
	[243,1]
	[249,1]
	[312,1]
	[438,1]
	[86,1]
	[159,1]
	[71,1]
	[357,1]
	[489,1]
	[92,1]
	[185,1]
	[30205,1]

1452,
	[2,437]
	[3,3049]
	[12,1]
	[51,1]
	[54,3]
	[60,2]
	[30,1]
	[36,1]
	[63,1]
	[18,1]
	[129,1]
	[117,3]
	[57,2]
	[42,2]
	[120,3]
	[78,2]
	[135,4]
	[141,1]
	[186,3]
	[2074,1]
	[144,3]
	[168,1]
	[153,2]
	[183,1]
	[75,2]
	[231,4]
	[27,2]
	[114,1]
	[159,4]
	[162,2]
	[253,1]
	[210,6]
	[216,3]
	[228,3]
	[132,2]
	[192,1]
	[343,1]
	[234,2]
	[3217,1]
	[102,1]
	[240,4]
	[156,1]
	[174,2]
	[246,4]
	[225,4]
	[273,2]
	[105,2]
	[198,2]
	[204,1]
	[279,3]
	[282,3]
	[84,2]
	[138,3]
	[261,1]
	[66,2]
	[306,3]
	[87,1]
	[99,1]
	[213,2]
	[318,2]
	[126,1]
	[312,3]
	[294,1]
	[607,1]
	[324,1]
	[336,4]
	[201,2]
	[333,1]
	[69,1]
	[219,1]
	[351,2]
	[342,2]
	[165,3]
	[309,1]
	[360,2]
	[3487,1]
	[381,2]
	[387,2]
	[93,1]
	[348,3]
	[195,1]
	[297,3]
	[321,2]
	[330,2]
	[357,1]
	[258,1]
	[39,1]
	[243,2]
	[276,2]
	[372,3]
	[270,1]
	[24,1]
	[375,1]
	[267,1]
	[369,1]
	[411,1]
	[207,1]
	[189,2]
	[249,2]
	[33,1]
	[96,1]
	[345,2]
	[453,1]
	[414,2]
	[423,3]
	[285,1]
	[384,1]
	[21,1]
	[444,3]
	[150,1]
	[147,2]
	[447,1]
	[363,1]
	[288,2]
	[354,1]
	[399,1]
	[456,2]
	[378,1]
	[393,1]
	[459,1]
	[48,1]
	[468,2]
	[366,2]
	[429,1]
	[441,1]
	[432,1]
	[474,2]
	[420,1]
	[264,1]
	[471,1]
	[300,1]

1380,
	[4,72]

1544,
	[3,3201]
	[1,498]
	[2,2]

1364,
	[4,80]
	[273,1]
	[234,1]
	[120,1]

1396,
	[1,17]
	[172,1]
	[60,1]
	[78,1]
	[156,1]
	[216,1]
	[207,4]
	[114,1]
	[171,1]
	[195,2]
	[318,1]
	[333,1]
	[189,1]
	[153,1]
	[294,1]
	[159,1]
	[306,1]
	[252,1]
	[213,1]
	[261,1]
	[180,1]
	[249,1]
	[126,1]
	[309,2]
	[426,1]
	[165,2]
	[468,1]
	[285,1]
	[330,1]
	[279,1]
	[450,1]
	[201,1]
	[177,1]
	[192,1]
	[291,1]
	[492,1]

1344,
	[1,73]
	[158,1]
	[128,1]

1340,
	[1,71]
	[2,3]

1404,
	[26,1]
	[68,1]
	[92,1]
	[3088,1]
	[89,1]
	[138,1]
	[128,1]
	[101,1]
	[143,2]
	[38,1]
	[6310,1]
	[36,1]
	[209,2]
	[29,1]
	[20,1]
	[24,1]
	[182,3]
	[14842,1]
	[245,1]
	[14,2]
	[197,1]
	[102,1]
	[107,1]
	[80,1]
	[188,2]
	[41,1]
	[18805,1]
	[353,1]
	[86,1]
	[365,1]
	[293,1]
	[21415,1]
	[162,1]
	[314,1]
	[410,1]
	[53,1]
	[54,1]
	[372,1]
	[8,1]
	[161,1]
	[308,1]
	[29362,1]
	[437,1]
	[34885,1]
	[150,1]
	[350,1]
	[84,1]
	[140,2]
	[413,1]
	[40195,1]
	[425,1]
	[41512,1]
	[251,1]
	[305,1]
	[326,1]
	[464,1]
	[290,1]
	[482,1]

len(carl_order):
24
Printing carl assignment order:
1344,1,0.9733333333333334
1340,2,0.961038961038961
1360,2,0.5
1544,3,0.3662543295398318
1436,3,0.3625
1452,3,0.32555098991408293
1396,1,0.29310344827586204
1380,4,0.25
1364,4,0.24096385542168675
1344,158,0.007042253521126761
1400,489,0.005050049598701416
1364,273,0.004878048780487805
1396,492,0.00421984355701935
1452,474,0.004141434592942995
1404,41,0.003992015968063872
1404,209,0.003918275958578225
1404,482,0.003530796390741467
1456,528,0.00309264672916009
1452,607,0.0018796992481203006
1456,540,0.0011166945840312675
1452,3487,0.00043122035360068997
1404,41512,4.367320794270075e-05
1456,48523,4.064820148874038e-05
1400,30205,3.3651904697805894e-05
bin_width: 602400
assigning lease 1 to address 1344
Average Cache Occupancy Per Bin: [0.00,0.00,0.00,0.00,0.00]
Total cost: 5120.0
assigning lease 2 to address 1340
Average Cache Occupancy Per Bin: [0.02,0.01,0.01,0.01,0.00]
Total cost: 13312.0
assigning lease 2 to address 1360
Average Cache Occupancy Per Bin: [0.05,0.01,0.01,0.01,0.01]
Total cost: 31744.0
assigning lease 3 to address 1544
Average Cache Occupancy Per Bin: [0.82,0.86,0.88,0.91,0.93]
Total cost: 497152.0
assigning lease 3 to address 1436
Average Cache Occupancy Per Bin: [0.84,0.87,0.89,0.92,0.94]
Total cost: 510464.0
assigning lease 3 to address 1452
Average Cache Occupancy Per Bin: [1.70,1.78,1.81,1.87,1.86]
Total cost: 1024768.0
assigning lease 1 to address 1396
Average Cache Occupancy Per Bin: [1.70,1.78,1.81,1.87,1.86]
Total cost: 1029120.0
assigning lease 4 to address 1380
Average Cache Occupancy Per Bin: [1.74,1.82,1.83,1.89,1.87]
Total cost: 1052672.0
assigning lease 4 to address 1364
Average Cache Occupancy Per Bin: [1.80,1.85,1.86,1.91,1.88]
Total cost: 1085440.0
assigning lease 158 to address 1344
Average Cache Occupancy Per Bin: [1.80,1.85,1.86,1.98,1.94]
Total cost: 1085440.0
assigning lease 489 to address 1400
Average Cache Occupancy Per Bin: [2.76,3.18,2.55,2.98,2.65]
Total cost: 1666048.0
assigning lease 273 to address 1364
Average Cache Occupancy Per Bin: [2.88,3.28,2.60,2.98,2.65]
Total cost: 1734912.0
assigning lease 492 to address 1396
Average Cache Occupancy Per Bin: [3.45,4.10,3.63,4.10,3.23]
Total cost: 2083072.0
assigning lease 474 to address 1452
Average Cache Occupancy Per Bin: [6.45,7.90,8.63,8.77,9.86]
Total cost: 3886080.0
assigning lease 41 to address 1404
Average Cache Occupancy Per Bin: [6.79,8.08,8.80,8.94,10.0]
Total cost: 4091392.0
assigning lease 209 to address 1404
Average Cache Occupancy Per Bin: [7.50,8.56,9.24,9.54,10.8]
Total cost: 4518912.0
assigning lease 482 to address 1404
Average Cache Occupancy Per Bin: [7.86,8.84,9.56,10.0,11.5]
Total cost: 4737792.0
addr: 1456 ri: 528
bin target: 77107200
	bin: 4.0 current capacity: 11.570146082337317  avg impact: 117.54836653386454
num_full_bins: 0
printing bin ranks sorted:
	bin: 4.0 rank: 0.9904846604918187
	selecting this^ bin
acceptable_ratio: 0.9904846604918187
Assigning 1456 dual lease lease 528 * 0.9904846604918187. Bin saturation: [65.7,92.2,105.,116.,128.]
assigning lease 607 to address 1452
Average Cache Occupancy Per Bin: [65.8,92.3,105.,116.,128.]
Total cost: 39695797.32847444
addr: 1456 ri: 540
bin target: 77107200
	bin: 1.0 current capacity: 92.32283213947966  avg impact: 84.57051792828685
	bin: 2.0 current capacity: 105.39973692383313  avg impact: 97.00334661354582
	bin: 3.0 current capacity: 116.54158367275637  avg impact: 107.78390438247013
	bin: 4.0 current capacity: 128.0  avg impact: 117.82629482071714
num_full_bins: 1
printing bin ranks sorted:
	bin: 4.0 rank: 0.0
	bin: 3.0 rank: 0.10630915991485655
	bin: 2.0 rank: 0.2329843646137762
	bin: 1.0 rank: 0.42186294626661114
acceptable_ratio: 0
assigning lease 3487 to address 1452
Average Cache Occupancy Per Bin: [67.6,92.3,106.,116.,128.]
Total cost: 40739509.32847444
addr: 1404 ri: 41512
bin target: 77107200
	bin: 3.0 current capacity: 116.54158367275637  avg impact: 26.893173970783533
	bin: 4.0 current capacity: 128.0  avg impact: 34.31309428950863
num_full_bins: 1
printing bin ranks sorted:
	bin: 4.0 rank: 0.0
	bin: 3.0 rank: 0.42607155033808686
acceptable_ratio: 0
addr: 1456 ri: 48523
bin target: 77107200
	bin: 0.0 current capacity: 67.62866754394827  avg impact: 250.85790172642763
	bin: 1.0 current capacity: 92.32283213947966  avg impact: 615.7611686586986
	bin: 2.0 current capacity: 106.62364130630324  avg impact: 763.1116069057105
	bin: 3.0 current capacity: 116.54158367275637  avg impact: 905.966321381142
	bin: 4.0 current capacity: 128.0  avg impact: 1024.8839309428952
num_full_bins: 1
printing bin ranks sorted:
	bin: 4.0 rank: 0.0
	bin: 3.0 rank: 0.012647728791700903
	bin: 2.0 rank: 0.028012100065381393
	bin: 1.0 rank: 0.05793994437524419
	bin: 0.0 rank: 0.24065948108698412
acceptable_ratio: 0
addr: 1400 ri: 30205
bin target: 77107200
	bin: 4.0 current capacity: 128.0  avg impact: 12.628313413014608
num_full_bins: 1
printing bin ranks sorted:
	bin: 4.0 rank: 0.0
acceptable_ratio: 0
Final saturation:
	0.0,40739509.32847444
	1.0,55615274.08082254
	2.0,64230081.52291708
	3.0,70204650.00446844
	4.0,77107200.0
DUMP LEASES
0, 550, 2, 0, 1 
0, 59c, 3, 0, 1 
0, 5b0, 1, 210, 0.009515339508181286 
0, 578, 1e9, 0, 1 
0, 5ac, d9f, 0, 1 
0, 564, 4, 0, 1 
0, 608, 3, 0, 1 
0, 554, 111, 0, 1 
0, 574, 1ec, 0, 1 
0, 540, 9e, 0, 1 
0, 53c, 2, 0, 1 
0, 57c, 1e2, 0, 1 
Dump dual leases

