sample rate: 0.00390625
1672,
	[3,1]
	[27,2]
	[81,1]
	[99,1]
	[195,1]
	[273,1]
	[285,1]
	[315,1]
	[327,1]

1628,
	[4,21]
	[12348,1]
	[18006,1]

1632,
	[4,4]
	[28,1]
	[52,1]
	[76,1]
	[124,2]
	[148,1]
	[172,2]
	[196,2]
	[244,3]
	[220,1]

1636,
	[1,19]

1608,
	[10,1]
	[16,2]
	[22,2]
	[28,1]
	[34,1]
	[2210,1]
	[40,2]
	[46,4]
	[2984,1]
	[3086,1]
	[58,3]
	[64,7]
	[70,6]
	[76,4]
	[4940,1]
	[82,3]
	[88,2]
	[94,4]
	[6008,1]
	[6104,1]
	[100,7]
	[106,8]
	[112,7]
	[118,5]
	[124,4]
	[130,6]
	[8348,1]
	[136,2]
	[142,7]
	[9224,1]
	[148,9]
	[154,6]
	[160,5]
	[10400,1]
	[166,5]
	[172,7]
	[10886,1]
	[11174,1]
	[178,13]
	[184,5]
	[11762,1]
	[190,11]
	[196,11]
	[12740,2]
	[202,10]
	[208,10]
	[214,14]
	[13808,1]
	[220,10]
	[226,12]
	[14492,1]
	[232,12]
	[14786,1]
	[238,10]
	[15464,1]
	[244,13]
	[15854,1]
	[15860,1]
	[250,6]
	[256,12]
	[262,15]
	[268,13]
	[17222,1]
	[274,12]
	[17804,1]
	[280,18]
	[286,8]
	[18392,1]
	[292,18]
	[18980,1]
	[298,12]
	[304,17]
	[19754,1]
	[310,15]
	[316,20]
	[20246,1]
	[20342,1]
	[20540,1]
	[322,10]
	[20828,1]
	[328,22]
	[21320,1]
	[334,14]
	[21608,1]
	[340,14]
	[346,19]
	[22484,1]
	[22490,1]
	[352,15]
	[358,21]
	[22976,1]
	[23264,1]

1580,
	[1,547]

1604,
	[15,1]
	[21,1]
	[27,2]
	[33,2]
	[39,3]
	[45,3]
	[51,3]
	[3379,1]
	[57,2]
	[69,1]
	[75,4]
	[81,3]
	[87,3]
	[5713,1]
	[93,3]
	[99,5]
	[105,5]
	[6985,1]
	[111,6]
	[7273,1]
	[117,1]
	[7471,1]
	[123,3]
	[129,3]
	[135,7]
	[141,10]
	[147,8]
	[9325,1]
	[153,8]
	[159,7]
	[165,6]
	[171,6]
	[177,9]
	[11371,1]
	[183,7]
	[11953,1]
	[189,5]
	[12151,1]
	[195,13]
	[201,11]
	[207,5]
	[13417,1]
	[213,6]
	[13807,1]
	[219,11]
	[14005,1]
	[14299,1]
	[225,16]
	[231,7]
	[237,9]
	[15469,1]
	[243,12]
	[249,12]
	[255,11]
	[261,11]
	[267,15]
	[17125,1]
	[17221,1]
	[273,15]
	[17611,1]
	[279,11]
	[18199,1]
	[285,15]
	[18391,2]
	[291,14]
	[18685,1]
	[297,12]
	[19171,1]
	[19363,1]
	[303,13]
	[19561,1]
	[19657,1]
	[19759,1]
	[309,17]
	[315,20]
	[321,17]
	[20731,1]
	[327,16]
	[21025,1]
	[333,12]
	[21415,1]
	[339,14]
	[21805,1]
	[21997,1]
	[22099,1]
	[345,16]
	[22195,1]
	[351,12]
	[357,12]
	[23071,1]
	[23167,1]

1576,
	[4,534]

1612,
	[2,558]
	[18,1]
	[60,3]
	[66,2]
	[54,1]
	[156,1]
	[138,2]
	[96,1]
	[102,1]
	[120,1]
	[144,2]
	[126,2]
	[132,1]
	[168,1]
	[150,1]
	[228,2]
	[174,1]
	[192,2]
	[198,1]
	[204,1]
	[216,1]
	[222,2]
	[234,1]
	[240,1]
	[324,1]
	[252,2]

1572,
	[6,544]

len(carl_order):
17
Printing carl assignment order:
1636,1,1.0
1580,1,1.0
1612,2,0.47048903878583476
1576,4,0.25
1628,4,0.22826086956521738
1572,6,0.16666666666666666
1632,4,0.05555555555555555
1672,3,0.03333333333333333
1672,27,0.009259259259259259
1612,324,0.006443298969072165
1632,244,0.00641025641025641
1672,327,0.005050505050505051
1608,358,0.0037924151696606787
1604,357,0.003736347216731394
1608,23264,7.019795824224313e-05
1628,18006,6.590654451987082e-05
1604,23167,6.309011792444328e-05
bin_width: 173748
assigning lease 1 to address 1636
Average Cache Occupancy Per Bin: [0.01,0.00,0.00,0.00,0.00]
Total cost: 2048.0
assigning lease 1 to address 1580
Average Cache Occupancy Per Bin: [0.16,0.17,0.16,0.16,0.16]
Total cost: 28416.0
assigning lease 2 to address 1612
Average Cache Occupancy Per Bin: [0.52,0.48,0.51,0.52,0.53]
Total cost: 90368.0
assigning lease 4 to address 1576
Average Cache Occupancy Per Bin: [1.12,1.18,1.17,1.09,1.14]
Total cost: 195840.0
assigning lease 4 to address 1628
Average Cache Occupancy Per Bin: [1.21,1.19,1.19,1.10,1.15]
Total cost: 211200.0
assigning lease 6 to address 1572
Average Cache Occupancy Per Bin: [2.10,2.14,2.10,2.17,2.14]
Total cost: 366336.0
assigning lease 4 to address 1632
Average Cache Occupancy Per Bin: [2.16,2.15,2.13,2.17,2.14]
Total cost: 375552.0
assigning lease 3 to address 1672
Average Cache Occupancy Per Bin: [2.18,2.15,2.14,2.18,2.15]
Total cost: 379392.0
assigning lease 27 to address 1672
Average Cache Occupancy Per Bin: [2.32,2.19,2.17,2.25,2.18]
Total cost: 403968.0
assigning lease 324 to address 1612
Average Cache Occupancy Per Bin: [2.77,3.94,3.63,4.70,4.09]
Total cost: 482304.0
assigning lease 244 to address 1632
Average Cache Occupancy Per Bin: [3.37,4.36,5.15,5.01,4.44]
Total cost: 586752.0
assigning lease 327 to address 1672
Average Cache Occupancy Per Bin: [3.56,4.61,5.52,5.82,4.88]
Total cost: 619008.0
assigning lease 358 to address 1608
Average Cache Occupancy Per Bin: [23.8,40.1,46.2,58.3,62.5]
Total cost: 4146688.0
assigning lease 357 to address 1604
Average Cache Occupancy Per Bin: [41.8,70.5,85.7,113.,109.]
Total cost: 7279360.0
addr: 1608 ri: 23264
bin target: 22239744
	bin: 1.0 current capacity: 70.55514883624559  avg impact: 140.17616317885674
	bin: 2.0 current capacity: 85.79745378364068  avg impact: 139.74003729539334
	bin: 3.0 current capacity: 113.49881437484173  avg impact: 201.2308400672238
	bin: 4.0 current capacity: 109.41897460690195  avg impact: 194.47972926307065
num_full_bins: 0
printing bin ranks sorted:
	bin: 3.0 rank: 0.07206244142455483
	selecting this^ bin
	bin: 4.0 rank: 0.09554222161613407
	bin: 2.0 rank: 0.30200754939794605
	bin: 1.0 rank: 0.40980470474468667
acceptable_ratio: 0.07206244142455483
Assigning 1608 dual lease lease 23264 * 0.07206244142455483. Bin saturation: [46.1,80.6,95.8,128.,123.]
assigning lease 18006 to address 1628
Average Cache Occupancy Per Bin: [46.1,98.8,122.,128.,123.]
Total cost: 8018017.319587629
addr: 1604 ri: 23167
bin target: 22239744
	bin: 1.0 current capacity: 98.84421344346883  avg impact: 130.40163915555863
	bin: 2.0 current capacity: 122.39157742140591  avg impact: 97.24133802979027
	bin: 3.0 current capacity: 128.0  avg impact: 277.4968805396321
	bin: 4.0 current capacity: 123.43365870518527  avg impact: 256.2504777033405
num_full_bins: 1
printing bin ranks sorted:
	bin: 3.0 rank: 0.0
	bin: 4.0 rank: 0.01781983524768744
	bin: 2.0 rank: 0.05767529213631263
	bin: 1.0 rank: 0.22358450971425806
acceptable_ratio: 0
Final saturation:
	0.0,8018017.319587629
	1.0,17173984.397375822
	2.0,21265291.793814436
	3.0,22239744.0
	4.0,21446351.33270853
DUMP LEASES
0, 688, 147, 0, 1 
0, 65c, 4656, 0, 1 
0, 660, f4, 0, 1 
0, 664, 1, 0, 1 
0, 648, 166, 5ae0, 0.9279375585754451 
0, 62c, 1, 0, 1 
0, 644, 165, 0, 1 
0, 628, 4, 0, 1 
0, 64c, 144, 0, 1 
0, 624, 6, 0, 1 
Dump dual leases

