sample rate: 0.00390625
1536,
	[1,19]
	[18,1]
	[30,2]
	[42,1]
	[48,1]
	[54,1]
	[60,2]
	[78,4]
	[84,1]
	[90,2]
	[96,4]
	[102,2]
	[108,6]
	[4746,1]
	[114,6]
	[120,6]
	[5394,1]
	[126,3]
	[132,2]
	[5930,1]
	[138,1]
	[6250,1]
	[144,3]
	[150,3]
	[156,4]
	[6946,1]
	[162,8]
	[168,9]
	[7554,1]
	[174,2]
	[180,5]
	[8186,1]
	[8258,1]
	[186,4]
	[192,5]
	[198,6]
	[204,4]
	[210,4]
	[216,7]
	[222,7]
	[10186,1]
	[228,8]
	[234,8]
	[10458,1]
	[240,8]
	[10778,1]
	[10826,1]
	[246,9]
	[252,9]
	[258,9]
	[264,4]
	[11874,1]
	[11970,1]
	[12018,1]
	[270,5]
	[12234,1]
	[368,1]
	[276,9]
	[12414,1]
	[376,1]
	[282,17]
	[12610,1]
	[288,17]
	[294,12]
	[13250,1]
	[13354,1]
	[300,6]
	[306,5]
	[416,1]
	[312,14]
	[14146,1]
	[318,11]
	[14266,1]
	[324,14]
	[14562,1]
	[14610,1]
	[330,7]
	[336,12]
	[342,7]
	[348,13]
	[15650,1]
	[15674,1]
	[15698,1]
	[354,9]
	[15850,1]
	[480,14]
	[360,17]
	[366,10]
	[16538,1]
	[372,17]
	[16618,1]
	[504,1]
	[378,18]
	[384,14]
	[17258,1]
	[17306,1]
	[17402,1]
	[520,1]
	[390,17]
	[396,18]
	[17778,1]
	[402,17]
	[18226,1]
	[408,9]
	[414,21]
	[18642,1]
	[18690,2]
	[420,9]
	[426,18]
	[19164,2]
	[576,1]
	[432,14]
	[584,1]
	[438,12]
	[19778,1]
	[19704,1]
	[444,19]
	[19906,1]
	[450,10]
	[20250,1]
	[20450,1]
	[456,17]
	[462,19]
	[20794,1]
	[20970,1]
	[468,16]
	[632,1]
	[474,21]
	[640,1]

1532,
	[3,20]
	[18,3]
	[24,1]
	[36,1]
	[42,1]
	[48,3]
	[54,2]
	[60,1]
	[66,1]
	[2964,1]
	[72,2]
	[78,4]
	[3562,1]
	[84,4]
	[90,5]
	[96,4]
	[102,6]
	[108,7]
	[114,3]
	[120,2]
	[126,6]
	[132,2]
	[138,4]
	[144,8]
	[6450,1]
	[150,1]
	[156,4]
	[6898,1]
	[162,9]
	[7346,1]
	[168,4]
	[7610,1]
	[174,2]
	[7786,1]
	[7810,1]
	[180,5]
	[186,6]
	[192,4]
	[8698,1]
	[198,7]
	[8946,1]
	[204,8]
	[9026,1]
	[9242,1]
	[280,1]
	[210,4]
	[216,6]
	[222,8]
	[10090,1]
	[228,9]
	[234,8]
	[240,15]
	[10794,1]
	[246,8]
	[10930,1]
	[252,7]
	[344,1]
	[258,5]
	[264,8]
	[270,6]
	[12144,1]
	[12362,1]
	[276,9]
	[12386,1]
	[282,12]
	[384,15]
	[288,11]
	[12858,1]
	[294,9]
	[13322,1]
	[13224,1]
	[300,12]
	[306,11]
	[312,11]
	[318,12]
	[14242,1]
	[324,16]
	[330,10]
	[336,12]
	[456,23]
	[342,5]
	[348,14]
	[15722,1]
	[354,13]
	[360,16]
	[366,7]
	[16346,1]
	[372,11]
	[378,12]
	[16890,1]
	[390,13]
	[396,20]
	[402,13]
	[408,17]
	[18418,1]
	[18354,1]
	[414,15]
	[18714,1]
	[18762,1]
	[420,9]
	[18890,1]
	[19034,1]
	[426,17]
	[19138,1]
	[19258,1]
	[432,10]
	[19386,1]
	[438,12]
	[19704,1]
	[19858,1]
	[444,22]
	[20026,1]
	[19974,1]
	[450,8]
	[608,1]
	[20522,1]
	[462,16]
	[20818,1]
	[20938,1]
	[20994,1]
	[468,13]
	[21218,1]
	[474,10]
	[480,14]
	[21634,1]

1584,
	[5,687]
	[101,6]
	[41,2]
	[47,2]
	[59,1]
	[89,1]
	[125,2]
	[197,2]
	[179,1]
	[191,1]
	[293,9]
	[203,1]
	[209,2]
	[215,1]
	[221,1]
	[239,1]
	[263,1]
	[269,1]
	[275,1]
	[281,2]
	[389,3]
	[305,1]
	[323,1]
	[329,1]
	[335,2]
	[341,1]
	[347,1]
	[353,1]
	[359,1]
	[371,1]
	[383,1]

1556,
	[1,777]

1552,
	[6,756]
	[1551,1]
	[3,15]
	[9441,1]
	[16583,1]

1540,
	[6,759]
	[5,17]
	[17081,1]

1492,
	[1,13]
	[37,1]
	[161,1]

1480,
	[1,14]

len(carl_order):
21
Printing carl assignment order:
1556,1,1.0
1480,1,1.0
1492,1,0.8666666666666667
1584,5,0.18592692828146143
1552,6,0.16764514024787996
1540,6,0.16706135629709365
1536,1,0.025991792065663474
1492,37,0.013888888888888888
1532,3,0.009246417013407305
1492,161,0.008064516129032258
1584,389,0.004357298474945534
1532,480,0.002861417535778624
1536,480,0.002703811594797522
1536,520,0.0009505703422053232
1536,640,0.0006675567423230974
1552,1551,0.0002157497303128371
1532,608,0.00017361111111111112
1552,16583,8.725242125468982e-05
1536,20970,7.31016891156251e-05
1532,21634,7.254309719456059e-05
1540,17081,5.856515373352855e-05
bin_width: 234545
assigning lease 1 to address 1556
Average Cache Occupancy Per Bin: [0.17,0.17,0.16,0.15,0.16]
Total cost: 41216.0
assigning lease 1 to address 1480
Average Cache Occupancy Per Bin: [0.17,0.18,0.17,0.16,0.16]
Total cost: 41472.0
assigning lease 1 to address 1492
Average Cache Occupancy Per Bin: [0.18,0.18,0.17,0.16,0.17]
Total cost: 42496.0
assigning lease 5 to address 1584
Average Cache Occupancy Per Bin: [1.05,0.99,1.03,0.86,0.95]
Total cost: 248576.0
assigning lease 6 to address 1552
Average Cache Occupancy Per Bin: [2.08,1.99,2.02,1.85,1.97]
Total cost: 488192.0
assigning lease 6 to address 1540
Average Cache Occupancy Per Bin: [2.98,2.97,3.07,2.95,3.01]
Total cost: 700672.0
assigning lease 1 to address 1536
Average Cache Occupancy Per Bin: [3.12,3.13,3.23,3.13,3.17]
Total cost: 732416.0
assigning lease 37 to address 1492
Average Cache Occupancy Per Bin: [3.16,3.13,3.27,3.13,3.17]
Total cost: 741632.0
assigning lease 3 to address 1532
Average Cache Occupancy Per Bin: [3.65,3.62,3.72,3.62,3.60]
Total cost: 856832.0
assigning lease 161 to address 1492
Average Cache Occupancy Per Bin: [3.65,3.62,3.85,3.62,3.60]
Total cost: 856832.0
assigning lease 389 to address 1584
Average Cache Occupancy Per Bin: [4.86,5.73,7.92,6.47,6.39]
Total cost: 1140992.0
assigning lease 480 to address 1532
Average Cache Occupancy Per Bin: [29.7,50.0,58.5,71.6,71.6]
Total cost: 6973440.0
addr: 1536 ri: 480
bin target: 30021760
	bin: 3.0 current capacity: 71.61494809098467  avg impact: 71.63241169072033
	bin: 4.0 current capacity: 71.64223496557163  avg impact: 72.59945852608242
num_full_bins: 0
printing bin ranks sorted:
	bin: 4.0 rank: 0.776283545065023
	selecting this^ bin
	bin: 3.0 rank: 0.7871444026268875
acceptable_ratio: 0.776283545065023
Assigning 1536 dual lease lease 480 * 0.776283545065023. Bin saturation: [45.6,85.4,101.,127.,128.]
addr: 1536 ri: 520
bin target: 30021760
	bin: 1.0 current capacity: 85.43181180798416  avg impact: 46.05369545289816
	bin: 2.0 current capacity: 101.80569044387317  avg impact: 56.15529642499307
	bin: 3.0 current capacity: 127.22201057981424  avg impact: 72.18251508239356
	bin: 4.0 current capacity: 128.0  avg impact: 73.03604851947388
num_full_bins: 1
printing bin ranks sorted:
	bin: 4.0 rank: 0.0
	bin: 3.0 rank: 0.01077808689954501
	bin: 2.0 rank: 0.46646195859930506
	bin: 1.0 rank: 0.9243164478636213
acceptable_ratio: 0
addr: 1536 ri: 640
bin target: 30021760
	bin: 1.0 current capacity: 85.43181180798416  avg impact: 47.625419429107424
	bin: 2.0 current capacity: 101.80569044387317  avg impact: 57.465066405167455
	bin: 3.0 current capacity: 127.22201057981424  avg impact: 73.55340766164275
	bin: 4.0 current capacity: 128.0  avg impact: 74.27596410070562
num_full_bins: 1
printing bin ranks sorted:
	bin: 4.0 rank: 0.0
	bin: 3.0 rank: 0.01057720430526659
	bin: 2.0 rank: 0.45583014507351793
	bin: 1.0 rank: 0.8938123527789713
acceptable_ratio: 0
assigning lease 1551 to address 1552
Average Cache Occupancy Per Bin: [49.0,85.4,103.,127.,128.]
Total cost: 11505148.203202285
addr: 1532 ri: 608
bin target: 30021760
	bin: 3.0 current capacity: 127.22201057981424  avg impact: 1.3970879788526722
	bin: 4.0 current capacity: 128.0  avg impact: 1.5367967767379394
num_full_bins: 1
printing bin ranks sorted:
	bin: 4.0 rank: 0.0
	bin: 3.0 rank: 0.5568650163496954
acceptable_ratio: 0
assigning lease 16583 to address 1552
Average Cache Occupancy Per Bin: [57.6,85.4,119.,127.,128.]
Total cost: 13524988.203202285
addr: 1536 ri: 20970
bin target: 30021760
	bin: 0.0 current capacity: 57.66479013921544  avg impact: 74.48989319746744
	bin: 1.0 current capacity: 85.43181180798416  avg impact: 194.2017779104223
	bin: 2.0 current capacity: 119.89907124499877  avg impact: 218.1432816730265
	bin: 3.0 current capacity: 127.22201057981424  avg impact: 265.5656867552069
	bin: 4.0 current capacity: 128.0  avg impact: 224.21406553113476
num_full_bins: 1
printing bin ranks sorted:
	bin: 4.0 rank: 0.0
	bin: 3.0 rank: 0.0029295555073080327
	bin: 2.0 rank: 0.037135815931950936
	bin: 1.0 rank: 0.21919566674436358
	bin: 0.0 rank: 0.9442248718806845
acceptable_ratio: 0
addr: 1532 ri: 21634
bin target: 30021760
	bin: 0.0 current capacity: 57.66479013921544  avg impact: 87.94887121874267
	bin: 1.0 current capacity: 85.43181180798416  avg impact: 113.2841885352491
	bin: 2.0 current capacity: 119.89907124499877  avg impact: 48.97448250868703
	bin: 3.0 current capacity: 127.22201057981424  avg impact: 198.6964718923874
	bin: 4.0 current capacity: 128.0  avg impact: 219.40175232897738
num_full_bins: 1
printing bin ranks sorted:
	bin: 4.0 rank: 0.0
	bin: 3.0 rank: 0.003915466705453683
	bin: 2.0 rank: 0.16541121702642403
	bin: 1.0 rank: 0.3757646035375049
	bin: 0.0 rank: 0.7997283977170081
acceptable_ratio: 0
addr: 1540 ri: 17081
bin target: 30021760
	bin: 3.0 current capacity: 127.22201057981424  avg impact: 18.636935342897953
	bin: 4.0 current capacity: 128.0  avg impact: 0.0
num_full_bins: 1
printing bin ranks sorted:
	bin: 3.0 rank: 0.04174449317292007
acceptable_ratio: 0
Final saturation:
	0.0,13524988.203202285
	1.0,20037604.300503645
	2.0,28121727.665158235
	3.0,29839286.47144253
	4.0,30021760.0
DUMP LEASES
0, 600, 1, 1e0, 0.22371645493497705 
0, 5fc, 1e0, 0, 1 
0, 630, 185, 0, 1 
0, 614, 1, 0, 1 
0, 610, 40c7, 0, 1 
0, 604, 6, 0, 1 
0, 5d4, a1, 0, 1 
0, 5c8, 1, 0, 1 
Dump dual leases

