sample rate: 0.00390625
1448,
	[179,21]
	[176,16]
	[173,16]
	[170,22]
	[167,14]
	[164,12]
	[161,16]
	[158,12]
	[155,11]
	[152,25]
	[149,15]
	[146,22]
	[143,20]
	[140,11]
	[137,14]
	[134,14]
	[131,11]
	[128,15]
	[125,9]
	[122,12]
	[119,14]
	[116,7]
	[113,20]
	[110,11]
	[107,9]
	[104,10]
	[101,7]
	[98,9]
	[95,9]
	[92,8]
	[89,11]
	[86,5]
	[83,5]
	[80,6]
	[77,9]
	[74,9]
	[71,5]
	[68,5]
	[65,4]
	[62,6]
	[59,5]
	[56,13]
	[53,6]
	[50,4]
	[47,5]
	[44,4]
	[41,2]
	[38,8]
	[35,2]
	[32,5]
	[29,2]
	[26,7]
	[23,2]
	[20,3]
	[17,2]
	[11,1]
	[8,1]

1452,
	[179,21]
	[176,14]
	[173,19]
	[170,13]
	[11047,1]
	[167,18]
	[164,21]
	[161,15]
	[158,8]
	[10414,1]
	[10267,1]
	[155,20]
	[10124,1]
	[10072,1]
	[152,21]
	[149,12]
	[9781,1]
	[146,11]
	[9634,1]
	[143,17]
	[140,8]
	[137,9]
	[9049,1]
	[134,20]
	[8806,1]
	[8710,1]
	[131,10]
	[128,13]
	[8416,1]
	[8317,1]
	[125,9]
	[8122,1]
	[122,13]
	[119,8]
	[116,15]
	[7636,1]
	[7537,1]
	[113,9]
	[7342,1]
	[110,16]
	[107,12]
	[104,10]
	[101,10]
	[6562,1]
	[98,14]
	[95,9]
	[92,12]
	[5980,1]
	[89,6]
	[5783,1]
	[86,8]
	[83,13]
	[80,9]
	[5248,1]
	[77,4]
	[74,5]
	[71,6]
	[68,7]
	[65,5]
	[4225,1]
	[62,6]
	[59,6]
	[56,11]
	[3637,1]
	[53,7]
	[3589,1]
	[50,3]
	[3247,1]
	[47,2]
	[44,7]
	[41,3]
	[2713,1]
	[38,2]
	[2323,1]
	[32,2]
	[29,2]
	[26,3]
	[23,3]
	[20,1]
	[14,1]

1468,
	[3,531]
	[1,17]

1488,
	[1,18]

1432,
	[3,21]

len(carl_order):
6
Printing carl assignment order:
1488,1,1.0
1468,3,0.3403726708074534
1432,3,0.3333333333333333
1448,179,0.008312514194867136
1452,179,0.007648377069326972
1452,11047,0.0001413604310405759
bin_width: 86863
assigning lease 1 to address 1488
Average Cache Occupancy Per Bin: [0.01,0.0,0.00,0.00,0.02]
Total cost: 1280.0
assigning lease 3 to address 1468
Average Cache Occupancy Per Bin: [0.97,0.97,0.90,0.99,0.95]
Total cost: 84480.0
assigning lease 3 to address 1432
Average Cache Occupancy Per Bin: [0.98,0.98,0.94,1.01,1.05]
Total cost: 85248.0
assigning lease 179 to address 1448
Average Cache Occupancy Per Bin: [55.5,54.8,38.8,31.4,18.8]
Total cost: 4825344.0
assigning lease 179 to address 1452
Average Cache Occupancy Per Bin: [112.,102.,81.7,68.7,37.5]
Total cost: 9811200.0
addr: 1452 ri: 11047
bin target: 11118464
	bin: 0.0 current capacity: 112.95027802401482  avg impact: 32.02984009302004
	bin: 1.0 current capacity: 102.48782565649356  avg impact: 174.52549416897872
	bin: 2.0 current capacity: 81.70143789645763  avg impact: 192.04052358311364
	bin: 3.0 current capacity: 68.79283469371309  avg impact: 73.53483071042906
num_full_bins: 0
printing bin ranks sorted:
	bin: 1.0 rank: 0.1461802154750245
	selecting this^ bin
	bin: 2.0 rank: 0.24108746029066466
	bin: 0.0 rank: 0.46986566065513435
	bin: 3.0 rank: 0.8051581098953949
acceptable_ratio: 0.1461802154750245
Assigning 1452 dual lease lease 11047 * 0.1461802154750245. Bin saturation: [117.,128.,109.,79.5,47.7]
Final saturation:
	0.0,10217903.764936337
	1.0,11118464.0
	2.0,9535295.749265427
	3.0,6909271.694417238
	4.0,4148661.8452497553
DUMP LEASES
0, 5a8, b3, 0, 1 
0, 5ac, b3, 2b27, 0.8538197845249755 
0, 5bc, 3, 0, 1 
0, 5d0, 1, 0, 1 
0, 598, 3, 0, 1 
Dump dual leases

