sample rate: 0.00390625
1712,
	[3,2972]
	[2,48032]
	[8,2900]
	[1303,341]
	[1312,1507]
	[4,48039]
	[12,2838]
	[1308,403]
	[1310,986]
	[10,2845]
	[1316,857]
	[14,2838]
	[6,2881]
	[1317,294]
	[1313,1197]
	[1299,414]
	[16,2831]
	[1307,297]
	[1295,141]
	[11,2907]
	[1271,4329]
	[1266,19282]
	[1267,17250]
	[1270,7755]
	[1254,2549]
	[1269,16536]
	[1253,2415]
	[1268,17881]
	[1265,20424]
	[1250,1441]
	[1252,2174]
	[13,2843]
	[1203,140]
	[1263,8854]
	[1260,3281]
	[1261,6116]
	[1257,2544]
	[1248,767]
	[15,2906]
	[1255,2648]
	[1256,2691]
	[7,2921]
	[1264,17239]
	[1262,7809]
	[1258,2657]
	[1251,1784]
	[1259,2649]
	[1206,346]
	[1275,212]
	[5,2809]
	[18,660]
	[1208,328]
	[17,548]
	[1207,318]
	[1272,1595]
	[1273,541]
	[1278,193]
	[1277,168]
	[1276,374]
	[1274,346]
	[1318,193]
	[1298,226]
	[1314,1054]
	[1305,162]
	[1297,200]
	[1309,693]
	[1315,1013]
	[1294,87]
	[1289,167]
	[1290,188]
	[9,2909]
	[1209,319]
	[1249,1070]
	[1211,86]
	[1288,286]
	[1286,97]
	[1283,39]
	[1285,75]
	[1282,76]
	[1212,23]
	[1210,129]
	[-4370,201]
	[1306,195]
	[1300,323]
	[1246,275]
	[1205,358]
	[1302,290]
	[1301,345]
	[1296,160]
	[1292,203]
	[1293,130]
	[1281,141]
	[1291,110]
	[1287,120]
	[1280,198]
	[1304,282]
	[1311,1451]
	[1320,23]
	[1214,8]
	[1216,11]
	[1247,428]
	[1319,42]
	[1204,271]
	[1221,15]
	[1322,5]
	[1229,5]
	[1244,32]
	[1243,17]
	[1279,94]
	[1215,6]
	[1226,12]
	[1321,15]
	[1284,56]
	[1220,18]
	[1240,5]
	[1219,8]
	[1213,7]
	[1227,7]
	[1233,4]
	[1232,5]
	[1218,10]
	[1223,17]
	[1228,7]
	[1245,114]
	[1225,9]
	[1202,88]
	[1201,54]
	[1239,6]
	[1242,4]
	[1200,10]
	[1224,8]
	[1241,6]
	[1222,15]
	[1217,10]
	[1237,1]
	[1231,3]
	[1238,2]
	[1323,1]
	[1234,1]
	[1230,2]
	[1236,1]

1716,
	[1312,30383]
	[1313,23283]
	[1311,27166]
	[1310,16959]
	[1,47396]
	[1307,2360]
	[1309,10349]
	[1308,4918]
	[1319,632]
	[1314,19584]
	[1315,20681]
	[1318,3394]
	[1316,16606]
	[1317,4928]
	[1299,5002]
	[1297,1342]
	[1303,3752]
	[1300,2603]
	[1302,1687]
	[1271,82971]
	[1272,27124]
	[1270,149028]
	[1269,323739]
	[1268,347866]
	[1266,360180]
	[1263,131847]
	[1267,325191]
	[1265,378018]
	[1273,8134]
	[1264,304655]
	[1274,5143]
	[-4370,192757]
	[2,3136]
	[1275,3083]
	[1256,84]
	[1262,103639]
	[1276,7047]
	[1251,83]
	[1233,78]
	[1241,91]
	[1228,68]
	[1280,3009]
	[1279,1341]
	[1278,3238]
	[1320,348]
	[1292,3552]
	[1321,164]
	[1295,732]
	[1294,623]
	[1293,1787]
	[1290,3134]
	[1259,1018]
	[1230,85]
	[1277,2904]
	[1231,77]
	[1238,81]
	[1289,2766]
	[1288,5253]
	[1287,1583]
	[1286,1012]
	[1285,923]
	[1322,62]
	[1282,1120]
	[1281,2303]
	[1248,86]
	[1305,208]
	[1296,793]
	[1298,2144]
	[1255,82]
	[1261,72468]
	[1283,141]
	[1301,2928]
	[1306,338]
	[1291,1569]
	[1258,285]
	[1254,62]
	[1235,90]
	[1242,77]
	[1323,38]
	[1284,588]
	[1243,80]
	[1304,1551]
	[1224,58]
	[1229,73]
	[1250,87]
	[1244,80]
	[1232,95]
	[1225,69]
	[1239,75]
	[1234,69]
	[1253,96]
	[1260,12903]
	[1252,54]
	[1237,85]
	[1221,38]
	[1246,63]
	[1257,126]
	[1245,82]
	[1247,80]
	[1324,9]
	[1227,75]
	[1236,71]
	[1226,69]
	[1249,88]
	[1223,63]
	[1240,73]
	[1222,44]
	[1220,21]
	[1219,16]
	[1218,8]
	[1217,3]
	[1216,2]

1736,
	[169,1509]
	[2,45178]
	[38,1036]
	[34,86]
	[37,16489]
	[36,15911]
	[170,4219]
	[20,85]
	[12,222]
	[105,8]
	[171,2394]
	[83,199]
	[18,42]
	[35,59]
	[13,180]
	[168,201]
	[39,29]
	[49,306]
	[24,101]
	[84,215]
	[111,19]
	[32,85]
	[15,106]
	[97,47]
	[31,102]
	[124,27]
	[26,104]
	[11,87]
	[44,26]
	[47,252]
	[59,21]
	[162,12]
	[28,85]
	[172,283]
	[29,66]
	[10,109]
	[82,54]
	[48,467]
	[55,3]
	[30,111]
	[16,88]
	[6,94]
	[101,24]
	[19,47]
	[154,23]
	[99,19]
	[17,103]
	[3,98]
	[70,22]
	[14,115]
	[226,11]
	[5,97]
	[9,90]
	[45,41]
	[8,100]
	[144,15]
	[75,26]
	[159,21]
	[95,25]
	[110,23]
	[22,80]
	[23,80]
	[33,88]
	[155,22]
	[50,66]
	[138,22]
	[151,28]
	[89,22]
	[88,12]
	[7,105]
	[127,17]
	[125,25]
	[131,16]
	[227,12]
	[146,20]
	[21,92]
	[153,19]
	[123,28]
	[133,28]
	[136,18]
	[106,19]
	[4,84]
	[140,8]
	[128,21]
	[27,86]
	[113,23]
	[158,35]
	[167,24]
	[71,12]
	[152,24]
	[142,17]
	[52,16]
	[118,21]
	[85,65]
	[69,26]
	[103,18]
	[92,24]
	[78,28]
	[132,24]
	[115,21]
	[58,22]
	[43,21]
	[165,23]
	[129,24]
	[46,36]
	[104,22]
	[134,24]
	[157,14]
	[63,22]
	[150,16]
	[112,19]
	[54,16]
	[56,31]
	[225,11]
	[116,24]
	[109,18]
	[81,18]
	[94,29]
	[148,19]
	[139,4]
	[67,45]
	[87,20]
	[117,15]
	[119,19]
	[51,25]
	[25,106]
	[93,23]
	[61,22]
	[160,18]
	[130,17]
	[76,31]
	[163,22]
	[62,17]
	[114,17]
	[86,15]
	[68,50]
	[98,29]
	[77,16]
	[137,24]
	[120,26]
	[149,14]
	[66,25]
	[73,19]
	[90,24]
	[107,21]
	[72,31]
	[143,20]
	[80,26]
	[96,20]
	[64,28]
	[164,18]
	[60,26]
	[147,12]
	[74,17]
	[141,15]
	[108,22]
	[57,22]
	[102,16]
	[253,162]
	[40,32]
	[213,1]
	[252,164]
	[217,61]
	[203,3]
	[216,40]
	[218,50]
	[255,42]
	[79,26]
	[215,14]
	[219,21]
	[156,12]
	[122,18]
	[181,2]
	[254,88]
	[145,15]
	[121,16]
	[251,86]
	[195,2]
	[245,1]
	[200,2]
	[250,19]
	[179,2]
	[256,8]
	[176,1]
	[166,19]
	[221,9]
	[42,21]
	[241,1]
	[248,1]
	[207,1]
	[220,4]
	[214,3]
	[222,8]
	[202,4]
	[223,14]
	[212,1]
	[229,3]
	[41,19]
	[240,2]
	[224,9]
	[205,2]
	[198,3]
	[228,5]
	[188,2]
	[53,10]
	[247,1]
	[199,1]
	[235,1]
	[180,1]
	[192,2]
	[249,1]
	[204,1]
	[91,1]
	[242,2]
	[197,2]
	[185,1]
	[65,1]
	[239,1]
	[238,2]
	[196,1]
	[237,1]
	[177,1]

1708,
	[4,6]
	[2,5]
	[11,4]
	[14,4]
	[16,1]
	[20,3]
	[24,1]
	[31,5]
	[33,4]
	[35,7]
	[38,4]
	[37,2]
	[40,2]
	[42,1]
	[50,1]
	[51,2]
	[62,1]
	[63,1]
	[66,2]
	[72,2]
	[71,1]
	[73,3]
	[79,3]
	[86,1]
	[90,1]
	[108,2]
	[120,1]
	[126,3]
	[130,1]
	[137,1]
	[141,1]
	[140,2]
	[152,1]
	[157,2]
	[167,1]
	[8,3]
	[12,5]
	[27,3]
	[10,3]
	[13,3]
	[15,2]
	[32,7]
	[5,5]
	[7,2]
	[9,2]
	[58,1]
	[67,1]
	[75,1]
	[74,1]
	[85,1]
	[88,2]
	[92,1]
	[94,2]
	[96,3]
	[98,1]
	[101,2]
	[55,1]
	[111,1]
	[114,1]
	[125,1]
	[132,2]
	[135,2]
	[148,1]
	[150,1]
	[153,1]
	[156,1]
	[81,1]
	[162,1]
	[161,1]
	[170,2]
	[18,3]
	[26,1]
	[28,2]
	[19,2]
	[30,3]
	[29,3]
	[39,1]
	[49,2]
	[68,1]
	[80,1]
	[82,1]
	[91,1]
	[93,1]
	[106,1]
	[109,1]
	[113,1]
	[118,1]
	[128,1]
	[142,1]
	[151,1]
	[158,1]
	[159,1]
	[165,1]
	[6,1]
	[17,2]
	[22,1]
	[25,2]
	[21,2]
	[23,1]

1860,
	[1045,1273782]
	[1044,197897]
	[1047,88218]
	[1,51891]
	[1048,34313]
	[-4370,210644]
	[1046,503023]
	[2,3217]
	[1049,98]
	[1043,193211]
	[1008,3014]
	[1001,5713]
	[1000,17362]
	[1021,15384]
	[1032,3148]
	[1034,4607]
	[1033,13634]
	[1009,15295]
	[1041,46321]
	[1042,396945]
	[998,209617]
	[999,83181]
	[1020,2282]
	[1031,1464]
	[1019,4]
	[1018,1396]
	[997,29118]
	[1030,1639]
	[1022,5307]
	[1010,6184]
	[1023,14]
	[1011,9]
	[1002,8]
	[1035,10]

1856,
	[1044,11300]
	[1036,2732]
	[4,51677]
	[8,3152]
	[1047,6389]
	[1049,541]
	[2,52275]
	[1048,3226]
	[1033,3346]
	[1034,2928]
	[10,3127]
	[1035,2631]
	[1037,2794]
	[15,3146]
	[1032,2921]
	[11,3033]
	[6,3188]
	[9,3062]
	[1038,2805]
	[1041,4631]
	[1050,114]
	[5,3246]
	[1045,61775]
	[1043,11693]
	[1046,25391]
	[1040,2745]
	[16,3075]
	[12,3074]
	[987,462]
	[3,3245]
	[1028,1031]
	[13,2999]
	[1039,2741]
	[1051,33]
	[988,407]
	[1031,2723]
	[1008,192]
	[996,350]
	[1001,540]
	[990,351]
	[982,636]
	[1002,116]
	[1000,1249]
	[993,347]
	[989,385]
	[1042,21587]
	[14,3230]
	[984,560]
	[1003,53]
	[17,645]
	[1029,2203]
	[7,3182]
	[1021,778]
	[991,380]
	[999,4252]
	[1015,37]
	[18,689]
	[1030,2587]
	[997,1624]
	[998,10375]
	[995,335]
	[1016,24]
	[983,510]
	[1052,5]
	[992,353]
	[994,347]
	[1010,332]
	[1007,49]
	[1009,751]
	[-4370,173]
	[1026,464]
	[986,929]
	[985,1771]
	[1027,903]
	[981,130]
	[1020,139]
	[1022,306]
	[1018,133]
	[1004,27]
	[1024,127]
	[1011,36]
	[1005,40]
	[1012,37]
	[1025,158]
	[1019,36]
	[1017,43]
	[1014,27]
	[1006,44]
	[980,57]
	[1023,56]
	[1013,27]
	[979,1]

1876,
	[2,49491]
	[69,10669]
	[70,25941]
	[20,102]
	[71,8488]
	[54,105]
	[6,323]
	[51,102]
	[35,115]
	[38,143]
	[17,104]
	[29,116]
	[40,122]
	[64,111]
	[25,90]
	[7,103]
	[65,100]
	[24,112]
	[5,98]
	[36,52]
	[18,54]
	[13,79]
	[30,86]
	[76,924]
	[75,1113]
	[48,97]
	[42,95]
	[12,96]
	[59,97]
	[47,94]
	[74,945]
	[50,102]
	[41,96]
	[72,22]
	[46,103]
	[31,97]
	[23,114]
	[26,99]
	[63,85]
	[11,115]
	[28,73]
	[4,107]
	[21,95]
	[55,110]
	[68,118]
	[39,138]
	[32,88]
	[67,93]
	[56,108]
	[27,104]
	[10,98]
	[62,103]
	[22,103]
	[15,84]
	[49,208]
	[16,100]
	[9,95]
	[60,111]
	[66,101]
	[108,15]
	[3,105]
	[43,109]
	[58,112]
	[37,59]
	[53,50]
	[19,44]
	[8,115]
	[52,58]
	[111,12]
	[109,33]
	[14,90]
	[34,104]
	[45,104]
	[87,1]
	[105,1]
	[110,33]
	[57,109]
	[44,97]
	[84,2]
	[107,5]
	[142,1]
	[33,3]
	[104,2]
	[73,4]
	[81,1]
	[131,1]
	[121,1]
	[61,1]

1836,
	[4,2]
	[11,8]
	[12,5]
	[14,4]
	[15,8]
	[17,1]
	[21,6]
	[26,5]
	[28,3]
	[29,11]
	[41,1]
	[42,7]
	[43,3]
	[37,6]
	[52,1]
	[59,3]
	[60,4]
	[67,4]
	[71,3]
	[3,4]
	[6,6]
	[22,3]
	[27,1]
	[30,2]
	[38,3]
	[39,2]
	[40,1]
	[45,2]
	[64,4]
	[70,4]
	[7,4]
	[9,3]
	[24,1]
	[33,3]
	[47,4]
	[50,6]
	[53,3]
	[62,3]
	[66,2]
	[23,3]
	[31,1]
	[54,4]
	[55,3]
	[65,3]
	[8,4]
	[16,2]
	[18,3]
	[32,5]
	[34,3]
	[35,4]
	[63,2]
	[2,3]
	[36,4]
	[51,4]
	[57,2]
	[61,3]
	[72,1]
	[73,1]
	[5,1]
	[19,2]
	[25,2]
	[46,3]
	[56,2]
	[20,3]
	[48,2]
	[68,2]
	[10,1]
	[44,1]

len(carl_order):
27
Printing carl assignment order:
1876,2,0.2372326453134437
1736,2,0.23675963483528809
1712,4,0.08133719421459097
1856,4,0.08086012842939137
1836,73,0.0287468966418398
1736,38,0.02158038500411052
1708,38,0.01936324706758518
1708,40,0.017341040462427744
1876,142,0.015611983902152977
1708,170,0.015198118328206984
1860,1,0.01518190728360567
1716,1,0.015131348958674204
1712,16,0.013385614003028753
1856,16,0.013367074679452461
1736,256,0.009008132599288322
1856,18,0.0031264281612899446
1712,18,0.003090541612300765
1716,2,0.0010165615906336297
1856,1052,0.000981382558841299
1860,2,0.0009557170566528989
1860,1048,0.00090343324616209
1712,1323,0.0007998614671225341
1716,1321,0.0007375304927904085
1860,1049,0.00046502358333886935
1716,1322,0.000321466717824811
1716,1323,0.00019709134665255908
1716,1324,4.6688731415291076e-05
bin_width: 382359986
assigning lease 2 to address 1876
Average Cache Occupancy Per Bin: [0.0,0.0,0.03,0.05,0.05]
Total cost: 0
assigning lease 2 to address 1736
Average Cache Occupancy Per Bin: [0.05,0.05,0.05,0.05,0.05]
Total cost: 20550656.0
assigning lease 4 to address 1712
Average Cache Occupancy Per Bin: [0.39,0.39,0.18,0.05,0.05]
Total cost: 150705920.0
assigning lease 4 to address 1856
Average Cache Occupancy Per Bin: [0.39,0.39,0.39,0.39,0.39]
Total cost: 150705920.0
assigning lease 73 to address 1836
Average Cache Occupancy Per Bin: [0.39,0.39,0.39,0.39,0.39]
Total cost: 150705920.0
assigning lease 38 to address 1736
Average Cache Occupancy Per Bin: [0.87,0.86,0.57,0.39,0.39]
Total cost: 334490880.0
assigning lease 38 to address 1708
Average Cache Occupancy Per Bin: [0.87,0.86,0.58,0.39,0.39]
Total cost: 335033344.0
assigning lease 40 to address 1708
Average Cache Occupancy Per Bin: [0.87,0.86,0.58,0.39,0.39]
Total cost: 335050240.0
assigning lease 142 to address 1876
Average Cache Occupancy Per Bin: [0.87,0.86,1.13,1.28,1.30]
Total cost: 335050240.0
assigning lease 170 to address 1708
Average Cache Occupancy Per Bin: [0.87,0.86,1.13,1.28,1.30]
Total cost: 335462912.0
assigning lease 1 to address 1860
Average Cache Occupancy Per Bin: [0.87,0.86,1.66,2.16,2.17]
Total cost: 335462912.0
assigning lease 1 to address 1716
Average Cache Occupancy Per Bin: [1.75,1.74,2.01,2.16,2.17]
Total cost: 670789632.0
assigning lease 16 to address 1712
Average Cache Occupancy Per Bin: [2.47,2.46,2.29,2.16,2.17]
Total cost: 945355520.0
assigning lease 16 to address 1856
Average Cache Occupancy Per Bin: [2.47,2.46,2.73,2.88,2.89]
Total cost: 945355520.0
assigning lease 256 to address 1736
Average Cache Occupancy Per Bin: [2.89,2.88,2.90,2.88,2.89]
Total cost: 1106832128.0
assigning lease 18 to address 1856
Average Cache Occupancy Per Bin: [2.89,2.88,2.97,2.99,3.00]
Total cost: 1106832128.0
assigning lease 18 to address 1712
Average Cache Occupancy Per Bin: [3.00,2.99,3.01,2.99,3.00]
Total cost: 1148535552.0
assigning lease 2 to address 1716
Average Cache Occupancy Per Bin: [3.86,3.86,3.35,2.99,3.00]
Total cost: 1478723584.0
assigning lease 1052 to address 1856
Average Cache Occupancy Per Bin: [3.86,3.86,37.0,58.3,58.7]
Total cost: 1478723584.0
assigning lease 2 to address 1860
Average Cache Occupancy Per Bin: [3.86,3.86,37.5,59.1,59.5]
Total cost: 1478723584.0
addr: 1860 ri: 1048
bin target: 195768312832
	bin: 2.0 current capacity: 37.576127414127484  avg impact: 545.2627033415573
	bin: 3.0 current capacity: 59.199658031162286  avg impact: 895.7219571819944
	bin: 4.0 current capacity: 59.570903572530206  avg impact: 895.0078540069828
num_full_bins: 0
printing bin ranks sorted:
	bin: 4.0 rank: 0.5055029343060267
	selecting this^ bin
	bin: 3.0 rank: 0.5055143935439297
	bin: 2.0 rank: 0.8700831171441581
acceptable_ratio: 0.5055029343060267
Assigning 1860 dual lease lease 1048 * 0.5055029343060267. Bin saturation: [3.86,3.86,313.,511.,511.]
assigning lease 1323 to address 1712
Average Cache Occupancy Per Bin: [71.6,72.1,339.,511.,511.]
Total cost: 27405604864.0
addr: 1716 ri: 1321
bin target: 195768312832
	bin: 0.0 current capacity: 71.67487673252504  avg impact: 1096.6897076097289
	bin: 1.0 current capacity: 72.10087344233766  avg impact: 1096.6677699166983
	bin: 2.0 current capacity: 339.7995040032539  avg impact: 429.1764105671873
num_full_bins: 0
printing bin ranks sorted:
	bin: 1.0 rank: 0.40112342007741925
	selecting this^ bin
	bin: 2.0 rank: 0.40123476443910516
	bin: 0.0 rank: 0.4015038348697354
acceptable_ratio: 0.40112342007741925
Assigning 1716 dual lease lease 1321 * 0.40112342007741925. Bin saturation: [511.,512.,511.,511.,511.]
addr: 1860 ri: 1049
bin target: 195768312832
	bin: 1.0 current capacity: 512.0  avg impact: 0.0
	bin: 2.0 current capacity: 511.9522136265148  avg impact: 545.29562594973
	bin: 3.0 current capacity: 511.98973570899767  avg impact: 895.7762617765134
	bin: 4.0 current capacity: 511.99999999999994  avg impact: 895.0617240790463
num_full_bins: 1
printing bin ranks sorted:
	bin: 4.0 rank: 8.917120642952365e-17
	bin: 3.0 rank: 1.1458543210272795e-05
	bin: 2.0 rank: 8.763388373416237e-05
acceptable_ratio: 0
addr: 1716 ri: 1322
bin target: 195768312832
	bin: 0.0 current capacity: 511.5828030126444  avg impact: 1096.7435683084266
	bin: 1.0 current capacity: 512.0  avg impact: 1096.7217765720914
	bin: 2.0 current capacity: 511.9522136265148  avg impact: 429.19767203883094
num_full_bins: 1
printing bin ranks sorted:
	bin: 1.0 rank: 0.0
	bin: 2.0 rank: 0.00011133884594067075
	bin: 0.0 rank: 0.0003803961102767977
acceptable_ratio: 0
addr: 1716 ri: 1323
bin target: 195768312832
	bin: 0.0 current capacity: 511.5828030126444  avg impact: 1096.7974062432359
	bin: 1.0 current capacity: 512.0  avg impact: 1096.7757731845927
	bin: 2.0 current capacity: 511.9522136265148  avg impact: 429.21892480663496
num_full_bins: 1
printing bin ranks sorted:
	bin: 1.0 rank: 0.0
	bin: 2.0 rank: 0.00011133333299959666
	bin: 0.0 rank: 0.0003803774379669707
acceptable_ratio: 0
addr: 1716 ri: 1324
bin target: 195768312832
	bin: 0.0 current capacity: 511.5828030126444  avg impact: 1096.8512294484706
	bin: 1.0 current capacity: 512.0  avg impact: 1096.8297657799371
	bin: 2.0 current capacity: 511.9522136265148  avg impact: 429.2401708791777
num_full_bins: 1
printing bin ranks sorted:
	bin: 1.0 rank: 0.0
	bin: 2.0 rank: 0.00011132782234092627
	bin: 0.0 rank: 0.00038035877259799385
acceptable_ratio: 0
Final saturation:
	0.0,195608793397.75546
	1.0,195768312832.0
	2.0,195750041234.9032
	3.0,195764388177.83606
	4.0,195768312831.99997
DUMP LEASES
0, 6b0, 52b, 0, 1 
0, 6b4, 2, 529, 0.5988765799225808 
0, 6c8, 100, 0, 1 
0, 6ac, aa, 0, 1 
0, 744, 2, 418, 0.49449706569397334 
0, 740, 41c, 0, 1 
0, 754, 8e, 0, 1 
0, 72c, 49, 0, 1 
Dump dual leases

