sample rate: 0.00390625
1760,
	[1,43226]
	[1154,475050]
	[1155,454114]
	[1153,166613]
	[1156,406816]
	[1151,73890]
	[1157,660299]
	[1159,35055]
	[1152,159453]
	[1163,3860]
	[1161,10742]
	[1150,9779]
	[1164,2054]
	[1165,921]
	[1158,52186]
	[1160,20130]
	[1162,5900]
	[2,2720]
	[1167,78]
	[1166,244]
	[-4370,175437]
	[1117,82]
	[1149,4519]
	[1134,993]
	[1140,106]
	[1123,71]
	[1111,815]
	[1110,17145]
	[1108,5573]
	[1107,8484]
	[1109,5020]
	[1133,9507]
	[1130,9057]
	[1126,143]
	[1129,773]
	[1131,10235]
	[1127,279]
	[1148,1622]
	[1132,8739]
	[1128,556]
	[1136,518]
	[1138,212]
	[1106,560]
	[1112,590]
	[1137,247]
	[1115,84]
	[1144,77]
	[1135,707]
	[1139,146]
	[1121,97]
	[1122,82]
	[1118,99]
	[1125,105]
	[1143,86]
	[1145,89]
	[1105,332]
	[1142,86]
	[1147,382]
	[1114,163]
	[1104,167]
	[1120,99]
	[1119,84]
	[1124,91]
	[1141,116]
	[1116,101]
	[1103,42]
	[1113,292]
	[1146,88]
	[1205,1]
	[1200,1]
	[1203,1]
	[1201,1]
	[1206,1]

1756,
	[4,43683]
	[1154,24695]
	[2,43337]
	[1156,20630]
	[1142,2410]
	[8,2684]
	[1157,31859]
	[1163,240]
	[1153,10733]
	[1165,47]
	[1146,2613]
	[1160,1258]
	[14,2517]
	[1097,678]
	[1139,1530]
	[1155,23236]
	[1151,6303]
	[1094,560]
	[1145,2552]
	[18,573]
	[1152,10414]
	[16,2522]
	[11,2620]
	[12,2653]
	[10,2574]
	[1141,2346]
	[1140,1813]
	[15,2563]
	[1148,2730]
	[7,2581]
	[1144,2442]
	[1149,2903]
	[1159,2088]
	[1164,142]
	[1161,669]
	[1158,3221]
	[13,2611]
	[1096,451]
	[1111,59]
	[1143,2459]
	[5,2672]
	[6,2665]
	[1147,2662]
	[1098,95]
	[1138,1095]
	[9,2576]
	[1109,280]
	[1105,66]
	[1137,608]
	[1131,495]
	[1130,500]
	[3,2690]
	[1162,378]
	[1150,3093]
	[1117,33]
	[1136,387]
	[1166,15]
	[1103,61]
	[1126,43]
	[1119,47]
	[1110,889]
	[17,502]
	[1115,35]
	[1133,477]
	[1102,54]
	[1101,47]
	[1092,208]
	[1123,43]
	[1129,92]
	[1132,458]
	[1093,218]
	[-4370,186]
	[1108,317]
	[1106,76]
	[1099,82]
	[1128,64]
	[1124,47]
	[1121,47]
	[1095,515]
	[1107,463]
	[1134,109]
	[1135,175]
	[1122,49]
	[1091,98]
	[1104,75]
	[1125,46]
	[1100,62]
	[1127,48]
	[1120,52]
	[1112,51]
	[1090,11]
	[1116,38]
	[1113,35]
	[1118,48]
	[1114,36]
	[1167,4]
	[1088,1]

1776,
	[37,14713]
	[2,41000]
	[38,952]
	[36,14407]
	[171,2109]
	[12,143]
	[170,3780]
	[20,91]
	[154,23]
	[172,242]
	[145,554]
	[169,1423]
	[35,58]
	[168,172]
	[3,78]
	[16,82]
	[146,210]
	[69,27]
	[28,107]
	[11,296]
	[132,44]
	[58,16]
	[94,20]
	[27,78]
	[26,99]
	[109,89]
	[31,100]
	[118,23]
	[156,7]
	[141,24]
	[25,92]
	[64,21]
	[153,20]
	[73,23]
	[144,363]
	[74,27]
	[123,36]
	[56,22]
	[83,24]
	[4,99]
	[97,46]
	[13,87]
	[124,18]
	[29,53]
	[89,22]
	[19,41]
	[10,77]
	[76,22]
	[9,84]
	[130,30]
	[85,24]
	[136,19]
	[137,35]
	[17,95]
	[15,71]
	[164,23]
	[113,25]
	[112,33]
	[23,77]
	[166,22]
	[87,12]
	[67,34]
	[72,29]
	[104,24]
	[47,226]
	[18,35]
	[33,81]
	[22,93]
	[150,17]
	[190,6]
	[8,79]
	[7,79]
	[48,91]
	[39,28]
	[158,33]
	[81,21]
	[116,26]
	[6,81]
	[82,13]
	[46,197]
	[160,20]
	[182,38]
	[149,22]
	[24,82]
	[98,18]
	[167,18]
	[78,24]
	[30,92]
	[80,20]
	[181,137]
	[14,94]
	[178,9]
	[189,9]
	[155,22]
	[120,17]
	[68,20]
	[44,17]
	[125,19]
	[71,5]
	[179,65]
	[126,3]
	[92,17]
	[54,26]
	[49,31]
	[106,12]
	[59,21]
	[21,72]
	[34,83]
	[119,16]
	[115,29]
	[180,160]
	[96,22]
	[95,17]
	[103,25]
	[40,19]
	[131,26]
	[99,22]
	[134,22]
	[157,12]
	[52,12]
	[77,32]
	[129,22]
	[55,3]
	[5,74]
	[108,55]
	[32,67]
	[50,24]
	[121,16]
	[138,25]
	[147,32]
	[114,32]
	[51,23]
	[101,25]
	[90,27]
	[159,16]
	[86,30]
	[163,26]
	[142,26]
	[140,12]
	[53,11]
	[84,22]
	[66,19]
	[91,3]
	[111,40]
	[45,45]
	[60,17]
	[135,4]
	[133,19]
	[110,93]
	[63,27]
	[70,22]
	[62,23]
	[127,13]
	[143,87]
	[93,18]
	[107,27]
	[117,30]
	[75,24]
	[151,27]
	[43,15]
	[128,17]
	[61,24]
	[139,12]
	[152,27]
	[122,14]
	[88,12]
	[177,1]
	[102,21]
	[174,3]
	[41,16]
	[105,13]
	[42,22]
	[79,21]
	[162,14]
	[57,18]
	[148,18]
	[161,4]
	[165,18]
	[187,1]
	[176,1]
	[100,4]
	[65,2]
	[175,1]
	[188,4]
	[191,1]
	[212,1]

1752,
	[6,2]
	[8,4]
	[15,3]
	[33,6]
	[36,3]
	[40,1]
	[53,1]
	[73,2]
	[87,3]
	[88,1]
	[94,3]
	[81,2]
	[105,2]
	[104,2]
	[112,1]
	[113,1]
	[119,1]
	[121,3]
	[123,1]
	[129,3]
	[127,2]
	[138,1]
	[72,1]
	[82,1]
	[106,1]
	[164,1]
	[3,3]
	[17,5]
	[19,3]
	[20,5]
	[2,6]
	[28,4]
	[31,1]
	[34,3]
	[26,4]
	[16,1]
	[30,3]
	[4,2]
	[5,5]
	[9,4]
	[10,3]
	[11,1]
	[21,7]
	[22,2]
	[37,1]
	[41,1]
	[47,1]
	[51,3]
	[60,1]
	[62,1]
	[77,3]
	[76,1]
	[80,2]
	[83,1]
	[86,1]
	[85,1]
	[46,1]
	[98,2]
	[109,1]
	[115,2]
	[114,1]
	[117,1]
	[89,2]
	[130,1]
	[131,2]
	[139,1]
	[141,1]
	[146,2]
	[145,2]
	[151,1]
	[163,1]
	[170,1]
	[169,1]
	[25,2]
	[12,1]
	[23,2]
	[24,2]
	[32,3]
	[35,2]
	[14,2]
	[38,1]
	[43,1]
	[49,1]
	[55,1]
	[57,1]
	[58,1]
	[78,1]
	[102,1]
	[103,1]
	[116,1]
	[120,2]
	[133,1]
	[137,1]
	[159,1]
	[160,1]
	[166,1]
	[167,1]
	[18,1]
	[29,3]
	[27,3]
	[13,1]

1908,
	[2,67688]
	[190,4680]
	[31,13800]
	[188,1568]
	[29,9851]
	[9,161]
	[30,27534]
	[189,4665]
	[104,516]
	[154,30]
	[3,160]
	[164,43]
	[18,57]
	[162,208]
	[191,1916]
	[19,75]
	[26,169]
	[133,272]
	[11,130]
	[16,150]
	[10,146]
	[107,47]
	[132,223]
	[68,53]
	[85,28]
	[163,118]
	[91,64]
	[93,40]
	[92,42]
	[157,42]
	[160,94]
	[24,136]
	[184,33]
	[72,40]
	[135,76]
	[142,32]
	[80,41]
	[87,34]
	[7,141]
	[149,35]
	[76,68]
	[57,39]
	[64,41]
	[116,39]
	[192,165]
	[47,35]
	[77,42]
	[103,515]
	[69,39]
	[360,8]
	[12,147]
	[155,47]
	[78,43]
	[109,25]
	[13,155]
	[20,145]
	[161,274]
	[17,141]
	[166,35]
	[176,63]
	[28,135]
	[113,35]
	[128,33]
	[143,30]
	[39,37]
	[22,129]
	[73,83]
	[27,118]
	[32,38]
	[21,157]
	[171,33]
	[125,37]
	[167,36]
	[182,54]
	[60,40]
	[66,40]
	[59,41]
	[105,105]
	[358,4]
	[6,147]
	[138,36]
	[8,142]
	[97,63]
	[134,130]
	[38,40]
	[120,68]
	[126,38]
	[34,32]
	[106,42]
	[86,34]
	[67,49]
	[51,42]
	[96,37]
	[55,41]
	[5,159]
	[40,34]
	[153,42]
	[101,42]
	[49,66]
	[129,36]
	[56,33]
	[4,139]
	[131,117]
	[179,40]
	[178,22]
	[25,123]
	[98,48]
	[169,51]
	[102,167]
	[137,38]
	[14,143]
	[108,34]
	[186,24]
	[95,39]
	[177,60]
	[44,40]
	[74,153]
	[23,146]
	[118,36]
	[84,27]
	[152,35]
	[65,38]
	[58,33]
	[127,81]
	[187,67]
	[112,30]
	[124,38]
	[115,36]
	[158,40]
	[114,39]
	[94,31]
	[53,22]
	[117,37]
	[359,6]
	[356,2]
	[81,42]
	[42,44]
	[63,33]
	[50,39]
	[75,85]
	[156,26]
	[140,21]
	[147,56]
	[48,34]
	[148,71]
	[15,125]
	[41,38]
	[110,33]
	[121,36]
	[52,20]
	[139,21]
	[45,34]
	[33,2]
	[61,33]
	[43,48]
	[181,28]
	[71,18]
	[122,17]
	[99,30]
	[83,19]
	[145,32]
	[146,34]
	[35,41]
	[172,37]
	[79,77]
	[70,16]
	[173,33]
	[150,34]
	[165,29]
	[170,35]
	[100,31]
	[62,16]
	[175,20]
	[183,24]
	[54,39]
	[46,35]
	[90,31]
	[144,34]
	[123,19]
	[37,16]
	[88,24]
	[136,32]
	[89,17]
	[174,16]
	[36,18]
	[111,3]
	[130,15]
	[348,6]
	[347,2]
	[351,12]
	[353,1]
	[350,15]
	[159,11]
	[82,3]
	[168,9]
	[119,5]
	[141,3]
	[357,4]
	[361,3]
	[352,10]
	[349,4]
	[362,1]

1892,
	[1421,109845]
	[1,71311]
	[1420,73959]
	[1419,33091]
	[1418,17582]
	[1417,16595]
	[1416,9601]
	[1424,62973]
	[1426,86190]
	[1422,84981]
	[1429,5406]
	[1423,68082]
	[1425,74172]
	[1428,20081]
	[2,4457]
	[1427,69609]
	[1431,300]
	[1395,44]
	[-4370,289030]
	[1380,455126]
	[1379,459396]
	[1377,397671]
	[1374,323200]
	[1375,348042]
	[1376,408135]
	[1386,85]
	[1384,2622]
	[1385,259]
	[1381,170376]
	[1378,386715]
	[1372,145358]
	[1373,251214]
	[1369,19896]
	[1370,59232]
	[1371,95649]
	[1382,38833]
	[1383,17712]
	[1364,88]
	[1350,130]
	[1430,2059]
	[1361,92]
	[1406,41]
	[1409,43]
	[1411,52]
	[1402,53]
	[1368,2658]
	[1337,96]
	[1367,1116]
	[1365,101]
	[1415,6581]
	[1414,5000]
	[1344,87]
	[1360,98]
	[1334,76]
	[1342,114]
	[1345,114]
	[1359,111]
	[1358,105]
	[1363,129]
	[1343,80]
	[1400,53]
	[1336,88]
	[1401,61]
	[1405,43]
	[1329,20]
	[1348,102]
	[1356,94]
	[1338,120]
	[1354,116]
	[1355,100]
	[1353,100]
	[1335,88]
	[1341,88]
	[1390,44]
	[1388,49]
	[1340,112]
	[1403,48]
	[1410,36]
	[1331,44]
	[1412,46]
	[1413,84]
	[1351,110]
	[1389,49]
	[1397,39]
	[1349,100]
	[1347,104]
	[1333,61]
	[1398,52]
	[1327,6]
	[1362,101]
	[1346,93]
	[1352,101]
	[1339,111]
	[1387,48]
	[1392,50]
	[1393,50]
	[1366,340]
	[1394,29]
	[1332,45]
	[1404,40]
	[1357,83]
	[1328,13]
	[1391,44]
	[1407,46]
	[1408,42]
	[1330,26]
	[1396,48]
	[1399,41]
	[1432,26]
	[1433,3]
	[1466,1]
	[1467,1]

1888,
	[4,72247]
	[1401,35]
	[1417,1524]
	[1419,2260]
	[1422,4625]
	[11,4177]
	[2,72240]
	[17,883]
	[8,4313]
	[1421,5745]
	[1424,3281]
	[1363,3147]
	[1420,4130]
	[15,4274]
	[1410,671]
	[12,4264]
	[1418,1593]
	[1423,3727]
	[5,4317]
	[1427,3356]
	[6,4230]
	[1426,4190]
	[7,4268]
	[13,4297]
	[3,4369]
	[1370,6403]
	[1379,22935]
	[1361,2393]
	[1369,4601]
	[1381,8626]
	[16,4361]
	[1356,484]
	[1371,8080]
	[14,4256]
	[1374,18299]
	[1378,20339]
	[1377,21030]
	[1376,21990]
	[1373,15500]
	[1366,3671]
	[1380,22285]
	[10,4323]
	[1375,19460]
	[1372,10421]
	[1360,1816]
	[1358,1066]
	[1367,3705]
	[1362,2665]
	[9,4339]
	[1365,3660]
	[1368,3743]
	[1357,667]
	[1316,370]
	[1312,137]
	[1364,3397]
	[18,998]
	[1323,17]
	[1403,108]
	[1425,3682]
	[1414,954]
	[1382,2398]
	[1411,701]
	[1416,1237]
	[1413,720]
	[1415,1078]
	[1408,485]
	[1406,368]
	[1405,258]
	[1409,569]
	[1412,745]
	[1355,249]
	[1359,1455]
	[1319,432]
	[1407,435]
	[1428,1016]
	[1320,442]
	[1354,133]
	[1313,216]
	[1383,975]
	[-4370,265]
	[1314,307]
	[1315,294]
	[1318,345]
	[1404,193]
	[1429,304]
	[1311,93]
	[1334,31]
	[1430,102]
	[1353,59]
	[1399,16]
	[1332,25]
	[1317,378]
	[1402,77]
	[1384,153]
	[1310,62]
	[1335,24]
	[1333,20]
	[1400,23]
	[1321,147]
	[1398,8]
	[1336,13]
	[1331,12]
	[1329,11]
	[1328,15]
	[1322,34]
	[1351,4]
	[1309,19]
	[1385,8]
	[1352,22]
	[1432,2]
	[1330,10]
	[1386,2]
	[1337,2]
	[1431,11]
	[1326,5]
	[1327,5]
	[1325,4]
	[1396,2]
	[1350,2]
	[1324,3]

1884,
	[5,5]
	[11,2]
	[13,3]
	[35,2]
	[34,2]
	[40,2]
	[44,4]
	[46,1]
	[20,6]
	[53,2]
	[67,2]
	[69,3]
	[68,3]
	[73,2]
	[74,3]
	[78,2]
	[80,1]
	[81,2]
	[88,1]
	[90,1]
	[95,1]
	[96,1]
	[97,1]
	[104,2]
	[103,1]
	[105,2]
	[113,1]
	[54,1]
	[117,2]
	[106,1]
	[120,4]
	[119,1]
	[123,2]
	[124,3]
	[130,1]
	[139,3]
	[107,4]
	[153,1]
	[155,1]
	[160,1]
	[162,1]
	[168,1]
	[167,1]
	[172,2]
	[159,1]
	[174,1]
	[181,1]
	[187,1]
	[188,1]
	[4,4]
	[27,2]
	[28,3]
	[3,6]
	[7,3]
	[8,3]
	[9,7]
	[10,2]
	[12,4]
	[16,3]
	[21,6]
	[22,6]
	[31,2]
	[2,2]
	[15,2]
	[23,2]
	[25,3]
	[26,2]
	[29,1]
	[32,1]
	[37,1]
	[47,1]
	[52,2]
	[62,1]
	[75,2]
	[76,1]
	[93,3]
	[100,1]
	[108,2]
	[109,2]
	[122,1]
	[137,1]
	[143,2]
	[145,2]
	[144,1]
	[148,1]
	[89,2]
	[156,1]
	[158,1]
	[161,2]
	[165,1]
	[169,2]
	[178,1]
	[182,1]
	[183,1]
	[14,1]
	[18,2]
	[50,2]
	[56,1]
	[63,1]
	[64,1]
	[55,2]
	[70,1]
	[77,1]
	[99,1]
	[114,1]
	[121,1]
	[126,2]
	[125,1]
	[147,1]
	[150,1]
	[154,2]
	[166,1]
	[186,1]
	[191,1]
	[17,1]
	[30,1]
	[38,1]
	[39,1]
	[41,2]
	[43,1]
	[57,1]
	[59,1]
	[60,1]
	[65,1]
	[72,1]
	[82,1]
	[84,1]
	[92,1]
	[94,1]
	[102,1]
	[115,1]
	[132,1]
	[135,1]

2028,
	[1046,248195]
	[1,47903]
	[1043,273334]
	[1047,266069]
	[1041,215350]
	[1042,226284]
	[1045,284580]
	[1044,252551]
	[1049,203766]
	[1029,2201]
	[1048,178130]
	[1050,101352]
	[1051,25150]
	[2,3069]
	[1052,7177]
	[1040,121994]
	[1017,1803]
	[1053,2208]
	[1039,45390]
	[1019,2348]
	[-4370,193067]
	[1020,2003]
	[1003,17953]
	[1035,2815]
	[1034,1903]
	[1006,3182]
	[1014,1069]
	[1013,2092]
	[1009,2770]
	[1010,1703]
	[1011,2902]
	[1008,2037]
	[1007,3087]
	[1015,379]
	[1016,950]
	[1012,2776]
	[1000,36579]
	[999,30877]
	[998,37194]
	[997,28959]
	[996,36204]
	[995,23407]
	[1005,2805]
	[1002,34192]
	[1001,28043]
	[1004,5254]
	[1038,39353]
	[1033,2685]
	[1027,432]
	[1026,950]
	[1025,1921]
	[1024,2762]
	[1022,1738]
	[1021,3347]
	[1018,2819]
	[1032,2156]
	[1031,2527]
	[1028,1462]
	[1037,14348]
	[1036,3329]
	[1030,2195]
	[994,24532]
	[1023,2783]
	[1054,295]
	[1097,6]
	[1092,2]
	[1098,2]
	[1093,2]
	[993,9249]
	[992,454]
	[991,2]
	[1096,2]
	[1055,2]
	[1091,1]
	[1089,1]
	[1090,1]

2024,
	[5,2814]
	[13,2823]
	[1043,15204]
	[1042,13211]
	[1041,12664]
	[2,48493]
	[1045,15254]
	[987,638]
	[4,48175]
	[1047,13720]
	[1049,10287]
	[1036,2590]
	[1037,3294]
	[1029,1683]
	[1034,2492]
	[1050,5162]
	[15,2763]
	[1027,1036]
	[7,2913]
	[1031,2163]
	[1044,13650]
	[1046,13155]
	[1038,4471]
	[1040,8549]
	[1048,9253]
	[1039,4620]
	[1028,1398]
	[6,2875]
	[10,2820]
	[1030,1804]
	[1051,1361]
	[11,2885]
	[1032,2331]
	[12,2811]
	[1033,2446]
	[8,2882]
	[3,2904]
	[14,2762]
	[1026,781]
	[1035,2528]
	[9,2844]
	[1013,145]
	[999,1809]
	[1008,129]
	[1003,986]
	[1000,1978]
	[993,772]
	[996,2079]
	[992,340]
	[990,471]
	[1001,1524]
	[998,2111]
	[18,609]
	[995,1499]
	[988,531]
	[985,570]
	[1002,1807]
	[16,2866]
	[1052,401]
	[1021,216]
	[1018,143]
	[982,429]
	[1005,195]
	[1025,595]
	[1053,109]
	[17,587]
	[-4370,163]
	[986,629]
	[989,549]
	[994,1583]
	[997,1613]
	[1023,301]
	[1022,185]
	[1019,167]
	[1016,66]
	[983,498]
	[984,544]
	[1004,331]
	[1011,171]
	[1010,107]
	[1024,461]
	[1014,81]
	[1012,168]
	[1009,170]
	[991,383]
	[1020,129]
	[1015,51]
	[981,373]
	[980,288]
	[1006,179]
	[979,109]
	[1007,180]
	[1017,134]
	[1054,22]
	[978,87]
	[977,28]
	[976,6]
	[1055,1]
	[1061,1]

2044,
	[30,18085]
	[2,45383]
	[29,6358]
	[86,298]
	[31,9060]
	[190,2802]
	[145,105]
	[139,15]
	[191,1165]
	[188,989]
	[57,343]
	[189,2922]
	[172,27]
	[112,27]
	[161,20]
	[77,31]
	[16,91]
	[179,23]
	[110,23]
	[173,25]
	[58,118]
	[134,17]
	[115,294]
	[12,96]
	[85,222]
	[17,107]
	[47,30]
	[70,13]
	[127,35]
	[114,240]
	[56,233]
	[64,35]
	[122,12]
	[81,30]
	[116,171]
	[178,19]
	[192,65]
	[24,93]
	[13,95]
	[53,18]
	[144,263]
	[7,112]
	[87,163]
	[105,10]
	[14,73]
	[25,119]
	[138,20]
	[109,23]
	[94,27]
	[35,25]
	[8,111]
	[69,31]
	[184,21]
	[20,91]
	[84,53]
	[50,28]
	[9,100]
	[23,93]
	[182,55]
	[101,31]
	[78,23]
	[46,29]
	[41,22]
	[152,26]
	[128,20]
	[311,6]
	[68,24]
	[45,25]
	[281,2]
	[312,7]
	[118,24]
	[10,85]
	[136,29]
	[55,24]
	[90,31]
	[143,117]
	[34,23]
	[15,104]
	[22,91]
	[28,130]
	[73,27]
	[132,20]
	[21,111]
	[79,61]
	[32,27]
	[44,15]
	[147,39]
	[131,24]
	[142,46]
	[129,24]
	[153,16]
	[186,19]
	[120,43]
	[67,24]
	[40,27]
	[4,92]
	[6,107]
	[148,38]
	[3,95]
	[88,26]
	[187,48]
	[93,19]
	[169,45]
	[163,19]
	[52,14]
	[125,13]
	[102,3]
	[121,20]
	[11,110]
	[38,27]
	[313,4]
	[5,108]
	[27,109]
	[177,32]
	[176,42]
	[107,24]
	[96,26]
	[26,78]
	[91,43]
	[99,17]
	[167,24]
	[160,23]
	[117,53]
	[83,21]
	[113,46]
	[155,29]
	[140,15]
	[71,19]
	[149,33]
	[48,22]
	[97,44]
	[51,27]
	[18,54]
	[54,23]
	[106,23]
	[108,24]
	[170,28]
	[100,25]
	[61,29]
	[126,23]
	[66,25]
	[63,33]
	[137,24]
	[74,36]
	[92,20]
	[135,30]
	[104,7]
	[103,25]
	[65,18]
	[174,7]
	[19,43]
	[42,17]
	[146,46]
	[59,23]
	[43,32]
	[164,19]
	[150,15]
	[80,28]
	[157,16]
	[166,20]
	[49,51]
	[37,20]
	[76,32]
	[95,24]
	[181,18]
	[98,25]
	[36,17]
	[123,13]
	[39,22]
	[158,16]
	[154,17]
	[89,18]
	[183,25]
	[165,24]
	[124,26]
	[171,15]
	[175,9]
	[60,26]
	[331,47]
	[239,6]
	[333,71]
	[241,1]
	[260,3]
	[332,62]
	[334,43]
	[185,1]
	[306,11]
	[304,33]
	[156,12]
	[207,2]
	[302,12]
	[224,3]
	[199,2]
	[162,2]
	[168,2]
	[335,15]
	[222,1]
	[317,1]
	[211,5]
	[212,3]
	[330,20]
	[231,1]
	[299,2]
	[240,3]
	[234,4]
	[209,4]
	[282,3]
	[254,1]
	[301,16]
	[305,12]
	[303,28]
	[193,3]
	[268,7]
	[294,2]
	[272,1]
	[300,4]
	[111,2]
	[297,3]
	[323,1]
	[72,23]
	[249,2]
	[259,1]
	[258,1]
	[244,1]
	[308,12]
	[238,4]
	[223,2]
	[270,1]
	[296,1]
	[307,3]
	[290,6]
	[309,10]
	[310,8]
	[219,3]
	[204,2]
	[314,5]
	[75,2]
	[141,2]
	[201,1]
	[233,2]
	[215,2]
	[329,1]
	[262,2]
	[316,1]
	[200,2]
	[133,4]
	[325,2]
	[229,2]
	[264,1]
	[119,4]
	[227,4]
	[226,3]
	[221,1]
	[203,1]
	[279,2]
	[194,1]
	[33,3]
	[255,2]
	[228,1]
	[205,3]
	[250,1]
	[82,2]
	[252,2]
	[208,2]
	[202,1]
	[286,2]
	[319,1]
	[217,1]
	[247,1]
	[327,1]
	[291,2]
	[230,1]
	[295,2]
	[251,1]
	[214,1]
	[289,1]
	[280,1]
	[261,1]
	[283,1]

2020,
	[5,1]
	[12,3]
	[15,5]
	[18,4]
	[21,2]
	[22,5]
	[33,1]
	[36,3]
	[34,1]
	[53,1]
	[54,1]
	[56,2]
	[65,3]
	[68,3]
	[73,2]
	[75,1]
	[95,1]
	[102,3]
	[105,2]
	[108,1]
	[119,2]
	[128,1]
	[129,1]
	[133,2]
	[2,3]
	[142,2]
	[143,2]
	[150,1]
	[30,8]
	[162,1]
	[172,1]
	[173,1]
	[181,1]
	[4,3]
	[23,5]
	[6,3]
	[13,2]
	[14,4]
	[17,4]
	[26,1]
	[31,2]
	[7,1]
	[10,2]
	[11,4]
	[20,6]
	[8,3]
	[24,3]
	[28,1]
	[38,1]
	[39,1]
	[43,1]
	[46,2]
	[47,2]
	[48,1]
	[49,1]
	[59,1]
	[62,1]
	[78,1]
	[83,2]
	[89,2]
	[87,1]
	[88,2]
	[93,2]
	[100,1]
	[101,1]
	[107,1]
	[90,2]
	[117,2]
	[124,2]
	[120,2]
	[141,1]
	[153,1]
	[158,1]
	[161,3]
	[166,1]
	[167,4]
	[178,1]
	[179,1]
	[19,1]
	[25,2]
	[9,1]
	[27,3]
	[29,1]
	[63,1]
	[67,2]
	[69,1]
	[70,1]
	[72,1]
	[84,1]
	[106,1]
	[110,1]
	[111,1]
	[123,1]
	[126,1]
	[144,1]
	[149,1]
	[160,1]
	[159,1]
	[132,1]
	[134,1]
	[180,1]
	[186,1]
	[189,2]
	[16,1]
	[32,1]

len(carl_order):
44
Printing carl assignment order:
2044,2,0.23689045715061227
1776,2,0.23660853406585797
1908,2,0.23580725174883643
1888,4,0.08219442823199927
2024,4,0.08183224275178298
1756,4,0.08129528739256987
1908,31,0.02613487276186058
2044,31,0.025860093596572195
1776,38,0.021398851316510623
1752,36,0.01933649289099526
2020,31,0.017369727047146403
2028,1,0.015292678426287202
1752,170,0.015206611570247934
1760,1,0.015177492676524464
1892,1,0.015174835874247467
1884,22,0.01490247644093798
1884,191,0.01360979905531983
1888,16,0.01349327894629665
2020,189,0.013488197826901461
1756,16,0.013414149742242032
2024,16,0.013268030738760274
1776,212,0.009056288747333911
2044,335,0.007826396880090146
1908,192,0.007709273341232184
1908,362,0.006196377502383222
1888,18,0.0032514956707225375
2024,18,0.0030628263536232776
1756,18,0.003036397222896977
2028,2,0.00099497132608702
2024,1061,0.0009813994482503253
1760,2,0.0009697636949708126
1892,2,0.0009630547396251757
2028,1054,0.0009030000253734242
1756,1167,0.0008815830936155155
1760,1166,0.0008130471073897465
1888,1432,0.0007327061148967593
1892,1431,0.0006766491667003952
1760,1167,0.00044439380127620783
1892,1432,8.994641269489831e-05
1892,1433,1.0379365820748353e-05
2028,1055,1.0358078783547228e-05
2028,1098,2.0475622205980907e-06
1760,1206,7.307566561335402e-07
1892,1467,2.0351910998650974e-07
bin_width: 623236014
assigning lease 2 to address 2044
Average Cache Occupancy Per Bin: [0.0,0.0,0.0,0.02,0.05]
Total cost: 0
assigning lease 2 to address 1776
Average Cache Occupancy Per Bin: [0.05,0.01,0.0,0.02,0.05]
Total cost: 33323520.0
assigning lease 2 to address 1908
Average Cache Occupancy Per Bin: [0.05,0.05,0.05,0.05,0.05]
Total cost: 33323520.0
assigning lease 4 to address 1888
Average Cache Occupancy Per Bin: [0.05,0.27,0.39,0.23,0.05]
Total cost: 33323520.0
assigning lease 4 to address 2024
Average Cache Occupancy Per Bin: [0.05,0.27,0.39,0.39,0.39]
Total cost: 33323520.0
assigning lease 4 to address 1756
Average Cache Occupancy Per Bin: [0.39,0.39,0.39,0.39,0.39]
Total cost: 245317376.0
assigning lease 31 to address 1908
Average Cache Occupancy Per Bin: [0.39,0.64,0.78,0.59,0.39]
Total cost: 245317376.0
assigning lease 31 to address 2044
Average Cache Occupancy Per Bin: [0.39,0.64,0.78,0.78,0.78]
Total cost: 245317376.0
assigning lease 38 to address 1776
Average Cache Occupancy Per Bin: [0.86,0.80,0.78,0.78,0.78]
Total cost: 541984768.0
assigning lease 36 to address 1752
Average Cache Occupancy Per Bin: [0.87,0.80,0.78,0.78,0.78]
Total cost: 542981376.0
assigning lease 31 to address 2020
Average Cache Occupancy Per Bin: [0.87,0.80,0.78,0.78,0.78]
Total cost: 542981376.0
assigning lease 1 to address 2028
Average Cache Occupancy Per Bin: [0.87,0.80,0.78,1.19,1.66]
Total cost: 542981376.0
assigning lease 170 to address 1752
Average Cache Occupancy Per Bin: [0.87,0.80,0.78,1.19,1.66]
Total cost: 544102656.0
assigning lease 1 to address 1760
Average Cache Occupancy Per Bin: [1.75,1.10,0.78,1.19,1.66]
Total cost: 1090848768.0
assigning lease 1 to address 1892
Average Cache Occupancy Per Bin: [1.75,1.68,1.66,1.66,1.66]
Total cost: 1090848768.0
assigning lease 22 to address 1884
Average Cache Occupancy Per Bin: [1.75,1.68,1.66,1.66,1.66]
Total cost: 1090848768.0
assigning lease 191 to address 1884
Average Cache Occupancy Per Bin: [1.75,1.68,1.66,1.66,1.66]
Total cost: 1090848768.0
assigning lease 16 to address 1888
Average Cache Occupancy Per Bin: [1.75,2.16,2.38,2.04,1.66]
Total cost: 1090848768.0
assigning lease 189 to address 2020
Average Cache Occupancy Per Bin: [1.75,2.16,2.38,2.04,1.66]
Total cost: 1090848768.0
assigning lease 16 to address 1756
Average Cache Occupancy Per Bin: [2.46,2.40,2.38,2.04,1.66]
Total cost: 1538520832.0
assigning lease 16 to address 2024
Average Cache Occupancy Per Bin: [2.46,2.40,2.38,2.37,2.38]
Total cost: 1538520832.0
assigning lease 212 to address 1776
Average Cache Occupancy Per Bin: [2.89,2.54,2.38,2.37,2.38]
Total cost: 1806941184.0
assigning lease 335 to address 2044
Average Cache Occupancy Per Bin: [2.89,2.54,2.38,2.61,2.89]
Total cost: 1806941184.0
assigning lease 192 to address 1908
Average Cache Occupancy Per Bin: [2.89,2.88,2.88,2.89,2.89]
Total cost: 1806941184.0
assigning lease 362 to address 1908
Average Cache Occupancy Per Bin: [2.89,2.88,2.89,2.89,2.89]
Total cost: 1806941184.0
assigning lease 18 to address 1888
Average Cache Occupancy Per Bin: [2.89,2.95,2.99,2.94,2.89]
Total cost: 1806941184.0
assigning lease 18 to address 2024
Average Cache Occupancy Per Bin: [2.89,2.95,2.99,3.00,3.00]
Total cost: 1806941184.0
assigning lease 18 to address 1756
Average Cache Occupancy Per Bin: [3.00,2.99,2.99,3.00,3.00]
Total cost: 1874988544.0
assigning lease 2 to address 2028
Average Cache Occupancy Per Bin: [3.00,2.99,2.99,3.40,3.86]
Total cost: 1874988544.0
assigning lease 1061 to address 2024
Average Cache Occupancy Per Bin: [3.00,2.99,2.99,29.2,59.2]
Total cost: 1874988544.0
assigning lease 2 to address 1760
Average Cache Occupancy Per Bin: [3.87,3.28,2.99,29.2,59.2]
Total cost: 2413406720.0
assigning lease 2 to address 1892
Average Cache Occupancy Per Bin: [3.87,3.85,3.86,29.7,59.2]
Total cost: 2413406720.0
addr: 2028 ri: 1054
bin target: 319096839168
	bin: 4.0 current capacity: 59.26646199235849  avg impact: 895.55649453852
num_full_bins: 0
printing bin ranks sorted:
	bin: 4.0 rank: 0.5055331972562322
	selecting this^ bin
acceptable_ratio: 0.5055331972562322
Assigning 2028 dual lease lease 1054 * 0.5055331972562322. Bin saturation: [3.87,3.85,3.86,241.,512.]
assigning lease 1167 to address 1756
Average Cache Occupancy Per Bin: [65.4,24.2,3.86,241.,512.]
Total cost: 40785696256.0
addr: 1760 ri: 1166
bin target: 319096839168
	bin: 0.0 current capacity: 65.44181552383782  avg impact: 995.050344597063
	bin: 4.0 current capacity: 512.0  avg impact: 0.0
num_full_bins: 1
printing bin ranks sorted:
	bin: 0.0 rank: 0.4487794882951295
acceptable_ratio: 0
assigning lease 1432 to address 1888
Average Cache Occupancy Per Bin: [65.4,73.2,77.1,280.,512.]
Total cost: 40785696256.0
addr: 1892 ri: 1431
bin target: 319096839168
	bin: 1.0 current capacity: 73.22861113093506  avg impact: 797.5914319226104
	bin: 2.0 current capacity: 77.11104741132627  avg impact: 1196.071256511181
	bin: 3.0 current capacity: 280.22964925450435  avg impact: 637.570103553098
	bin: 4.0 current capacity: 512.0  avg impact: 0.0
num_full_bins: 1
printing bin ranks sorted:
	bin: 3.0 rank: 0.3635213593828642
	bin: 2.0 rank: 0.36359786277048484
	bin: 1.0 rank: 0.5501204893981843
acceptable_ratio: 0
addr: 1760 ri: 1167
bin target: 319096839168
	bin: 0.0 current capacity: 65.44181552383782  avg impact: 995.1043803960918
	bin: 4.0 current capacity: 512.0  avg impact: 0.0
num_full_bins: 1
printing bin ranks sorted:
	bin: 0.0 rank: 0.4487551188332765
acceptable_ratio: 0
addr: 1892 ri: 1432
bin target: 319096839168
	bin: 1.0 current capacity: 73.22861113093506  avg impact: 797.6274797495897
	bin: 2.0 current capacity: 77.11104741132627  avg impact: 1196.1251333463538
	bin: 3.0 current capacity: 280.22964925450435  avg impact: 637.5989133901367
	bin: 4.0 current capacity: 512.0  avg impact: 0.0
num_full_bins: 1
printing bin ranks sorted:
	bin: 3.0 rank: 0.36350493371007214
	bin: 2.0 rank: 0.3635814853016268
	bin: 1.0 rank: 0.5500956273557859
acceptable_ratio: 0
addr: 1892 ri: 1433
bin target: 319096839168
	bin: 1.0 current capacity: 73.22861113093506  avg impact: 797.6635251120132
	bin: 2.0 current capacity: 77.11104741132627  avg impact: 1196.179005663174
	bin: 3.0 current capacity: 280.22964925450435  avg impact: 637.6277195303416
	bin: 4.0 current capacity: 512.0  avg impact: 0.0
num_full_bins: 1
printing bin ranks sorted:
	bin: 3.0 rank: 0.3634885116290288
	bin: 2.0 rank: 0.363565110681379
	bin: 1.0 rank: 0.5500707692600708
acceptable_ratio: 0
addr: 2028 ri: 1055
bin target: 319096839168
	bin: 3.0 current capacity: 280.22964925450435  avg impact: 418.3325991684428
	bin: 4.0 current capacity: 512.0  avg impact: 895.6106186508022
num_full_bins: 1
printing bin ranks sorted:
	bin: 4.0 rank: 0.0
	bin: 3.0 rank: 0.5540336832611332
acceptable_ratio: 0
addr: 2028 ri: 1098
bin target: 319096839168
	bin: 3.0 current capacity: 280.22964925450435  avg impact: 419.41566797839124
	bin: 4.0 current capacity: 512.0  avg impact: 897.9379020802222
num_full_bins: 1
printing bin ranks sorted:
	bin: 4.0 rank: 0.0
	bin: 3.0 rank: 0.5526029865852239
acceptable_ratio: 0
addr: 1760 ri: 1206
bin target: 319096839168
	bin: 0.0 current capacity: 65.44181552383782  avg impact: 997.2108572788607
	bin: 4.0 current capacity: 512.0  avg impact: 0.0
num_full_bins: 1
printing bin ranks sorted:
	bin: 0.0 rank: 0.44780718262004077
acceptable_ratio: 0
addr: 1892 ri: 1467
bin target: 319096839168
	bin: 1.0 current capacity: 73.22861113093506  avg impact: 798.889053468595
	bin: 2.0 current capacity: 77.11104741132627  avg impact: 1198.0106500584866
	bin: 3.0 current capacity: 280.22964925450435  avg impact: 638.6071143314898
	bin: 4.0 current capacity: 512.0  avg impact: 0.0
num_full_bins: 1
printing bin ranks sorted:
	bin: 3.0 rank: 0.3629310503189723
	bin: 2.0 rank: 0.3630092541893869
	bin: 1.0 rank: 0.549226938288889
acceptable_ratio: 0
Final saturation:
	0.0,40785696256.0
	1.0,45638707712.0
	2.0,48058381824.0
	3.0,174649209605.99536
	4.0,319096839168.0
DUMP LEASES
0, 6e0, 2, 0, 1 
0, 6dc, 48f, 0, 1 
0, 6f0, d4, 0, 1 
0, 6d8, aa, 0, 1 
0, 774, 16a, 0, 1 
0, 764, 2, 0, 1 
0, 760, 598, 0, 1 
0, 75c, bf, 0, 1 
0, 7ec, 2, 41e, 0.49446680274376775 
0, 7e8, 425, 0, 1 
0, 7fc, 14f, 0, 1 
0, 7e4, bd, 0, 1 
Dump dual leases

