Dump predicted miss count (no contention misses): 1241044253
Dump formated leases
0, 5d4, 1, 0, 1
0, 5d8, 1, 0, 1
0, 620, 2, 0, 1
0, 624, 3, 0, 1
0, 628, 1, 0, 1
0, 634, 6, 0, 1
0, 644, 26b7, 0, 1
0, 664, 7, 0, 1
0, 668, 2, 0, 1
0, 66c, 1, 0, 1
0, 670, 1, 26ff, 0.996518320708188
0, 678, 26b3, 0, 1
0, 690, 6, 0, 1
0, 69c, 1, 0, 1
0, 6ac, 3, 0, 1
0, 6b0, 3, 0, 1
0, 6c0, 1, 0, 1
0, 6e8, 1, 0, 1
0, 700, 2, 0, 1
0, 704, 3, 0, 1
0, 708, 26ec, 0, 1
0, 714, 6, 0, 1
0, 728, 26b8, 0, 1
0, 74c, 8, 0, 1
0, 750, 26a0, 0, 1
0, 754, 7, 0, 1
0, 758, 269d, 0, 1
0, 760, 26b2, 0, 1
0, 774, 6, 0, 1
0, 784, 3, 0, 1
0, 794, 3, 0, 1
0, 798, 3, 0, 1
0, 7a8, 3, 0, 1
