sample rate: 0.00390625
1488,
	[4,17]
	[2,209]
	[10215,1]
	[779,2]
	[1098,7]
	[1,251]
	[3,202]
	[827,1]
	[1095,19]
	[1100,3]
	[857,1]
	[1049,14]
	[1097,3]
	[1144,1]
	[1021,3]
	[1096,10]
	[791,3]
	[812,2]
	[920,1]
	[1141,1]
	[1126,1]
	[833,1]
	[1023,10]
	[923,1]
	[1024,7]
	[935,1]
	[1167,1]
	[4047,1]
	[1054,1]
	[764,2]
	[1028,4]
	[1002,438]
	[867,1]
	[1003,110]
	[1084,1]
	[2829,1]
	[766,1]
	[753,1]
	[821,3]
	[1013,2]
	[1004,39]
	[1005,120]
	[1007,31]
	[807,2]
	[1033,19]
	[855,1]
	[5,4]
	[852,2]
	[765,3]
	[834,1]
	[828,1]
	[781,1]
	[2596,1]
	[784,4]
	[993,7]
	[1008,5]
	[960,3]
	[768,1]
	[731,1]
	[754,2]
	[1025,9]
	[9902,1]
	[8829,1]
	[789,2]
	[875,3]
	[956,6]
	[810,1]
	[763,1]
	[1012,1]
	[1009,5]
	[941,1]
	[964,1]
	[7543,1]
	[7159,1]
	[6631,1]
	[994,5]
	[926,1]
	[801,2]
	[1050,4]
	[878,1]
	[992,7]
	[811,1]
	[1051,6]
	[864,1]
	[851,2]
	[872,1]
	[1994,1]
	[728,4]
	[755,2]
	[1770,1]
	[981,2]
	[746,1]
	[823,2]
	[1036,11]
	[1014,1]
	[1017,10]
	[932,2]
	[991,8]
	[8799,1]
	[747,1]
	[838,2]
	[6199,1]
	[1001,1]
	[734,3]
	[844,1]
	[938,3]
	[937,1]
	[796,1]
	[983,2]
	[986,1]
	[829,2]
	[762,1]
	[814,2]
	[826,1]
	[971,1]
	[1626,1]
	[738,2]
	[850,2]
	[865,3]
	[979,1]
	[957,4]
	[777,2]
	[716,1]
	[1011,2]
	[985,2]
	[958,1]
	[883,1]
	[817,2]
	[1048,1]
	[1034,3]
	[1444,1]
	[1675,1]
	[1027,5]
	[861,2]
	[1035,2]
	[939,1]
	[1338,1]
	[2954,1]
	[4690,1]
	[741,3]
	[792,1]
	[888,1]
	[4687,1]
	[744,1]
	[913,1]
	[951,2]
	[819,1]
	[805,1]
	[846,2]
	[6868,1]
	[732,1]
	[780,1]
	[995,1]
	[843,1]
	[891,1]
	[976,1]
	[2116,1]
	[3031,1]
	[3104,1]
	[3524,1]
	[7872,1]
	[809,1]
	[839,1]
	[929,2]
	[887,1]
	[770,1]
	[918,1]
	[769,1]
	[842,1]
	[2634,1]
	[750,1]
	[961,1]
	[771,2]
	[774,1]
	[1006,1]
	[818,1]
	[840,2]
	[928,1]
	[860,2]
	[959,1]
	[1000,2]
	[760,1]
	[739,1]
	[722,2]
	[911,1]
	[772,1]
	[845,1]
	[858,1]
	[5794,1]
	[5090,1]
	[970,1]
	[743,1]
	[2064,1]
	[874,1]
	[799,1]
	[6613,1]
	[6021,1]
	[973,1]
	[832,1]
	[1039,1]
	[735,3]
	[1020,1]
	[965,1]
	[2202,1]
	[800,1]
	[802,1]
	[909,1]
	[847,1]
	[914,1]
	[1082,1]
	[5058,1]
	[3963,1]
	[947,1]
	[736,1]
	[3350,1]
	[2942,1]
	[963,1]
	[3112,1]
	[1053,2]
	[1010,2]
	[915,1]
	[1029,1]
	[8769,1]
	[849,1]
	[927,1]
	[825,1]
	[841,1]
	[822,1]
	[831,1]
	[871,1]
	[892,1]
	[969,1]

1484,
	[2,252]
	[6158,1]
	[521,9]
	[485,14]
	[1,211]
	[530,3]
	[532,2]
	[501,11]
	[495,10]
	[503,13]
	[513,5]
	[544,3]
	[515,9]
	[499,8]
	[519,12]
	[505,15]
	[3,199]
	[4,18]
	[552,1]
	[541,4]
	[547,2]
	[518,7]
	[517,5]
	[539,7]
	[512,4]
	[487,13]
	[500,13]
	[531,2]
	[459,14]
	[470,13]
	[514,6]
	[492,9]
	[453,8]
	[525,4]
	[1361,1]
	[1424,1]
	[1608,1]
	[477,12]
	[465,17]
	[489,9]
	[479,10]
	[471,12]
	[461,13]
	[483,15]
	[548,2]
	[437,14]
	[516,5]
	[456,20]
	[476,10]
	[482,14]
	[447,7]
	[460,12]
	[466,11]
	[523,2]
	[454,13]
	[2533,1]
	[484,15]
	[486,13]
	[449,3]
	[468,12]
	[510,8]
	[455,18]
	[480,22]
	[493,9]
	[469,6]
	[462,18]
	[458,17]
	[507,7]
	[448,5]
	[528,2]
	[1957,1]
	[441,10]
	[473,16]
	[511,9]
	[475,17]
	[444,9]
	[451,11]
	[474,14]
	[494,12]
	[506,12]
	[467,19]
	[457,16]
	[524,10]
	[5868,1]
	[464,10]
	[509,8]
	[443,8]
	[445,8]
	[508,6]
	[504,8]
	[502,9]
	[450,11]
	[497,5]
	[3720,1]
	[4396,1]
	[452,18]
	[463,5]
	[472,7]
	[490,9]
	[522,2]
	[481,12]
	[498,10]
	[2062,1]
	[436,2]
	[438,9]
	[526,5]
	[535,5]
	[4955,1]
	[478,12]
	[533,3]
	[559,2]
	[491,6]
	[446,5]
	[529,3]
	[527,1]
	[537,5]
	[440,5]
	[496,11]
	[4048,1]
	[536,3]
	[4879,1]
	[555,2]
	[488,3]
	[1273,1]
	[442,4]
	[2711,1]
	[566,1]
	[2491,1]
	[2812,1]
	[2916,1]
	[572,1]
	[520,2]
	[546,1]
	[543,3]
	[540,1]
	[563,1]
	[549,1]
	[545,1]
	[1596,1]
	[412,1]
	[433,1]
	[4526,1]
	[1234,1]
	[1265,1]
	[2067,1]
	[3784,1]
	[4279,1]
	[551,1]
	[439,1]
	[562,1]
	[430,1]
	[534,1]

1528,
	[1,211]
	[3,230]
	[885,3]
	[992,2]
	[977,2]
	[2,206]
	[941,4]
	[958,8]
	[947,2]
	[1015,1]
	[1056,1]
	[1075,2]
	[909,3]
	[505,1]
	[937,16]
	[907,3]
	[976,8]
	[1006,1]
	[6451,1]
	[5654,1]
	[3815,1]
	[868,2]
	[790,2]
	[859,5]
	[850,5]
	[969,4]
	[973,8]
	[757,2]
	[825,4]
	[827,4]
	[874,6]
	[922,8]
	[982,11]
	[991,12]
	[844,2]
	[780,2]
	[821,2]
	[856,7]
	[891,5]
	[914,3]
	[-4370,902]
	[890,3]
	[863,4]
	[910,5]
	[898,6]
	[939,9]
	[949,8]
	[967,3]
	[978,3]
	[858,2]
	[931,5]
	[901,3]
	[912,2]
	[952,3]
	[961,8]
	[981,1]
	[983,1]
	[809,5]
	[853,3]
	[876,2]
	[905,5]
	[878,8]
	[985,12]
	[2822,1]
	[1791,1]
	[1372,1]
	[846,3]
	[782,5]
	[879,2]
	[5060,1]
	[847,5]
	[794,4]
	[871,3]
	[889,2]
	[892,11]
	[919,5]
	[849,2]
	[818,3]
	[830,5]
	[886,4]
	[934,5]
	[913,6]
	[954,2]
	[964,7]
	[993,2]
	[798,1]
	[887,2]
	[920,3]
	[880,6]
	[884,3]
	[923,3]
	[970,8]
	[940,7]
	[988,8]
	[965,1]
	[759,1]
	[814,1]
	[866,8]
	[758,1]
	[783,2]
	[4606,1]
	[7438,1]
	[4988,1]
	[755,1]
	[838,3]
	[865,3]
	[854,8]
	[911,5]
	[979,9]
	[895,4]
	[943,3]
	[925,4]
	[806,2]
	[778,3]
	[761,3]
	[864,3]
	[839,3]
	[4338,1]
	[779,3]
	[775,2]
	[2996,1]
	[3288,1]
	[831,3]
	[773,3]
	[834,4]
	[770,2]
	[841,4]
	[848,3]
	[481,1]
	[899,1]
	[768,1]
	[483,1]
	[960,2]
	[987,4]
	[4836,1]
	[766,1]
	[767,1]
	[862,3]
	[990,2]
	[785,5]
	[764,1]
	[760,1]
	[888,5]
	[851,5]
	[802,3]
	[867,1]
	[875,6]
	[881,3]
	[916,2]
	[800,3]
	[776,2]
	[980,2]
	[855,2]
	[751,1]
	[869,5]
	[955,3]
	[966,2]
	[2022,3]
	[532,1]
	[788,3]
	[946,6]
	[753,2]
	[877,4]
	[3722,1]
	[819,2]
	[926,1]
	[4806,1]
	[836,5]
	[840,2]
	[942,6]
	[803,2]
	[793,4]
	[813,1]
	[872,4]
	[796,3]
	[921,4]
	[749,1]
	[956,3]
	[8465,1]
	[2701,1]
	[2655,1]
	[975,3]
	[795,2]
	[904,3]
	[860,2]
	[897,2]
	[832,3]
	[824,2]
	[893,1]
	[2558,1]
	[787,2]
	[807,1]
	[812,3]
	[1011,1]
	[777,1]
	[4,2]
	[1413,1]
	[823,3]
	[1017,1]
	[972,2]
	[6853,1]
	[750,1]
	[808,2]
	[870,2]
	[804,1]
	[843,1]
	[951,3]
	[774,1]
	[917,2]
	[1029,1]
	[784,1]
	[765,2]
	[842,3]
	[908,2]
	[957,3]
	[929,2]
	[1032,1]
	[963,1]
	[938,2]
	[525,1]
	[1024,2]
	[1033,2]
	[1027,1]
	[1007,1]
	[1072,1]
	[1066,1]
	[857,2]
	[882,1]
	[962,2]
	[948,1]
	[3410,1]
	[2198,1]
	[815,5]
	[792,1]
	[935,1]
	[883,6]
	[933,1]
	[4804,1]
	[791,1]
	[918,2]
	[944,1]
	[9529,1]
	[835,3]
	[4222,1]
	[6406,1]
	[852,3]
	[484,1]
	[3242,1]
	[5314,1]
	[480,1]
	[906,3]
	[1560,1]
	[928,1]
	[845,2]
	[740,1]
	[811,1]
	[3161,1]
	[894,1]
	[475,1]
	[896,1]
	[945,2]
	[2946,1]
	[900,1]
	[932,1]
	[3356,1]
	[1524,1]
	[5444,1]
	[959,1]
	[924,1]
	[799,1]
	[903,2]
	[477,1]
	[4327,1]
	[2128,1]
	[1086,1]
	[1008,1]

1532,
	[2,472]
	[1393,1]
	[249,4]
	[58,3]
	[211,4]
	[280,3]
	[118,7]
	[142,7]
	[112,6]
	[83,8]
	[56,10]
	[47,16]
	[316,1]
	[178,2]
	[229,4]
	[152,6]
	[132,2]
	[139,5]
	[101,6]
	[53,11]
	[14,23]
	[5,12]
	[176,7]
	[226,4]
	[169,6]
	[98,3]
	[29,10]
	[1,4]
	[274,2]
	[265,2]
	[144,3]
	[186,3]
	[116,9]
	[95,3]
	[86,10]
	[108,2]
	[26,11]
	[40,1]
	[17,10]
	[247,5]
	[233,1]
	[170,5]
	[134,10]
	[11,12]
	[164,7]
	[80,12]
	[44,3]
	[64,1]
	[35,9]
	[179,2]
	[210,4]
	[201,4]
	[15,2]
	[161,3]
	[110,10]
	[59,9]
	[79,1]
	[50,8]
	[71,5]
	[203,6]
	[241,2]
	[231,4]
	[185,4]
	[133,7]
	[91,5]
	[119,4]
	[8,10]
	[1493,1]
	[259,5]
	[166,3]
	[149,4]
	[198,2]
	[104,8]
	[286,4]
	[277,1]
	[146,11]
	[143,7]
	[62,6]
	[32,8]
	[283,3]
	[246,4]
	[140,5]
	[126,3]
	[120,2]
	[189,1]
	[124,4]
	[2086,1]
	[244,7]
	[130,7]
	[70,1]
	[82,2]
	[60,1]
	[264,2]
	[267,1]
	[16,3]
	[148,5]
	[28,2]
	[12,5]
	[157,8]
	[209,5]
	[145,9]
	[2457,1]
	[150,3]
	[160,3]
	[125,10]
	[238,3]
	[137,3]
	[92,10]
	[174,2]
	[103,9]
	[250,5]
	[135,3]
	[197,2]
	[3,4]
	[94,1]
	[65,6]
	[61,3]
	[34,1]
	[38,8]
	[595,1]
	[147,2]
	[285,1]
	[188,3]
	[128,3]
	[41,6]
	[282,2]
	[162,2]
	[107,6]
	[1524,1]
	[1537,1]
	[224,2]
	[220,2]
	[159,2]
	[117,1]
	[74,6]
	[109,4]
	[194,6]
	[223,2]
	[129,2]
	[68,8]
	[106,6]
	[77,6]
	[184,5]
	[216,5]
	[251,1]
	[208,4]
	[88,5]
	[24,1]
	[123,2]
	[73,3]
	[172,3]
	[151,5]
	[236,5]
	[163,5]
	[182,2]
	[113,4]
	[13,5]
	[205,5]
	[451,1]
	[221,4]
	[171,1]
	[263,1]
	[127,7]
	[46,1]
	[167,7]
	[121,4]
	[168,4]
	[234,2]
	[195,1]
	[131,4]
	[37,1]
	[23,10]
	[215,3]
	[155,4]
	[165,2]
	[115,6]
	[173,1]
	[122,5]
	[248,3]
	[235,4]
	[42,1]
	[260,1]
	[242,2]
	[180,1]
	[55,1]
	[256,4]
	[200,3]
	[222,2]
	[100,3]
	[228,6]
	[154,7]
	[20,9]
	[85,3]
	[199,1]
	[192,2]
	[158,5]
	[243,4]
	[237,1]
	[102,1]
	[1283,1]
	[190,3]
	[97,4]
	[270,3]
	[262,4]
	[245,1]
	[232,3]
	[2291,1]
	[67,1]
	[136,3]
	[76,1]
	[3033,1]
	[298,1]
	[217,3]
	[204,1]
	[193,3]
	[31,2]
	[225,2]
	[202,5]
	[138,1]
	[153,2]
	[273,1]
	[218,2]
	[213,4]
	[181,4]
	[219,1]
	[230,1]
	[196,2]
	[89,2]
	[206,3]
	[622,1]
	[212,2]
	[175,1]
	[1528,1]
	[1536,1]
	[214,1]
	[261,1]
	[207,1]
	[187,3]
	[57,1]
	[2990,1]
	[156,1]
	[252,2]
	[258,1]
	[227,1]
	[45,1]
	[99,1]
	[49,1]
	[19,1]
	[253,1]
	[141,1]
	[254,1]
	[75,1]
	[783,1]
	[191,1]

1524,
	[1,206]
	[2,248]
	[3,225]
	[5,8]
	[958,3]
	[106,2]
	[4,7]
	[953,1]
	[111,1]
	[130,1]
	[86,1]
	[121,1]
	[955,1]
	[97,1]
	[1557,1]
	[17,1]
	[73,1]
	[163,1]
	[160,1]
	[954,2]
	[148,1]
	[957,1]
	[124,1]
	[10,1]
	[1049,2]
	[79,2]
	[31,1]
	[127,1]
	[4507,1]
	[956,3]
	[19,2]
	[154,1]
	[7,2]
	[2825,1]
	[991,1]
	[64,1]

1504,
	[2,449]
	[77,1]
	[61,1]
	[102,2]
	[93,1]
	[132,1]
	[55,1]
	[54,1]
	[78,1]
	[25,1]
	[4,3]
	[33,1]
	[118,1]
	[35,1]
	[103,1]
	[3,6]
	[60,1]
	[150,1]
	[19,3]
	[89,1]
	[8,1]
	[101,1]
	[18,1]
	[66,1]
	[12,1]
	[106,1]
	[92,1]
	[80,1]

1476,
	[8,1]

452,
	[-4370,1]

len(carl_order):
42
Printing carl assignment order:
1504,2,0.4619341563786008
1524,3,0.4394822006472492
1532,2,0.16562282533054976
1504,3,0.16216216216216217
1484,3,0.1516262024736601
1524,5,0.14285714285714285
1488,3,0.13488182559087206
1476,8,0.125
1528,3,0.10300907498805922
1504,4,0.0967741935483871
1524,7,0.024390243902439025
1484,4,0.01768172888015717
1504,150,0.015598885793871866
1488,4,0.014037985136251032
1524,19,0.0087527352297593
1532,286,0.00766510390474182
1532,298,0.004629629629629629
1524,163,0.004428044280442804
1488,5,0.0033500837520938024
1532,316,0.0032679738562091504
1484,572,0.002028988523208507
1528,4,0.0012077294685990338
1524,1049,0.0010014306151645207
1488,1167,0.0009836749274849542
1532,3033,0.0007787403874233427
1524,1557,0.0006561679790026247
1524,4507,0.000474158368895211
1528,993,0.00044304956392910696
1484,6158,0.00040569267968128785
1528,1033,0.0003392749954328366
1488,10215,0.00028773581425546515
1528,1075,0.00012554297335978107
1528,1086,9.63020030816641e-05
1528,3410,9.672476140074035e-06
1528,5060,7.259940178092933e-06
1528,5444,5.7192860043352185e-06
1528,5654,5.2386191000052384e-06
1528,6451,2.7638395812230268e-06
1528,6853,2.74565363030323e-06
1528,7438,1.8888416678471927e-06
1528,8465,1.0771126487492567e-06
1528,9529,1.0408080000666118e-06
bin_width: 441848
assigning lease 2 to address 1504
Average Cache Occupancy Per Bin: [0.10,0.11,0.13,0.11,0.09]
Total cost: 47104.0
assigning lease 3 to address 1524
Average Cache Occupancy Per Bin: [0.28,0.30,0.32,0.28,0.26]
Total cost: 126720.0
assigning lease 2 to address 1532
Average Cache Occupancy Per Bin: [0.62,0.62,0.63,0.62,0.61]
Total cost: 274176.0
assigning lease 3 to address 1504
Average Cache Occupancy Per Bin: [0.62,0.63,0.64,0.62,0.61]
Total cost: 276736.0
assigning lease 3 to address 1484
Average Cache Occupancy Per Bin: [1.14,1.13,1.16,1.08,1.13]
Total cost: 504064.0
assigning lease 5 to address 1524
Average Cache Occupancy Per Bin: [1.15,1.15,1.17,1.10,1.15]
Total cost: 509440.0
assigning lease 3 to address 1488
Average Cache Occupancy Per Bin: [1.71,1.72,1.76,1.67,1.70]
Total cost: 756736.0
assigning lease 8 to address 1476
Average Cache Occupancy Per Bin: [1.71,1.72,1.76,1.67,1.70]
Total cost: 758784.0
assigning lease 3 to address 1528
Average Cache Occupancy Per Bin: [2.38,2.45,2.48,2.46,2.44]
Total cost: 1053440.0
assigning lease 4 to address 1504
Average Cache Occupancy Per Bin: [2.38,2.45,2.48,2.46,2.44]
Total cost: 1056000.0
assigning lease 7 to address 1524
Average Cache Occupancy Per Bin: [2.39,2.46,2.49,2.47,2.45]
Total cost: 1059072.0
assigning lease 4 to address 1484
Average Cache Occupancy Per Bin: [2.51,2.58,2.61,2.58,2.58]
Total cost: 1111552.0
assigning lease 150 to address 1504
Average Cache Occupancy Per Bin: [2.88,2.68,2.79,2.87,2.68]
Total cost: 1275648.0
assigning lease 4 to address 1488
Average Cache Occupancy Per Bin: [3.02,2.82,2.93,3.01,2.82]
Total cost: 1335808.0
assigning lease 19 to address 1524
Average Cache Occupancy Per Bin: [3.06,2.88,2.97,3.06,2.88]
Total cost: 1354240.0
assigning lease 286 to address 1532
Average Cache Occupancy Per Bin: [17.2,16.9,15.7,17.8,18.5]
Total cost: 7629568.0
assigning lease 298 to address 1532
Average Cache Occupancy Per Bin: [17.3,16.9,15.7,17.8,18.6]
Total cost: 7648000.0
assigning lease 163 to address 1524
Average Cache Occupancy Per Bin: [17.6,17.3,16.2,18.3,19.2]
Total cost: 7813120.0
assigning lease 5 to address 1488
Average Cache Occupancy Per Bin: [17.8,17.5,16.3,18.4,19.3]
Total cost: 7872000.0
assigning lease 316 to address 1532
Average Cache Occupancy Per Bin: [17.8,17.5,16.3,18.4,19.3]
Total cost: 7899648.0
assigning lease 572 to address 1484
Average Cache Occupancy Per Bin: [74.6,72.4,77.2,66.8,76.9]
Total cost: 32986624.0
assigning lease 4 to address 1528
Average Cache Occupancy Per Bin: [74.8,72.5,77.4,67.0,77.1]
Total cost: 33061632.0
assigning lease 1049 to address 1524
Average Cache Occupancy Per Bin: [75.7,73.5,79.4,68.4,79.9]
Total cost: 33467392.0
assigning lease 1167 to address 1488
Average Cache Occupancy Per Bin: [206.,214.,215.,203.,215.]
Total cost: 91174400.0
assigning lease 3033 to address 1532
Average Cache Occupancy Per Bin: [210.,215.,219.,205.,216.]
Total cost: 92824064.0
assigning lease 1557 to address 1524
Average Cache Occupancy Per Bin: [210.,216.,219.,205.,217.]
Total cost: 92824064.0
assigning lease 4507 to address 1524
Average Cache Occupancy Per Bin: [210.,216.,219.,207.,217.]
Total cost: 92824064.0
assigning lease 993 to address 1528
Average Cache Occupancy Per Bin: [370.,395.,399.,407.,402.]
Total cost: 163670528.0
assigning lease 6158 to address 1484
Average Cache Occupancy Per Bin: [384.,400.,408.,413.,404.]
Total cost: 169783040.0
assigning lease 1033 to address 1528
Average Cache Occupancy Per Bin: [387.,404.,413.,418.,408.]
Total cost: 171348480.0
assigning lease 10215 to address 1488
Average Cache Occupancy Per Bin: [416.,413.,429.,430.,421.]
Total cost: 183955968.0
assigning lease 1075 to address 1528
Average Cache Occupancy Per Bin: [420.,417.,434.,435.,426.]
Total cost: 185585408.0
assigning lease 1086 to address 1528
Average Cache Occupancy Per Bin: [420.,419.,435.,437.,427.]
Total cost: 186007808.0
addr: 1528 ri: 3410
bin target: 226226176
	bin: 0.0 current capacity: 420.9769151382376  avg impact: 199.51404102768373
	bin: 1.0 current capacity: 419.0730567978128  avg impact: 249.33244011515274
	bin: 2.0 current capacity: 435.98587749633356  avg impact: 256.6715069435643
	bin: 3.0 current capacity: 437.28138183266645  avg impact: 286.1755173724901
	bin: 4.0 current capacity: 427.45849251326246  avg impact: 266.21397403632017
num_full_bins: 0
printing bin ranks sorted:
	bin: 3.0 rank: 0.2610936772417144
	selecting this^ bin
	bin: 2.0 rank: 0.2961533339202315
	bin: 4.0 rank: 0.31756975866038994
	bin: 1.0 rank: 0.37270297903982896
	bin: 0.0 rank: 0.4562239549302319
acceptable_ratio: 0.2610936772417144
Assigning 1528 dual lease lease 3410 * 0.2610936772417144. Bin saturation: [473.,484.,503.,512.,496.]
addr: 1528 ri: 5060
bin target: 226226176
	bin: 0.0 current capacity: 473.06876977150984  avg impact: 339.01772555267877
	bin: 1.0 current capacity: 484.1721804431276  avg impact: 422.8071916134055
	bin: 2.0 current capacity: 503.001185087401  avg impact: 435.44067643171405
	bin: 3.0 current capacity: 512.0  avg impact: 487.2544766526045
	bin: 4.0 current capacity: 496.96527792753557  avg impact: 451.2503485361482
num_full_bins: 1
printing bin ranks sorted:
	bin: 3.0 rank: 0.0
	bin: 2.0 rank: 0.020665995162282902
	bin: 4.0 rank: 0.033317917916821385
	bin: 1.0 rank: 0.06581680753982257
	bin: 0.0 rank: 0.11483538261907429
acceptable_ratio: 0
addr: 1528 ri: 5444
bin target: 226226176
	bin: 0.0 current capacity: 473.06876977150984  avg impact: 370.83290181238795
	bin: 1.0 current capacity: 484.1721804431276  avg impact: 462.631782875559
	bin: 2.0 current capacity: 503.001185087401  avg impact: 477.04513769441076
	bin: 3.0 current capacity: 512.0  avg impact: 533.6782603972407
	bin: 4.0 current capacity: 496.96527792753557  avg impact: 494.1897122992522
num_full_bins: 1
printing bin ranks sorted:
	bin: 3.0 rank: 0.0
	bin: 2.0 rank: 0.018863655032919605
	bin: 4.0 rank: 0.03042297663889912
	bin: 1.0 rank: 0.06015111928519978
	bin: 0.0 rank: 0.10498321491491146
acceptable_ratio: 0
addr: 1528 ri: 5654
bin target: 226226176
	bin: 0.0 current capacity: 473.06876977150984  avg impact: 388.23182632941644
	bin: 1.0 current capacity: 484.1721804431276  avg impact: 484.41085622204923
	bin: 2.0 current capacity: 503.001185087401  avg impact: 499.79757744744796
	bin: 3.0 current capacity: 512.0  avg impact: 558.9857869674639
	bin: 4.0 current capacity: 496.96527792753557  avg impact: 517.5505060563814
num_full_bins: 1
printing bin ranks sorted:
	bin: 3.0 rank: 0.0
	bin: 2.0 rank: 0.018004919028534492
	bin: 4.0 rank: 0.02904976789033718
	bin: 1.0 rank: 0.05744672977377781
	bin: 0.0 rank: 0.10027830689866435
acceptable_ratio: 0
addr: 1528 ri: 6451
bin target: 226226176
	bin: 0.0 current capacity: 473.06876977150984  avg impact: 453.803117814271
	bin: 1.0 current capacity: 484.1721804431276  avg impact: 567.0676250656335
	bin: 2.0 current capacity: 503.001185087401  avg impact: 586.1485035577846
	bin: 3.0 current capacity: 512.0  avg impact: 655.0078035885643
	bin: 4.0 current capacity: 496.96527792753557  avg impact: 606.2102804584382
num_full_bins: 1
printing bin ranks sorted:
	bin: 3.0 rank: 0.0
	bin: 2.0 rank: 0.015352448838439904
	bin: 4.0 rank: 0.024801166455136036
	bin: 1.0 rank: 0.04907319396633083
	bin: 0.0 rank: 0.08578881171200692
acceptable_ratio: 0
addr: 1528 ri: 6853
bin target: 226226176
	bin: 0.0 current capacity: 473.06876977150984  avg impact: 486.64380510944943
	bin: 1.0 current capacity: 484.1721804431276  avg impact: 608.7589940432003
	bin: 2.0 current capacity: 503.001185087401  avg impact: 629.7031739421701
	bin: 3.0 current capacity: 512.0  avg impact: 703.2207274899965
	bin: 4.0 current capacity: 496.96527792753557  avg impact: 650.9295142220855
num_full_bins: 1
printing bin ranks sorted:
	bin: 3.0 rank: 0.0
	bin: 2.0 rank: 0.014290566230217887
	bin: 4.0 rank: 0.023097311988429594
	bin: 1.0 rank: 0.04571237522430363
	bin: 0.0 rank: 0.07999943658942558
acceptable_ratio: 0
addr: 1528 ri: 7438
bin target: 226226176
	bin: 0.0 current capacity: 473.06876977150984  avg impact: 534.4343575166121
	bin: 1.0 current capacity: 484.1721804431276  avg impact: 669.4292697941373
	bin: 2.0 current capacity: 503.001185087401  avg impact: 692.7460303090655
	bin: 3.0 current capacity: 512.0  avg impact: 773.3813257047673
	bin: 4.0 current capacity: 496.96527792753557  avg impact: 716.0060111169452
num_full_bins: 1
printing bin ranks sorted:
	bin: 3.0 rank: 0.0
	bin: 2.0 rank: 0.012990063484859258
	bin: 4.0 rank: 0.020998038897761164
	bin: 1.0 rank: 0.04156946941598475
	bin: 0.0 rank: 0.07284567258997765
acceptable_ratio: 0
addr: 1528 ri: 8465
bin target: 226226176
	bin: 0.0 current capacity: 473.06876977150984  avg impact: 617.7382991435969
	bin: 1.0 current capacity: 484.1721804431276  avg impact: 775.9393094457822
	bin: 2.0 current capacity: 503.001185087401  avg impact: 803.4212670420598
	bin: 3.0 current capacity: 512.0  avg impact: 896.5521536818092
	bin: 4.0 current capacity: 496.96527792753557  avg impact: 830.2514167768102
num_full_bins: 1
printing bin ranks sorted:
	bin: 3.0 rank: 0.0
	bin: 2.0 rank: 0.011200618258127218
	bin: 4.0 rank: 0.018108637659218944
	bin: 1.0 rank: 0.03586339706999575
	bin: 0.0 rank: 0.06302220581508804
acceptable_ratio: 0
addr: 1528 ri: 9529
bin target: 226226176
	bin: 0.0 current capacity: 473.06876977150984  avg impact: 704.0434538574351
	bin: 1.0 current capacity: 484.1721804431276  avg impact: 886.2866144013326
	bin: 2.0 current capacity: 503.001185087401  avg impact: 917.4673643424888
	bin: 3.0 current capacity: 512.0  avg impact: 1024.1604895801272
	bin: 4.0 current capacity: 496.96527792753557  avg impact: 948.6127718129311
num_full_bins: 1
printing bin ranks sorted:
	bin: 3.0 rank: 0.0
	bin: 2.0 rank: 0.009808321540731945
	bin: 4.0 rank: 0.01584916682465805
	bin: 1.0 rank: 0.03139821712829262
	bin: 0.0 rank: 0.05529662979633859
acceptable_ratio: 0
Final saturation:
	0.0,209024489.78600207
	1.0,213930509.58443505
	2.0,222250067.62849796
	3.0,226226176.0
	4.0,219583114.12172574
DUMP LEASES
0, 5d0, 27e7, 0, 1 
0, 5cc, 180e, 0, 1 
0, 5f8, 43e, d52, 0.7389063227582856 
0, 5fc, bd9, 0, 1 
0, 5f4, 119b, 0, 1 
0, 5e0, 96, 0, 1 
0, 5c4, 8, 0, 1 
0, 1c4, 1, 0, 1 
Dump dual leases

