sample rate: 0.00390625
448,
	[129,1]

1556,
	[2,523]
	[4,1157]
	[3,13852]

1520,
	[4,15324]
	[8236,1]
	[3,228]
	[5,258]
	[6,16]
	[2,2]
	[7,1]

1516,
	[4,464]
	[6,248]
	[-4370,783]
	[52,5]
	[76,2]
	[7,5]
	[5,3]

1524,
	[4,239]
	[8,466]
	[9,3]
	[3,14985]
	[6,13889]
	[7,1159]
	[5,3]

1548,
	[4,669]
	[12192,1]
	[12201,1]
	[11848,1]
	[13816,1]
	[5,4]
	[13310,1]
	[-4370,27]
	[14892,1]
	[12616,1]
	[11544,1]
	[12336,1]
	[12907,1]
	[11952,1]
	[14272,1]
	[12104,1]
	[13872,1]
	[12144,1]

1552,
	[8,459]
	[2,13218]
	[6,13181]
	[7,887]
	[12692,1]
	[3,720]
	[4,223]
	[11522,611]
	[11518,588]
	[12166,1]
	[11491,102]
	[11487,107]
	[11507,25]
	[11524,35]
	[11519,10]
	[11536,1]
	[12369,1]
	[11511,4]
	[12782,1]
	[11706,1]
	[11508,7]
	[11489,9]
	[11546,1]
	[11520,29]
	[12193,1]
	[11515,2]
	[11471,23]
	[11547,1]
	[11504,12]
	[11924,1]
	[12189,1]
	[11543,2]
	[9,8]
	[11512,5]
	[11727,1]
	[12930,1]
	[11495,4]
	[11523,12]
	[11493,10]
	[11502,95]
	[12583,1]
	[12227,1]
	[12002,1]
	[11983,1]
	[12334,1]
	[11492,8]
	[11499,2]
	[12028,1]
	[12036,1]
	[12070,1]
	[12207,1]
	[12130,1]
	[11593,1]
	[13502,1]
	[12667,1]
	[11743,1]
	[11666,1]
	[12170,2]
	[11627,1]
	[11503,8]
	[12008,1]
	[12098,1]
	[11805,1]
	[11578,1]
	[12790,1]
	[13603,1]
	[12078,1]
	[11970,1]
	[11488,1]
	[12392,1]
	[13249,1]
	[13290,1]
	[12266,1]
	[11530,2]
	[11514,9]
	[11483,1]
	[11526,1]
	[11506,86]
	[11473,2]
	[11475,18]
	[11934,1]
	[12938,1]
	[12026,1]
	[11472,1]
	[11527,1]
	[11496,1]
	[12083,2]
	[12159,1]
	[12273,1]
	[13530,1]
	[12122,1]
	[11746,1]
	[11545,2]
	[14047,1]
	[12318,1]
	[12734,1]
	[12570,1]
	[12410,1]
	[11513,1]
	[12568,1]
	[11978,1]
	[12105,1]
	[12259,1]
	[11609,1]
	[12222,1]
	[12350,1]
	[11476,1]
	[14169,1]
	[13036,1]
	[12108,2]
	[12686,1]
	[12868,1]
	[12717,1]
	[11891,1]
	[11516,5]
	[12267,1]
	[11833,1]
	[14378,1]
	[15080,1]
	[12072,1]
	[11542,2]
	[11490,1]
	[11500,1]
	[12035,1]
	[12046,2]
	[13566,1]
	[11922,1]
	[11906,1]
	[13971,1]
	[12746,1]
	[12586,1]
	[11742,1]
	[12087,1]
	[11618,1]
	[11477,1]
	[13572,1]
	[11576,1]
	[11766,1]
	[12082,1]
	[12298,1]

1544,
	[2,263]

len(carl_order):
18
Printing carl assignment order:
1544,2,0.5
1556,4,0.3288587762015668
1520,7,0.24973179351255836
1548,4,0.23391608391608393
1524,9,0.21784479337906015
1552,2,0.21571251387166265
1552,7,0.213315333238596
1552,8,0.19053549190535493
1516,6,0.08795669824086604
1548,5,0.08695652173913043
448,129,0.007751937984496124
1516,7,0.006289308176100629
1552,9,0.0041025641025641026
1516,52,0.00014064697609001407
1520,8236,0.00012152144853566654
1516,76,0.00010615711252653928
1552,15080,8.661588353330363e-05
1548,14892,2.5257627803596685e-05
bin_width: 4898706
assigning lease 2 to address 1544
Average Cache Occupancy Per Bin: [0.00,0.00,0.00,0.00,0.00]
Total cost: 29184.0
assigning lease 4 to address 1556
Average Cache Occupancy Per Bin: [0.50,0.50,0.49,0.50,0.48]
Total cost: 2497280.0
assigning lease 7 to address 1520
Average Cache Occupancy Per Bin: [1.18,1.16,1.14,1.16,1.14]
Total cost: 5786624.0
assigning lease 4 to address 1548
Average Cache Occupancy Per Bin: [1.21,1.19,1.17,1.19,1.17]
Total cost: 5938176.0
assigning lease 9 to address 1524
Average Cache Occupancy Per Bin: [2.67,2.64,2.66,2.67,2.66]
Total cost: 13117184.0
assigning lease 2 to address 1552
Average Cache Occupancy Per Bin: [3.31,3.28,3.30,3.31,3.31]
Total cost: 16223488.0
assigning lease 7 to address 1552
Average Cache Occupancy Per Bin: [4.03,4.04,4.04,4.04,4.05]
Total cost: 19764736.0
assigning lease 8 to address 1552
Average Cache Occupancy Per Bin: [4.05,4.06,4.06,4.06,4.07]
Total cost: 19883008.0
assigning lease 6 to address 1516
Average Cache Occupancy Per Bin: [4.12,4.16,4.15,4.15,4.16]
Total cost: 20210176.0
assigning lease 5 to address 1548
Average Cache Occupancy Per Bin: [4.12,4.16,4.15,4.15,4.16]
Total cost: 20212224.0
assigning lease 129 to address 448
Average Cache Occupancy Per Bin: [4.13,4.16,4.15,4.15,4.16]
Total cost: 20245248.0
assigning lease 7 to address 1516
Average Cache Occupancy Per Bin: [4.13,4.17,4.16,4.16,4.16]
Total cost: 20274176.0
assigning lease 9 to address 1552
Average Cache Occupancy Per Bin: [4.15,4.19,4.18,4.18,4.19]
Total cost: 20372224.0
assigning lease 52 to address 1516
Average Cache Occupancy Per Bin: [4.42,4.61,4.58,4.58,4.55]
Total cost: 21673984.0
assigning lease 8236 to address 1520
Average Cache Occupancy Per Bin: [4.85,4.61,4.58,4.58,4.55]
Total cost: 23780608.0
assigning lease 76 to address 1516
Average Cache Occupancy Per Bin: [4.99,4.84,4.79,4.79,4.75]
Total cost: 24474880.0
assigning lease 15080 to address 1552
Average Cache Occupancy Per Bin: [235.,226.,251.,243.,239.]
Total cost: 1151662080.0
assigning lease 14892 to address 1548
Average Cache Occupancy Per Bin: [239.,235.,258.,249.,242.]
Total cost: 1175499776.0
Final saturation:
	0.0,1175499776.0
	1.0,1155530496.0
	2.0,1266724608.0
	3.0,1222196736.0
	4.0,1190304000.0
DUMP LEASES
0, 1c0, 81, 0, 1 
0, 614, 4, 0, 1 
0, 5f0, 202c, 0, 1 
0, 5ec, 4c, 0, 1 
0, 5f4, 9, 0, 1 
0, 60c, 3a2c, 0, 1 
0, 610, 3ae8, 0, 1 
0, 608, 2, 0, 1 
Dump dual leases

