sample rate: 0.00390625
1460,
	[1444,6154]
	[1,84]
	[1445,10]
	[-4370,400]

1472,
	[65,87]
	[89,2]
	[57,4]

1560,
	[1,6487]
	[4,6346]
	[2,88]
	[5,105]
	[3,104]

1576,
	[3,6405]
	[2,105]

1556,
	[5603,8]
	[5600,5868]
	[5601,222]
	[-4370,405]
	[5602,1]
	[519115,1]
	[73870,1]
	[771207,1]
	[650630,1]

1700,
	[1,88]
	[6,93]
	[2,5984]
	[5068,1]
	[2509,268]
	[2534,2]
	[2572,1]
	[2523,5]
	[2555,4]
	[4989,1]
	[2573,14]
	[2527,1]
	[2528,3]
	[2524,3]
	[2510,2]
	[2568,2]
	[2558,2]
	[2569,2]
	[2532,2]
	[2540,1]
	[2557,2]
	[2550,3]
	[5281,1]
	[2560,1]
	[2535,4]
	[2548,1]
	[2521,4]
	[2526,2]
	[2513,2]
	[2551,3]
	[2517,2]
	[2516,1]
	[2515,2]
	[2567,2]
	[2565,4]
	[7097,1]
	[4000,1]
	[2536,1]
	[2525,1]
	[2559,2]
	[2545,1]
	[2538,3]
	[2512,1]
	[2514,1]
	[2537,4]
	[2556,2]
	[2570,3]
	[5361,1]
	[6167,1]
	[2563,1]
	[2546,1]
	[2554,1]
	[2531,1]
	[2530,1]
	[2571,1]
	[2547,1]
	[6787,1]
	[2543,1]
	[5037,1]
	[5464,1]
	[6074,1]
	[2529,2]
	[6043,1]
	[3877,1]
	[2566,1]
	[2533,1]
	[3563,1]
	[5113,1]
	[5769,1]
	[2539,1]

1672,
	[1,109]
	[6,91]
	[2,5663]
	[2507,246]
	[4,304]
	[2508,42]
	[5,42]
	[2520,1]
	[3,52]
	[2571,16]
	[2542,2]
	[2523,2]
	[2552,2]
	[2511,2]
	[2547,2]
	[4426,1]
	[2566,4]
	[2522,2]
	[2543,1]
	[2541,4]
	[2528,4]
	[2512,3]
	[2555,1]
	[-4370,377]
	[2562,2]
	[2536,4]
	[2519,1]
	[2529,3]
	[2539,2]
	[2527,3]
	[2521,2]
	[3815,1]
	[2526,3]
	[2544,3]
	[2561,2]
	[2564,3]
	[3999,1]
	[2534,1]
	[2549,2]
	[2509,2]
	[2514,2]
	[2516,1]
	[2554,2]
	[2537,1]
	[2558,2]
	[2517,1]
	[2532,1]
	[2518,2]
	[5483,2]
	[2569,1]
	[2551,3]
	[2559,1]
	[6413,2]
	[6537,1]
	[7095,1]
	[6439,1]
	[2525,2]
	[6971,1]
	[2515,1]
	[2550,2]
	[2880,1]
	[2563,2]
	[2548,2]
	[5402,1]
	[2513,2]
	[2531,1]
	[2545,2]
	[2530,1]
	[2553,1]
	[3251,1]
	[2560,1]
	[6165,1]
	[2699,1]
	[2570,1]
	[235714,1]
	[306808,1]
	[322310,1]
	[278408,1]
	[374488,1]

1712,
	[2,97]
	[5869,1]
	[5991,1]
	[5930,1]
	[3856,1]

1676,
	[2,110]
	[384,5]
	[69,3]
	[815,2]
	[139,7]
	[1325,3]
	[1688,3]
	[279,6]
	[271,5]
	[1382,5]
	[713,4]
	[1087,3]
	[1461,2]
	[34,7]
	[2222,1]
	[407,4]
	[543,5]
	[1359,2]
	[1421,1]
	[747,5]
	[1495,1]
	[509,5]
	[1620,4]
	[1324,1]
	[2062,8]
	[1756,4]
	[2195,1]
	[2207,2]
	[314,8]
	[311,1]
	[1042,1]
	[1427,3]
	[1189,4]
	[504,2]
	[203,2]
	[1314,5]
	[2141,1]
	[2202,1]
	[104,5]
	[466,1]
	[1214,1]
	[1221,1]
	[1654,5]
	[1563,4]
	[1926,7]
	[-4370,53]
	[577,5]
	[639,1]
	[1076,2]
	[1892,7]
	[1223,4]
	[1590,1]
	[1964,1]
	[2028,4]
	[670,2]
	[1121,3]
	[883,2]
	[1246,3]
	[1996,1]
	[1008,5]
	[349,1]
	[1824,6]
	[1586,5]
	[1597,3]
	[239,2]
	[611,5]
	[5512,2]
	[2226,3]
	[2211,1]
	[1019,3]
	[2200,1]
	[33,4]
	[770,2]
	[1529,5]
	[465,1]
	[1287,1]
	[985,2]
	[2197,4]
	[1416,1]
	[1801,3]
	[1858,4]
	[441,5]
	[2000,1]
	[1694,1]
	[2130,4]
	[1450,3]
	[1897,1]
	[2219,1]
	[475,2]
	[1960,2]
	[2182,1]
	[917,2]
	[1724,1]
	[305,1]
	[1790,2]
	[4706,2]
	[1556,1]
	[135,1]
	[2183,1]
	[2213,1]
	[348,1]
	[173,1]
	[906,1]
	[974,1]
	[4644,1]
	[1484,3]
	[2217,2]
	[67,4]
	[949,1]
	[1767,1]
	[2223,1]
	[1257,3]
	[1994,2]
	[951,4]
	[1766,1]
	[1722,2]
	[2188,2]
	[940,2]
	[702,1]
	[103,1]
	[101,1]
	[174,1]
	[1348,3]
	[872,1]
	[209,4]
	[1518,4]
	[1868,1]
	[1931,1]
	[2201,1]
	[566,1]
	[1691,1]
	[635,1]
	[1971,2]
	[169,1]
	[1665,3]
	[2212,1]
	[645,2]
	[2185,2]
	[849,5]
	[1291,2]
	[2199,2]
	[804,1]
	[2205,1]
	[237,1]
	[1552,2]
	[2221,1]
	[1698,1]
	[1393,1]
	[839,1]
	[1592,1]
	[2179,1]
	[244,5]
	[2096,1]
	[1492,1]
	[1178,1]
	[874,1]
	[1625,1]
	[1351,1]
	[136,1]
	[1699,1]
	[2229,1]
	[1050,1]
	[1112,1]
	[2216,2]
	[276,1]
	[344,1]
	[2178,1]
	[1144,1]
	[532,1]
	[1183,1]
	[781,1]
	[1280,1]
	[138,1]
	[2191,1]
	[404,1]
	[1212,2]
	[2181,1]
	[2227,1]
	[741,1]
	[2203,1]
	[638,1]
	[2180,1]

1812,
	[1447,138]
	[1446,40865]
	[1830,10]
	[2161,14]
	[2325,11]
	[2648,10]
	[2812,6]
	[2890,2817315]
	[2891,5966]
	[2894,38530]
	[2892,146208]
	[2893,1483]
	[2888,785509]
	[2889,4263]
	[2884,109]
	[2882,97]
	[2878,101]
	[2870,89]
	[2864,95]
	[2849,20]
	[2848,858]
	[2846,12404]
	[2850,89]
	[2862,91]
	[2866,82]
	[2872,90]
	[2524,8]
	[2184,9]
	[2108,7]
	[1934,11]
	[1711,10]
	[1565,10]
	[1888,9]
	[2180,11]
	[2569,9]
	[2763,8]
	[2856,109]
	[2854,83]
	[2886,47610]
	[2682,13]
	[2587,9]
	[2571,6]
	[2426,5]
	[2220,7]
	[1979,8]
	[1723,10]
	[1476,11]
	[1603,7]
	[1995,14]
	[2463,9]
	[2858,95]
	[2852,97]
	[2880,85]
	[2556,14]
	[2277,11]
	[2159,16]
	[2139,8]
	[2009,10]
	[1808,11]
	[1452,12]
	[1743,10]
	[2494,10]
	[2857,5]
	[2887,917]
	[2874,82]
	[2638,7]
	[2511,17]
	[2338,6]
	[2267,8]
	[1629,7]
	[1519,7]
	[1448,105]
	[1641,6]
	[1736,10]
	[1785,7]
	[1810,10]
	[1825,9]
	[1832,8]
	[1836,11]
	[2110,8]
	[2517,8]
	[2722,3]
	[2827,12]
	[2879,12]
	[2868,91]
	[1658,7]
	[2111,6]
	[2335,8]
	[2690,8]
	[2865,12]
	[2847,29]
	[2860,89]
	[2859,11]
	[2671,11]
	[2455,10]
	[1728,4]
	[1571,9]
	[1531,11]
	[1524,10]
	[1727,9]
	[2190,10]
	[2424,6]
	[2778,8]
	[2436,11]
	[2144,10]
	[1714,7]
	[2135,9]
	[2347,9]
	[2725,12]
	[2012,4]
	[1577,10]
	[1713,13]
	[2051,7]
	[2495,5]
	[2876,93]
	[2319,11]
	[2202,9]
	[2023,11]
	[1770,10]
	[1938,9]
	[2263,9]
	[2428,8]
	[2510,7]
	[2823,7]
	[2830,9]
	[2378,7]
	[2294,10]
	[2133,5]
	[1915,3]
	[1572,13]
	[1889,12]
	[2124,12]
	[2244,9]
	[2541,12]
	[2693,10]
	[2584,4]
	[2027,14]
	[1532,9]
	[1600,10]
	[2037,11]
	[2253,8]
	[2636,9]
	[2697,10]
	[2644,8]
	[2155,10]
	[2116,12]
	[1485,15]
	[1451,13]
	[1692,14]
	[1814,12]
	[2117,8]
	[2266,7]
	[2342,6]
	[2652,9]
	[2547,7]
	[2393,12]
	[2366,7]
	[2233,9]
	[1930,9]
	[1879,11]
	[1488,11]
	[1651,8]
	[2062,10]
	[2222,15]
	[2576,11]
	[2345,4]
	[2178,7]
	[2151,7]
	[2017,13]
	[1786,9]
	[1966,8]
	[2296,8]
	[2731,4]
	[1666,8]
	[2532,5]
	[-4370,348]
	[2698,14]
	[2466,11]
	[1968,7]
	[1725,14]
	[1646,9]
	[2061,8]
	[2270,10]
	[2377,7]
	[2430,8]
	[2469,7]
	[2748,5]
	[1699,6]
	[1602,7]
	[2598,8]
	[2741,6]
	[2399,4]
	[1579,11]
	[1553,8]
	[1530,7]
	[1700,6]
	[2026,7]
	[2461,10]
	[2679,12]
	[2835,7]
	[2651,7]
	[2620,10]
	[1795,6]
	[1521,13]
	[1559,5]
	[1819,8]
	[2221,10]
	[2696,6]
	[2669,8]
	[2125,10]
	[2001,8]
	[1980,10]
	[1784,8]
	[1750,3]
	[1522,13]
	[1464,8]
	[1454,9]
	[1481,12]
	[1961,11]
	[2473,9]
	[2416,14]
	[2226,7]
	[1669,8]
	[1821,8]
	[2171,9]
	[2615,5]
	[2470,7]
	[1983,13]
	[1838,7]
	[1801,10]
	[1791,12]
	[1789,10]
	[1652,7]
	[1457,8]
	[2131,7]
	[2604,7]
	[2844,1241]
	[2482,9]
	[2331,7]
	[2150,8]
	[1677,11]
	[1793,11]
	[2088,9]
	[2239,13]
	[2314,10]
	[2350,12]
	[2609,9]
	[2739,10]
	[2762,7]
	[2634,7]
	[2450,7]
	[2238,11]
	[2011,9]
	[1763,10]
	[2018,8]
	[2397,7]
	[2586,10]
	[2845,31]
	[1871,11]
	[1702,9]
	[1659,9]
	[1662,7]
	[1846,8]
	[2614,9]
	[2,9]
	[2740,4]
	[2197,4]
	[2038,10]
	[1742,10]
	[1965,7]
	[2077,9]
	[2375,10]
	[2761,11]
	[2779,9]
	[2156,7]
	[1993,7]
	[1601,10]
	[1497,12]
	[1816,9]
	[2016,10]
	[2390,7]
	[2814,8]
	[2747,17]
	[2701,9]
	[2553,5]
	[1923,7]
	[2046,8]
	[2106,11]
	[2379,9]
	[2515,6]
	[2855,6]
	[2808,6]
	[2370,7]
	[2287,11]
	[1884,9]
	[1732,12]
	[1586,7]
	[1517,11]
	[1647,13]
	[1818,10]
	[1904,10]
	[2219,14]
	[2730,17]
	[2732,8]
	[2822,16]
	[2660,13]
	[2231,12]
	[2129,8]
	[1461,6]
	[1599,9]
	[2076,11]
	[2315,6]
	[2433,13]
	[2735,11]
	[2785,9]
	[1942,8]
	[1783,12]
	[1755,7]
	[1668,11]
	[1876,10]
	[2252,7]
	[2678,11]
	[2807,7]
	[2625,11]
	[2414,14]
	[1899,11]
	[1766,5]
	[1731,6]
	[1588,6]
	[1511,9]
	[1762,7]
	[2193,9]
	[2691,9]
	[2851,15]
	[2842,13]
	[1946,10]
	[1568,5]
	[1633,11]
	[1697,8]
	[1975,6]
	[2112,10]
	[2181,7]
	[2216,10]
	[2234,9]
	[2658,8]
	[2729,12]
	[2895,154]
	[2485,11]
	[2157,5]
	[1474,3]
	[1792,5]
	[1932,14]
	[2274,7]
	[2717,10]
	[1911,7]
	[1695,9]
	[1805,9]
	[2050,3]
	[2174,7]
	[2478,11]
	[2869,6]
	[2565,8]
	[2419,4]
	[2383,6]
	[2373,10]
	[2371,7]
	[1925,15]
	[1514,7]
	[1682,7]
	[2039,8]
	[2549,14]
	[2457,10]
	[1455,7]
	[1496,8]
	[1982,6]
	[2468,7]
	[2484,14]
	[2087,12]
	[1864,7]
	[1678,12]
	[1613,8]
	[1445,46]
	[1590,6]
	[1973,11]
	[2130,9]
	[2208,8]
	[2519,8]
	[2675,7]
	[2536,11]
	[2415,10]
	[2385,6]
	[2170,10]
	[1914,7]
	[1870,10]
	[1459,15]
	[1480,13]
	[1505,7]
	[1520,7]
	[1806,5]
	[2128,6]
	[1525,9]
	[1612,12]
	[1984,14]
	[2413,10]
	[2764,12]
	[2512,7]
	[2265,8]
	[2022,8]
	[1479,4]
	[1757,9]
	[2114,9]
	[2624,6]
	[2885,58]
	[1937,5]
	[1811,13]
	[1628,15]
	[1696,8]
	[2085,9]
	[2279,9]
	[2646,4]
	[2831,11]
	[2365,10]
	[1655,7]
	[1491,8]
	[2142,6]
	[2726,10]
	[1636,8]
	[2204,9]
	[2627,7]
	[2840,9]
	[2632,9]
	[1947,5]
	[1896,13]
	[2104,7]
	[2403,9]
	[2242,9]
	[1835,10]
	[1945,5]
	[2429,7]
	[2316,9]
	[1909,7]
	[1681,5]
	[1547,14]
	[1986,8]
	[2209,7]
	[2318,10]
	[2374,8]
	[2642,11]
	[2456,9]
	[2064,4]
	[1798,11]
	[1976,11]
	[2192,14]
	[2572,8]
	[2716,7]
	[1645,9]
	[1734,5]
	[1985,8]
	[2566,10]
	[2500,6]
	[2412,6]
	[2247,9]
	[2030,3]
	[1706,8]
	[2568,7]
	[2818,5]
	[1694,7]
	[1970,8]
	[2019,6]
	[2041,11]
	[2356,11]
	[1853,5]
	[1444,2048]
	[1780,10]
	[2258,5]
	[2769,8]
	[2458,10]
	[1954,5]
	[1468,10]
	[1861,9]
	[2094,5]
	[2210,11]
	[2506,8]
	[1605,11]
	[2003,5]
	[2476,5]
	[2710,13]
	[2843,9]
	[2626,12]
	[2280,13]
	[2073,7]
	[1460,7]
	[2053,9]
	[2787,12]
	[2759,10]
	[2754,8]
	[2546,10]
	[2105,4]
	[1760,13]
	[2522,9]
	[2650,7]
	[2605,4]
	[2561,10]
	[1462,5]
	[1557,8]
	[2031,10]
	[2540,10]
	[2793,8]
	[2557,9]
	[1833,10]
	[1536,7]
	[1685,11]
	[1895,10]
	[2459,4]
	[1657,3]
	[2059,6]
	[2328,11]
	[2531,8]
	[2837,8]
	[2421,8]
	[2254,5]
	[2035,7]
	[1513,11]
	[2015,8]
	[2493,11]
	[2689,14]
	[2521,9]
	[2376,7]
	[1880,9]
	[1620,8]
	[2033,9]
	[2256,16]
	[2480,10]
	[2756,9]
	[2616,9]
	[2120,7]
	[1469,8]
	[1653,13]
	[1893,11]
	[2250,4]
	[2432,10]
	[2460,8]
	[1635,10]
	[2313,7]
	[2724,8]
	[2873,7]
	[2132,11]
	[1745,11]
	[2647,7]
	[2418,7]
	[2166,9]
	[1617,11]
	[1748,4]
	[2339,7]
	[2518,6]
	[2608,11]
	[2782,5]
	[2684,5]
	[1758,14]
	[1584,5]
	[1716,8]
	[2052,10]
	[2714,11]
	[2883,8]
	[2713,14]
	[2505,9]
	[1664,8]
	[1558,9]
	[1543,10]
	[1898,8]
	[2195,11]
	[2694,7]
	[2749,9]
	[2562,12]
	[2490,9]
	[2096,9]
	[1865,10]
	[1470,9]
	[2176,5]
	[2654,6]
	[2507,11]
	[2164,13]
	[2592,9]
	[2832,11]
	[2618,5]
	[2391,12]
	[1834,10]
	[1660,7]
	[2423,5]
	[2641,8]
	[2442,13]
	[2198,9]
	[1715,9]
	[1698,7]
	[2148,8]
	[2780,7]
	[2044,5]
	[1747,7]
	[1493,7]
	[1598,10]
	[2113,2]
	[2453,6]
	[2719,8]
	[2619,4]
	[1881,5]
	[1823,7]
	[1512,6]
	[1642,11]
	[2146,7]
	[2298,11]
	[2581,7]
	[2721,7]
	[1892,13]
	[2312,7]
	[2875,5]
	[2683,7]
	[2575,9]
	[2542,7]
	[2334,6]
	[2299,10]
	[1878,8]
	[1981,5]
	[2367,7]
	[2489,6]
	[2496,8]
	[2499,10]
	[2501,7]
	[2774,6]
	[2750,8]
	[2451,8]
	[1971,10]
	[1739,9]
	[1450,4]
	[2481,6]
	[2699,6]
	[2645,8]
	[1761,11]
	[1582,4]
	[1726,8]
	[2593,9]
	[2723,13]
	[2437,9]
	[2389,12]
	[2028,14]
	[1539,5]
	[1882,10]
	[2227,6]
	[2400,12]
	[2487,8]
	[2631,6]
	[1775,10]
	[1608,6]
	[2308,7]
	[2514,7]
	[2799,9]
	[1875,6]
	[1845,9]
	[1710,18]
	[1621,11]
	[1787,10]
	[2109,12]
	[2757,9]
	[2841,7]
	[2674,7]
	[2513,8]
	[2310,9]
	[1774,9]
	[1683,15]
	[1643,5]
	[1977,7]
	[2838,9]
	[2784,6]
	[2637,8]
	[2162,9]
	[1580,9]
	[2086,13]
	[1962,10]
	[1687,10]
	[1482,9]
	[1718,15]
	[2224,11]
	[2720,7]
	[2738,9]
	[2477,6]
	[1740,11]
	[1634,5]
	[2797,12]
	[2306,10]
	[2078,10]
	[2069,12]
	[1931,13]
	[2337,10]
	[2751,10]
	[2803,5]
	[2464,5]
	[2406,2]
	[1998,8]
	[1933,8]
	[1679,8]
	[1615,9]
	[2525,9]
	[2777,4]
	[1999,5]
	[1807,9]
	[1772,8]
	[2191,7]
	[2503,10]
	[2585,11]
	[2599,5]
	[2775,6]
	[2550,9]
	[2177,8]
	[2082,6]
	[2067,9]
	[1902,6]
	[2896,51]
	[1494,14]
	[1857,9]
	[2368,14]
	[2667,11]
	[2573,3]
	[1562,8]
	[1674,10]
	[2141,9]
	[2404,9]
	[2361,12]
	[1949,10]
	[1862,4]
	[1729,8]
	[1788,8]
	[2103,16]
	[2249,9]
	[1591,10]
	[2462,11]
	[2555,14]
	[2794,11]
	[2445,7]
	[2357,9]
	[1503,11]
	[1873,9]
	[2295,10]
	[2706,7]
	[1483,10]
	[1508,9]
	[1564,11]
	[1574,7]
	[1851,7]
	[1992,9]
	[2523,7]
	[2074,11]
	[2020,13]
	[1556,7]
	[1820,8]
	[2283,10]
	[2099,12]
	[2068,10]
	[1506,8]
	[2014,11]
	[2752,8]
	[2351,13]
	[1951,12]
	[1924,9]
	[1919,12]
	[1675,6]
	[1765,4]
	[2333,7]
	[2825,7]
	[2820,12]
	[2612,3]
	[2578,13]
	[2172,6]
	[2613,10]
	[2772,12]
	[2791,7]
	[1627,19]
	[1509,8]
	[1680,8]
	[1804,6]
	[2597,8]
	[2488,8]
	[2248,7]
	[2212,15]
	[1676,11]
	[2498,13]
	[2138,15]
	[2829,8]
	[2670,17]
	[2169,6]
	[2630,4]
	[2863,10]
	[2709,8]
	[2707,11]
	[1670,10]
	[1794,11]
	[2097,5]
	[2824,7]
	[1705,9]
	[1548,5]
	[1941,5]
	[2344,6]
	[2260,6]
	[2217,7]
	[2058,7]
	[1859,8]
	[1950,14]
	[2354,11]
	[2422,8]
	[2728,9]
	[2276,7]
	[2107,8]
	[2063,10]
	[2048,8]
	[2324,6]
	[1535,12]
	[1500,8]
	[1972,6]
	[1767,11]
	[1592,9]
	[2688,10]
	[2401,12]
	[1940,9]
	[1549,6]
	[1797,9]
	[2744,12]
	[2544,14]
	[2223,7]
	[2447,12]
	[2802,7]
	[2788,7]
	[2602,7]
	[2092,12]
	[1996,13]
	[1550,5]
	[2200,6]
	[2352,6]
	[2623,7]
	[2577,10]
	[2340,10]
	[2300,14]
	[2262,10]
	[2673,7]
	[2343,6]
	[2000,7]
	[1958,6]
	[1528,12]
	[2695,6]
	[2301,8]
	[2165,5]
	[2160,9]
	[1952,13]
	[1916,8]
	[1473,9]
	[1661,9]
	[2474,6]
	[2187,8]
	[1782,9]
	[1467,3]
	[1607,9]
	[2392,8]
	[2548,9]
	[1854,8]
	[1453,8]
	[2278,8]
	[2440,8]
	[2649,7]
	[2600,13]
	[2596,6]
	[1490,9]
	[1541,7]
	[1991,12]
	[2737,6]
	[2871,5]
	[2214,6]
	[1704,11]
	[1609,8]
	[1534,9]
	[1796,10]
	[2055,9]
	[2185,7]
	[2776,10]
	[2821,10]
	[2734,7]
	[1905,7]
	[1918,6]
	[2446,13]
	[1872,9]
	[1499,9]
	[1735,10]
	[2538,11]
	[2733,5]
	[2833,9]
	[2152,9]
	[2070,8]
	[2056,7]
	[1913,7]
	[1495,8]
	[2007,10]
	[2471,9]
	[2551,9]
	[1567,13]
	[1510,4]
	[1841,7]
	[2005,10]
	[2492,4]
	[2813,3]
	[2786,8]
	[2362,10]
	[2119,10]
	[1712,8]
	[1555,8]
	[1638,10]
	[2237,7]
	[1960,8]
	[2454,3]
	[2402,8]
	[1611,7]
	[1492,11]
	[1778,5]
	[2563,5]
	[2543,5]
	[1456,10]
	[2834,8]
	[2867,6]
	[2792,7]
	[2024,11]
	[1575,9]
	[1771,3]
	[1974,7]
	[1773,12]
	[1477,9]
	[1928,9]
	[2269,10]
	[2526,6]
	[2712,7]
	[2245,7]
	[2229,11]
	[2084,7]
	[1877,6]
	[1637,9]
	[1578,8]
	[2072,10]
	[2002,10]
	[1719,14]
	[2273,6]
	[2607,7]
	[2711,8]
	[2736,4]
	[1990,6]
	[1849,4]
	[2243,10]
	[2257,7]
	[2534,7]
	[1869,10]
	[1922,8]
	[2504,7]
	[2643,7]
	[1484,10]
	[2143,13]
	[2363,5]
	[2745,3]
	[2663,6]
	[1630,12]
	[1472,7]
	[2297,6]
	[2123,5]
	[2021,9]
	[2071,7]
	[1596,9]
	[2574,12]
	[2395,8]
	[2045,6]
	[2079,5]
	[1927,6]
	[1863,10]
	[1852,11]
	[1866,10]
	[1753,9]
	[2207,4]
	[2708,7]
	[2766,10]
	[2326,7]
	[2758,5]
	[2582,4]
	[2199,9]
	[1842,6]
	[2288,10]
	[1824,10]
	[1498,9]
	[1935,5]
	[2127,8]
	[2154,7]
	[2431,12]
	[2360,10]
	[2558,9]
	[2681,6]
	[2743,8]
	[2425,13]
	[2610,11]
	[2441,7]
	[2282,9]
	[1730,6]
	[2158,10]
	[1648,8]
	[2530,10]
	[1707,12]
	[2653,9]
	[1626,8]
	[2409,12]
	[2668,6]
	[2590,9]
	[1585,12]
	[1815,8]
	[2196,5]
	[1501,6]
	[1523,13]
	[2291,12]
	[2465,8]
	[2444,17]
	[2251,6]
	[1936,9]
	[1926,6]
	[2539,5]
	[1595,12]
	[1799,10]
	[1900,5]
	[2826,6]
	[2449,11]
	[2665,11]
	[2275,6]
	[1813,9]
	[2828,8]
	[2100,5]
	[1701,9]
	[1654,8]
	[2047,7]
	[2380,6]
	[1587,10]
	[2137,6]
	[2386,8]
	[2817,3]
	[2603,5]
	[1684,8]
	[2773,8]
	[1860,8]
	[1610,11]
	[1625,7]
	[2509,10]
	[2705,6]
	[2075,11]
	[2353,10]
	[1738,9]
	[2475,8]
	[2839,7]
	[1649,10]
	[1544,9]
	[1988,5]
	[2008,9]
	[2163,6]
	[2552,10]
	[1967,10]
	[2702,6]
	[2134,7]
	[1957,9]
	[1560,11]
	[1619,6]
	[2115,3]
	[2606,8]
	[1632,8]
	[1566,10]
	[2292,6]
	[1569,6]
	[2284,7]
	[2491,7]
	[2819,3]
	[1581,10]
	[1542,7]
	[1874,8]
	[2771,13]
	[1803,9]
	[2235,5]
	[1487,5]
	[2182,12]
	[2118,11]
	[2304,3]
	[1776,6]
	[2672,6]
	[1963,11]
	[2659,6]
	[2032,5]
	[1822,8]
	[1689,6]
	[2029,12]
	[2302,8]
	[2439,9]
	[2508,3]
	[1449,10]
	[1856,6]
	[2040,8]
	[1671,11]
	[1779,6]
	[2145,7]
	[1546,6]
	[1997,12]
	[1554,7]
	[1978,4]
	[1624,8]
	[1650,6]
	[2346,7]
	[1463,10]
	[1744,8]
	[1597,14]
	[2025,11]
	[2800,4]
	[2311,5]
	[2861,4]
	[2289,6]
	[2639,8]
	[2809,5]
	[2805,3]
	[2804,6]
	[1944,13]
	[1693,7]
	[2520,4]
	[2317,4]
	[2102,11]
	[1891,3]
	[2042,7]
	[2153,10]
	[1781,6]
	[1529,4]
	[1593,10]
	[2483,7]
	[1929,3]
	[2320,10]
	[2718,7]
	[2516,16]
	[1897,8]
	[2628,6]
	[2700,8]
	[2617,10]
	[1471,7]
	[1526,3]
	[2173,4]
	[2435,6]
	[1839,10]
	[1724,9]
	[2408,12]
	[2330,7]
	[1667,11]
	[2240,8]
	[2271,5]
	[2564,8]
	[1759,8]
	[2497,8]
	[2479,5]
	[1903,11]
	[1589,9]
	[1868,13]
	[2382,10]
	[2715,6]
	[2010,7]
	[1606,5]
	[1777,8]
	[2394,10]
	[1901,11]
	[2836,8]
	[2186,9]
	[2798,11]
	[2213,13]
	[2321,7]
	[2232,8]
	[1516,5]
	[1673,7]
	[2261,7]
	[2881,8]
	[1465,5]
	[1538,8]
	[1809,8]
	[1829,7]
	[2098,7]
	[2290,6]
	[1790,5]
	[1708,8]
	[2225,8]
	[2595,8]
	[2579,6]
	[2381,11]
	[2293,11]
	[1486,6]
	[2126,5]
	[2537,11]
	[1720,8]
	[2281,4]
	[2657,8]
	[2434,7]
	[2554,4]
	[2727,9]
	[1959,12]
	[2387,3]
	[2594,9]
	[1614,6]
	[1943,6]
	[1604,6]
	[2057,10]
	[1754,6]
	[2241,9]
	[2396,7]
	[2405,11]
	[1504,4]
	[2704,7]
	[2767,5]
	[1890,2]
	[1768,9]
	[1515,6]
	[1964,3]
	[1987,11]
	[2443,5]
	[1665,8]
	[1812,5]
	[2570,13]
	[2795,7]
	[1741,9]
	[1623,8]
	[2140,9]
	[2438,8]
	[2811,2]
	[1573,9]
	[2676,11]
	[2215,5]
	[2533,4]
	[2611,5]
	[1756,11]
	[1907,8]
	[2060,4]
	[1837,7]
	[2246,7]
	[1847,12]
	[2388,10]
	[1561,11]
	[1639,6]
	[2753,13]
	[1489,9]
	[1540,9]
	[2303,14]
	[1690,4]
	[2095,11]
	[1867,5]
	[1703,3]
	[1826,6]
	[2635,9]
	[2203,6]
	[1733,11]
	[2815,6]
	[2179,4]
	[1840,8]
	[1618,3]
	[2305,4]
	[2286,10]
	[2372,7]
	[1721,6]
	[2121,6]
	[2633,3]
	[2255,6]
	[2640,8]
	[2742,5]
	[1828,6]
	[2760,5]
	[2528,9]
	[2341,8]
	[1722,7]
	[2452,6]
	[2801,4]
	[1885,5]
	[2090,2]
	[2560,14]
	[2189,7]
	[1631,6]
	[2601,6]
	[2664,10]
	[1551,6]
	[2417,5]
	[2527,5]
	[2407,8]
	[1858,7]
	[2666,6]
	[1920,4]
	[1989,7]
	[1855,4]
	[2502,7]
	[1594,9]
	[2448,6]
	[1686,7]
	[1583,2]
	[1831,5]
	[2036,7]
	[2677,11]
	[1956,7]
	[2201,4]
	[2183,4]
	[2420,6]
	[2662,9]
	[1994,7]
	[2230,11]
	[2236,4]
	[2081,6]
	[2188,6]
	[1458,4]
	[2765,8]
	[1518,10]
	[2049,8]
	[2348,4]
	[2332,3]
	[2329,5]
	[2535,11]
	[2327,8]
	[1507,6]
	[1709,1]
	[1616,10]
	[1800,9]
	[2136,4]
	[2080,8]
	[2013,6]
	[2806,9]
	[2309,3]
	[2093,4]
	[2746,2]
	[1466,7]
	[2703,10]
	[2589,4]
	[2816,5]
	[2206,9]
	[2472,10]
	[2661,6]
	[2467,6]
	[2384,9]
	[2066,6]
	[1921,6]
	[1908,5]
	[2168,8]
	[2622,9]
	[1688,10]
	[2364,6]
	[2336,7]
	[2083,11]
	[2545,8]
	[1844,5]
	[2853,7]
	[1883,8]
	[2770,7]
	[1848,7]
	[1886,8]
	[1749,6]
	[1622,4]
	[2796,13]
	[2685,5]
	[1576,8]
	[1906,4]
	[2194,6]
	[1751,8]
	[2529,7]
	[2272,11]
	[2783,6]
	[1939,6]
	[2034,5]
	[2065,9]
	[1764,6]
	[2686,3]
	[2175,9]
	[1887,8]
	[1912,4]
	[2211,5]
	[2091,8]
	[2398,9]
	[2768,2]
	[1827,6]
	[1443,6]
	[2218,7]
	[2588,6]
	[1545,7]
	[2228,3]
	[2789,4]
	[2322,6]
	[1672,5]
	[2559,3]
	[2790,4]
	[2259,7]
	[2358,6]
	[2122,6]
	[1910,7]
	[1737,3]
	[1537,3]
	[1717,3]
	[1802,6]
	[2486,5]
	[1917,7]
	[2167,9]
	[2089,3]
	[1953,4]
	[1478,7]
	[1644,2]
	[2101,8]
	[2692,6]
	[1552,3]
	[1640,3]
	[2043,5]
	[1656,7]
	[2323,7]
	[2687,4]
	[2656,5]
	[2810,3]
	[2567,6]
	[1752,5]
	[2359,5]
	[1843,5]
	[2781,5]
	[2369,8]
	[2755,6]
	[1533,5]
	[2004,4]
	[2410,5]
	[2285,4]
	[2621,3]
	[2629,7]
	[2205,5]
	[2583,8]
	[2411,4]
	[2580,8]
	[1570,6]
	[1691,8]
	[1527,9]
	[1948,6]
	[2680,7]
	[1955,6]
	[2006,1]
	[2427,6]
	[1502,4]
	[1850,2]
	[1663,4]
	[1746,1]
	[2149,4]
	[2355,4]
	[1894,4]
	[1817,2]
	[1769,4]
	[2877,4]
	[1969,4]
	[2264,4]
	[2591,2]
	[2147,5]
	[2655,3]
	[1563,3]
	[2268,3]
	[2307,2]
	[2349,2]

1816,
	[1,60742]
	[2890,2739669]
	[2,60247]
	[2892,41483]
	[2888,776038]
	[-4370,240645]
	[2891,3801]
	[2889,3323]
	[2848,789]
	[2846,12184]
	[2887,788]
	[2893,486]
	[2847,19]
	[2845,19]
	[2849,17]
	[2894,35]
	[3,18]
	[2886,47312]
	[2844,1260]
	[2843,3]
	[2885,36]
	[2850,2]
	[527434,3]
	[486976,1]
	[485530,1]
	[484052,3]
	[484054,4]
	[482606,2]
	[481192,14]
	[481191,1]
	[481190,3]
	[478300,1]
	[473596,4]
	[470770,2]
	[469296,6]
	[469294,3]
	[467851,1]
	[467852,10]
	[467850,1]
	[466376,6]
	[466378,7]
	[466408,4]
	[464932,5]
	[464934,2]
	[440448,2]
	[440446,1]
	[440544,2]
	[437842,10]
	[437840,3]
	[437841,2]
	[437872,2]
	[436398,1]
	[436362,2]
	[436361,1]
	[434918,9]
	[434946,1]
	[434916,2]
	[433472,14]
	[433471,2]
	[433504,2]
	[432058,2]
	[430614,5]
	[430613,1]
	[429166,8]
	[429168,17]
	[429196,3]
	[427722,9]
	[427721,1]
	[427690,8]
	[427718,2]
	[427688,7]
	[427687,1]
	[426244,4]
	[426241,1]
	[424826,7]
	[424796,6]
	[424828,8]
	[423382,13]
	[423380,3]
	[421936,6]
	[421966,2]
	[421934,2]
	[420490,8]
	[420488,4]
	[420520,3]
	[419046,5]
	[419014,5]
	[419012,2]
	[394462,2]
	[394492,4]
	[394490,3]
	[393014,1]
	[393046,7]
	[393044,5]
	[391600,12]
	[391599,1]
	[391630,3]
	[390184,11]
	[390152,5]
	[388706,12]
	[388704,5]
	[388705,1]
	[387258,1]
	[387226,4]
	[385782,18]
	[385812,3]
	[384336,3]
	[384369,1]
	[384370,20]
	[384368,4]
	[382954,4]
	[382923,1]
	[382924,9]
	[381508,8]
	[381478,15]
	[381476,9]
	[380032,11]
	[380030,24]
	[378612,1]
	[378614,4]
	[378584,20]
	[378582,2]
	[377138,10]
	[375724,7]
	[375722,2]
	[374278,1]
	[372832,2]
	[372834,8]
	[348282,7]
	[348280,6]
	[348276,1]
	[348278,3]
	[346804,22]
	[346802,10]
	[346803,1]
	[346834,1]
	[345358,22]
	[345356,9]
	[345357,1]
	[345388,7]
	[343911,2]
	[343912,10]
	[343909,1]
	[343910,14]
	[343908,5]
	[343940,6]
	[342464,24]
	[342463,1]
	[342461,1]
	[342462,6]
	[342494,4]
	[342493,1]
	[341017,1]
	[341018,26]
	[341016,3]
	[341048,5]
	[339572,27]
	[339570,3]
	[339571,1]
	[339538,3]
	[338095,1]
	[338094,10]
	[338096,2]
	[338126,2]
	[336650,8]
	[336648,9]
	[336680,10]
	[336682,5]
	[336681,1]
	[335236,13]
	[335234,16]
	[335232,1]
	[335235,1]
	[335266,2]
	[333790,19]
	[333788,14]
	[333789,2]
	[333791,1]
	[333820,7]
	[333786,1]
	[333787,1]
	[332342,31]
	[332343,1]
	[330896,1]
	[330893,1]
	[330894,2]
	[330864,3]
	[329418,24]
	[372749,1]
	[329416,3]
	[329448,8]
	[329447,1]
	[329417,2]
	[329419,1]
	[327972,14]
	[327970,1]
	[328002,5]
	[328001,1]
	[328003,1]
	[328004,1]
	[328006,11]
	[326560,20]
	[326558,11]
	[326590,5]
	[326589,1]
	[326556,1]
	[326206,1]
	[326082,1]
	[325807,1]
	[325762,1]
	[325602,1]
	[302008,3]
	[302010,3]
	[302004,10]
	[302002,1]
	[302036,3]
	[302038,3]
	[302006,4]
	[300562,21]
	[300590,6]
	[300558,1]
	[300560,6]
	[299116,7]
	[299114,1]
	[299084,13]
	[299112,2]
	[299111,1]
	[299082,1]
	[297668,5]
	[297667,1]
	[297665,1]
	[297666,3]
	[297636,5]
	[297634,6]
	[296190,12]
	[296188,1]
	[296220,14]
	[296222,13]
	[294776,33]
	[294806,2]
	[294775,1]
	[294774,5]
	[293329,1]
	[293330,29]
	[293360,4]
	[293328,4]
	[336581,1]
	[291884,12]
	[291914,4]
	[291886,15]
	[291885,1]
	[290426,4]
	[290424,7]
	[290423,1]
	[290360,3]
	[290359,1]
	[290330,4]
	[290297,1]
	[290298,9]
	[290266,6]
	[290232,6]
	[290230,1]
	[288788,14]
	[288818,4]
	[288786,7]
	[288787,2]
	[287376,26]
	[287374,8]
	[287373,1]
	[287375,2]
	[285930,16]
	[285928,9]
	[284486,40]
	[284484,6]
	[284483,1]
	[284485,1]
	[283042,31]
	[283040,7]
	[281598,25]
	[281597,2]
	[281600,6]
	[280156,23]
	[280155,2]
	[280154,8]
	[280012,1]
	[279974,1]
	[279743,1]
	[279703,1]
	[279072,1]
	[278960,1]
	[278768,1]
	[255638,1]
	[255636,2]
	[255670,1]
	[255697,1]
	[255700,2]
	[255698,5]
	[255732,3]
	[255764,4]
	[255762,2]
	[255799,1]
	[255798,3]
	[255796,3]
	[254350,26]
	[254348,7]
	[252902,6]
	[252904,26]
	[252903,1]
	[251458,12]
	[251456,16]
	[251457,1]
	[251455,2]
	[250010,36]
	[250008,1]
	[250009,1]
	[248564,32]
	[248563,1]
	[247118,29]
	[247116,1]
	[245672,20]
	[245671,2]
	[245674,24]
	[245673,2]
	[244227,2]
	[244228,24]
	[244226,4]
	[244224,1]
	[242782,18]
	[242780,3]
	[286103,1]
	[242750,2]
	[241304,20]
	[241303,1]
	[241302,8]
	[241301,1]
	[241334,7]
	[241333,1]
	[284610,1]
	[239858,22]
	[239857,2]
	[239856,4]
	[239888,6]
	[238413,1]
	[238412,16]
	[238411,2]
	[238410,8]
	[238409,1]
	[238442,5]
	[236966,22]
	[236964,5]
	[236996,5]
	[236965,1]
	[235520,24]
	[235518,8]
	[235516,1]
	[235550,8]
	[278820,1]
	[234075,1]
	[234076,8]
	[234074,14]
	[234044,6]
	[234043,2]
	[234073,1]
	[234042,2]
	[233984,1]
	[233953,1]
	[233723,1]
	[233666,1]
	[233655,1]
	[233514,1]
	[233205,1]
	[233153,1]
	[233007,1]
	[232814,1]
	[209490,8]
	[209492,4]
	[209520,9]
	[209522,8]
	[209521,1]
	[251371,1]
	[208044,11]
	[208042,8]
	[208074,5]
	[208075,2]
	[208076,3]
	[206630,18]
	[206628,2]
	[206660,5]
	[205184,10]
	[205183,1]
	[205214,4]
	[205181,1]
	[205182,8]
	[203736,26]
	[203735,2]
	[203734,2]
	[203765,1]
	[203766,4]
	[203764,1]
	[202290,8]
	[202258,17]
	[202288,7]
	[245583,1]
	[200842,11]
	[200812,12]
	[199396,7]
	[199395,1]
	[199366,3]
	[199397,1]
	[199398,4]
	[199400,10]
	[197984,4]
	[197954,16]
	[197952,2]
	[196538,7]
	[196507,1]
	[196508,11]
	[196506,10]
	[195092,5]
	[195062,14]
	[195060,7]
	[193646,3]
	[193616,17]
	[193614,5]
	[193615,1]
	[192200,7]
	[192199,1]
	[192170,13]
	[192168,4]
	[190756,18]
	[190754,3]
	[189310,28]
	[189309,2]
	[189308,5]
	[189307,2]
	[189311,1]
	[187864,17]
	[231101,1]
	[187862,3]
	[187863,1]
	[187792,1]
	[186943,1]
	[186670,1]
	[186505,1]
	[186422,1]
	[163314,6]
	[163312,2]
	[163313,1]
	[163310,9]
	[163308,3]
	[161866,18]
	[161864,5]
	[161865,1]
	[160420,11]
	[160419,2]
	[160418,7]
	[160417,1]
	[158974,11]
	[158973,1]
	[158972,5]
	[202260,1]
	[158971,1]
	[202267,1]
	[157526,17]
	[157525,2]
	[156080,14]
	[156079,2]
	[154634,17]
	[153188,14]
	[153187,1]
	[153190,4]
	[151744,12]
	[151743,2]
	[151742,7]
	[150298,14]
	[193605,1]
	[150296,3]
	[150295,1]
	[148852,11]
	[148851,1]
	[148850,3]
	[147406,7]
	[147404,10]
	[190745,1]
	[147403,1]
	[145960,18]
	[189295,1]
	[145958,5]
	[145956,1]
	[145959,1]
	[144482,5]
	[144481,1]
	[144512,5]
	[143037,1]
	[143036,6]
	[143035,1]
	[143034,9]
	[143032,1]
	[143066,7]
	[141589,1]
	[141590,12]
	[141588,13]
	[141620,5]
	[140863,1]
	[140360,1]
	[140264,1]
	[117040,3]
	[117039,1]
	[117038,1]
	[117036,4]
	[117066,4]
	[117068,2]
	[115620,1]
	[115622,14]
	[115621,1]
	[114176,15]
	[114142,1]
	[114144,2]
	[112698,8]
	[156024,1]
	[112728,8]
	[111252,12]
	[111282,3]
	[109806,10]
	[109834,2]
	[109836,1]
	[109804,1]
	[108360,8]
	[108390,8]
	[108359,1]
	[106914,8]
	[106944,6]
	[105456,8]
	[105455,1]
	[148778,1]
	[105454,6]
	[105390,8]
	[103945,3]
	[103946,5]
	[103976,11]
	[103975,1]
	[147241,1]
	[103944,4]
	[102502,4]
	[102534,7]
	[102533,1]
	[102532,7]
	[101090,6]
	[101087,1]
	[101088,4]
	[101086,1]
	[99646,11]
	[142952,1]
	[99645,1]
	[99644,4]
	[98202,12]
	[141456,1]
	[98200,4]
	[141519,1]
	[96756,7]
	[96758,4]
	[96757,1]
	[96755,3]
	[95314,12]
	[95312,7]
	[95054,1]
	[95003,1]
	[94612,1]
	[94482,1]
	[94460,1]
	[94329,1]
	[70794,2]
	[70796,2]
	[70828,2]
	[70826,1]
	[69380,10]
	[69379,1]
	[112653,1]
	[67934,11]
	[67933,1]
	[66487,1]
	[66488,3]
	[65042,15]
	[65041,1]
	[65040,1]
	[63596,5]
	[63595,1]
	[62150,15]
	[60704,11]
	[60702,2]
	[60703,1]
	[59258,8]
	[102527,1]
	[57812,9]
	[99701,1]
	[56366,10]
	[56365,1]
	[56364,1]
	[54920,15]
	[53474,13]
	[53473,1]
	[52028,11]
	[50582,4]
	[50581,1]
	[49136,13]
	[48451,1]
	[48118,1]
	[24584,5]
	[24582,3]
	[23138,4]
	[21692,3]
	[20246,4]
	[18800,8]
	[17354,6]
	[15906,5]
	[14459,1]
	[14460,6]
	[13014,3]
	[11568,4]
	[10122,9]
	[8676,6]
	[8675,1]
	[7230,4]
	[5785,1]
	[5786,5]
	[4339,1]
	[4338,1]
	[2727,1]
	[2647,1]
	[2405,1]
	[2344,1]
	[2327,1]
	[2326,1]
	[1948,1]
	[1663,1]
	[1584,1]

1828,
	[65,1673]
	[59,1702]
	[70,1832]
	[12,1758]
	[117,1736]
	[82,1784]
	[47,1719]
	[105,1683]
	[24,1717]
	[94,1654]
	[93,1533]
	[36,1572]
	[23,1482]
	[81,1418]
	[48,1546]
	[118,1437]
	[57,1322]
	[72,1300]
	[14,1313]
	[115,1426]
	[116,295]
	[84,1349]
	[45,1292]
	[103,1298]
	[26,1356]
	[38,1353]
	[91,1309]
	[21,1243]
	[50,1191]
	[79,1191]
	[120,1141]
	[114,758]
	[9,1161]
	[62,1263]
	[67,1247]
	[4,1176]
	[125,1042]
	[55,1150]
	[113,1198]
	[16,1127]
	[86,1116]
	[43,1112]
	[31,1068]
	[98,982]
	[89,1092]
	[40,1040]
	[111,924]
	[110,1043]
	[19,941]
	[77,950]
	[122,941]
	[64,937]
	[6,957]
	[76,872]
	[18,873]
	[88,866]
	[41,825]
	[30,772]
	[100,829]
	[29,756]
	[101,1003]
	[42,817]
	[54,803]
	[75,777]
	[5,732]
	[124,772]
	[66,738]
	[8,659]
	[109,639]
	[90,577]
	[39,572]
	[97,648]
	[32,582]
	[102,609]
	[27,607]
	[44,507]
	[56,535]
	[73,546]
	[3,491]
	[126,429]
	[68,466]
	[61,494]
	[10,460]
	[80,455]
	[49,423]
	[107,451]
	[92,394]
	[37,370]
	[95,431]
	[34,347]
	[104,363]
	[25,323]
	[46,321]
	[83,313]
	[13,293]
	[71,308]
	[128,239]
	[35,1589]
	[106,1539]
	[11,1528]
	[60,1439]
	[2,1385]
	[127,1294]
	[33,1253]
	[176,1]
	[7,926]
	[108,1242]
	[53,977]
	[99,833]
	[87,851]
	[121,642]
	[85,571]
	[15,547]
	[119,476]
	[22,364]
	[58,312]
	[69,1380]
	[96,1243]
	[28,1096]
	[52,1009]
	[112,772]
	[17,786]
	[78,674]
	[20,672]
	[123,896]
	[63,700]
	[74,1122]
	[51,676]
	[129,3]
	[177,5]
	[178,11]
	[237,6]
	[235,2]
	[241,6]
	[239,2]
	[236,3]
	[242,1]
	[228,1]
	[238,1]
	[172,1]
	[232,6]
	[173,1]
	[234,2]
	[161,1]

1836,
	[59,24]
	[93,10]
	[62,26]
	[57,22]
	[6,39]
	[52,35]
	[3,74]
	[18,31]
	[36,31]
	[2,45]
	[16,41]
	[26,36]
	[19,34]
	[9,38]
	[1,48]
	[58,24]
	[20,35]
	[14,38]
	[30,28]
	[13,44]
	[47,28]
	[31,33]
	[40,38]
	[73,16]
	[86,19]
	[37,53]
	[23,29]
	[61,19]
	[79,22]
	[39,28]
	[67,16]
	[63,24]
	[8,53]
	[25,35]
	[74,20]
	[51,34]
	[92,12]
	[65,23]
	[72,22]
	[85,19]
	[56,18]
	[50,35]
	[84,12]
	[60,28]
	[109,9]
	[10,44]
	[12,37]
	[28,41]
	[35,30]
	[21,37]
	[15,21]
	[80,12]
	[119,5]
	[102,13]
	[29,27]
	[7,44]
	[49,20]
	[76,25]
	[34,32]
	[54,21]
	[98,9]
	[114,8]
	[115,5]
	[38,22]
	[77,24]
	[90,18]
	[27,50]
	[44,39]
	[113,7]
	[117,7]
	[70,15]
	[66,14]
	[17,39]
	[53,29]
	[91,13]
	[81,15]
	[78,17]
	[89,14]
	[55,31]
	[48,25]
	[46,21]
	[104,6]
	[33,34]
	[32,19]
	[43,29]
	[94,17]
	[5,32]
	[4,38]
	[83,18]
	[45,27]
	[69,19]
	[11,22]
	[68,19]
	[41,24]
	[95,12]
	[97,8]
	[22,36]
	[24,20]
	[82,15]
	[103,8]
	[71,23]
	[99,11]
	[87,21]
	[123,2]
	[96,11]
	[88,8]
	[64,16]
	[122,1]
	[75,11]
	[107,7]
	[110,8]
	[111,5]
	[100,7]
	[108,3]
	[42,31]
	[124,2]
	[101,8]
	[116,6]
	[127,3]
	[112,6]
	[120,1]
	[105,6]
	[-4370,2]
	[118,2]
	[106,7]
	[126,2]
	[125,3]

1800,
	[13,4]
	[19,3]
	[23,2]
	[43,5]
	[-4370,26]
	[46,2]
	[54,5]
	[40,3]
	[58,4]
	[63,1]
	[22,4]
	[2,2]
	[79,4]
	[55,2]
	[49,2]
	[91,1]
	[97,1]
	[6,4]
	[110,3]
	[16,4]
	[47,2]
	[98,2]
	[94,1]
	[21,5]
	[104,1]
	[7,2]
	[11,3]
	[18,2]
	[26,2]
	[28,1]
	[15,1]
	[41,2]
	[50,3]
	[17,7]
	[30,4]
	[69,2]
	[37,4]
	[4,2]
	[33,4]
	[44,1]
	[59,2]
	[52,3]
	[100,2]
	[96,1]
	[71,2]
	[51,2]
	[8,4]
	[29,4]
	[25,4]
	[35,2]
	[20,3]
	[9,2]
	[67,2]
	[68,2]
	[87,2]
	[90,2]
	[95,2]
	[114,2]
	[36,1]
	[81,3]
	[85,1]
	[113,1]
	[12,2]
	[39,2]
	[48,1]
	[109,1]
	[62,1]
	[116,1]
	[3,3]
	[76,2]
	[14,1]
	[60,2]
	[83,1]
	[101,1]
	[111,1]
	[45,1]
	[70,2]
	[72,1]
	[103,1]
	[78,2]
	[56,1]
	[75,1]
	[106,1]
	[5,1]
	[24,1]
	[61,1]
	[10,1]
	[86,1]
	[88,1]
	[53,1]
	[92,1]

1772,
	[26,1]
	[40,1]
	[47,1]
	[13,1]
	[-4370,1]
	[42,1]
	[27,1]

len(carl_order):
43
Printing carl assignment order:
1560,1,0.49405940594059405
1712,2,0.4801980198019802
1700,2,0.46607307338041143
1672,2,0.41190323271248125
1560,5,0.3362863217576187
1576,3,0.33513513513513515
1672,4,0.14093428345209819
1676,2,0.09649122807017543
1672,6,0.07291666666666667
1700,6,0.047839506172839504
1772,47,0.024793388429752067
1836,127,0.02291805135022032
1800,116,0.01604989604989605
1828,129,0.015441911922821594
1472,89,0.015344002639828411
1816,2,0.015268569530553545
1460,1,0.01263537906137184
1828,242,0.011999040076793857
1676,34,0.0007474857298178853
1676,2229,0.0006706862097652598
1460,1445,0.0006507421352998893
1700,2573,0.00038133501646719914
1700,7097,0.0003593728942994475
1812,2896,0.00034823108755393205
1816,2893,0.0003244700088247565
1672,2571,0.00019798986114606578
1712,5991,0.00018485996857380533
1556,5603,0.00016734220438165492
1816,2894,0.00014335214659600087
1676,5512,2.6605084763800058e-05
1672,2699,1.9629396984924623e-05
1672,2880,1.3916528661090777e-05
1672,7095,8.49668204566117e-06
1556,73870,3.5815075732947463e-08
1672,374488,3.571698642870239e-08
1816,348282,3.485600035717647e-08
1816,394492,2.3782444359816178e-08
1816,437872,1.8565407256857585e-08
1556,771207,1.0558144817393665e-08
1816,440544,7.773136859235883e-09
1816,484054,7.543041606076365e-09
1816,486976,2.8442306432477607e-09
1816,527434,3.08130428583346e-10
bin_width: 415566823
assigning lease 1 to address 1560
Average Cache Occupancy Per Bin: [0.00,0.0,0.0,0.0,0.0]
Total cost: 3361280.0
assigning lease 2 to address 1712
Average Cache Occupancy Per Bin: [0.00,0.0,0.0,0.0,0.0]
Total cost: 3412992.0
assigning lease 2 to address 1700
Average Cache Occupancy Per Bin: [0.01,0.0,0.0,0.0,0.0]
Total cost: 6748160.0
assigning lease 2 to address 1672
Average Cache Occupancy Per Bin: [0.02,0.0,0.0,0.0,0.0]
Total cost: 10335488.0
assigning lease 5 to address 1560
Average Cache Occupancy Per Bin: [0.03,0.0,0.0,0.0,0.0]
Total cost: 15392512.0
assigning lease 3 to address 1576
Average Cache Occupancy Per Bin: [0.04,0.0,0.0,0.0,0.0]
Total cost: 20365312.0
assigning lease 4 to address 1672
Average Cache Occupancy Per Bin: [0.05,0.0,0.0,0.0,0.0]
Total cost: 21011968.0
assigning lease 2 to address 1676
Average Cache Occupancy Per Bin: [0.05,0.0,0.0,0.0,0.0]
Total cost: 21303808.0
assigning lease 6 to address 1672
Average Cache Occupancy Per Bin: [0.05,0.0,0.0,0.0,0.0]
Total cost: 21770752.0
assigning lease 6 to address 1700
Average Cache Occupancy Per Bin: [0.05,0.0,0.0,0.0,0.0]
Total cost: 22268416.0
assigning lease 47 to address 1772
Average Cache Occupancy Per Bin: [0.05,2.46,0.0,3.69,7.14]
Total cost: 22275072.0
assigning lease 127 to address 1836
Average Cache Occupancy Per Bin: [0.06,0.01,0.01,0.01,0.01]
Total cost: 28199168.0
assigning lease 116 to address 1800
Average Cache Occupancy Per Bin: [0.06,0.01,0.01,0.01,0.01]
Total cost: 28792832.0
assigning lease 129 to address 1828
Average Cache Occupancy Per Bin: [1.02,0.99,0.99,0.99,0.99]
Total cost: 425626368.0
assigning lease 89 to address 1472
Average Cache Occupancy Per Bin: [1.02,0.99,0.99,0.99,0.99]
Total cost: 427177984.0
assigning lease 2 to address 1816
Average Cache Occupancy Per Bin: [1.98,1.97,1.97,1.98,1.96]
Total cost: 824472320.0
assigning lease 1 to address 1460
Average Cache Occupancy Per Bin: [1.98,1.97,1.97,1.98,1.96]
Total cost: 826174208.0
assigning lease 242 to address 1828
Average Cache Occupancy Per Bin: [1.98,1.97,1.97,1.98,1.96]
Total cost: 826459392.0
assigning lease 34 to address 1676
Average Cache Occupancy Per Bin: [1.99,1.97,1.97,1.98,1.96]
Total cost: 830226688.0
assigning lease 2229 to address 1676
Average Cache Occupancy Per Bin: [2.35,1.97,1.97,1.98,1.96]
Total cost: 979470848.0
assigning lease 1445 to address 1460
Average Cache Occupancy Per Bin: [8.19,1.97,1.97,1.98,1.96]
Total cost: 3404369920.0
assigning lease 2573 to address 1700
Average Cache Occupancy Per Bin: [8.80,1.97,1.97,1.98,1.96]
Total cost: 3657459712.0
assigning lease 7097 to address 1700
Average Cache Occupancy Per Bin: [8.82,1.97,1.97,1.98,1.96]
Total cost: 3668857344.0
addr: 1812 ri: 2896
bin target: 212770213376
	bin: 0.0 current capacity: 8.828561716054027  avg impact: 1354.033487933179
	bin: 1.0 current capacity: 1.976956432828614  avg impact: 1395.2199497889176
	bin: 2.0 current capacity: 1.9765929774427637  avg impact: 1394.3598012009732
	bin: 3.0 current capacity: 1.980945817707878  avg impact: 1394.3388593944612
	bin: 4.0 current capacity: 1.969118733041882  avg impact: 1394.7971378263755
num_full_bins: 0
printing bin ranks sorted:
	bin: 1.0 rank: 0.3655502801865273
	selecting this^ bin
	bin: 4.0 rank: 0.3656667105452914
	bin: 2.0 rank: 0.36577604043322964
	bin: 3.0 rank: 0.36577841228909386
	bin: 0.0 rank: 0.37160930122341057
acceptable_ratio: 0.3655502801865273
Assigning 1812 dual lease lease 2896 * 0.3655502801865273. Bin saturation: [503.,512.,511.,511.,511.]
addr: 1816 ri: 2893
bin target: 212770213376
	bin: 0.0 current capacity: 503.7958826119684  avg impact: 1349.237633130304
	bin: 1.0 current capacity: 512.0  avg impact: 1388.2693521951342
	bin: 2.0 current capacity: 511.68520898728906  avg impact: 1388.1283783234062
	bin: 3.0 current capacity: 511.68190654431606  avg impact: 1386.2199831289226
	bin: 4.0 current capacity: 511.83760326883976  avg impact: 1374.7111332224902
num_full_bins: 1
printing bin ranks sorted:
	bin: 1.0 rank: 0.0
	bin: 4.0 rank: 0.00011813153122545247
	bin: 2.0 rank: 0.00022677370308585827
	bin: 3.0 rank: 0.00022946823704411107
	bin: 0.0 rank: 0.006080557780616896
acceptable_ratio: 0
assigning lease 2571 to address 1672
Average Cache Occupancy Per Bin: [505.,512.,511.,511.,511.]
Total cost: 209880638569.53665
assigning lease 5991 to address 1712
Average Cache Occupancy Per Bin: [505.,512.,511.,511.,511.]
Total cost: 209886177897.53665
addr: 1556 ri: 5603
bin target: 212770213376
	bin: 0.0 current capacity: 505.0599958446073  avg impact: 22.45185583546933
	bin: 1.0 current capacity: 512.0  avg impact: 0.0
num_full_bins: 1
printing bin ranks sorted:
	bin: 0.0 rank: 0.3091060358773964
acceptable_ratio: 0
addr: 1816 ri: 2894
bin target: 212770213376
	bin: 0.0 current capacity: 505.0599958446073  avg impact: 1349.2670951934967
	bin: 1.0 current capacity: 512.0  avg impact: 1388.2996668384185
	bin: 2.0 current capacity: 511.68520898728906  avg impact: 1388.1586005627787
	bin: 3.0 current capacity: 511.68190654431606  avg impact: 1386.250068610506
	bin: 4.0 current capacity: 511.83760326883976  avg impact: 1374.7414540260352
num_full_bins: 1
printing bin ranks sorted:
	bin: 1.0 rank: 0.0
	bin: 4.0 rank: 0.00011812892575884619
	bin: 2.0 rank: 0.00022676876589126444
	bin: 3.0 rank: 0.00022946325694522712
	bin: 0.0 rank: 0.0051435362057780385
acceptable_ratio: 0
assigning lease 5512 to address 1676
Average Cache Occupancy Per Bin: [505.,512.,511.,511.,511.]
Total cost: 209934289001.53665
assigning lease 2699 to address 1672
Average Cache Occupancy Per Bin: [505.,512.,511.,511.,511.]
Total cost: 209947330665.53665
assigning lease 2880 to address 1672
Average Cache Occupancy Per Bin: [505.,512.,511.,511.,511.]
Total cost: 209965726057.53665
assigning lease 7095 to address 1672
Average Cache Occupancy Per Bin: [506.,512.,511.,511.,511.]
Total cost: 210387537769.53665
addr: 1556 ri: 73870
bin target: 212770213376
	bin: 0.0 current capacity: 506.2664441081637  avg impact: 39.65204500456476
	bin: 1.0 current capacity: 512.0  avg impact: 0.0
num_full_bins: 1
printing bin ranks sorted:
	bin: 0.0 rank: 0.1445967261253805
acceptable_ratio: 0
addr: 1672 ri: 374488
bin target: 212770213376
	bin: 0.0 current capacity: 506.2664441081637  avg impact: 86.23712962764596
	bin: 1.0 current capacity: 512.0  avg impact: 0.0
num_full_bins: 1
printing bin ranks sorted:
	bin: 0.0 rank: 0.06648593148441535
acceptable_ratio: 0
addr: 1816 ri: 348282
bin target: 212770213376
	bin: 0.0 current capacity: 506.2664441081637  avg impact: 11524.046337106174
	bin: 1.0 current capacity: 512.0  avg impact: 11857.124305382771
	bin: 2.0 current capacity: 511.68520898728906  avg impact: 11825.493572897662
	bin: 3.0 current capacity: 511.68190654431606  avg impact: 11776.137773616254
	bin: 4.0 current capacity: 511.83760326883976  avg impact: 11616.454628708414
num_full_bins: 1
printing bin ranks sorted:
	bin: 1.0 rank: 0.0
	bin: 4.0 rank: 1.3979887698171641e-05
	bin: 2.0 rank: 2.661969335744446e-05
	bin: 3.0 rank: 2.701169617738177e-05
	bin: 0.0 rank: 0.000497529749891311
acceptable_ratio: 0
addr: 1816 ri: 394492
bin target: 212770213376
	bin: 0.0 current capacity: 506.2664441081637  avg impact: 12885.345944413853
	bin: 1.0 current capacity: 512.0  avg impact: 13257.764705591042
	bin: 2.0 current capacity: 511.68520898728906  avg impact: 13221.920921478373
	bin: 3.0 current capacity: 511.68190654431606  avg impact: 13166.217078190575
	bin: 4.0 current capacity: 511.83760326883976  avg impact: 12932.185094824088
num_full_bins: 1
printing bin ranks sorted:
	bin: 1.0 rank: 0.0
	bin: 4.0 rank: 1.2557563162720784e-05
	bin: 2.0 rank: 2.38082661801133e-05
	bin: 3.0 rank: 2.4159821594527943e-05
	bin: 0.0 rank: 0.000444967167864202
acceptable_ratio: 0
addr: 1816 ri: 437872
bin target: 212770213376
	bin: 0.0 current capacity: 506.2664441081637  avg impact: 14163.276629655298
	bin: 1.0 current capacity: 512.0  avg impact: 14572.626868781583
	bin: 2.0 current capacity: 511.68520898728906  avg impact: 14532.828049403743
	bin: 3.0 current capacity: 511.68190654431606  avg impact: 14471.164930006937
	bin: 4.0 current capacity: 511.83760326883976  avg impact: 14160.727543314977
num_full_bins: 1
printing bin ranks sorted:
	bin: 1.0 rank: 0.0
	bin: 4.0 rank: 1.1468106470060171e-05
	bin: 2.0 rank: 2.1660685149569454e-05
	bin: 3.0 rank: 2.1981192061761594e-05
	bin: 0.0 rank: 0.00040481846409970565
acceptable_ratio: 0
addr: 1556 ri: 771207
bin target: 212770213376
	bin: 0.0 current capacity: 506.2664441081637  avg impact: 214.69020417926865
	bin: 1.0 current capacity: 512.0  avg impact: 0.0
num_full_bins: 1
printing bin ranks sorted:
	bin: 0.0 rank: 0.026706183049920302
acceptable_ratio: 0
addr: 1816 ri: 440544
bin target: 212770213376
	bin: 0.0 current capacity: 506.2664441081637  avg impact: 14241.991032397695
	bin: 1.0 current capacity: 512.0  avg impact: 14653.616073485251
	bin: 2.0 current capacity: 511.68520898728906  avg impact: 14613.573642898822
	bin: 3.0 current capacity: 511.68190654431606  avg impact: 14551.543460667455
	bin: 4.0 current capacity: 511.83760326883976  avg impact: 14236.153016093876
num_full_bins: 1
printing bin ranks sorted:
	bin: 1.0 rank: 0.0
	bin: 4.0 rank: 1.1407346561719402e-05
	bin: 2.0 rank: 2.154100156493429e-05
	bin: 3.0 rank: 2.185977429430162e-05
	bin: 0.0 rank: 0.0004025810631949996
acceptable_ratio: 0
addr: 1816 ri: 484054
bin target: 212770213376
	bin: 0.0 current capacity: 506.2664441081637  avg impact: 15523.751385437234
	bin: 1.0 current capacity: 512.0  avg impact: 15972.418579719008
	bin: 2.0 current capacity: 511.68520898728906  avg impact: 15928.409261525672
	bin: 3.0 current capacity: 511.68190654431606  avg impact: 15860.401944589306
	bin: 4.0 current capacity: 511.83760326883976  avg impact: 15463.678064868041
num_full_bins: 1
printing bin ranks sorted:
	bin: 1.0 rank: 0.0
	bin: 4.0 rank: 1.0501817903801243e-05
	bin: 2.0 rank: 1.976286567870459e-05
	bin: 3.0 rank: 2.005582562126852e-05
	bin: 0.0 rank: 0.00036934087318706596
acceptable_ratio: 0
addr: 1816 ri: 486976
bin target: 212770213376
	bin: 0.0 current capacity: 506.2664441081637  avg impact: 15609.830533945198
	bin: 1.0 current capacity: 512.0  avg impact: 16060.985367198093
	bin: 2.0 current capacity: 511.68520898728906  avg impact: 16016.709644831295
	bin: 3.0 current capacity: 511.68190654431606  avg impact: 15948.300921606535
	bin: 4.0 current capacity: 511.83760326883976  avg impact: 15546.008663891824
num_full_bins: 1
printing bin ranks sorted:
	bin: 1.0 rank: 0.0
	bin: 4.0 rank: 1.0446200994178205e-05
	bin: 2.0 rank: 1.965391267566315e-05
	bin: 3.0 rank: 1.994528804337788e-05
	bin: 0.0 rank: 0.000367304172801114
acceptable_ratio: 0
addr: 1816 ri: 527434
bin target: 212770213376
	bin: 0.0 current capacity: 506.2664441081637  avg impact: 16801.68207067868
	bin: 1.0 current capacity: 512.0  avg impact: 17287.28074290955
	bin: 2.0 current capacity: 511.68520898728906  avg impact: 17239.31638945104
	bin: 3.0 current capacity: 511.68190654431606  avg impact: 17165.349796405666
	bin: 4.0 current capacity: 511.83760326883976  avg impact: 16685.92028714477
num_full_bins: 1
printing bin ranks sorted:
	bin: 1.0 rank: 0.0
	bin: 4.0 rank: 9.732560647875326e-06
	bin: 2.0 rank: 1.8260063543099115e-05
	bin: 3.0 rank: 1.8531137405106555e-05
	bin: 0.0 rank: 0.0003412489218470681
acceptable_ratio: 0
Final saturation:
	0.0,210387537769.53665
	1.0,212770213376.0
	2.0,212639396674.93875
	3.0,212638024289.20435
	4.0,212702726682.36615
DUMP LEASES
0, 5b4, 5a5, 0, 1 
0, 5c0, 59, 0, 1 
0, 618, 5, 0, 1 
0, 628, 3, 0, 1 
0, 614, 1, 0, 1 
0, 6a4, 1bb9, 0, 1 
0, 688, 1bb7, 0, 1 
0, 6b0, 1767, 0, 1 
0, 68c, 1588, 0, 1 
0, 714, 1, b50, 0.6344497198134726 
0, 718, 2, 0, 1 
0, 724, f2, 0, 1 
0, 72c, 7f, 0, 1 
0, 708, 74, 0, 1 
0, 6ec, 2f, 0, 1 
Dump dual leases

