sample rate: 0.00390625
1412,
	[1502,1]
	[1444,6144]
	[1,100]
	[1445,10]
	[-4370,399]
	[6459,1]
	[108265,1]
	[81824,1]
	[76292,1]

1424,
	[65,80]
	[89,1]
	[57,2]

1484,
	[1,107]
	[3,102]
	[875,1]
	[214,285]
	[275,3]
	[255,1]
	[266,2]
	[251,3]
	[238,1]
	[273,1]
	[767,1]
	[3527,2]
	[234,1]
	[218,2]
	[258,1]
	[252,2]
	[2,4]
	[237,2]
	[274,3]
	[278,12]
	[217,2]
	[223,1]
	[227,2]
	[2561,1]
	[693,1]
	[272,1]
	[239,1]
	[259,3]
	[244,2]
	[-4370,416]
	[250,2]
	[246,2]
	[254,3]
	[249,1]
	[247,3]
	[2377,1]
	[509,1]
	[225,4]
	[263,2]
	[231,1]
	[215,1]
	[216,5]
	[242,1]
	[236,2]
	[256,2]
	[3573,1]
	[261,1]
	[248,3]
	[220,1]
	[3205,1]
	[2055,1]
	[277,1]
	[241,1]
	[276,1]
	[243,2]
	[245,1]
	[219,2]
	[232,1]
	[267,1]
	[1457,1]
	[2193,1]
	[228,1]
	[2607,2]
	[230,1]
	[3489,1]
	[229,1]
	[240,1]
	[1319,1]
	[2371,1]
	[1516,1]
	[224,1]
	[29197,1]
	[13007,1]

1500,
	[2,70]
	[2639,1]
	[1604,1]
	[3080,1]
	[89,1]
	[1649,1]
	[884,1]
	[2774,1]

1480,
	[57,4]
	[68,2]
	[219,2]
	[11,6]
	[36,2]
	[140,2]
	[197,1]
	[102,4]
	[146,1]
	[110,3]
	[152,1]
	[65,4]
	[162,5]
	[33,2]
	[44,5]
	[31,6]
	[56,7]
	[78,6]
	[213,2]
	[234,1]
	[27,4]
	[141,6]
	[174,3]
	[59,4]
	[81,5]
	[198,2]
	[98,4]
	[7,6]
	[126,2]
	[222,1]
	[143,2]
	[40,3]
	[105,4]
	[144,4]
	[244,1]
	[128,8]
	[90,3]
	[101,4]
	[123,5]
	[211,2]
	[86,3]
	[225,2]
	[43,4]
	[38,7]
	[93,3]
	[137,1]
	[220,2]
	[111,3]
	[121,2]
	[177,3]
	[39,7]
	[95,1]
	[135,3]
	[226,2]
	[42,2]
	[158,3]
	[120,2]
	[15,6]
	[176,1]
	[138,6]
	[62,3]
	[207,2]
	[168,4]
	[147,4]
	[184,1]
	[153,5]
	[5,4]
	[104,2]
	[159,4]
	[83,5]
	[214,1]
	[47,10]
	[74,3]
	[97,1]
	[113,3]
	[232,2]
	[53,7]
	[195,2]
	[215,2]
	[35,5]
	[125,4]
	[182,1]
	[66,2]
	[77,5]
	[165,2]
	[239,1]
	[155,2]
	[236,2]
	[230,2]
	[224,2]
	[112,1]
	[54,1]
	[23,5]
	[50,3]
	[237,1]
	[3,7]
	[17,1]
	[122,2]
	[210,2]
	[134,2]
	[107,2]
	[80,4]
	[131,2]
	[60,3]
	[216,1]
	[96,2]
	[19,1]
	[20,2]
	[114,2]
	[180,6]
	[87,1]
	[170,1]
	[129,2]
	[167,1]
	[235,2]
	[171,3]
	[212,1]
	[150,4]
	[8,1]
	[75,1]
	[116,1]
	[206,1]
	[117,2]
	[156,2]
	[106,1]
	[71,3]
	[132,2]
	[243,1]
	[108,2]
	[63,1]
	[149,1]
	[89,1]
	[1516,1]
	[41,3]
	[26,1]
	[92,1]
	[161,1]
	[2804,1]
	[32,1]
	[209,1]
	[119,1]
	[164,1]
	[34,1]
	[29,1]
	[172,1]
	[231,1]
	[202,2]
	[84,1]
	[94,1]
	[233,2]
	[196,2]
	[201,1]
	[69,1]
	[204,1]
	[28,2]
	[2436,1]
	[115,1]
	[190,1]
	[227,1]
	[76,1]
	[2114,1]
	[193,1]
	[142,1]
	[229,1]

1588,
	[1444,7189]
	[1446,40704]
	[1609,12]
	[1719,9]
	[2016,10]
	[2164,6]
	[2508,5]
	[2890,2817336]
	[2892,145714]
	[2894,37976]
	[2891,6097]
	[2888,785409]
	[2887,858]
	[2889,4371]
	[2893,1502]
	[2880,93]
	[2878,107]
	[2872,89]
	[2866,96]
	[2860,100]
	[2850,95]
	[2848,864]
	[2846,12187]
	[2864,88]
	[2868,93]
	[2876,80]
	[2882,92]
	[2345,8]
	[2221,7]
	[2038,14]
	[1828,11]
	[1447,3]
	[1896,9]
	[2119,11]
	[2234,6]
	[2291,10]
	[2318,10]
	[2333,11]
	[2341,12]
	[2619,8]
	[2874,97]
	[2870,91]
	[2856,91]
	[2858,77]
	[2862,95]
	[2744,10]
	[2546,7]
	[2310,13]
	[1747,8]
	[1654,10]
	[1489,8]
	[1906,9]
	[2385,12]
	[2628,10]
	[2749,11]
	[2810,11]
	[2839,12]
	[2855,5]
	[2884,99]
	[2485,6]
	[2256,6]
	[2188,5]
	[2019,8]
	[1797,8]
	[1451,10]
	[1560,8]
	[1932,6]
	[2361,8]
	[2852,84]
	[2886,47824]
	[2786,11]
	[2579,7]
	[2480,16]
	[2463,7]
	[2270,6]
	[2208,12]
	[2204,5]
	[2203,11]
	[1997,5]
	[1946,10]
	[1937,10]
	[1725,9]
	[1756,7]
	[2228,12]
	[2734,14]
	[2895,156]
	[2811,6]
	[2635,6]
	[1614,8]
	[1977,15]
	[2158,9]
	[2247,8]
	[2295,14]
	[2558,8]
	[2690,4]
	[2842,13]
	[2532,10]
	[2457,18]
	[2285,8]
	[1951,14]
	[1895,12]
	[1553,6]
	[1566,3]
	[1786,15]
	[2171,7]
	[2363,7]
	[2699,5]
	[2854,78]
	[2775,11]
	[2654,11]
	[2623,10]
	[2478,12]
	[2409,8]
	[2153,10]
	[2109,9]
	[1610,12]
	[1669,9]
	[1853,14]
	[2185,6]
	[2625,11]
	[2711,8]
	[2518,10]
	[2169,9]
	[2082,6]
	[2067,4]
	[1555,12]
	[2051,11]
	[2539,6]
	[2849,28]
	[1807,10]
	[1623,10]
	[1591,9]
	[1852,10]
	[2614,9]
	[2742,6]
	[2622,7]
	[2435,14]
	[2066,12]
	[1980,7]
	[1737,11]
	[1695,17]
	[1460,8]
	[1616,10]
	[1813,10]
	[1914,9]
	[1964,7]
	[2229,9]
	[2362,10]
	[2429,12]
	[2461,11]
	[2718,8]
	[2847,25]
	[2609,5]
	[2550,8]
	[2152,13]
	[2065,8]
	[2036,8]
	[2148,12]
	[2447,8]
	[2594,9]
	[2669,10]
	[2709,9]
	[1608,14]
	[1486,10]
	[1492,5]
	[1948,7]
	[2450,15]
	[2780,6]
	[2481,11]
	[2432,13]
	[2287,8]
	[1999,12]
	[1926,8]
	[1619,10]
	[1992,6]
	[2181,9]
	[2273,11]
	[2592,7]
	[2754,9]
	[2825,13]
	[2689,11]
	[2667,9]
	[2080,3]
	[1913,10]
	[1886,10]
	[1752,11]
	[1549,15]
	[1817,7]
	[2146,10]
	[2443,14]
	[2589,9]
	[2633,11]
	[2378,11]
	[1788,3]
	[2139,12]
	[2405,11]
	[2473,10]
	[2765,9]
	[1503,10]
	[1858,13]
	[2365,9]
	[2528,10]
	[2611,7]
	[2653,14]
	[-4370,377]
	[2337,9]
	[2143,7]
	[2009,5]
	[1806,15]
	[1455,14]
	[1701,10]
	[2062,10]
	[2246,4]
	[2577,10]
	[2741,7]
	[2490,13]
	[2186,11]
	[1970,9]
	[1742,13]
	[1491,8]
	[2055,10]
	[2272,8]
	[2384,8]
	[2677,11]
	[2827,10]
	[2737,13]
	[2387,9]
	[2328,9]
	[1930,8]
	[1843,11]
	[1558,6]
	[1784,9]
	[2168,7]
	[2598,8]
	[2739,9]
	[2574,4]
	[2442,10]
	[2240,9]
	[2003,12]
	[1620,3]
	[1445,222]
	[1607,7]
	[1678,13]
	[1716,8]
	[1974,8]
	[2375,13]
	[2576,9]
	[2675,12]
	[2726,5]
	[2752,9]
	[2325,15]
	[1950,11]
	[1880,15]
	[1869,12]
	[1727,6]
	[1520,11]
	[1634,10]
	[1829,9]
	[1929,6]
	[2216,7]
	[2436,9]
	[2471,11]
	[2502,9]
	[2779,10]
	[2805,10]
	[2763,11]
	[2351,11]
	[2263,10]
	[2099,8]
	[1652,12]
	[1587,10]
	[1712,9]
	[1973,13]
	[2104,9]
	[2170,10]
	[2626,13]
	[2705,6]
	[2764,8]
	[2697,12]
	[2039,13]
	[1920,7]
	[1641,10]
	[2070,7]
	[2286,8]
	[2666,9]
	[2238,7]
	[2129,10]
	[1795,12]
	[1635,9]
	[1542,9]
	[1740,13]
	[2113,8]
	[2297,11]
	[2632,14]
	[2797,7]
	[2881,7]
	[2769,14]
	[2237,7]
	[2137,12]
	[1954,14]
	[1933,10]
	[2130,15]
	[2227,8]
	[2277,16]
	[2542,6]
	[2778,7]
	[2788,9]
	[1910,15]
	[1721,14]
	[1818,12]
	[2308,13]
	[2792,8]
	[2,8]
	[2261,10]
	[2084,6]
	[1771,10]
	[1692,14]
	[1532,9]
	[1462,12]
	[1539,16]
	[1698,13]
	[1781,11]
	[1820,12]
	[1854,10]
	[1860,7]
	[2135,4]
	[2271,6]
	[2612,8]
	[2785,13]
	[2869,12]
	[2746,9]
	[2496,10]
	[2251,14]
	[1887,11]
	[1826,6]
	[1600,5]
	[1562,9]
	[1883,11]
	[1988,13]
	[2306,10]
	[2845,26]
	[2834,11]
	[2793,15]
	[1931,12]
	[1753,8]
	[1723,7]
	[1588,10]
	[1732,15]
	[2189,7]
	[2416,10]
	[2533,12]
	[2591,7]
	[2833,12]
	[2745,8]
	[2729,11]
	[1638,7]
	[1512,6]
	[1680,13]
	[2005,10]
	[2684,7]
	[2179,12]
	[1872,5]
	[1662,9]
	[1470,13]
	[1691,6]
	[2046,6]
	[2312,10]
	[2355,10]
	[2380,8]
	[2392,9]
	[2668,17]
	[1477,4]
	[1568,13]
	[2049,18]
	[2401,4]
	[2567,17]
	[2475,15]
	[2090,9]
	[1479,4]
	[1448,91]
	[1704,11]
	[2074,7]
	[2719,6]
	[2201,12]
	[1660,9]
	[2124,11]
	[2456,8]
	[2340,12]
	[1764,10]
	[1457,12]
	[1474,7]
	[1750,9]
	[2162,11]
	[2640,8]
	[2658,12]
	[2531,5]
	[2357,11]
	[1649,12]
	[1661,9]
	[2269,16]
	[2369,6]
	[2662,6]
	[2723,11]
	[2606,8]
	[2338,13]
	[2293,8]
	[2056,9]
	[2015,10]
	[1449,7]
	[2530,9]
	[2239,7]
	[2134,12]
	[1505,15]
	[1800,5]
	[2304,8]
	[2751,9]
	[2877,7]
	[2798,8]
	[2721,12]
	[2717,8]
	[1466,14]
	[1646,18]
	[1978,10]
	[2013,8]
	[1907,7]
	[2296,10]
	[2379,14]
	[2224,3]
	[2101,14]
	[1919,14]
	[1708,16]
	[1779,10]
	[2115,3]
	[2555,8]
	[2851,10]
	[2655,10]
	[2359,5]
	[1969,18]
	[1622,10]
	[1564,12]
	[1864,5]
	[2117,9]
	[2245,7]
	[2549,10]
	[2506,10]
	[2412,7]
	[1963,7]
	[1665,12]
	[1615,8]
	[1496,7]
	[1846,11]
	[2294,9]
	[2758,6]
	[2136,11]
	[2021,11]
	[1527,12]
	[1971,20]
	[2433,8]
	[2865,6]
	[2660,6]
	[2608,9]
	[2599,6]
	[2388,9]
	[1673,9]
	[1626,5]
	[2057,5]
	[2276,5]
	[2383,9]
	[2438,11]
	[2468,9]
	[2411,12]
	[1668,7]
	[1874,9]
	[1856,8]
	[1917,14]
	[2244,5]
	[2427,7]
	[2714,10]
	[2415,8]
	[2335,13]
	[2159,5]
	[1935,10]
	[1703,7]
	[1728,5]
	[2147,11]
	[2356,6]
	[2512,8]
	[2541,8]
	[2832,5]
	[2585,9]
	[2288,10]
	[2073,12]
	[1490,10]
	[1645,10]
	[2037,8]
	[2885,61]
	[2131,11]
	[1863,9]
	[1580,12]
	[1540,5]
	[1458,11]
	[1957,4]
	[2206,9]
	[2331,8]
	[2712,11]
	[2646,10]
	[1548,8]
	[1782,9]
	[2142,16]
	[2559,9]
	[2620,7]
	[2543,6]
	[2281,5]
	[2079,10]
	[1571,11]
	[1741,10]
	[2063,10]
	[2497,8]
	[2191,9]
	[1632,11]
	[1799,9]
	[2691,9]
	[2707,11]
	[1517,6]
	[1793,12]
	[1867,7]
	[2176,17]
	[2720,9]
	[2414,6]
	[2292,9]
	[2110,9]
	[1521,15]
	[1485,11]
	[1442,641]
	[1939,5]
	[2040,13]
	[2094,12]
	[2360,8]
	[2844,1206]
	[2477,2]
	[2377,8]
	[1501,5]
	[1983,11]
	[2708,8]
	[2829,6]
	[1757,12]
	[1677,12]
	[2498,7]
	[2843,10]
	[2814,10]
	[2693,9]
	[2422,4]
	[2222,8]
	[2156,7]
	[1987,11]
	[1656,6]
	[1443,47]
	[1663,9]
	[1916,8]
	[2043,7]
	[2107,7]
	[2787,7]
	[2638,11]
	[2474,6]
	[2091,8]
	[1653,14]
	[1903,9]
	[2265,8]
	[2670,10]
	[2466,9]
	[1516,8]
	[2193,6]
	[2548,9]
	[2857,11]
	[2371,10]
	[2182,9]
	[2150,11]
	[2014,7]
	[1810,8]
	[1570,9]
	[1789,8]
	[2821,5]
	[2722,8]
	[2489,5]
	[1464,16]
	[1689,8]
	[2116,7]
	[2268,6]
	[2618,7]
	[2637,8]
	[2112,11]
	[2031,10]
	[2582,9]
	[2524,12]
	[1961,6]
	[1509,10]
	[1613,9]
	[2087,11]
	[2593,12]
	[2487,4]
	[1495,9]
	[1515,12]
	[2253,16]
	[2425,8]
	[2750,10]
	[2330,8]
	[1993,11]
	[1908,8]
	[1744,11]
	[1967,6]
	[2756,7]
	[2733,11]
	[1994,9]
	[1904,10]
	[1739,9]
	[1465,4]
	[1545,7]
	[1561,10]
	[1840,12]
	[2320,10]
	[1644,8]
	[2624,11]
	[2822,6]
	[2772,8]
	[2738,9]
	[2332,7]
	[1674,8]
	[1734,9]
	[2004,7]
	[2617,7]
	[2243,14]
	[2126,13]
	[1814,4]
	[1575,7]
	[1535,13]
	[1572,7]
	[2526,6]
	[2326,6]
	[2260,9]
	[1759,9]
	[1776,8]
	[2196,13]
	[2647,11]
	[2873,10]
	[2760,16]
	[2563,7]
	[2212,6]
	[1755,6]
	[1667,6]
	[1498,16]
	[1942,14]
	[2017,9]
	[2316,10]
	[2446,9]
	[2781,13]
	[2831,8]
	[2458,3]
	[2364,8]
	[2349,7]
	[2205,11]
	[1996,17]
	[1500,12]
	[1640,9]
	[2627,11]
	[2299,11]
	[2001,8]
	[1529,8]
	[2033,11]
	[2522,9]
	[2770,9]
	[2879,8]
	[2088,14]
	[2303,13]
	[2514,8]
	[2444,11]
	[2232,8]
	[2007,8]
	[1488,8]
	[1949,9]
	[2298,15]
	[2282,11]
	[2241,8]
	[2102,9]
	[2604,8]
	[2075,12]
	[2098,10]
	[2578,8]
	[1537,8]
	[2437,9]
	[2322,8]
	[1873,8]
	[2645,6]
	[2812,6]
	[1955,8]
	[1893,14]
	[1743,9]
	[1452,10]
	[2366,7]
	[2538,7]
	[2235,7]
	[2069,7]
	[2041,3]
	[1804,10]
	[2032,9]
	[2803,10]
	[2824,9]
	[2644,8]
	[2434,8]
	[1836,5]
	[1726,6]
	[1582,8]
	[2180,11]
	[2494,8]
	[2431,8]
	[1827,9]
	[1627,10]
	[1760,9]
	[1959,10]
	[2061,7]
	[2702,5]
	[2334,6]
	[1922,11]
	[1834,11]
	[1670,5]
	[2665,9]
	[2863,12]
	[2673,9]
	[1839,6]
	[1469,3]
	[2713,7]
	[2694,8]
	[2390,12]
	[1947,10]
	[1796,9]
	[2381,3]
	[2695,8]
	[1871,7]
	[1504,7]
	[2410,8]
	[2313,8]
	[1482,10]
	[1547,18]
	[1599,18]
	[1611,9]
	[1889,7]
	[2026,10]
	[2095,14]
	[2132,10]
	[2572,10]
	[2643,7]
	[1480,7]
	[2211,7]
	[2686,9]
	[2305,5]
	[2178,8]
	[1577,15]
	[1702,11]
	[2160,9]
	[2467,7]
	[2301,13]
	[1534,9]
	[1585,13]
	[1819,6]
	[1861,10]
	[2121,10]
	[2523,10]
	[1960,9]
	[2789,8]
	[2586,5]
	[1467,11]
	[1508,10]
	[1672,10]
	[2233,12]
	[2314,13]
	[2727,9]
	[2560,15]
	[2210,8]
	[2875,7]
	[1690,11]
	[2657,13]
	[2515,5]
	[2279,8]
	[1715,10]
	[1502,7]
	[2400,7]
	[2403,11]
	[2172,10]
	[2397,6]
	[2836,11]
	[2028,13]
	[1934,8]
	[1774,10]
	[1798,10]
	[2510,11]
	[1848,8]
	[1536,5]
	[2257,5]
	[2601,12]
	[1738,6]
	[1590,9]
	[1543,11]
	[2430,8]
	[2802,6]
	[2600,13]
	[2448,8]
	[2190,10]
	[1851,5]
	[1648,10]
	[1636,5]
	[1745,7]
	[2200,12]
	[2350,9]
	[1842,8]
	[2678,7]
	[1787,11]
	[1681,9]
	[2157,7]
	[2370,12]
	[2479,7]
	[2800,12]
	[2183,11]
	[1984,7]
	[1639,8]
	[2462,8]
	[1850,11]
	[1696,6]
	[1538,6]
	[1748,9]
	[2123,8]
	[2537,5]
	[1688,11]
	[2373,11]
	[2568,9]
	[1888,10]
	[1523,9]
	[1995,8]
	[2275,9]
	[2685,4]
	[1945,5]
	[2767,5]
	[2583,14]
	[2413,2]
	[1792,8]
	[1625,7]
	[2035,9]
	[2840,9]
	[2853,6]
	[2529,9]
	[1550,8]
	[1664,6]
	[2044,7]
	[2108,9]
	[2728,10]
	[2551,14]
	[2520,6]
	[1573,4]
	[1768,9]
	[1884,10]
	[2441,11]
	[2700,9]
	[2830,10]
	[2249,13]
	[1941,2]
	[1468,10]
	[1909,11]
	[2603,6]
	[1894,8]
	[2656,11]
	[2521,6]
	[2072,10]
	[1709,10]
	[1730,6]
	[1928,5]
	[2820,12]
	[2817,5]
	[2421,7]
	[2194,10]
	[1579,6]
	[1731,5]
	[2226,13]
	[2595,5]
	[2782,13]
	[2615,7]
	[2394,7]
	[2165,7]
	[2198,8]
	[1821,9]
	[2376,8]
	[2835,12]
	[2790,10]
	[2641,5]
	[2197,11]
	[1975,10]
	[2681,9]
	[2501,6]
	[2006,12]
	[1911,7]
	[2671,9]
	[2407,6]
	[1791,9]
	[1991,7]
	[2396,11]
	[1494,4]
	[2795,9]
	[2500,9]
	[2342,9]
	[1986,6]
	[1595,13]
	[2808,9]
	[2823,8]
	[2581,8]
	[2547,7]
	[2511,11]
	[2219,10]
	[2724,8]
	[1866,8]
	[1531,7]
	[1511,7]
	[1578,7]
	[2096,8]
	[2111,11]
	[2120,10]
	[2125,7]
	[2128,8]
	[2540,6]
	[2753,9]
	[2460,9]
	[1868,10]
	[2613,7]
	[2616,11]
	[1484,7]
	[1749,10]
	[2735,7]
	[2499,12]
	[2346,5]
	[1844,9]
	[1472,6]
	[1618,7]
	[1838,13]
	[2408,5]
	[2826,10]
	[2202,9]
	[1870,8]
	[2374,6]
	[2610,10]
	[2513,5]
	[2236,16]
	[2166,11]
	[2155,12]
	[2012,8]
	[1805,12]
	[1476,7]
	[1825,8]
	[2652,7]
	[2491,9]
	[1927,8]
	[2177,8]
	[2596,4]
	[2807,7]
	[2453,11]
	[2215,9]
	[1694,12]
	[1875,14]
	[1651,6]
	[1459,7]
	[2648,10]
	[2054,10]
	[1722,10]
	[2505,9]
	[1633,9]
	[1924,7]
	[2642,8]
	[2495,8]
	[1533,8]
	[1686,8]
	[2704,7]
	[1735,8]
	[2154,9]
	[1603,11]
	[1824,5]
	[2133,6]
	[2368,9]
	[1683,7]
	[1720,7]
	[1697,8]
	[1601,10]
	[2507,6]
	[2650,7]
	[2419,15]
	[2068,11]
	[2324,9]
	[2571,11]
	[2391,8]
	[2242,7]
	[2768,10]
	[2556,5]
	[2081,6]
	[1525,12]
	[2114,9]
	[2776,11]
	[2469,9]
	[1808,6]
	[2605,13]
	[2140,10]
	[1552,7]
	[1891,7]
	[1897,9]
	[1463,6]
	[1710,4]
	[1832,8]
	[2527,10]
	[2819,7]
	[1831,4]
	[2122,8]
	[2404,8]
	[2167,11]
	[2025,9]
	[2838,11]
	[2828,7]
	[2687,10]
	[1637,6]
	[2344,6]
	[1966,7]
	[1487,7]
	[1773,10]
	[1815,13]
	[2076,13]
	[2207,10]
	[2580,7]
	[2731,6]
	[2867,11]
	[2064,7]
	[1563,7]
	[1918,9]
	[2048,12]
	[2267,8]
	[2818,4]
	[2278,6]
	[2504,8]
	[2859,8]
	[2174,8]
	[1763,10]
	[1666,12]
	[1598,8]
	[1878,11]
	[2766,10]
	[2321,6]
	[1778,13]
	[2008,13]
	[1567,5]
	[1497,10]
	[2336,10]
	[2503,6]
	[2590,8]
	[2631,9]
	[2455,7]
	[2187,12]
	[2027,6]
	[1471,5]
	[2118,13]
	[1493,6]
	[2327,8]
	[1847,8]
	[1557,6]
	[2607,9]
	[2144,7]
	[1624,7]
	[1559,11]
	[1657,10]
	[2544,9]
	[1544,6]
	[2059,13]
	[2440,6]
	[2220,8]
	[2661,8]
	[2777,5]
	[1822,2]
	[2445,7]
	[2199,7]
	[1902,10]
	[1724,7]
	[1499,4]
	[1643,10]
	[1912,11]
	[2545,11]
	[2748,7]
	[2083,7]
	[2406,7]
	[2698,7]
	[2100,6]
	[1583,16]
	[2680,8]
	[1729,9]
	[2517,11]
	[1976,8]
	[2300,8]
	[2736,11]
	[1899,4]
	[1777,7]
	[2151,7]
	[1693,7]
	[1628,6]
	[2250,8]
	[2552,6]
	[2757,7]
	[1802,13]
	[1631,3]
	[1671,11]
	[2815,8]
	[2710,14]
	[1647,4]
	[2060,5]
	[2706,6]
	[1450,6]
	[2347,12]
	[1965,6]
	[1901,8]
	[2353,9]
	[2672,5]
	[1754,6]
	[2664,10]
	[2465,5]
	[1956,12]
	[1630,8]
	[2417,7]
	[2307,13]
	[2354,14]
	[1475,10]
	[2674,8]
	[1758,5]
	[1592,11]
	[2472,11]
	[2339,8]
	[1593,7]
	[1761,10]
	[1982,4]
	[2740,16]
	[2393,8]
	[2386,6]
	[2557,10]
	[2597,7]
	[1453,6]
	[1985,15]
	[2399,8]
	[2725,11]
	[1882,6]
	[1506,8]
	[2358,7]
	[2587,13]
	[2761,8]
	[1952,9]
	[2262,7]
	[2755,8]
	[2747,13]
	[2553,6]
	[1751,11]
	[2264,12]
	[2575,11]
	[1541,6]
	[2639,6]
	[2534,13]
	[2002,7]
	[2813,4]
	[2367,7]
	[2138,5]
	[1990,6]
	[2289,14]
	[2883,7]
	[2569,11]
	[2214,10]
	[1676,8]
	[1938,5]
	[2566,5]
	[1602,9]
	[1801,7]
	[2311,5]
	[2804,7]
	[2562,10]
	[1569,10]
	[1617,6]
	[1881,10]
	[2759,7]
	[2525,7]
	[2621,8]
	[1621,14]
	[2093,4]
	[1551,3]
	[1507,13]
	[2484,8]
	[2783,6]
	[1857,6]
	[1816,4]
	[1586,6]
	[2634,10]
	[1953,6]
	[1456,5]
	[2024,3]
	[1518,8]
	[2418,6]
	[2105,6]
	[2439,7]
	[1528,8]
	[2097,5]
	[1972,10]
	[2799,7]
	[2022,8]
	[2382,9]
	[1936,13]
	[1519,7]
	[2774,5]
	[2459,15]
	[1865,6]
	[2018,8]
	[2127,8]
	[2696,8]
	[2470,9]
	[2259,5]
	[2809,13]
	[1766,3]
	[2584,8]
	[2089,4]
	[1849,6]
	[2861,11]
	[2420,10]
	[2078,4]
	[2045,9]
	[2284,7]
	[2092,8]
	[2565,6]
	[1890,6]
	[2173,7]
	[2192,3]
	[2209,5]
	[2486,8]
	[2050,8]
	[2161,7]
	[1892,7]
	[2716,10]
	[1530,12]
	[1845,9]
	[2319,10]
	[2258,12]
	[2052,7]
	[2274,10]
	[1794,3]
	[1790,5]
	[1940,7]
	[2398,6]
	[1700,8]
	[1606,8]
	[1629,5]
	[2071,8]
	[1659,6]
	[1514,6]
	[1925,10]
	[2302,8]
	[1576,5]
	[2573,8]
	[2688,8]
	[2023,9]
	[1473,5]
	[2402,10]
	[1767,5]
	[1885,7]
	[1454,3]
	[2175,8]
	[1811,6]
	[1862,5]
	[2732,5]
	[2352,11]
	[2145,5]
	[2771,5]
	[2217,6]
	[2679,4]
	[1684,7]
	[2784,3]
	[1785,10]
	[2011,10]
	[2266,12]
	[2454,9]
	[1923,7]
	[1830,5]
	[2343,8]
	[1513,6]
	[2743,13]
	[1705,11]
	[1658,10]
	[1921,5]
	[2871,8]
	[2010,9]
	[2053,9]
	[2762,7]
	[2047,9]
	[2570,11]
	[2248,9]
	[2703,7]
	[2488,6]
	[1783,12]
	[2536,4]
	[2692,10]
	[2588,4]
	[2676,8]
	[1736,12]
	[2372,4]
	[1461,11]
	[2426,9]
	[1687,5]
	[2837,6]
	[2309,6]
	[1711,9]
	[1915,5]
	[2141,5]
	[1770,6]
	[2629,7]
	[2213,8]
	[2682,5]
	[1812,6]
	[2254,5]
	[2389,11]
	[2730,5]
	[2492,4]
	[1898,6]
	[2000,8]
	[1962,5]
	[2476,4]
	[1706,7]
	[2535,5]
	[2683,12]
	[2058,3]
	[2483,5]
	[2348,8]
	[1707,4]
	[2791,5]
	[1998,8]
	[1733,4]
	[1944,6]
	[1478,11]
	[2029,13]
	[2449,3]
	[2796,4]
	[2806,7]
	[1584,3]
	[1685,9]
	[1481,10]
	[1612,8]
	[1546,6]
	[2424,5]
	[1718,3]
	[2231,8]
	[2218,5]
	[1713,10]
	[1682,7]
	[1675,7]
	[2509,5]
	[2034,6]
	[1981,4]
	[1483,9]
	[1574,4]
	[1605,10]
	[1522,9]
	[1565,9]
	[2451,9]
	[1596,8]
	[1780,5]
	[2085,3]
	[1642,6]
	[1837,6]
	[2801,6]
	[2149,9]
	[1958,3]
	[1594,7]
	[1717,7]
	[1556,8]
	[2395,9]
	[2195,7]
	[1655,7]
	[2794,8]
	[2816,8]
	[2841,5]
	[1943,8]
	[2103,11]
	[2283,3]
	[1604,7]
	[2715,3]
	[1823,10]
	[1833,11]
	[2423,6]
	[2659,7]
	[1769,2]
	[2701,16]
	[1554,10]
	[2106,11]
	[2315,8]
	[2255,7]
	[1775,12]
	[1524,8]
	[2077,2]
	[2290,3]
	[1876,5]
	[2630,4]
	[1835,6]
	[1989,8]
	[1968,7]
	[2482,9]
	[2225,5]
	[1859,7]
	[2663,7]
	[1581,7]
	[1699,10]
	[2493,6]
	[1809,8]
	[1803,7]
	[2086,7]
	[2230,4]
	[2516,5]
	[2042,3]
	[2252,10]
	[1765,5]
	[1510,6]
	[1900,6]
	[1650,4]
	[2428,7]
	[1589,5]
	[1679,6]
	[1855,9]
	[1597,6]
	[2163,7]
	[2329,6]
	[1762,4]
	[1905,3]
	[2554,4]
	[1877,1]
	[2561,4]
	[2464,3]
	[2280,7]
	[1714,6]
	[2649,6]
	[2184,11]
	[2519,2]
	[1879,6]
	[1979,8]
	[2223,2]
	[2564,4]
	[2602,7]
	[1526,8]
	[2636,8]
	[2317,2]
	[2651,6]
	[2323,3]
	[1746,4]
	[2030,2]
	[2773,4]
	[1841,7]
	[1772,3]
	[2020,2]

1604,
	[65,1686]
	[12,1827]
	[117,1721]
	[47,1716]
	[24,1680]
	[35,1687]
	[93,1513]
	[36,1566]
	[107,430]
	[23,1610]
	[48,1577]
	[49,391]
	[118,1427]
	[69,1441]
	[127,1326]
	[42,841]
	[115,1462]
	[45,1326]
	[26,1340]
	[103,1303]
	[88,849]
	[96,1174]
	[91,1251]
	[38,1191]
	[79,1162]
	[50,1243]
	[120,1166]
	[9,1145]
	[52,946]
	[62,1198]
	[67,1231]
	[125,1044]
	[4,1090]
	[55,1157]
	[113,1250]
	[16,1142]
	[43,1055]
	[28,1113]
	[101,1013]
	[40,1016]
	[19,960]
	[110,1025]
	[77,946]
	[122,916]
	[7,973]
	[64,955]
	[6,878]
	[123,831]
	[76,897]
	[53,860]
	[111,901]
	[30,844]
	[99,807]
	[31,1067]
	[29,802]
	[14,1329]
	[100,826]
	[87,828]
	[17,751]
	[112,778]
	[75,762]
	[5,716]
	[66,741]
	[63,707]
	[8,683]
	[121,688]
	[51,632]
	[109,646]
	[39,615]
	[90,561]
	[97,620]
	[32,631]
	[44,545]
	[85,549]
	[15,525]
	[114,800]
	[56,516]
	[126,514]
	[3,501]
	[68,500]
	[61,469]
	[10,447]
	[80,442]
	[22,340]
	[37,400]
	[92,399]
	[34,353]
	[95,401]
	[104,368]
	[25,335]
	[116,285]
	[71,292]
	[58,318]
	[128,250]
	[70,1819]
	[82,1650]
	[105,1645]
	[81,1481]
	[11,1497]
	[60,1445]
	[59,1713]
	[94,1578]
	[106,1475]
	[176,1]
	[2,1424]
	[57,1342]
	[84,1336]
	[21,1251]
	[74,1113]
	[86,1065]
	[98,986]
	[89,1000]
	[18,879]
	[54,730]
	[124,671]
	[78,651]
	[20,641]
	[102,570]
	[73,540]
	[119,421]
	[83,387]
	[13,278]
	[33,1283]
	[108,1271]
	[41,856]
	[27,591]
	[46,303]
	[72,1346]
	[178,7]
	[177,3]
	[169,1]
	[235,1]
	[233,1]
	[236,3]
	[234,2]
	[129,3]
	[172,1]
	[239,5]
	[241,8]
	[238,1]
	[237,2]
	[240,1]
	[168,1]
	[229,1]
	[231,1]

1592,
	[2890,2738535]
	[2,60504]
	[1,61306]
	[2892,41541]
	[-4370,241515]
	[2888,776654]
	[2887,820]
	[2889,3320]
	[2891,3855]
	[2848,816]
	[2846,12376]
	[2893,500]
	[2847,15]
	[2845,12]
	[2894,28]
	[3,9]
	[2849,16]
	[2886,47812]
	[2885,40]
	[2844,1196]
	[2843,4]
	[523096,1]
	[521650,1]
	[517308,4]
	[514420,2]
	[514418,2]
	[512974,4]
	[488420,3]
	[488418,3]
	[488450,1]
	[488452,1]
	[488419,1]
	[485496,12]
	[485494,3]
	[485493,1]
	[485498,4]
	[484050,1]
	[472182,7]
	[472212,3]
	[439286,6]
	[437806,4]
	[436362,9]
	[436390,1]
	[436360,2]
	[434948,1]
	[433502,2]
	[432086,4]
	[432058,6]
	[432055,1]
	[432056,7]
	[430612,4]
	[430610,3]
	[427686,10]
	[427685,1]
	[426240,2]
	[426238,1]
	[423380,4]
	[423378,4]
	[421964,3]
	[421936,10]
	[421934,2]
	[420490,10]
	[420489,1]
	[420488,8]
	[420486,1]
	[420456,3]
	[420458,4]
	[394490,10]
	[394488,2]
	[394489,1]
	[393044,9]
	[393074,7]
	[393042,3]
	[391596,10]
	[391594,6]
	[390150,29]
	[390180,2]
	[390149,1]
	[390148,5]
	[433423,1]
	[388672,21]
	[388702,5]
	[387256,14]
	[387255,1]
	[387226,20]
	[387225,1]
	[387223,1]
	[387224,2]
	[385808,1]
	[385810,3]
	[385780,5]
	[385812,3]
	[385814,16]
	[385813,1]
	[385811,1]
	[384398,5]
	[384366,4]
	[384368,6]
	[382922,18]
	[382920,17]
	[426249,1]
	[382923,1]
	[381506,4]
	[381476,1]
	[381474,9]
	[380058,6]
	[380057,1]
	[378612,4]
	[378582,19]
	[378580,7]
	[377168,17]
	[377165,1]
	[377166,5]
	[375722,2]
	[375720,2]
	[374278,28]
	[374277,1]
	[374276,4]
	[417623,1]
	[372746,1]
	[349726,11]
	[349724,11]
	[349725,1]
	[348248,21]
	[348247,1]
	[348246,14]
	[391543,1]
	[391574,1]
	[348278,1]
	[346802,16]
	[346800,14]
	[346799,1]
	[346832,5]
	[345356,8]
	[345354,14]
	[345352,2]
	[343908,4]
	[343907,1]
	[342462,18]
	[342461,1]
	[342460,3]
	[341016,30]
	[340981,1]
	[340982,4]
	[341014,3]
	[339538,12]
	[339540,12]
	[339570,9]
	[338094,16]
	[338093,2]
	[338092,6]
	[338123,1]
	[338124,2]
	[338091,1]
	[338090,1]
	[338126,10]
	[336680,18]
	[336678,3]
	[335234,18]
	[335233,3]
	[335230,1]
	[335232,6]
	[335264,3]
	[333786,26]
	[333784,2]
	[377105,1]
	[333816,8]
	[332340,8]
	[332338,8]
	[332308,12]
	[332307,1]
	[375612,1]
	[330862,21]
	[330861,1]
	[330859,2]
	[330860,1]
	[330892,12]
	[330891,1]
	[330890,1]
	[329416,12]
	[329446,2]
	[328004,26]
	[328003,1]
	[328002,5]
	[328034,4]
	[328033,1]
	[303452,1]
	[303450,6]
	[303448,9]
	[302005,1]
	[302006,29]
	[302034,6]
	[302004,4]
	[300560,9]
	[300559,2]
	[300528,11]
	[300556,2]
	[300526,3]
	[299082,13]
	[299113,1]
	[299112,3]
	[299110,11]
	[299079,1]
	[299080,7]
	[299078,3]
	[297634,13]
	[297632,2]
	[297664,8]
	[297666,16]
	[297665,1]
	[296220,24]
	[296250,8]
	[296218,8]
	[296217,1]
	[294774,23]
	[294804,4]
	[294773,1]
	[294772,4]
	[293328,17]
	[293358,4]
	[293326,1]
	[293331,1]
	[293330,10]
	[293329,1]
	[291868,7]
	[291867,1]
	[291866,8]
	[291864,1]
	[291802,3]
	[291772,8]
	[291739,1]
	[291740,2]
	[291708,10]
	[291674,5]
	[290230,19]
	[290260,4]
	[290228,11]
	[290229,2]
	[333533,1]
	[288786,2]
	[288818,22]
	[288816,10]
	[288817,1]
	[287372,22]
	[287371,2]
	[287370,7]
	[285928,29]
	[285927,2]
	[329207,1]
	[285926,4]
	[285929,1]
	[284484,28]
	[284482,3]
	[284483,1]
	[283040,16]
	[283038,2]
	[283039,1]
	[283043,1]
	[283042,6]
	[281598,22]
	[281596,12]
	[281595,1]
	[279971,1]
	[279888,1]
	[279726,1]
	[279508,1]
	[278945,1]
	[257082,6]
	[257080,2]
	[257112,2]
	[257114,2]
	[257113,1]
	[257143,1]
	[257144,3]
	[257142,1]
	[257175,1]
	[257178,2]
	[257176,1]
	[257208,1]
	[257206,1]
	[257242,2]
	[257240,3]
	[255794,28]
	[255793,1]
	[255790,1]
	[255791,1]
	[255792,3]
	[254348,22]
	[254346,4]
	[254345,1]
	[254347,1]
	[252902,20]
	[252900,17]
	[251454,38]
	[294758,1]
	[251453,1]
	[250008,33]
	[248562,37]
	[248561,2]
	[248560,1]
	[247116,21]
	[247114,1]
	[247118,19]
	[247117,1]
	[245672,22]
	[245670,5]
	[244226,14]
	[287517,1]
	[244224,8]
	[287538,1]
	[244194,6]
	[242748,20]
	[242746,6]
	[242778,3]
	[241302,15]
	[241300,3]
	[284623,1]
	[241332,4]
	[241301,1]
	[239856,18]
	[239853,1]
	[239854,6]
	[239885,2]
	[239886,4]
	[239855,1]
	[238410,20]
	[238408,10]
	[281706,1]
	[238409,2]
	[281744,1]
	[238440,6]
	[236964,16]
	[236963,1]
	[236962,3]
	[236994,4]
	[236993,1]
	[235520,11]
	[235518,11]
	[235488,3]
	[278835,1]
	[235517,1]
	[235485,1]
	[235486,4]
	[235484,1]
	[233490,1]
	[233374,1]
	[232944,1]
	[232820,1]
	[232798,1]
	[232602,1]
	[210936,4]
	[210934,2]
	[210966,8]
	[210964,10]
	[210965,1]
	[209488,11]
	[209518,6]
	[209485,1]
	[209486,4]
	[209520,5]
	[208073,1]
	[208072,2]
	[208074,20]
	[208104,5]
	[206628,8]
	[206627,1]
	[206658,7]
	[206626,10]
	[205180,27]
	[248421,1]
	[205210,3]
	[248509,1]
	[203734,4]
	[203702,15]
	[203732,9]
	[202286,5]
	[202256,15]
	[202255,1]
	[200840,4]
	[200810,8]
	[200842,12]
	[200844,5]
	[199428,4]
	[199398,20]
	[199396,8]
	[199397,1]
	[197982,9]
	[197981,2]
	[197952,17]
	[197950,5]
	[197949,1]
	[241292,1]
	[197953,1]
	[197951,1]
	[196536,6]
	[196506,13]
	[196505,2]
	[196503,1]
	[196504,3]
	[196502,1]
	[195090,4]
	[195060,11]
	[195058,1]
	[193644,4]
	[193643,1]
	[193614,20]
	[193612,1]
	[192200,24]
	[192198,12]
	[192197,1]
	[190754,20]
	[190752,5]
	[190750,1]
	[234089,1]
	[189308,24]
	[189307,2]
	[232567,1]
	[189306,3]
	[187711,1]
	[187587,1]
	[187566,1]
	[187370,1]
	[187338,1]
	[187108,1]
	[187050,1]
	[187040,1]
	[186900,1]
	[186589,1]
	[164757,2]
	[164758,6]
	[164756,3]
	[164752,7]
	[164754,9]
	[164753,1]
	[164755,1]
	[164750,1]
	[163310,14]
	[163309,4]
	[163308,6]
	[161864,13]
	[161862,8]
	[161863,2]
	[160418,13]
	[160417,1]
	[160416,7]
	[158970,16]
	[158969,2]
	[157524,17]
	[157523,1]
	[156078,15]
	[156077,2]
	[154633,1]
	[154632,18]
	[154634,6]
	[153188,13]
	[153186,2]
	[151742,18]
	[151739,1]
	[151740,5]
	[150296,10]
	[150294,5]
	[150297,1]
	[148850,19]
	[148848,8]
	[148849,2]
	[147404,19]
	[147403,1]
	[147402,8]
	[145926,7]
	[145924,4]
	[145956,5]
	[144481,1]
	[144480,10]
	[144479,1]
	[144478,7]
	[144508,1]
	[144510,8]
	[143034,9]
	[143032,7]
	[186322,1]
	[143064,5]
	[141564,1]
	[141465,1]
	[141389,1]
	[141376,1]
	[141161,1]
	[141126,1]
	[140971,1]
	[140774,1]
	[140422,1]
	[140363,1]
	[118484,4]
	[118482,3]
	[118480,5]
	[118478,1]
	[118476,1]
	[118512,4]
	[117066,14]
	[160387,1]
	[115620,10]
	[115619,2]
	[158929,1]
	[115588,4]
	[114142,11]
	[114172,3]
	[114141,1]
	[114140,1]
	[157441,1]
	[112696,12]
	[112726,2]
	[112725,1]
	[111250,10]
	[111249,1]
	[154586,1]
	[111280,4]
	[111248,1]
	[109804,7]
	[109834,4]
	[153070,1]
	[108358,4]
	[108388,6]
	[151669,1]
	[108357,1]
	[106898,6]
	[106896,5]
	[106832,6]
	[106831,1]
	[105388,4]
	[105387,1]
	[105418,4]
	[105386,7]
	[103944,7]
	[103976,4]
	[103974,4]
	[102532,7]
	[102530,6]
	[102529,1]
	[101086,8]
	[101088,9]
	[101087,1]
	[99644,11]
	[99640,1]
	[99642,8]
	[98200,10]
	[98199,1]
	[98198,3]
	[98197,1]
	[96756,12]
	[140070,1]
	[96754,7]
	[96753,1]
	[95092,1]
	[94849,1]
	[94490,1]
	[94398,1]
	[72240,5]
	[72238,2]
	[72271,1]
	[72270,1]
	[70824,14]
	[69379,1]
	[69378,7]
	[69377,1]
	[67932,6]
	[66486,10]
	[66485,1]
	[65041,1]
	[65040,13]
	[65039,1]
	[63594,17]
	[63593,2]
	[62148,14]
	[62147,1]
	[60702,7]
	[59256,13]
	[59254,2]
	[59255,1]
	[57810,9]
	[57809,2]
	[56364,8]
	[54919,1]
	[54918,9]
	[54916,1]
	[54917,1]
	[53472,13]
	[52026,10]
	[50580,12]
	[48876,1]
	[48495,1]
	[48431,1]
	[48278,1]
	[48082,1]
	[47849,1]
	[26028,3]
	[26026,5]
	[24582,5]
	[23136,2]
	[21690,1]
	[20244,6]
	[18798,2]
	[18796,1]
	[17350,7]
	[15904,8]
	[14458,6]
	[57765,1]
	[13012,9]
	[11566,4]
	[11565,1]
	[10120,4]
	[8672,1]
	[8674,4]
	[7230,8]
	[7228,1]
	[5784,4]
	[5782,1]
	[4337,1]
	[4338,11]
	[2820,1]
	[2765,1]
	[2616,1]
	[2422,1]
	[2190,1]
	[1810,1]

1632,
	[87,20]
	[70,25]
	[64,17]
	[23,34]
	[49,32]
	[36,29]
	[81,13]
	[89,10]
	[62,14]
	[109,9]
	[12,41]
	[69,26]
	[82,19]
	[51,31]
	[13,28]
	[4,40]
	[6,35]
	[42,24]
	[117,6]
	[60,32]
	[126,2]
	[68,36]
	[7,31]
	[39,38]
	[9,30]
	[85,17]
	[57,17]
	[43,37]
	[27,34]
	[35,42]
	[5,40]
	[41,32]
	[113,6]
	[30,26]
	[63,25]
	[50,27]
	[53,37]
	[26,39]
	[97,15]
	[3,88]
	[40,35]
	[22,38]
	[31,32]
	[16,46]
	[90,17]
	[98,12]
	[8,39]
	[46,35]
	[18,32]
	[94,7]
	[65,31]
	[38,27]
	[25,35]
	[111,6]
	[55,17]
	[107,6]
	[19,32]
	[106,8]
	[24,46]
	[61,22]
	[58,25]
	[17,46]
	[59,31]
	[101,14]
	[78,12]
	[73,16]
	[37,29]
	[72,26]
	[14,42]
	[10,41]
	[54,28]
	[103,9]
	[32,18]
	[33,30]
	[92,16]
	[93,18]
	[77,15]
	[15,44]
	[112,8]
	[74,20]
	[20,35]
	[21,33]
	[76,23]
	[102,14]
	[71,21]
	[80,14]
	[108,7]
	[91,14]
	[47,27]
	[99,17]
	[86,16]
	[48,22]
	[52,34]
	[79,14]
	[125,2]
	[83,18]
	[67,20]
	[95,7]
	[1,35]
	[11,41]
	[114,3]
	[104,14]
	[45,27]
	[29,33]
	[28,38]
	[2,35]
	[66,18]
	[84,17]
	[44,23]
	[121,3]
	[122,4]
	[56,24]
	[75,9]
	[128,1]
	[110,7]
	[123,3]
	[34,23]
	[88,10]
	[127,2]
	[116,5]
	[105,7]
	[133,1]
	[120,2]
	[124,1]
	[100,5]
	[-4370,4]
	[96,8]
	[115,2]
	[119,1]
	[118,1]

1576,
	[4,3]
	[5,5]
	[12,2]
	[19,3]
	[20,6]
	[23,7]
	[40,5]
	[51,10]
	[62,3]
	[8,2]
	[-4370,39]
	[70,2]
	[72,1]
	[21,2]
	[87,6]
	[25,2]
	[88,3]
	[105,2]
	[41,3]
	[127,1]
	[6,5]
	[27,5]
	[33,3]
	[44,5]
	[10,3]
	[45,3]
	[77,3]
	[76,3]
	[31,2]
	[81,2]
	[83,2]
	[89,2]
	[54,5]
	[9,8]
	[22,7]
	[42,2]
	[47,4]
	[32,4]
	[52,5]
	[78,2]
	[16,4]
	[102,2]
	[74,4]
	[121,1]
	[3,3]
	[24,2]
	[30,3]
	[46,3]
	[49,3]
	[80,3]
	[95,1]
	[35,3]
	[124,1]
	[37,2]
	[38,2]
	[57,2]
	[61,3]
	[60,1]
	[63,1]
	[67,2]
	[75,2]
	[90,2]
	[69,1]
	[17,6]
	[65,2]
	[68,2]
	[59,2]
	[84,1]
	[14,4]
	[43,1]
	[82,1]
	[85,2]
	[11,4]
	[92,1]
	[39,1]
	[2,2]
	[29,1]
	[66,1]
	[7,1]
	[58,1]
	[55,1]
	[34,2]
	[94,1]
	[26,2]
	[106,1]
	[13,1]
	[36,1]
	[111,1]

len(carl_order):
37
Printing carl assignment order:
1500,2,0.45454545454545453
1484,1,0.10388349514563107
1484,3,0.05754614549402823
1632,133,0.022573149333712714
1576,90,0.0163826998689384
1604,129,0.015484926737981025
1592,2,0.015365825475708599
1424,89,0.015361836017027578
1412,1,0.015019525382997898
1576,95,0.01195219123505976
1604,241,0.011490950876185005
1576,106,0.009652509652509652
1480,244,0.009214333407522814
1576,111,0.004651162790697674
1576,127,0.004524886877828055
1484,278,0.0018662947174036893
1500,89,0.0016420361247947454
1412,1445,0.0006502805272576802
1480,2804,0.0005067139599695972
1500,3080,0.000496031746031746
1588,2895,0.00034849393799333503
1592,2893,0.0003244014923892876
1592,2894,0.00011429411140410316
1412,1502,4.342539517109606e-05
1484,875,1.5370840746561736e-05
1484,2607,1.342373773238168e-05
1484,3573,1.2252679661041869e-05
1412,6459,5.005829288206116e-07
1484,13007,2.535875023964019e-07
1484,29197,1.4812115718172837e-07
1412,108265,7.340778873277554e-08
1592,349726,3.453733499088372e-08
1592,394490,3.2037954071221294e-08
1592,439286,1.0808098464947391e-08
1592,488452,3.367923284063934e-09
1592,517308,1.7217799010150228e-09
1592,523096,1.4307185794795825e-09
bin_width: 413913010
assigning lease 2 to address 1500
Average Cache Occupancy Per Bin: [9.52,0.0,0.0,0.0,0.0]
Total cost: 39424.0
assigning lease 1 to address 1484
Average Cache Occupancy Per Bin: [0.00,0.0,0.0,0.0,0.0]
Total cost: 303104.0
assigning lease 3 to address 1484
Average Cache Occupancy Per Bin: [0.00,0.0,0.0,0.0,0.0]
Total cost: 774656.0
assigning lease 133 to address 1632
Average Cache Occupancy Per Bin: [0.01,0.01,0.01,0.01,0.01]
Total cost: 7603200.0
assigning lease 90 to address 1576
Average Cache Occupancy Per Bin: [0.01,0.01,0.01,0.01,0.01]
Total cost: 8220928.0
assigning lease 129 to address 1604
Average Cache Occupancy Per Bin: [0.98,0.99,0.98,0.98,0.97]
Total cost: 409135360.0
assigning lease 2 to address 1592
Average Cache Occupancy Per Bin: [1.96,1.97,1.96,1.97,1.95]
Total cost: 814619904.0
assigning lease 89 to address 1424
Average Cache Occupancy Per Bin: [1.97,1.97,1.96,1.97,1.95]
Total cost: 816003072.0
assigning lease 1 to address 1412
Average Cache Occupancy Per Bin: [1.97,1.97,1.96,1.97,1.95]
Total cost: 817707520.0
assigning lease 95 to address 1576
Average Cache Occupancy Per Bin: [1.97,1.97,1.96,1.97,1.95]
Total cost: 817717760.0
assigning lease 241 to address 1604
Average Cache Occupancy Per Bin: [1.97,1.97,1.96,1.97,1.95]
Total cost: 817912064.0
assigning lease 106 to address 1576
Average Cache Occupancy Per Bin: [1.97,1.97,1.96,1.97,1.95]
Total cost: 817934336.0
assigning lease 244 to address 1480
Average Cache Occupancy Per Bin: [2.00,1.97,1.96,1.97,1.95]
Total cost: 829436416.0
assigning lease 111 to address 1576
Average Cache Occupancy Per Bin: [2.00,1.97,1.96,1.97,1.95]
Total cost: 829445376.0
assigning lease 127 to address 1576
Average Cache Occupancy Per Bin: [2.00,1.97,1.96,1.97,1.95]
Total cost: 829474048.0
assigning lease 278 to address 1484
Average Cache Occupancy Per Bin: [2.12,1.97,1.96,1.97,1.95]
Total cost: 881598720.0
assigning lease 89 to address 1500
Average Cache Occupancy Per Bin: [2.13,1.97,1.96,1.97,1.95]
Total cost: 881754624.0
assigning lease 1445 to address 1412
Average Cache Occupancy Per Bin: [7.98,1.97,1.96,1.97,1.95]
Total cost: 3304438272.0
assigning lease 2804 to address 1480
Average Cache Occupancy Per Bin: [7.98,1.97,1.96,1.97,1.95]
Total cost: 3306459136.0
assigning lease 3080 to address 1500
Average Cache Occupancy Per Bin: [7.99,1.97,1.96,1.97,1.95]
Total cost: 3309555712.0
addr: 1588 ri: 2895
bin target: 211923461120
	bin: 0.0 current capacity: 7.995776001339025  avg impact: 1387.540849088073
	bin: 1.0 current capacity: 1.9767025733257333  avg impact: 1394.3814123842108
	bin: 2.0 current capacity: 1.9692943307097306  avg impact: 1394.3372443403023
	bin: 3.0 current capacity: 1.9708380753724073  avg impact: 1394.1784445963658
	bin: 4.0 current capacity: 1.9529328638401582  avg impact: 1394.2635614570318
num_full_bins: 0
printing bin ranks sorted:
	bin: 0.0 rank: 0.36323559362587804
	selecting this^ bin
	bin: 1.0 rank: 0.36577029275985595
	bin: 2.0 rank: 0.3657871922589282
	bin: 4.0 rank: 0.36581825792187456
	bin: 3.0 rank: 0.3658277488806594
acceptable_ratio: 0.36323559362587804
Assigning 1588 dual lease lease 2895 * 0.36323559362587804. Bin saturation: [512.,508.,508.,508.,508.]
addr: 1592 ri: 2893
bin target: 211923461120
	bin: 0.0 current capacity: 512.0  avg impact: 1382.1272018871791
	bin: 1.0 current capacity: 508.46566264159486  avg impact: 1388.550265747868
	bin: 2.0 current capacity: 508.4422109933304  avg impact: 1387.2053889197637
	bin: 3.0 current capacity: 508.3860730187367  avg impact: 1385.3596603402245
	bin: 4.0 current capacity: 508.399085280616  avg impact: 1372.8166211542855
num_full_bins: 1
printing bin ranks sorted:
	bin: 0.0 rank: 0.0
	bin: 1.0 rank: 0.0025453434748374556
	bin: 2.0 rank: 0.0025647168293082435
	bin: 3.0 rank: 0.0026086561379850015
	bin: 4.0 rank: 0.002623012180866737
acceptable_ratio: 0
addr: 1592 ri: 2894
bin target: 211923461120
	bin: 0.0 current capacity: 512.0  avg impact: 1382.157449015676
	bin: 1.0 current capacity: 508.46566264159486  avg impact: 1388.5807763520165
	bin: 2.0 current capacity: 508.4422109933304  avg impact: 1387.235769023061
	bin: 3.0 current capacity: 508.3860730187367  avg impact: 1385.389930352757
	bin: 4.0 current capacity: 508.399085280616  avg impact: 1372.846731597057
num_full_bins: 1
printing bin ranks sorted:
	bin: 0.0 rank: 0.0
	bin: 1.0 rank: 0.0025452875472540513
	bin: 2.0 rank: 0.00256466066267533
	bin: 3.0 rank: 0.002608599140274639
	bin: 4.0 rank: 0.0026229546507314763
acceptable_ratio: 0
addr: 1412 ri: 1502
bin target: 211923461120
	bin: 0.0 current capacity: 512.0  avg impact: 0.014242528883061685
num_full_bins: 1
printing bin ranks sorted:
	bin: 0.0 rank: 0.0
acceptable_ratio: 0
addr: 1484 ri: 875
bin target: 211923461120
	bin: 0.0 current capacity: 512.0  avg impact: 0.16095084327018375
num_full_bins: 1
printing bin ranks sorted:
	bin: 0.0 rank: 0.0
acceptable_ratio: 0
addr: 1484 ri: 2607
bin target: 211923461120
	bin: 0.0 current capacity: 512.0  avg impact: 0.6216924469226034
num_full_bins: 1
printing bin ranks sorted:
	bin: 0.0 rank: 0.0
acceptable_ratio: 0
addr: 1484 ri: 3573
bin target: 211923461120
	bin: 0.0 current capacity: 512.0  avg impact: 0.8740810925464749
num_full_bins: 1
printing bin ranks sorted:
	bin: 0.0 rank: 0.0
acceptable_ratio: 0
addr: 1412 ri: 6459
bin target: 211923461120
	bin: 0.0 current capacity: 512.0  avg impact: 1.249776961589103
num_full_bins: 1
printing bin ranks sorted:
	bin: 0.0 rank: 0.0
acceptable_ratio: 0
addr: 1484 ri: 13007
bin target: 211923461120
	bin: 0.0 current capacity: 512.0  avg impact: 3.3130319049406056
num_full_bins: 1
printing bin ranks sorted:
	bin: 0.0 rank: 0.0
acceptable_ratio: 0
addr: 1484 ri: 29197
bin target: 211923461120
	bin: 0.0 current capacity: 512.0  avg impact: 7.48858289813118
num_full_bins: 1
printing bin ranks sorted:
	bin: 0.0 rank: 0.0
acceptable_ratio: 0
addr: 1412 ri: 108265
bin target: 211923461120
	bin: 0.0 current capacity: 512.0  avg impact: 26.525873231189326
num_full_bins: 1
printing bin ranks sorted:
	bin: 0.0 rank: 0.0
acceptable_ratio: 0
addr: 1592 ri: 349726
bin target: 211923461120
	bin: 0.0 current capacity: 512.0  avg impact: 11870.255384995025
	bin: 1.0 current capacity: 508.46566264159486  avg impact: 11969.991100651801
	bin: 2.0 current capacity: 508.4422109933304  avg impact: 11923.598733444016
	bin: 3.0 current capacity: 508.3860730187367  avg impact: 11882.71184954539
	bin: 4.0 current capacity: 508.399085280616  avg impact: 11578.316872562184
num_full_bins: 1
printing bin ranks sorted:
	bin: 0.0 rank: 0.0
	bin: 1.0 rank: 0.0002952664984197604
	bin: 2.0 rank: 0.00029838214839371504
	bin: 3.0 rank: 0.00030413318331889077
	bin: 4.0 rank: 0.0003110050242205157
acceptable_ratio: 0
addr: 1592 ri: 394490
bin target: 211923461120
	bin: 0.0 current capacity: 512.0  avg impact: 13223.905613365476
	bin: 1.0 current capacity: 508.46566264159486  avg impact: 13335.684726836686
	bin: 2.0 current capacity: 508.4422109933304  avg impact: 13283.478305511586
	bin: 3.0 current capacity: 508.3860730187367  avg impact: 13237.55257471129
	bin: 4.0 current capacity: 508.399085280616  avg impact: 12843.03076795774
num_full_bins: 1
printing bin ranks sorted:
	bin: 0.0 rank: 0.0
	bin: 1.0 rank: 0.0002650285628973114
	bin: 2.0 rank: 0.00026783564702276855
	bin: 3.0 rank: 0.00027300567539707496
	bin: 4.0 rank: 0.0002803788906562446
acceptable_ratio: 0
addr: 1592 ri: 439286
bin target: 211923461120
	bin: 0.0 current capacity: 512.0  avg impact: 14578.523512348645
	bin: 1.0 current capacity: 508.46566264159486  avg impact: 14702.354632979524
	bin: 2.0 current capacity: 508.4422109933304  avg impact: 14644.330001301481
	bin: 3.0 current capacity: 508.3860730187367  avg impact: 14593.361821528635
	bin: 4.0 current capacity: 508.399085280616  avg impact: 14100.34218071087
num_full_bins: 1
printing bin ranks sorted:
	bin: 0.0 rank: 0.0
	bin: 1.0 rank: 0.00024039260694182395
	bin: 2.0 rank: 0.00024294651966688913
	bin: 3.0 rank: 0.0002476418405477998
	bin: 4.0 rank: 0.0002553778251076789
acceptable_ratio: 0
addr: 1592 ri: 488452
bin target: 211923461120
	bin: 0.0 current capacity: 512.0  avg impact: 16065.288929381562
	bin: 1.0 current capacity: 508.46566264159486  avg impact: 16202.34777088065
	bin: 2.0 current capacity: 508.4422109933304  avg impact: 16137.937342921403
	bin: 3.0 current capacity: 508.3860730187367  avg impact: 16081.434806371513
	bin: 4.0 current capacity: 508.399085280616  avg impact: 15477.527208376465
num_full_bins: 1
printing bin ranks sorted:
	bin: 0.0 rank: 0.0
	bin: 1.0 rank: 0.00021813735937437222
	bin: 2.0 rank: 0.0002204611984213807
	bin: 3.0 rank: 0.00022472665062395398
	bin: 4.0 rank: 0.00023265439439416308
acceptable_ratio: 0
addr: 1592 ri: 517308
bin target: 211923461120
	bin: 0.0 current capacity: 512.0  avg impact: 16937.885904402956
	bin: 1.0 current capacity: 508.46566264159486  avg impact: 17082.708222966947
	bin: 2.0 current capacity: 508.4422109933304  avg impact: 17014.54990952809
	bin: 3.0 current capacity: 508.3860730187367  avg impact: 16954.79920556254
	bin: 4.0 current capacity: 508.399085280616  avg impact: 16285.1608128191
num_full_bins: 1
printing bin ranks sorted:
	bin: 0.0 rank: 0.0
	bin: 1.0 rank: 0.00020689561118028056
	bin: 2.0 rank: 0.0002091027400423478
	bin: 3.0 rank: 0.00021315068007869326
	bin: 4.0 rank: 0.00022111631323588134
acceptable_ratio: 0
addr: 1592 ri: 523096
bin target: 211923461120
	bin: 0.0 current capacity: 512.0  avg impact: 17112.913326478912
	bin: 1.0 current capacity: 508.46566264159486  avg impact: 17259.292860362133
	bin: 2.0 current capacity: 508.4422109933304  avg impact: 17190.38278780365
	bin: 3.0 current capacity: 508.3860730187367  avg impact: 17129.980559267755
	bin: 4.0 current capacity: 508.399085280616  avg impact: 16447.117471296686
num_full_bins: 1
printing bin ranks sorted:
	bin: 0.0 rank: 0.0
	bin: 1.0 rank: 0.00020477880449680218
	bin: 2.0 rank: 0.00020696391991886353
	bin: 3.0 rank: 0.0002109708746463298
	bin: 4.0 rank: 0.0002189389554533359
acceptable_ratio: 0
Final saturation:
	0.0,211923461120.0
	1.0,210460552905.62708
	2.0,210450845963.30447
	3.0,210427609725.26508
	4.0,210432995669.74646
DUMP LEASES
0, 584, 5a5, 0, 1 
0, 590, 59, 0, 1 
0, 5cc, 116, 0, 1 
0, 5dc, c08, 0, 1 
0, 5c8, af4, 0, 1 
0, 634, 1, b4f, 0.636764406374122 
0, 644, f1, 0, 1 
0, 638, 2, 0, 1 
0, 660, 85, 0, 1 
0, 628, 7f, 0, 1 
Dump dual leases

