sample rate: 0.00390625
520,
	[5,2020]
	[2,33633]
	[4,31550]
	[222,1811]
	[215,57]
	[228,16]
	[162,2798]
	[205,757]
	[3557,65]
	[224,1912]
	[170,2465]
	[12,2071]
	[11,2046]
	[169,2371]
	[177,20249]
	[176,995]
	[7,2038]
	[164,3029]
	[14,2010]
	[13,2052]
	[178,6712]
	[9,2076]
	[96,28]
	[174,391]
	[10,2008]
	[168,1656]
	[17,1015]
	[165,918]
	[163,2638]
	[218,188]
	[18,1021]
	[171,1562]
	[2854,135]
	[206,186]
	[219,710]
	[161,958]
	[173,1792]
	[181,430]
	[167,1449]
	[3,1095]
	[211,382]
	[16,1990]
	[6,2007]
	[183,172]
	[3035,25]
	[166,1313]
	[179,624]
	[3018,22]
	[175,1045]
	[2906,2]
	[160,879]
	[2858,8]
	[8,1989]
	[15,2083]
	[2838,559]
	[2837,613]
	[212,1116]
	[87,3]
	[2839,87]
	[82,4]
	[2705,6]
	[2859,25]
	[3459,5]
	[3021,81]
	[50,5]
	[186,46]
	[2789,8]
	[223,132]
	[180,614]
	[3029,6]
	[3821,2]
	[3002,7]
	[226,53]
	[3530,4]
	[10711,5]
	[2855,30]
	[172,616]
	[182,454]
	[2846,17]
	[213,367]
	[3589,39]
	[3026,4]
	[225,85]
	[2775,3]
	[25551,3]
	[2842,138]
	[3036,62]
	[2836,4]
	[3590,45]
	[2850,8]
	[227,68]
	[3781,11]
	[155,3]
	[2861,7]
	[2857,20]
	[217,45]
	[2753,4]
	[2771,2]
	[97,12]
	[3015,15]
	[2856,21]
	[3019,24]
	[3020,44]
	[32182,4]
	[3009,20]
	[2853,415]
	[221,36]
	[2843,58]
	[2866,27]
	[233,14]
	[2840,15]
	[210,5]
	[2805,4]
	[3598,7]
	[2852,130]
	[188,25]
	[3008,4]
	[3437,3]
	[214,23]
	[2865,8]
	[10908,3]
	[113,7]
	[54,3]
	[3560,31]
	[2912,14]
	[2881,18]
	[153,3]
	[3812,6]
	[92,7]
	[2841,24]
	[3588,45]
	[148,5]
	[3492,3]
	[3543,19]
	[2888,5]
	[3817,13]
	[2740,5]
	[62,5]
	[3775,16]
	[207,20]
	[229,41]
	[83,5]
	[3012,16]
	[7068,7]
	[3565,5]
	[3600,1]
	[3587,12]
	[3566,32]
	[19,6]
	[2860,24]
	[3025,6]
	[184,43]
	[2885,2]
	[3022,15]
	[3017,9]
	[2710,1]
	[3755,4]
	[3023,8]
	[230,15]
	[2847,29]
	[3604,13]
	[48,1]
	[3514,12]
	[2883,46]
	[208,6]
	[3627,3]
	[3013,3]
	[128,14]
	[116,2]
	[3787,15]
	[9129,3]
	[2851,29]
	[2779,6]
	[216,31]
	[3789,12]
	[3818,12]
	[3562,13]
	[3520,6]
	[2878,2]
	[185,42]
	[2928,4]
	[3485,1]
	[2780,6]
	[2845,26]
	[30,4]
	[2769,1]
	[3041,11]
	[3823,2]
	[2879,10]
	[3006,20]
	[2848,22]
	[254,4]
	[89,5]
	[2910,5]
	[3603,5]
	[3062,5]
	[14436,4]
	[115,3]
	[16863,3]
	[3016,10]
	[2718,5]
	[2880,11]
	[3005,9]
	[2746,1]
	[2864,2]
	[187,14]
	[3010,4]
	[3513,30]
	[2813,2]
	[2911,2]
	[3761,4]
	[3535,3]
	[2902,1]
	[2772,4]
	[2719,2]
	[2871,3]
	[3027,6]
	[26142,1]
	[3559,29]
	[2800,3]
	[3599,3]
	[2778,5]
	[2806,4]
	[23488,2]
	[88,8]
	[234,6]
	[3561,3]
	[55,7]
	[56,6]
	[151,3]
	[2735,3]
	[24044,2]
	[58,2]
	[2899,6]
	[2814,1]
	[3773,3]
	[2768,4]
	[21425,6]
	[3592,6]
	[2889,9]
	[3605,6]
	[3568,11]
	[2831,1]
	[3499,3]
	[2927,8]
	[197,1]
	[2727,7]
	[63,9]
	[3007,12]
	[3024,8]
	[130,6]
	[2782,4]
	[29159,1]
	[12702,3]
	[64,22]
	[2764,3]
	[27061,5]
	[2808,2]
	[3764,2]
	[18371,1]
	[2707,4]
	[129,24]
	[2862,7]
	[2807,8]
	[3528,3]
	[3004,6]
	[49,5]
	[189,3]
	[3014,8]
	[2826,3]
	[3563,18]
	[2868,7]
	[2937,3]
	[427,1]
	[2844,8]
	[2738,10]
	[3591,1]
	[7105,4]
	[3741,5]
	[2754,4]
	[84,1]
	[203,2]
	[2770,7]
	[3028,6]
	[2799,1]
	[3497,2]
	[19881,2]
	[3011,11]
	[5522,3]
	[21,5]
	[65,4]
	[51,3]
	[2824,3]
	[157,4]
	[69,1]
	[2870,4]
	[20471,1]
	[29,6]
	[67,3]
	[2747,1]
	[3706,4]
	[2872,3]
	[3806,9]
	[117,3]
	[2833,2]
	[21526,3]
	[3822,3]
	[27651,3]
	[2817,2]
	[123,3]
	[2773,3]
	[2828,1]
	[3040,5]
	[2873,3]
	[25033,2]
	[3427,3]
	[2905,6]
	[3668,4]
	[25087,2]
	[32,1]
	[2725,3]
	[3533,5]
	[95,2]
	[7138,4]
	[3542,6]
	[14247,6]
	[21978,1]
	[60,3]
	[22534,3]
	[3601,2]
	[2761,4]
	[235,4]
	[2820,1]
	[2729,3]
	[231,3]
	[14798,5]
	[17853,1]
	[154,2]
	[2788,1]
	[3471,1]
	[2874,3]
	[149,3]
	[3779,2]
	[2743,3]
	[17890,5]
	[2787,2]
	[232,2]
	[3597,4]
	[3507,2]
	[2867,2]
	[3649,2]
	[2795,1]
	[371,2]
	[125,3]
	[2798,2]
	[14282,1]
	[3567,1]
	[220,3]
	[2890,2]
	[3521,1]
	[10746,2]
	[11191,2]
	[2728,2]
	[2796,3]
	[86,3]
	[2781,3]
	[2834,1]
	[3066,1]
	[94,3]
	[28615,2]
	[2827,3]
	[2825,1]
	[127,2]
	[114,1]
	[425,2]
	[30668,2]
	[3569,2]
	[2763,4]
	[2869,4]
	[122,1]
	[2765,2]
	[3031,3]
	[3032,2]
	[2832,2]
	[146,2]
	[3819,3]
	[2744,3]
	[2877,2]
	[3634,4]
	[2816,1]
	[7347,3]
	[159,3]
	[2819,2]
	[17998,1]
	[85,1]
	[147,1]

540,
	[2,31641]
	[33,948]
	[35,29060]
	[34,30500]
	[36,1413]
	[17,1014]
	[19,966]
	[2895,275]
	[20,39]
	[54,9]
	[2911,157]
	[2927,18]
	[41,88]
	[2899,33]
	[37,197]
	[2896,62]
	[2916,39]
	[2915,19]
	[71,10]
	[163,8]
	[39,20]
	[2910,41]
	[165,11]
	[2912,6]
	[90,6]
	[127,12]
	[3627,10]
	[3,40]
	[425,2]
	[24,2]
	[144,11]
	[171,3]
	[42,26]
	[2900,4]
	[184,2]
	[40,9]
	[2917,8]
	[149,1]
	[107,9]
	[51,4]
	[2945,1]
	[2914,5]
	[2893,9]
	[2926,9]
	[21,4]
	[77,4]
	[263,2]
	[3637,8]
	[150,6]
	[45,1]
	[2957,2]
	[3638,2]
	[2889,2]
	[2898,3]
	[113,2]
	[76,2]
	[167,4]
	[2941,1]
	[38,1]

524,
	[222,145893]
	[224,147576]
	[223,1639]
	[1,64162]
	[21686,1]
	[225,2932]
	[32865,7]
	[178,509894]
	[185,411]
	[177,1078493]
	[30696,1]
	[30651,2]
	[29239,1]
	[29195,3]
	[27784,44]
	[27739,1]
	[27064,1]
	[179,22139]
	[25804,4057]
	[180,20161]
	[25774,3262]
	[25758,2138]
	[181,10844]
	[25757,1753]
	[25759,1647]
	[25743,700]
	[187,450]
	[25776,1061]
	[183,2908]
	[25807,4572]
	[25805,4720]
	[25806,5167]
	[25783,95]
	[25792,1289]
	[25788,2952]
	[25819,1221]
	[25789,4016]
	[25787,1810]
	[25772,2015]
	[182,7560]
	[25773,2776]
	[25771,1300]
	[25818,578]
	[26493,79]
	[27967,88]
	[28717,401]
	[29439,92]
	[30175,441]
	[30176,480]
	[29446,80]
	[28748,19]
	[28708,86]
	[27298,182]
	[26574,80]
	[25838,146]
	[28037,162]
	[226,3330]
	[28724,138]
	[28704,649]
	[28690,81]
	[27985,288]
	[27986,182]
	[25779,26]
	[25791,3083]
	[25790,3941]
	[25756,1342]
	[26526,100]
	[27261,431]
	[27248,628]
	[27216,251]
	[184,572]
	[27280,185]
	[228,1317]
	[28703,456]
	[29427,7]
	[30896,47]
	[30897,173]
	[31635,97]
	[31649,182]
	[30928,91]
	[30926,71]
	[28057,61]
	[27322,39]
	[25869,89]
	[25786,1164]
	[25740,398]
	[188,304]
	[25742,671]
	[25753,266]
	[17052,15]
	[25820,1382]
	[25769,450]
	[25741,654]
	[25752,63]
	[233,183]
	[26513,246]
	[27231,511]
	[27949,88]
	[28750,140]
	[29422,125]
	[30892,86]
	[30893,77]
	[227,2453]
	[31647,150]
	[30920,36]
	[29461,75]
	[28725,88]
	[28046,15]
	[27314,175]
	[27315,218]
	[27316,41]
	[25857,201]
	[27266,79]
	[27260,104]
	[27229,232]
	[27233,337]
	[27234,329]
	[27232,451]
	[26512,181]
	[25775,2342]
	[27263,598]
	[27981,83]
	[28720,432]
	[28688,195]
	[5660,17]
	[27974,43]
	[26535,31]
	[26547,109]
	[27296,153]
	[29455,58]
	[29458,129]
	[26544,223]
	[25808,357]
	[25821,1330]
	[25803,2582]
	[229,909]
	[28734,224]
	[28735,421]
	[30880,84]
	[32349,75]
	[32843,37]
	[31425,61]
	[27737,76]
	[25802,1268]
	[27286,4]
	[28016,273]
	[29441,128]
	[30188,159]
	[30191,164]
	[30160,223]
	[29486,55]
	[28753,153]
	[28028,39]
	[26562,93]
	[27313,135]
	[28718,479]
	[28706,359]
	[27984,172]
	[26529,261]
	[22724,2]
	[25784,155]
	[25798,276]
	[232,171]
	[26527,246]
	[27245,319]
	[27247,471]
	[27230,278]
	[27215,135]
	[26539,20]
	[26531,90]
	[27279,283]
	[28003,182]
	[29475,100]
	[30225,136]
	[30947,95]
	[31648,81]
	[28779,71]
	[28055,38]
	[26602,80]
	[25868,85]
	[25799,312]
	[25739,242]
	[186,512]
	[25822,1386]
	[26528,334]
	[29447,45]
	[30177,272]
	[31644,70]
	[31629,170]
	[31630,205]
	[29504,47]
	[28730,2]
	[26592,87]
	[27267,100]
	[27262,400]
	[27217,164]
	[25770,664]
	[26560,259]
	[28737,53]
	[25824,99]
	[27297,172]
	[28721,263]
	[30178,334]
	[30161,114]
	[30163,130]
	[28762,47]
	[28001,119]
	[27264,478]
	[26587,48]
	[25801,836]
	[25755,819]
	[28686,191]
	[32351,82]
	[32102,98]
	[29930,110]
	[29236,29]
	[28474,127]
	[27782,86]
	[25760,481]
	[5675,21]
	[27246,425]
	[27966,122]
	[30173,286]
	[27989,121]
	[27265,385]
	[28705,284]
	[26548,91]
	[28002,90]
	[28732,92]
	[30943,16]
	[30929,201]
	[29503,73]
	[29472,211]
	[28780,51]
	[25785,660]
	[25736,51]
	[31632,175]
	[30192,1]
	[28045,44]
	[26591,68]
	[25859,118]
	[26581,81]
	[25764,44]
	[26505,34]
	[28731,47]
	[28699,36]
	[28701,201]
	[28687,194]
	[28008,30]
	[27278,306]
	[27235,86]
	[26557,96]
	[25825,115]
	[26496,51]
	[28770,178]
	[30180,182]
	[28744,11]
	[27309,43]
	[231,108]
	[27936,42]
	[29457,166]
	[31645,96]
	[29237,89]
	[28516,75]
	[27780,14]
	[26325,93]
	[26327,105]
	[25744,271]
	[25815,70]
	[26543,100]
	[27249,277]
	[29438,84]
	[30158,180]
	[30159,255]
	[28752,163]
	[28030,88]
	[25841,90]
	[25836,125]
	[27988,57]
	[28723,207]
	[30940,9]
	[25754,430]
	[30174,402]
	[30215,6]
	[30894,76]
	[30935,5]
	[30181,288]
	[26566,15]
	[25858,77]
	[26579,76]
	[22725,6]
	[27983,134]
	[26545,187]
	[28000,177]
	[26584,46]
	[25850,49]
	[25811,110]
	[25817,460]
	[27213,57]
	[29405,89]
	[31678,3]
	[32874,6]
	[30648,81]
	[28489,4]
	[27781,74]
	[27060,90]
	[27018,51]
	[230,109]
	[28707,77]
	[26533,53]
	[26564,94]
	[28715,77]
	[28719,439]
	[27250,38]
	[30190,166]
	[28058,39]
	[27321,52]
	[27324,43]
	[25793,39]
	[25738,134]
	[25800,388]
	[27239,5]
	[27948,94]
	[27955,9]
	[28768,37]
	[26511,232]
	[27982,122]
	[27257,8]
	[25823,283]
	[28761,8]
	[29492,76]
	[25852,125]
	[14216,18]
	[26458,10]
	[28685,72]
	[29408,41]
	[30157,58]
	[31631,157]
	[31393,8]
	[30649,152]
	[29193,70]
	[27061,79]
	[27244,113]
	[29478,4]
	[27990,2]
	[26577,55]
	[27268,7]
	[28702,400]
	[27277,205]
	[26536,14]
	[27281,236]
	[30898,74]
	[31638,78]
	[31646,155]
	[26601,77]
	[29423,154]
	[28727,7]
	[28049,52]
	[26594,40]
	[26507,20]
	[28700,52]
	[27282,39]
	[26546,77]
	[30162,93]
	[29456,173]
	[29406,86]
	[30207,131]
	[32842,89]
	[28473,4]
	[27022,3]
	[28728,5]
	[25840,218]
	[28036,95]
	[28722,82]
	[26519,31]
	[27275,66]
	[27227,44]
	[26542,92]
	[26530,126]
	[27954,53]
	[29424,91]
	[29511,45]
	[28015,93]
	[27284,10]
	[25794,41]
	[28572,2]
	[28769,178]
	[25856,107]
	[27218,97]
	[25768,86]
	[26508,21]
	[27276,100]
	[26497,2]
	[29491,89]
	[26585,14]
	[22693,7]
	[32105,70]
	[31386,122]
	[29971,77]
	[29238,39]
	[27783,82]
	[26495,49]
	[26572,46]
	[26575,91]
	[26576,71]
	[27987,36]
	[28689,83]
	[27228,112]
	[23430,5]
	[31634,75]
	[29470,79]
	[2840,20]
	[25750,71]
	[29462,135]
	[27306,6]
	[25782,73]
	[28684,71]
	[27976,17]
	[27969,85]
	[25749,60]
	[26466,1]
	[32104,84]
	[28515,75]
	[27997,12]
	[30919,88]
	[25866,16]
	[26473,28]
	[30918,84]
	[25855,133]
	[28733,95]
	[27973,92]
	[189,62]
	[28020,170]
	[26586,84]
	[14168,8]
	[8528,14]
	[26492,7]
	[31679,27]
	[32400,7]
	[32128,2]
	[30672,2]
	[29972,38]
	[30189,183]
	[29487,3]
	[28747,42]
	[25766,27]
	[27259,53]
	[29451,10]
	[29471,81]
	[26590,13]
	[27951,43]
	[31643,45]
	[26578,6]
	[26550,51]
	[26514,126]
	[27220,6]
	[32350,94]
	[17051,19]
	[25796,66]
	[27965,43]
	[30187,46]
	[29469,13]
	[25839,127]
	[28691,123]
	[25826,5]
	[27952,35]
	[31639,38]
	[30960,11]
	[29501,44]
	[28019,82]
	[27307,11]
	[27774,2]
	[25751,43]
	[30197,5]
	[29421,42]
	[28048,78]
	[27269,110]
	[25854,70]
	[26582,86]
	[27219,114]
	[28012,18]
	[32144,20]
	[29192,90]
	[26324,27]
	[26296,4]
	[28710,6]
	[26568,48]
	[25814,40]
	[26541,83]
	[31636,79]
	[30954,18]
	[25835,88]
	[28041,12]
	[25851,33]
	[26510,171]
	[32354,37]
	[32868,3]
	[32145,15]
	[28514,15]
	[27059,71]
	[27252,78]
	[26523,31]
	[26603,48]
	[29502,14]
	[26593,92]
	[26540,63]
	[28007,32]
	[28014,100]
	[26555,35]
	[30179,143]
	[30882,31]
	[32382,7]
	[32838,19]
	[27028,5]
	[28716,104]
	[27241,5]
	[27271,10]
	[30233,44]
	[30916,6]
	[28767,65]
	[28047,62]
	[25813,77]
	[27980,81]
	[27970,52]
	[26553,11]
	[26457,23]
	[32352,83]
	[32876,1]
	[30693,87]
	[27294,116]
	[26570,36]
	[25842,121]
	[27299,58]
	[30172,47]
	[30895,91]
	[30958,12]
	[30204,3]
	[28021,8]
	[26559,90]
	[27999,172]
	[2824,14]
	[32840,95]
	[32841,73]
	[31417,1]
	[29929,87]
	[25765,32]
	[26491,13]
	[30171,40]
	[28032,43]
	[26563,90]
	[30900,44]
	[31637,81]
	[27323,79]
	[27272,9]
	[30226,44]
	[25781,50]
	[27308,88]
	[27935,38]
	[30879,142]
	[31654,1]
	[32103,69]
	[26326,92]
	[26490,20]
	[29437,64]
	[27295,19]
	[27251,12]
	[17003,3]
	[26479,89]
	[29426,39]
	[30224,19]
	[29476,12]
	[26538,18]
	[28013,59]
	[27258,4]
	[234,55]
	[31385,79]
	[26565,81]
	[28004,9]
	[26501,40]
	[30927,82]
	[8513,6]
	[30917,86]
	[27312,22]
	[26554,16]
	[26522,30]
	[29480,34]
	[25837,124]
	[26525,87]
	[29474,89]
	[30209,8]
	[14199,5]
	[30955,13]
	[27934,39]
	[32839,47]
	[30694,45]
	[26520,21]
	[27214,93]
	[28006,147]
	[26516,53]
	[25816,68]
	[30878,33]
	[29210,2]
	[25810,6]
	[28031,82]
	[29513,34]
	[30223,35]
	[8512,9]
	[11332,12]
	[27287,12]
	[25812,114]
	[27961,11]
	[29228,3]
	[22692,10]
	[29481,33]
	[26504,18]
	[25867,71]
	[26589,44]
	[26537,34]
	[29440,79]
	[27057,37]
	[25797,158]
	[31427,26]
	[26323,55]
	[28749,18]
	[25853,47]
	[29443,40]
	[28040,51]
	[-4370,745]
	[30206,8]
	[26293,4]
	[26475,19]
	[28010,19]
	[29235,54]
	[28517,38]
	[29442,4]
	[29488,30]
	[27953,35]
	[28751,19]
	[22677,13]
	[26487,22]
	[28766,40]
	[27290,52]
	[26474,15]
	[29429,1]
	[28763,6]
	[8496,8]
	[32837,13]
	[26517,17]
	[26599,48]
	[25833,18]
	[27991,12]
	[28760,3]
	[25780,46]
	[28726,9]
	[26485,5]
	[30199,7]
	[29207,4]
	[27062,40]
	[29479,5]
	[25735,32]
	[32142,5]
	[29969,36]
	[29445,93]
	[22746,10]
	[26580,83]
	[29436,101]
	[28480,5]
	[27741,2]
	[25778,22]
	[29420,2]
	[25763,17]
	[26558,78]
	[22710,4]
	[26489,8]
	[29494,6]
	[26569,12]
	[25843,3]
	[30922,11]
	[28501,3]
	[29460,16]
	[26596,1]
	[25734,21]
	[27302,10]
	[25737,45]
	[31384,70]
	[22683,2]
	[29415,2]
	[14214,5]
	[24997,7]
	[30925,18]
	[32367,2]
	[27274,5]
	[30193,53]
	[27243,33]
	[2823,20]
	[25830,15]
	[27971,37]
	[29450,6]
	[31405,3]
	[31383,5]
	[27058,12]
	[28029,14]
	[26290,1]
	[25767,27]
	[29485,20]
	[27289,6]
	[30937,4]
	[26486,24]
	[30222,47]
	[31669,4]
	[31426,14]
	[27055,3]
	[11331,5]
	[30959,25]
	[8527,13]
	[5676,28]
	[32131,2]
	[27768,6]
	[27034,3]
	[17036,2]
	[28741,12]
	[29483,11]
	[29448,11]
	[30211,1]
	[28743,6]
	[29467,3]
	[32355,4]
	[32857,4]
	[29454,32]
	[26534,28]
	[30182,2]
	[25849,4]
	[21377,3]
	[28033,3]
	[29484,7]
	[30950,5]
	[32871,5]
	[29947,1]
	[27256,11]
	[32848,7]
	[29198,1]
	[22740,25]
	[30946,4]
	[27964,11]
	[28739,3]
	[27310,47]
	[14185,5]
	[32361,2]
	[29425,32]
	[29968,3]
	[25777,13]
	[31399,3]
	[25844,4]
	[19887,4]
	[31651,5]
	[32388,4]
	[29222,3]
	[27291,7]
	[22676,11]
	[30901,9]
	[31402,2]
	[30692,13]
	[30212,6]
	[25733,11]
	[30953,5]
	[28042,34]
	[29225,4]
	[27765,4]
	[27253,9]
	[30194,4]
	[30967,3]
	[25870,32]
	[27270,9]
	[27998,12]
	[28778,9]
	[22739,13]
	[27292,4]
	[27100,6]
	[26476,14]
	[25809,10]
	[22745,8]
	[235,30]
	[27288,5]
	[29493,1]
	[31633,10]
	[28729,16]
	[28513,40]
	[28714,11]
	[28745,11]
	[31390,2]
	[14167,2]
	[30883,3]
	[19888,7]
	[27283,12]
	[14166,2]
	[19873,9]
	[26503,3]
	[26482,3]
	[29146,1]
	[30964,7]
	[25860,4]
	[29959,2]
	[26488,18]
	[26549,3]
	[30961,2]
	[27236,8]
	[28759,1]
	[5659,4]
	[28711,5]
	[28746,11]
	[28755,4]
	[27293,11]
	[25845,6]
	[28738,3]
	[28018,4]
	[28024,3]
	[29234,4]
	[28754,4]
	[30877,3]
	[30904,7]
	[26600,12]
	[27285,6]
	[29468,5]
	[31628,1]
	[31672,3]
	[30663,2]
	[26483,4]
	[30934,8]
	[25827,13]
	[25748,32]
	[30931,4]
	[27300,6]
	[27255,3]
	[27273,11]
	[14184,7]
	[30185,3]
	[28035,3]
	[32373,5]
	[29970,8]
	[28056,11]
	[27993,2]
	[19903,16]
	[2,14]
	[28009,13]
	[17004,10]
	[24258,2]
	[29409,3]
	[30660,6]
	[30923,2]
	[27978,4]
	[26521,12]
	[30220,2]
	[30913,10]
	[27056,4]
	[25795,17]
	[22772,5]
	[25762,9]
	[26506,13]
	[26500,2]
	[27320,2]
	[26588,3]
	[19904,11]
	[25831,11]
	[27975,2]
	[26460,3]
	[32854,1]
	[29231,1]
	[10710,4]
	[29463,7]
	[28773,6]
	[28039,6]
	[28023,10]
	[29459,9]
	[29412,5]
	[31666,5]
	[26567,2]
	[14201,3]
	[28017,6]
	[26571,11]
	[17113,3]
	[19840,8]
	[27759,1]
	[29216,4]
	[28477,2]
	[25761,1]
	[27110,4]
	[28713,3]
	[28736,2]
	[32146,8]
	[28022,9]
	[25659,3]
	[22708,3]
	[26281,3]
	[30944,6]
	[29466,11]
	[30195,5]
	[29430,5]
	[28483,1]
	[29464,4]
	[26573,10]
	[27311,7]
	[27317,5]
	[26556,7]
	[32385,4]
	[26459,6]
	[27043,4]
	[26287,5]
	[29482,9]
	[25834,8]
	[27019,4]
	[26498,3]
	[26302,3]
	[26518,8]
	[26314,5]
	[24156,2]
	[30669,3]
	[27037,3]
	[26305,2]
	[22682,7]
	[32114,2]
	[27996,2]
	[31663,3]
	[11348,3]
	[29935,5]
	[26551,13]
	[26311,4]
	[26472,10]
	[30907,7]
	[26552,5]
	[30675,1]
	[29928,5]
	[29495,3]
	[27750,3]
	[30214,3]
	[28742,5]
	[25832,2]
	[30956,4]
	[27995,7]
	[26502,4]
	[28758,5]
	[29453,7]
	[29497,4]
	[27937,2]
	[29506,2]
	[31414,2]
	[22801,2]
	[25828,10]
	[8511,10]
	[11364,14]
	[29204,2]
	[7090,3]
	[27994,14]
	[11363,12]
	[25829,4]
	[27238,4]
	[27979,15]
	[29435,3]
	[30202,4]
	[28025,6]
	[32108,2]
	[31411,2]
	[32394,4]
	[28005,6]
	[30205,4]
	[29489,4]
	[28764,6]
	[30216,2]
	[27992,5]
	[28776,2]
	[30218,4]
	[29941,4]
	[19857,3]
	[17053,5]
	[26583,2]
	[28693,4]
	[29512,5]
	[25627,4]
	[29465,7]
	[30886,4]
	[30184,3]
	[29418,4]
	[28027,1]
	[9971,2]
	[22709,5]
	[26469,3]
	[27305,5]
	[25732,9]
	[27303,8]
	[21346,3]
	[27753,1]
	[30217,2]
	[29953,2]
	[27958,4]
	[28520,3]
	[32397,3]
	[22694,4]
	[26499,2]
	[12823,4]
	[30221,5]
	[30910,7]
	[29496,4]
	[32859,2]
	[22741,11]
	[28740,7]
	[26480,5]
	[30201,3]
	[22699,1]
	[28054,4]
	[28756,2]
	[28765,2]
	[31420,2]
	[2839,4]
	[30932,3]
	[32122,3]
	[29477,1]
	[32119,3]
	[17020,2]
	[2838,4]
	[32877,3]
	[24198,1]
	[27762,3]
	[27040,4]
	[8495,6]
	[27756,3]
	[15659,3]
	[28011,6]
	[32133,1]
	[30183,1]
	[28038,2]
	[27223,2]
	[28757,2]
	[25653,2]
	[14233,1]
	[30156,3]
	[22698,3]
	[17021,2]
	[19889,1]
	[30169,2]
	[32845,3]
	[27116,3]
	[2825,1]
	[29433,5]
	[30196,4]
	[32364,2]
	[27738,1]
	[26463,5]
	[32358,1]
	[27846,2]
	[30229,4]
	[26284,2]
	[27254,5]
	[30952,1]
	[25846,7]
	[28698,2]
	[30666,2]
	[29500,5]
	[26532,5]
	[31657,1]
	[28507,3]
	[29219,3]
	[28486,1]
	[30232,3]
	[14200,8]
	[29444,3]
	[26561,4]
	[19839,2]
	[30678,1]
	[26308,3]
	[25863,1]
	[11349,3]
	[30203,3]
	[29490,2]
	[27744,4]
	[32111,3]
	[27049,2]
	[32370,1]
	[30938,4]
	[27242,4]
	[22715,3]
	[28051,3]
	[27046,3]
	[28495,2]
	[30949,4]
	[14215,4]
	[31387,3]
	[32125,1]
	[28034,2]
	[29201,2]
	[32862,2]
	[30941,4]
	[27025,2]
	[30681,2]
	[31642,3]
	[27052,5]
	[27226,2]
	[30213,1]
	[30654,2]
	[31675,1]
	[29950,4]
	[29962,2]
	[27933,1]
	[22731,3]
	[30210,4]
	[28709,3]
	[22726,4]
	[32391,2]
	[19872,2]
	[30198,1]
	[30200,2]
	[29473,2]
	[28510,1]
	[29944,1]
	[24901,3]
	[27771,2]
	[17037,4]
	[30219,2]
	[30208,1]
	[22730,1]
	[30657,1]
	[29965,2]
	[29213,1]
	[28492,1]
	[30166,1]
	[25847,1]
	[30889,1]
	[29932,3]
	[27972,1]
	[32116,1]
	[18511,2]
	[29938,1]
	[26524,3]
	[22714,2]
	[27943,4]
	[30567,1]
	[28026,1]
	[27728,1]
	[19965,2]
	[22681,3]
	[29432,1]
	[27940,1]
	[19856,1]
	[26317,1]
	[29509,1]
	[28498,2]
	[27747,1]
	[27968,1]
	[31940,1]
	[27946,2]
	[30186,1]
	[32376,2]
	[25848,1]
	[28504,1]
	[30687,1]
	[27777,1]

584,
	[2,382]
	[2859,5]
	[4,7]
	[10,8]
	[3,11]
	[2890,4]
	[3606,5]
	[2856,6]
	[2857,9]
	[2869,9]
	[2858,14]
	[13,4]
	[2865,6]
	[2892,8]
	[2881,7]
	[16,3]
	[2860,12]
	[2889,10]
	[3599,1]
	[8,6]
	[2874,14]
	[3162,3]
	[3596,3]
	[2851,6]
	[2864,3]
	[2903,2]
	[2873,7]
	[3612,2]
	[2852,5]
	[3609,2]
	[2882,7]
	[425,3]
	[30,3]
	[2863,8]
	[3592,1]
	[2866,3]
	[2879,5]
	[3585,2]
	[3590,6]
	[156,5]
	[2900,5]
	[43,2]
	[11,5]
	[2887,7]
	[2875,10]
	[2876,7]
	[2861,4]
	[2898,2]
	[2854,3]
	[2862,3]
	[3084,2]
	[2867,6]
	[26,4]
	[3632,3]
	[2884,3]
	[2883,5]
	[2855,7]
	[3603,1]
	[12,3]
	[2870,7]
	[14,6]
	[3598,4]
	[7,2]
	[2880,2]
	[3577,3]
	[1,2]
	[2895,3]
	[22,1]
	[78,2]
	[2888,3]
	[2850,5]
	[3663,2]
	[2849,1]
	[2871,5]
	[2853,8]
	[273,2]
	[2886,1]
	[2868,5]
	[3604,3]
	[40,2]
	[2877,4]
	[2905,1]
	[3580,3]
	[2878,2]
	[2908,2]
	[3578,2]
	[6,2]
	[2967,1]
	[3237,1]
	[351,2]
	[5,1]
	[2885,1]

572,
	[1,374]
	[14,68]
	[3,358]
	[2860,4]
	[17086,15]
	[14234,17]
	[14233,4]
	[17087,2]
	[5695,13]
	[5714,7]
	[14202,9]
	[17228,5]
	[2877,2]
	[3576,4]
	[14312,8]
	[5693,7]
	[10723,2]
	[17055,12]
	[14201,4]
	[11402,5]
	[2861,3]
	[21457,1]
	[7169,6]
	[21458,4]
	[17868,5]
	[2,12]
	[11366,11]
	[19922,17]
	[11397,5]
	[19920,3]
	[6034,6]
	[8840,4]
	[22820,3]
	[2856,53]
	[5694,8]
	[2878,7]
	[19921,9]
	[19907,4]
	[11382,4]
	[11398,16]
	[5711,12]
	[2876,1]
	[19873,4]
	[19891,8]
	[25605,5]
	[8546,12]
	[8532,6]
	[8529,7]
	[2875,1]
	[17039,4]
	[25577,3]
	[17869,5]
	[8567,2]
	[10006,4]
	[16417,3]
	[5717,3]
	[-4370,46]
	[19923,5]
	[14220,3]
	[22726,5]
	[9271,2]
	[22104,3]
	[8547,19]
	[8545,9]
	[22824,1]
	[24294,2]
	[10725,2]
	[12861,5]
	[426,2]
	[5709,13]
	[21348,4]
	[14436,3]
	[8530,4]
	[11399,2]
	[19,3]
	[14249,3]
	[20004,3]
	[14219,3]
	[25630,3]
	[11367,6]
	[7167,7]
	[11383,2]
	[19890,1]
	[3574,9]
	[14235,3]
	[8566,3]
	[15677,2]
	[19906,4]
	[14203,5]
	[19874,8]
	[12841,1]
	[17071,3]
	[14255,5]
	[17037,2]
	[17085,6]
	[25,3]
	[8562,4]
	[17069,3]
	[3238,3]
	[11365,4]
	[19934,3]
	[11630,2]
	[19941,2]
	[10726,3]
	[7170,4]
	[16,2]
	[17090,2]
	[8531,6]
	[21455,3]
	[5710,3]
	[14313,2]
	[18549,2]
	[23560,2]
	[5716,3]
	[11404,3]
	[25011,3]
	[2859,2]
	[17091,4]
	[14959,4]
	[22769,1]
	[25593,6]
	[2874,1]
	[19875,4]
	[17038,4]
	[20647,1]
	[22754,3]
	[22742,1]
	[14218,2]
	[17083,2]
	[19984,1]
	[25620,1]
	[20034,1]
	[15,2]
	[17,1]
	[18512,1]
	[5696,1]
	[8569,1]
	[25014,1]
	[23,1]

516,
	[3,306]
	[2,331]
	[4,36]
	[-4370,31]
	[5,10]

len(carl_order):
39
Printing carl assignment order:
516,4,0.3564618644067797
572,1,0.2491672218520986
584,2,0.24646983311938384
516,5,0.24390243902439024
572,3,0.16503122212310437
540,2,0.16345011416350694
520,4,0.11471485712999967
540,41,0.030773979879968986
540,42,0.030624263839811542
524,1,0.029739022258148545
584,3,0.027777777777777776
520,16,0.024169118426698402
584,4,0.01818181818181818
520,18,0.014469373396536162
584,14,0.010142543859649123
572,14,0.008166206316800768
520,229,0.005761451639442604
524,229,0.005024135828342341
584,16,0.004398826979472141
520,230,0.003579952267303103
572,16,0.0029069767441860465
572,19,0.001948368241597662
584,30,0.0016992353440951572
520,233,0.0015179356075736997
520,234,0.0014436958614051972
540,54,0.0014205986808726535
524,233,0.0010750177914503139
540,171,0.000980284172265668
572,25,0.0009794319294809011
520,235,0.0009638554216867469
584,43,0.0009337068160597573
524,234,0.00041542040545031574
540,3638,0.00036615823222873906
584,3663,0.0003549868023311526
520,3823,0.0003513326216126768
524,235,0.00022668711888228137
520,32182,7.510870462520756e-05
572,25630,7.110965661248246e-05
524,32877,3.741648638092608e-05
bin_width: 124344926
assigning lease 4 to address 516
Average Cache Occupancy Per Bin: [0.00,0.00,0.00,0.00,0.00]
Total cost: 100864.0
assigning lease 1 to address 572
Average Cache Occupancy Per Bin: [0.00,0.00,0.00,0.00,0.00]
Total cost: 178944.0
assigning lease 2 to address 584
Average Cache Occupancy Per Bin: [0.00,0.00,0.00,0.00,0.00]
Total cost: 249088.0
assigning lease 5 to address 516
Average Cache Occupancy Per Bin: [0.00,0.00,0.00,0.00,0.00]
Total cost: 250880.0
assigning lease 3 to address 572
Average Cache Occupancy Per Bin: [0.00,0.00,0.00,0.00,0.00]
Total cost: 362496.0
assigning lease 2 to address 540
Average Cache Occupancy Per Bin: [0.08,0.08,0.08,0.08,0.08]
Total cost: 10235392.0
assigning lease 4 to address 520
Average Cache Occupancy Per Bin: [0.32,0.31,0.32,0.32,0.32]
Total cost: 40035584.0
assigning lease 41 to address 540
Average Cache Occupancy Per Bin: [1.18,1.17,1.19,1.17,1.18]
Total cost: 146898688.0
assigning lease 42 to address 540
Average Cache Occupancy Per Bin: [1.18,1.17,1.19,1.17,1.18]
Total cost: 146942464.0
assigning lease 1 to address 524
Average Cache Occupancy Per Bin: [2.06,2.06,2.07,2.06,2.06]
Total cost: 257351680.0
assigning lease 3 to address 584
Average Cache Occupancy Per Bin: [2.06,2.06,2.07,2.06,2.06]
Total cost: 257367296.0
assigning lease 16 to address 520
Average Cache Occupancy Per Bin: [2.48,2.47,2.49,2.48,2.48]
Total cost: 309544192.0
assigning lease 4 to address 584
Average Cache Occupancy Per Bin: [2.48,2.47,2.49,2.48,2.48]
Total cost: 309558784.0
assigning lease 18 to address 520
Average Cache Occupancy Per Bin: [2.54,2.53,2.55,2.54,2.53]
Total cost: 316817664.0
assigning lease 14 to address 584
Average Cache Occupancy Per Bin: [2.54,2.53,2.55,2.54,2.54]
Total cost: 316954880.0
assigning lease 14 to address 572
Average Cache Occupancy Per Bin: [2.55,2.54,2.55,2.54,2.54]
Total cost: 317380096.0
assigning lease 229 to address 520
Average Cache Occupancy Per Bin: [7.20,7.14,7.15,7.20,7.12]
Total cost: 896313856.0
assigning lease 229 to address 524
Average Cache Occupancy Per Bin: [167.,168.,167.,167.,167.]
Total cost: 20867399680.0
assigning lease 16 to address 584
Average Cache Occupancy Per Bin: [167.,168.,167.,167.,167.]
Total cost: 20867425280.0
assigning lease 230 to address 520
Average Cache Occupancy Per Bin: [167.,168.,167.,167.,167.]
Total cost: 20867648000.0
assigning lease 16 to address 572
Average Cache Occupancy Per Bin: [167.,168.,167.,167.,167.]
Total cost: 20867715584.0
assigning lease 19 to address 572
Average Cache Occupancy Per Bin: [167.,168.,167.,167.,167.]
Total cost: 20867816960.0
assigning lease 30 to address 584
Average Cache Occupancy Per Bin: [167.,168.,167.,167.,167.]
Total cost: 20867992576.0
assigning lease 233 to address 520
Average Cache Occupancy Per Bin: [167.,168.,167.,167.,167.]
Total cost: 20868656128.0
assigning lease 234 to address 520
Average Cache Occupancy Per Bin: [167.,168.,167.,167.,167.]
Total cost: 20868876800.0
assigning lease 54 to address 540
Average Cache Occupancy Per Bin: [167.,168.,167.,167.,167.]
Total cost: 20869392128.0
assigning lease 233 to address 524
Average Cache Occupancy Per Bin: [168.,168.,167.,168.,167.]
Total cost: 20896727296.0
assigning lease 171 to address 540
Average Cache Occupancy Per Bin: [168.,168.,167.,168.,168.]
Total cost: 20901454336.0
assigning lease 25 to address 572
Average Cache Occupancy Per Bin: [168.,168.,167.,168.,168.]
Total cost: 20901655552.0
assigning lease 235 to address 520
Average Cache Occupancy Per Bin: [168.,168.,167.,168.,168.]
Total cost: 20901875968.0
assigning lease 43 to address 584
Average Cache Occupancy Per Bin: [168.,168.,167.,168.,168.]
Total cost: 20902035712.0
assigning lease 234 to address 524
Average Cache Occupancy Per Bin: [168.,168.,168.,168.,168.]
Total cost: 20908847104.0
assigning lease 3638 to address 540
Average Cache Occupancy Per Bin: [168.,169.,168.,168.,168.]
Total cost: 21009314048.0
assigning lease 3663 to address 584
Average Cache Occupancy Per Bin: [169.,169.,169.,169.,169.]
Total cost: 21043940864.0
assigning lease 3823 to address 520
Average Cache Occupancy Per Bin: [174.,174.,173.,173.,174.]
Total cost: 21652857856.0
assigning lease 235 to address 524
Average Cache Occupancy Per Bin: [174.,174.,174.,173.,174.]
Total cost: 21659667712.0
assigning lease 32182 to address 520
Average Cache Occupancy Per Bin: [174.,174.,174.,174.,174.]
Total cost: 21736568320.0
assigning lease 25630 to address 572
Average Cache Occupancy Per Bin: [178.,178.,179.,177.,178.]
Total cost: 22162259712.0
addr: 524 ri: 32877
bin target: 63664602112
	bin: 0.0 current capacity: 178.2321195156769  avg impact: 1455.9897521190371
	bin: 1.0 current capacity: 178.84469785280984  avg impact: 1446.303278285758
	bin: 2.0 current capacity: 179.06270304909748  avg impact: 1444.862368730671
	bin: 3.0 current capacity: 177.42048713752905  avg impact: 1446.0099214020202
	bin: 4.0 current capacity: 178.42838183843546  avg impact: 1446.067859849786
num_full_bins: 0
printing bin ranks sorted:
	bin: 0.0 rank: 0.22923779511398326
	selecting this^ bin
	bin: 1.0 rank: 0.23034954504290758
	bin: 2.0 rank: 0.23042838138513633
	bin: 4.0 rank: 0.23067494093687635
	bin: 3.0 rank: 0.23138120140840382
acceptable_ratio: 0.22923779511398326
Assigning 524 dual lease lease 32877 * 0.22923779511398326. Bin saturation: [512.,510.,510.,508.,509.]
Final saturation:
	0.0,63664602112.0
	1.0,63464664477.68827
	2.0,63450699829.619156
	3.0,63279209093.77126
	4.0,63406187195.53897
DUMP LEASES
0, 208, 7db6, 0, 1 
0, 21c, e36, 0, 1 
0, 20c, eb, 806d, 0.7707622048860168 
0, 248, e4f, 0, 1 
0, 23c, 641e, 0, 1 
0, 204, 5, 0, 1 
Dump dual leases

