sample rate: 0.00390625
596,
	[2,112]
	[69,2]
	[66,2]
	[44,1]
	[54,1]
	[48,1]
	[60,1]
	[78,1]
	[92,1]
	[90,1]
	[56,2]
	[72,1]
	[3,12]
	[123,2]
	[111,3]
	[1452,1]
	[108,2]
	[93,2]
	[120,1]
	[104,1]
	[126,1]
	[146,1]
	[117,1]
	[153,2]
	[129,1]
	[132,2]
	[147,2]
	[159,2]
	[158,1]
	[138,1]
	[141,2]
	[144,1]
	[165,3]
	[174,1]
	[189,6]
	[171,3]
	[192,3]
	[194,3]
	[183,3]
	[204,2]
	[201,4]
	[210,2]
	[186,3]
	[216,4]
	[180,3]
	[177,2]
	[225,2]
	[219,2]
	[230,2]
	[231,2]
	[238,4]
	[263,2]
	[270,1]
	[282,1]
	[297,2]
	[278,1]
	[264,2]
	[252,2]
	[86,1]
	[304,4]
	[361,1]
	[259,2]
	[284,3]
	[211,1]
	[275,2]
	[20,1]
	[113,1]
	[298,2]
	[203,1]
	[318,3]
	[293,2]
	[290,2]
	[269,2]
	[262,2]
	[280,1]
	[251,3]
	[314,1]
	[378,1]
	[33,1]
	[200,1]
	[228,1]
	[319,1]
	[321,5]
	[229,1]
	[296,2]
	[286,2]
	[207,1]
	[300,2]
	[299,3]
	[320,3]
	[279,4]
	[103,1]
	[307,2]
	[295,5]
	[274,1]
	[130,1]
	[64,1]
	[323,2]
	[331,3]
	[339,2]
	[306,3]
	[170,4]
	[249,1]
	[289,1]
	[294,1]
	[292,3]
	[118,1]
	[197,1]
	[338,1]
	[151,1]
	[57,1]
	[313,1]
	[202,1]
	[253,1]
	[345,1]
	[325,2]
	[359,2]
	[336,3]
	[322,2]
	[156,2]
	[429,2]
	[394,3]
	[354,3]
	[310,3]
	[176,3]
	[349,1]
	[237,3]
	[302,3]
	[179,2]
	[305,3]
	[335,3]
	[98,1]
	[422,1]
	[283,2]
	[420,2]
	[239,1]
	[395,1]
	[288,1]
	[75,1]
	[316,2]
	[416,1]
	[236,2]
	[163,1]
	[363,2]
	[214,2]
	[431,1]
	[260,1]
	[164,3]
	[439,1]
	[271,1]
	[291,2]
	[281,1]
	[317,1]
	[326,2]
	[329,2]
	[356,3]
	[347,1]
	[198,2]
	[442,1]
	[175,1]
	[161,1]
	[440,2]
	[301,1]
	[287,1]
	[303,1]
	[224,1]
	[190,2]
	[273,1]
	[457,1]
	[352,2]
	[413,1]
	[221,2]
	[315,2]
	[332,1]
	[223,1]
	[337,2]
	[342,3]
	[370,2]
	[244,1]
	[353,4]
	[266,1]
	[414,1]
	[232,1]
	[343,2]
	[357,3]
	[351,1]
	[381,2]
	[311,1]
	[245,1]
	[258,1]
	[340,2]
	[434,1]
	[196,2]
	[470,1]
	[187,1]
	[268,1]
	[265,1]
	[157,2]
	[160,2]
	[423,1]
	[208,1]
	[184,1]
	[348,1]
	[467,1]
	[330,1]
	[355,1]
	[276,1]
	[277,1]
	[405,1]
	[199,2]
	[213,2]
	[373,2]
	[509,1]
	[452,1]
	[172,2]
	[334,1]
	[218,1]
	[195,1]
	[212,1]
	[481,2]
	[409,1]
	[309,1]
	[432,1]
	[492,1]
	[415,2]
	[285,1]
	[367,1]
	[350,2]
	[365,1]
	[386,1]
	[384,2]
	[155,2]
	[181,1]
	[428,1]
	[390,1]
	[362,1]
	[234,1]
	[250,1]
	[182,2]
	[246,1]
	[503,2]
	[511,1]
	[513,1]
	[166,1]
	[248,1]
	[178,1]
	[410,1]
	[188,1]
	[515,1]
	[498,1]
	[376,2]
	[397,2]
	[368,1]
	[545,1]
	[375,3]
	[272,1]
	[358,2]
	[227,1]
	[247,1]
	[402,1]
	[404,1]

9972,
	[3,1]
	[37,3]
	[69,1]
	[29,1]
	[107,1]
	[45,1]
	[80,1]
	[202,1]
	[155,3]
	[105,1]
	[164,6]
	[81,1]
	[285,1]
	[204,1]
	[294,1]
	[278,2]
	[140,1]
	[13,1]
	[19,1]
	[214,1]
	[158,1]
	[123,1]
	[128,3]
	[129,2]
	[137,3]
	[138,1]
	[342,1]
	[79,2]
	[198,1]
	[146,2]
	[100,3]
	[94,1]
	[276,1]
	[16,1]
	[121,1]
	[172,1]
	[72,1]
	[93,1]
	[358,1]
	[365,1]
	[163,1]
	[178,1]
	[23,1]
	[175,1]
	[190,1]

664,
	[17,1]
	[3,4]
	[25,1]
	[45,2]
	[19,2]
	[20,1]
	[22,1]
	[58,4]
	[27,1]
	[31,1]
	[76,3]
	[29,3]
	[49,1]
	[30,1]
	[39,1]
	[32,1]
	[168,1]
	[75,4]
	[89,5]
	[102,1]
	[52,1]
	[79,1]
	[43,1]
	[92,5]
	[51,2]
	[65,3]
	[53,1]
	[93,1]
	[63,1]
	[109,2]
	[230,4]
	[57,1]
	[83,1]
	[225,2]
	[56,2]
	[62,3]
	[99,4]
	[66,1]
	[118,4]
	[68,2]
	[64,1]
	[95,2]
	[100,2]
	[70,2]
	[73,1]
	[116,1]
	[74,4]
	[98,2]
	[96,1]
	[108,5]
	[101,4]
	[84,1]
	[127,3]
	[129,2]
	[114,1]
	[85,1]
	[132,3]
	[81,1]
	[143,4]
	[137,2]
	[146,1]
	[145,3]
	[314,2]
	[87,3]
	[142,2]
	[94,2]
	[78,1]
	[90,2]
	[138,1]
	[139,3]
	[134,2]
	[158,1]
	[86,2]
	[157,1]
	[97,2]
	[152,3]
	[120,1]
	[130,3]
	[167,3]
	[162,2]
	[113,2]
	[170,1]
	[110,1]
	[122,1]
	[183,2]
	[106,4]
	[160,2]
	[112,3]
	[141,1]
	[150,2]
	[188,5]
	[119,3]
	[125,5]
	[115,1]
	[171,2]
	[176,2]
	[184,2]
	[117,2]
	[178,1]
	[175,2]
	[194,3]
	[156,1]
	[128,3]
	[126,2]
	[191,3]
	[123,2]
	[131,1]
	[205,5]
	[209,3]
	[190,2]
	[136,2]
	[135,1]
	[207,6]
	[174,3]
	[159,1]
	[133,1]
	[151,1]
	[140,4]
	[199,2]
	[206,1]
	[212,3]
	[210,4]
	[211,3]
	[186,3]
	[147,2]
	[218,4]
	[236,2]
	[187,2]
	[248,2]
	[263,1]
	[203,3]
	[2,55]
	[155,1]
	[202,3]
	[273,3]
	[213,5]
	[264,4]
	[198,2]
	[232,4]
	[185,2]
	[196,4]
	[181,2]
	[177,2]
	[173,1]
	[247,5]
	[204,3]
	[272,5]
	[260,4]
	[268,3]
	[261,4]
	[259,2]
	[294,5]
	[235,4]
	[223,3]
	[226,4]
	[197,1]
	[193,1]
	[281,3]
	[267,4]
	[221,2]
	[298,7]
	[200,1]
	[252,4]
	[239,3]
	[251,4]
	[189,2]
	[256,2]
	[220,3]
	[195,2]
	[266,4]
	[276,5]
	[219,2]
	[37,1]
	[249,3]
	[224,4]
	[216,4]
	[309,4]
	[296,5]
	[287,5]
	[165,1]
	[341,3]
	[255,4]
	[299,4]
	[240,2]
	[242,4]
	[227,1]
	[282,4]
	[301,2]
	[241,5]
	[269,5]
	[214,2]
	[246,5]
	[229,1]
	[222,2]
	[253,4]
	[292,5]
	[277,4]
	[258,1]
	[244,4]
	[305,9]
	[297,7]
	[361,4]
	[285,2]
	[278,5]
	[271,3]
	[332,5]
	[217,4]
	[245,3]
	[300,2]
	[238,1]
	[283,2]
	[180,1]
	[234,2]
	[321,2]
	[398,5]
	[313,2]
	[357,4]
	[215,2]
	[324,3]
	[350,2]
	[318,5]
	[237,1]
	[395,4]
	[262,2]
	[192,1]
	[344,5]
	[257,2]
	[312,4]
	[201,1]
	[359,1]
	[254,2]
	[279,6]
	[343,2]
	[323,2]
	[310,3]
	[308,6]
	[316,6]
	[286,2]
	[334,5]
	[250,2]
	[231,4]
	[302,3]
	[265,3]
	[329,6]
	[328,3]
	[208,1]
	[336,4]
	[375,1]
	[311,4]
	[353,4]
	[337,7]
	[339,2]
	[389,1]
	[380,2]
	[384,2]
	[335,4]
	[304,3]
	[293,1]
	[355,5]
	[372,6]
	[327,6]
	[322,5]
	[291,2]
	[373,2]
	[387,2]
	[367,2]
	[394,4]
	[319,7]
	[392,3]
	[426,1]
	[356,2]
	[364,3]
	[288,2]
	[289,3]
	[325,3]
	[284,2]
	[317,4]
	[348,3]
	[303,3]
	[295,4]
	[307,2]
	[454,1]
	[346,3]
	[368,3]
	[320,3]
	[379,4]
	[243,1]
	[280,3]
	[362,4]
	[34,1]
	[455,1]
	[403,2]
	[397,2]
	[326,6]
	[365,3]
	[342,5]
	[306,3]
	[391,1]
	[376,1]
	[402,2]
	[354,2]
	[374,4]
	[349,4]
	[388,6]
	[483,1]
	[438,1]
	[410,1]
	[385,3]
	[315,4]
	[369,2]
	[351,4]
	[416,1]
	[468,1]
	[484,1]
	[429,1]
	[423,3]
	[456,1]
	[274,2]
	[381,4]
	[419,2]
	[439,2]
	[370,2]
	[396,1]
	[504,1]
	[363,4]
	[452,4]
	[474,1]
	[340,2]
	[501,1]
	[393,1]
	[333,1]
	[444,2]
	[338,3]
	[436,1]
	[512,1]
	[275,1]
	[427,1]
	[414,2]
	[521,1]
	[485,1]
	[519,1]
	[510,1]
	[489,1]
	[408,2]
	[424,1]
	[405,2]
	[502,1]
	[498,1]
	[525,1]
	[523,1]
	[540,1]
	[345,2]
	[461,1]
	[445,1]
	[505,1]
	[420,1]
	[477,1]
	[503,2]
	[352,2]
	[409,2]
	[422,1]
	[463,1]
	[390,1]
	[330,1]
	[428,2]
	[514,1]
	[366,2]
	[407,1]
	[413,1]
	[431,2]
	[448,1]
	[446,1]
	[386,2]
	[486,1]
	[415,1]
	[447,1]
	[551,1]
	[458,1]
	[478,1]
	[470,1]
	[347,1]
	[441,1]
	[487,1]
	[464,1]

684,
	[830,1]
	[2,116]
	[3,6]
	[5,346]
	[4,10]
	[13,8]
	[296019,1]
	[6,82]
	[7,22]
	[40,1]
	[11,5]
	[30,1]
	[67,1]
	[26,1]
	[32,2]
	[83,1]
	[108,1]

592,
	[46,4]
	[2,98]
	[69,4]
	[1,9]
	[28,2]
	[111,2]
	[3,5]
	[126,4]
	[128,1]
	[146,2]
	[144,1]
	[14,1]
	[21,1]
	[40,4]
	[153,1]
	[171,1]
	[174,1]
	[177,1]
	[10,7]
	[173,2]
	[178,1]
	[172,3]
	[169,3]
	[194,1]
	[193,1]
	[57,3]
	[47,2]
	[5,4]
	[58,8]
	[22,2]
	[60,2]
	[61,2]
	[70,6]
	[229,1]
	[52,4]
	[239,2]
	[50,2]
	[64,5]
	[230,2]
	[219,2]
	[248,1]
	[23,1]
	[16,2]
	[244,2]
	[273,1]
	[20,1]
	[270,1]
	[265,3]
	[263,2]
	[272,3]
	[88,3]
	[289,1]
	[281,1]
	[277,1]
	[94,2]
	[298,3]
	[300,1]
	[297,1]
	[294,1]
	[15,2]
	[73,2]
	[97,2]
	[332,2]
	[331,1]
	[43,3]
	[106,3]
	[335,2]
	[82,5]
	[337,1]
	[353,1]
	[118,1]
	[108,1]
	[360,1]
	[364,2]
	[362,3]
	[356,1]
	[347,1]
	[346,2]
	[354,3]
	[366,2]
	[373,2]
	[374,1]
	[369,1]
	[371,1]
	[76,2]
	[377,1]
	[387,1]
	[385,1]
	[388,1]
	[100,3]
	[392,3]
	[68,1]
	[382,1]
	[381,1]
	[380,1]
	[378,1]
	[379,1]
	[109,2]
	[138,1]
	[396,2]
	[397,2]
	[398,1]
	[38,2]
	[124,1]
	[404,1]
	[394,1]
	[391,1]
	[413,2]
	[418,1]
	[419,2]
	[112,4]
	[84,1]
	[414,1]
	[432,2]
	[119,1]
	[430,1]
	[427,2]
	[154,2]
	[423,1]
	[420,1]
	[148,1]
	[443,1]
	[446,2]
	[452,2]
	[449,1]
	[448,1]
	[441,1]
	[440,1]
	[439,1]
	[147,1]
	[458,1]
	[89,1]
	[137,1]
	[466,1]
	[142,3]
	[165,1]
	[463,2]
	[460,1]
	[81,3]
	[456,1]
	[152,1]
	[54,1]
	[114,1]
	[478,1]
	[475,1]
	[474,2]
	[476,1]
	[473,2]
	[107,4]
	[104,1]
	[34,2]
	[67,2]
	[166,2]
	[489,1]
	[495,1]
	[497,1]
	[496,1]
	[493,1]
	[45,2]
	[488,1]
	[480,1]
	[501,1]
	[502,2]
	[512,1]
	[506,1]
	[121,1]
	[63,1]
	[505,1]
	[117,1]
	[553,1]
	[123,1]
	[577,1]
	[568,1]
	[132,1]
	[140,1]
	[609,1]
	[611,2]
	[643,1]
	[53,2]
	[659,1]
	[240,1]
	[164,2]
	[661,1]
	[656,1]
	[86,2]
	[79,1]
	[623,1]
	[102,1]
	[636,1]
	[74,2]
	[692,1]
	[689,2]
	[135,1]
	[685,3]
	[678,1]
	[642,1]
	[645,2]
	[653,1]
	[223,2]
	[75,2]
	[704,1]
	[120,1]
	[669,1]
	[115,1]
	[665,1]
	[670,1]
	[686,1]
	[41,1]
	[30,2]
	[727,1]
	[725,3]
	[723,1]
	[722,1]
	[130,1]
	[717,1]
	[696,1]
	[184,1]
	[687,1]
	[249,1]
	[751,1]
	[49,1]
	[749,1]
	[159,2]
	[742,1]
	[740,1]
	[737,2]
	[715,1]
	[703,1]
	[701,1]
	[217,1]
	[141,1]
	[163,1]
	[768,1]
	[770,1]
	[764,1]
	[762,3]
	[150,1]
	[250,3]
	[759,1]
	[758,1]
	[143,1]
	[719,1]
	[214,1]
	[37,2]
	[91,1]
	[747,1]
	[280,2]
	[256,1]
	[778,1]
	[781,1]
	[775,1]
	[186,1]
	[741,1]
	[155,1]
	[743,1]
	[744,1]
	[754,1]
	[806,1]
	[803,5]
	[116,1]
	[262,1]
	[39,1]
	[80,1]
	[797,1]
	[796,1]
	[167,1]
	[763,2]
	[216,1]
	[231,1]
	[784,1]
	[71,1]
	[821,1]
	[251,1]
	[822,2]
	[236,2]
	[197,1]
	[816,1]
	[183,1]
	[779,1]
	[113,1]
	[206,2]
	[201,1]
	[32,2]
	[279,1]
	[788,1]
	[801,2]
	[839,2]
	[98,1]
	[847,1]
	[842,1]
	[837,1]
	[825,1]
	[85,1]
	[220,1]
	[795,1]
	[799,2]
	[192,1]
	[861,2]
	[857,1]
	[195,1]
	[19,1]
	[849,1]
	[813,1]
	[815,1]
	[819,2]
	[823,1]
	[826,1]
	[859,1]
	[876,2]
	[242,1]
	[882,1]
	[873,1]
	[832,1]
	[833,1]
	[838,1]
	[858,2]
	[869,3]
	[854,1]
	[856,1]
	[292,1]
	[860,1]
	[877,1]
	[916,1]
	[92,1]
	[264,1]
	[913,2]
	[915,2]
	[65,1]
	[911,2]
	[906,2]
	[222,1]
	[864,1]
	[875,1]
	[33,1]
	[878,1]
	[881,1]
	[884,1]
	[886,1]
	[93,1]
	[939,2]
	[936,2]
	[293,1]
	[931,3]
	[926,1]
	[286,1]
	[907,2]
	[905,4]
	[887,1]
	[303,1]
	[241,1]
	[901,1]
	[912,3]
	[914,1]
	[935,2]
	[960,2]
	[956,2]
	[949,1]
	[924,1]
	[910,1]
	[238,1]
	[253,1]
	[237,2]
	[917,1]
	[971,5]
	[981,3]
	[975,1]
	[968,1]
	[42,2]
	[271,1]
	[934,3]
	[83,1]
	[937,1]
	[258,1]
	[306,2]
	[998,1]
	[997,1]
	[990,4]
	[992,2]
	[13,1]
	[31,1]
	[989,2]
	[962,1]
	[955,1]
	[1017,2]
	[1010,1]
	[1006,2]
	[1002,2]
	[985,1]
	[963,1]
	[967,1]
	[970,1]
	[954,1]
	[973,1]
	[976,2]
	[974,1]
	[268,1]
	[1033,2]
	[1029,2]
	[1034,1]
	[1032,1]
	[1021,2]
	[326,1]
	[1051,2]
	[245,1]
	[1049,2]
	[1047,1]
	[1040,1]
	[1036,1]
	[1003,1]
	[1008,1]
	[1007,1]
	[1013,1]
	[278,1]
	[224,1]
	[1018,1]
	[1026,2]
	[1067,2]
	[1066,1]
	[1063,1]
	[325,1]
	[1025,2]
	[1030,1]
	[235,1]
	[1048,1]
	[1085,1]
	[1095,1]
	[29,1]
	[1094,1]
	[1093,1]
	[1086,2]
	[1055,1]
	[1045,2]
	[342,1]
	[1043,1]
	[1046,2]
	[1050,1]
	[1053,1]
	[1054,1]
	[1112,3]
	[266,1]
	[1111,1]
	[1109,1]
	[1107,1]
	[1104,3]
	[339,1]
	[176,1]
	[1102,2]
	[1078,1]
	[1064,1]
	[1058,1]
	[221,2]
	[1062,1]
	[203,1]
	[1070,1]
	[1072,1]
	[1075,1]
	[1124,2]
	[1130,1]
	[1084,1]
	[1089,1]
	[1091,1]
	[1123,1]
	[1146,2]
	[180,1]
	[1144,1]
	[1105,1]
	[1161,3]
	[1168,1]
	[1167,2]
	[1163,1]
	[1165,3]
	[1160,1]
	[1154,1]
	[1152,2]
	[1150,1]
	[1137,1]
	[1122,1]
	[1119,1]
	[1125,1]
	[1129,1]
	[1128,1]
	[1132,1]
	[1140,1]
	[1180,2]
	[1186,3]
	[1184,2]
	[1189,2]
	[1183,1]
	[1179,2]
	[1175,1]
	[1171,1]
	[1138,1]
	[1135,1]
	[1136,1]
	[1142,1]
	[1141,1]
	[1145,1]
	[1203,2]
	[1200,2]
	[1199,1]
	[1198,1]
	[1192,1]
	[1177,1]
	[1159,1]
	[1158,1]
	[276,2]
	[1166,1]
	[1182,2]
	[1224,2]
	[1225,1]
	[1221,1]
	[1219,1]
	[1217,1]
	[1215,1]
	[1218,1]
	[1188,1]
	[1172,1]
	[1176,1]
	[1178,1]
	[1173,1]
	[1169,1]
	[287,1]
	[311,1]
	[1202,1]

660,
	[1,100]
	[3,95]
	[6,2]
	[5,3]
	[134,6]
	[152,1]
	[113,1]
	[191,3]
	[151,1]
	[154,1]
	[2,41]
	[161,1]
	[219,2]
	[277,1]
	[187,1]
	[131,2]
	[16,6]
	[51,1]
	[214,2]
	[133,2]
	[208,1]
	[28,4]
	[4,2]
	[33,1]
	[184,1]
	[229,1]
	[205,1]
	[202,1]
	[180,1]
	[183,1]
	[234,1]
	[300,1]
	[168,1]
	[178,2]
	[193,1]
	[308,1]
	[364,2]
	[40,9]
	[52,3]
	[367,1]
	[62,1]
	[132,1]
	[369,1]
	[216,3]
	[192,1]
	[34,5]
	[194,2]
	[70,3]
	[136,3]
	[58,2]
	[353,1]
	[64,1]
	[172,2]
	[281,1]
	[155,2]
	[10,4]
	[76,2]
	[209,1]
	[157,1]
	[125,2]
	[196,1]
	[94,6]
	[265,1]
	[144,1]
	[169,1]
	[213,1]
	[104,2]
	[425,1]
	[211,2]
	[197,1]
	[114,2]
	[100,2]
	[283,1]
	[106,2]
	[112,2]
	[135,1]
	[128,1]
	[317,1]
	[207,1]
	[258,1]
	[124,1]
	[395,1]
	[173,1]
	[186,1]
	[130,1]
	[140,2]
	[177,1]
	[230,1]
	[150,1]
	[22,1]
	[142,4]
	[146,1]
	[56,1]
	[115,1]
	[188,1]
	[87,1]
	[147,1]
	[158,1]
	[162,1]
	[118,1]
	[138,1]
	[90,1]
	[93,1]
	[79,1]
	[75,1]
	[78,1]
	[88,1]
	[252,2]
	[68,1]
	[239,2]
	[95,1]
	[466,1]
	[164,1]
	[314,1]
	[190,1]
	[231,1]
	[60,1]
	[502,1]
	[122,1]

9920,
	[46,1]
	[63,1]
	[84,1]
	[135,1]
	[206,2]
	[191,1]
	[222,1]
	[227,1]
	[255,1]
	[324,1]
	[267,1]
	[340,1]
	[271,1]
	[322,1]
	[319,1]
	[293,1]
	[333,1]
	[39,1]
	[23,1]
	[31,1]
	[389,1]
	[139,1]
	[41,1]
	[423,1]
	[519,1]
	[475,1]
	[65,1]
	[80,2]
	[83,1]
	[89,1]
	[588,1]
	[627,1]
	[86,2]
	[605,1]
	[589,2]
	[651,1]
	[526,1]
	[95,1]
	[557,1]
	[119,1]
	[649,1]
	[713,1]
	[707,1]
	[590,1]
	[623,1]
	[647,1]
	[175,1]
	[148,1]
	[781,1]
	[600,1]
	[650,2]
	[782,1]
	[669,1]
	[626,1]
	[693,1]
	[204,1]
	[201,1]
	[619,1]
	[804,1]
	[744,1]
	[890,1]
	[808,1]
	[734,1]
	[203,1]
	[640,1]
	[794,1]
	[865,1]

9904,
	[71,1]
	[43,1]
	[64,1]
	[92,1]
	[157,1]
	[191,1]
	[211,1]
	[200,1]
	[268,1]
	[303,1]
	[271,1]
	[246,1]
	[295,1]
	[287,1]
	[288,1]
	[367,1]
	[384,1]
	[413,1]
	[352,1]
	[520,1]
	[487,2]
	[555,1]
	[509,1]
	[536,2]
	[517,1]
	[448,1]
	[558,1]
	[600,1]
	[589,2]
	[683,1]
	[481,1]
	[640,1]
	[497,1]
	[642,1]
	[610,1]
	[643,1]
	[540,1]
	[112,1]
	[490,1]
	[648,1]
	[109,1]
	[681,1]
	[649,1]
	[742,1]
	[133,1]
	[659,1]
	[127,1]
	[732,1]
	[139,1]
	[136,1]
	[166,1]
	[153,1]
	[784,2]
	[156,1]
	[747,1]
	[849,1]
	[819,1]
	[621,1]
	[691,1]
	[193,1]
	[913,1]
	[820,1]
	[731,1]

720,
	[37,1]
	[17,1]
	[83,1]
	[94,1]
	[103,1]
	[126,1]
	[115,1]
	[123,2]
	[112,1]
	[129,1]
	[161,1]
	[3,1]
	[300,1]
	[243,1]
	[323,1]
	[269,1]
	[321,1]
	[365,1]
	[359,1]
	[379,1]

9948,
	[9,1]
	[68,1]
	[77,1]
	[98,1]
	[124,1]
	[57,3]
	[61,1]
	[104,1]
	[156,1]
	[13,1]
	[163,1]
	[226,1]
	[169,1]
	[250,1]
	[16,1]
	[140,5]
	[132,2]
	[116,1]
	[94,1]
	[155,1]
	[262,1]
	[181,1]
	[178,1]
	[58,2]
	[196,1]
	[204,1]
	[236,1]
	[158,2]
	[93,2]
	[150,2]
	[274,1]
	[135,1]
	[160,1]
	[368,1]
	[167,2]
	[338,1]
	[131,1]
	[190,1]
	[149,1]
	[142,1]

9956,
	[17,1]
	[53,1]
	[13,1]
	[160,1]
	[91,1]
	[167,1]
	[170,1]
	[37,2]
	[196,1]
	[89,1]
	[146,1]
	[181,1]
	[61,1]
	[73,1]
	[57,1]
	[287,1]
	[166,1]
	[232,1]
	[131,3]
	[344,1]
	[130,1]
	[138,1]
	[285,2]
	[16,1]
	[322,1]
	[368,1]
	[140,3]
	[230,1]
	[139,3]
	[87,1]
	[148,2]
	[343,1]
	[95,1]
	[234,1]
	[102,1]
	[23,1]
	[114,1]
	[258,1]
	[156,1]
	[149,1]
	[100,1]
	[175,1]
	[168,1]
	[384,1]
	[176,1]
	[186,1]
	[184,1]

9912,
	[49,1]
	[78,1]
	[151,1]
	[129,1]
	[233,1]
	[202,1]
	[265,1]
	[249,1]
	[255,1]
	[276,1]
	[319,2]
	[278,1]
	[280,1]
	[327,1]
	[296,1]
	[320,1]
	[36,1]
	[513,1]
	[529,1]
	[552,1]
	[473,1]
	[598,1]
	[576,1]
	[108,1]
	[106,1]
	[619,1]
	[601,1]
	[114,1]
	[669,1]
	[715,1]
	[716,1]
	[656,1]
	[707,1]
	[690,2]
	[153,2]
	[741,1]
	[157,1]
	[740,1]
	[704,1]
	[745,1]
	[697,1]
	[166,1]
	[772,1]
	[657,1]
	[757,1]
	[755,1]
	[787,1]
	[727,1]
	[775,1]
	[756,1]
	[839,1]
	[179,1]
	[811,1]
	[602,1]
	[188,1]
	[662,1]
	[758,1]
	[713,1]
	[702,1]
	[234,1]
	[225,1]
	[189,1]
	[195,1]
	[800,1]
	[219,1]

9952,
	[5,1]
	[33,2]
	[84,1]
	[142,1]
	[82,1]
	[29,1]
	[154,1]
	[135,3]
	[21,1]
	[97,1]
	[25,1]
	[225,3]
	[69,1]
	[164,1]
	[184,1]
	[72,1]
	[322,1]
	[206,1]
	[211,1]
	[136,4]
	[104,1]
	[247,1]
	[94,1]
	[120,1]
	[144,3]
	[67,1]
	[228,1]
	[320,1]
	[80,1]
	[329,1]
	[220,1]
	[282,1]
	[323,1]
	[86,1]
	[134,1]
	[162,4]
	[310,1]
	[121,1]
	[2,1]
	[318,1]
	[155,1]
	[100,1]
	[153,2]
	[355,1]
	[203,1]
	[114,1]

9924,
	[59,1]
	[145,1]
	[150,1]
	[190,1]
	[176,1]
	[221,2]
	[235,1]
	[211,1]
	[207,1]
	[238,1]
	[270,1]
	[394,1]
	[48,1]
	[448,1]
	[549,1]
	[433,1]
	[542,1]
	[523,1]
	[583,1]
	[562,1]
	[99,1]
	[534,1]
	[78,1]
	[563,1]
	[621,1]
	[512,1]
	[625,1]
	[552,1]
	[96,1]
	[605,1]
	[698,1]
	[559,1]
	[117,1]
	[555,1]
	[130,1]
	[536,1]
	[132,2]
	[610,1]
	[125,1]
	[771,1]
	[721,1]
	[624,1]
	[727,1]
	[737,2]
	[706,1]
	[646,1]
	[628,1]
	[656,1]
	[846,1]
	[738,1]
	[180,1]
	[718,1]
	[857,1]
	[189,1]
	[220,1]
	[755,1]
	[827,1]
	[198,1]

9980,
	[36,1]
	[60,1]
	[75,1]
	[100,1]
	[82,1]
	[128,2]
	[57,1]
	[143,1]
	[13,1]
	[138,1]
	[17,1]
	[165,1]
	[37,1]
	[2,1]
	[176,2]
	[85,1]
	[29,1]
	[33,1]
	[105,1]
	[41,1]
	[175,1]
	[196,1]
	[116,2]
	[264,1]
	[16,1]
	[104,1]
	[257,1]
	[194,1]
	[133,2]
	[31,1]
	[132,2]
	[291,1]
	[217,1]
	[244,1]
	[341,1]
	[158,1]
	[119,1]
	[288,1]
	[137,2]
	[167,1]
	[351,1]
	[367,1]
	[142,1]
	[164,1]
	[74,1]
	[170,1]
	[150,1]
	[205,1]

9908,
	[105,1]
	[131,2]
	[137,1]
	[186,1]
	[344,1]
	[348,1]
	[313,1]
	[341,1]
	[312,1]
	[429,1]
	[477,1]
	[530,1]
	[434,1]
	[524,1]
	[575,1]
	[656,1]
	[87,1]
	[622,1]
	[99,1]
	[579,1]
	[668,1]
	[156,1]
	[644,1]
	[674,1]
	[717,1]
	[634,1]
	[683,1]
	[134,1]
	[654,1]
	[632,1]
	[158,1]
	[166,1]
	[655,1]
	[596,1]
	[623,1]
	[162,1]
	[680,1]
	[840,1]
	[733,1]
	[806,1]
	[762,1]
	[191,1]
	[640,1]
	[205,1]
	[777,1]
	[811,1]
	[197,1]
	[798,1]
	[891,1]
	[194,2]
	[662,1]
	[719,1]
	[820,1]
	[856,1]
	[712,1]

616,
	[103,1]
	[113,1]
	[132,1]
	[143,1]
	[160,1]
	[237,1]
	[239,1]
	[303,1]
	[447,1]
	[725,1]

9960,
	[9,3]
	[57,1]
	[142,1]
	[168,1]
	[65,1]
	[77,1]
	[17,1]
	[53,1]
	[137,1]
	[231,1]
	[192,1]
	[240,2]
	[246,1]
	[144,1]
	[242,1]
	[94,1]
	[78,1]
	[133,1]
	[11,1]
	[126,1]
	[342,1]
	[282,1]
	[134,5]
	[286,1]
	[23,1]
	[143,2]
	[44,1]
	[174,1]
	[339,1]
	[152,4]
	[248,1]
	[112,1]
	[161,3]
	[100,2]
	[136,1]
	[291,1]
	[170,2]
	[151,1]
	[159,1]
	[396,1]
	[51,1]
	[16,1]

9964,
	[78,1]
	[17,1]
	[154,1]
	[69,1]
	[105,1]
	[237,1]
	[247,1]
	[37,1]
	[187,1]
	[148,2]
	[104,1]
	[82,1]
	[112,1]
	[272,1]
	[156,5]
	[129,4]
	[337,1]
	[291,1]
	[254,1]
	[16,1]
	[285,1]
	[223,1]
	[153,1]
	[191,1]
	[170,1]
	[53,1]
	[243,1]
	[312,1]
	[174,2]
	[189,1]
	[284,1]
	[138,3]
	[217,1]
	[147,4]
	[130,1]
	[360,1]
	[155,1]
	[263,1]
	[23,1]
	[165,2]
	[140,1]
	[164,1]
	[158,1]
	[100,1]
	[2,1]
	[182,2]
	[157,1]
	[185,1]
	[203,1]

9968,
	[80,1]
	[25,2]
	[107,1]
	[126,1]
	[33,2]
	[77,1]
	[187,1]
	[179,1]
	[212,1]
	[196,1]
	[61,1]
	[101,1]
	[49,1]
	[238,1]
	[93,2]
	[191,1]
	[166,1]
	[69,1]
	[171,1]
	[45,1]
	[82,1]
	[295,1]
	[330,1]
	[267,1]
	[129,2]
	[255,1]
	[299,1]
	[215,1]
	[315,1]
	[150,1]
	[343,1]
	[142,2]
	[99,1]
	[72,1]
	[74,1]
	[119,2]
	[254,1]
	[302,1]
	[152,1]
	[283,1]
	[151,2]
	[297,1]
	[160,1]
	[169,4]
	[351,1]
	[58,1]
	[176,1]
	[178,1]
	[399,1]
	[192,1]

9916,
	[134,1]
	[236,1]
	[217,1]
	[225,1]
	[323,1]
	[325,1]
	[352,1]
	[289,1]
	[356,1]
	[376,1]
	[380,1]
	[346,1]
	[502,1]
	[481,1]
	[515,1]
	[59,1]
	[407,1]
	[511,1]
	[445,1]
	[70,1]
	[439,1]
	[461,1]
	[563,1]
	[526,1]
	[547,1]
	[531,1]
	[558,1]
	[618,1]
	[617,1]
	[496,1]
	[561,1]
	[640,1]
	[573,1]
	[583,1]
	[625,1]
	[649,1]
	[495,1]
	[142,1]
	[528,1]
	[120,1]
	[654,1]
	[651,1]
	[673,1]
	[670,1]
	[720,1]
	[173,1]
	[698,1]
	[732,1]
	[166,1]
	[638,1]
	[832,1]
	[772,1]
	[163,1]
	[751,1]
	[806,1]
	[758,1]
	[780,1]
	[804,1]
	[207,1]
	[762,1]
	[774,1]
	[778,1]
	[178,1]
	[689,1]
	[629,1]
	[779,1]
	[837,1]
	[750,1]
	[223,1]
	[702,1]
	[883,1]

9928,
	[159,1]
	[146,1]
	[188,1]
	[194,1]
	[163,2]
	[184,1]
	[247,1]
	[303,1]
	[269,1]
	[359,1]
	[394,1]
	[385,1]
	[7,1]
	[469,1]
	[508,1]
	[534,1]
	[84,1]
	[585,1]
	[507,1]
	[597,1]
	[458,1]
	[595,1]
	[72,1]
	[571,1]
	[652,1]
	[647,1]
	[554,1]
	[565,1]
	[137,1]
	[109,1]
	[695,1]
	[634,1]
	[532,1]
	[618,1]
	[708,1]
	[145,1]
	[166,2]
	[789,1]
	[617,1]
	[170,1]
	[671,1]
	[778,1]
	[820,1]
	[783,1]
	[151,1]
	[154,1]
	[175,1]
	[712,1]
	[768,1]
	[848,1]
	[169,1]
	[842,1]
	[823,1]
	[193,1]
	[782,1]
	[831,1]
	[790,1]
	[189,1]
	[815,1]
	[672,1]
	[906,1]
	[731,1]

9940,
	[77,1]
	[37,1]
	[136,3]
	[85,1]
	[53,1]
	[66,1]
	[105,1]
	[89,1]
	[124,1]
	[76,1]
	[57,1]
	[225,1]
	[150,1]
	[216,1]
	[275,1]
	[146,2]
	[211,1]
	[132,2]
	[170,1]
	[9,1]
	[108,1]
	[100,2]
	[180,1]
	[32,1]
	[283,1]
	[145,2]
	[153,1]
	[96,2]
	[114,1]
	[162,1]
	[163,1]
	[137,1]
	[173,1]
	[144,1]
	[172,1]
	[201,1]

9944,
	[161,1]
	[203,1]
	[159,1]
	[232,1]
	[258,1]
	[253,1]
	[316,1]
	[295,1]
	[328,1]
	[265,1]
	[304,1]
	[343,1]
	[309,1]
	[362,1]
	[298,1]
	[291,1]
	[321,1]
	[392,1]
	[391,1]
	[474,1]
	[462,1]
	[506,1]
	[432,1]
	[549,1]
	[445,1]
	[545,1]
	[460,1]
	[77,1]
	[66,1]
	[470,1]
	[541,1]
	[518,1]
	[672,1]
	[108,1]
	[539,1]
	[594,1]
	[578,1]
	[527,1]
	[654,1]
	[606,1]
	[692,1]
	[687,2]
	[702,1]
	[630,1]
	[668,1]
	[678,1]
	[725,1]
	[621,1]
	[791,1]
	[750,1]
	[738,1]
	[796,1]
	[173,1]
	[761,1]
	[646,1]
	[708,1]
	[635,1]
	[187,1]
	[156,1]
	[590,1]
	[184,1]
	[200,1]
	[208,1]
	[183,1]
	[695,1]
	[652,1]
	[901,1]
	[827,1]
	[210,1]
	[899,1]
	[770,1]

9932,
	[186,1]
	[223,1]
	[202,1]
	[242,1]
	[233,1]
	[285,1]
	[294,1]
	[238,1]
	[332,1]
	[371,1]
	[440,1]
	[456,1]
	[419,1]
	[519,1]
	[38,1]
	[487,1]
	[451,1]
	[510,1]
	[490,1]
	[446,1]
	[56,1]
	[528,1]
	[576,1]
	[534,1]
	[553,1]
	[600,1]
	[113,1]
	[589,1]
	[468,1]
	[560,1]
	[647,1]
	[661,1]
	[520,1]
	[667,1]
	[125,1]
	[128,1]
	[601,1]
	[756,1]
	[122,1]
	[673,1]
	[735,1]
	[169,1]
	[742,1]
	[772,2]
	[613,1]
	[702,1]
	[748,1]
	[757,1]
	[155,1]
	[159,1]
	[636,1]
	[596,1]
	[608,1]
	[157,1]
	[164,1]
	[178,1]
	[844,1]
	[729,1]
	[179,1]
	[758,1]
	[194,1]
	[774,1]
	[743,1]
	[191,1]
	[790,1]
	[712,1]
	[216,1]
	[205,1]

724,
	[219,1]
	[256,1]
	[202,1]
	[193,1]
	[201,1]

9780,
	[2,2]

9768,
	[118,1]
	[707,1]

len(carl_order):
57
Printing carl assignment order:
9780,2,0.5
660,1,0.2364066193853428
660,3,0.22479338842975208
684,7,0.20587194906261055
684,13,0.1015625
596,2,0.1009009009009009
592,2,0.06174264281592614
664,2,0.0275
596,3,0.02708803611738149
684,32,0.02197802197802198
684,40,0.020833333333333332
720,3,0.015873015873015872
660,5,0.013440860215053764
660,6,0.01098901098901099
684,108,0.010948905109489052
9980,2,0.009259259259259259
9952,2,0.008333333333333333
9964,2,0.007692307692307693
9940,283,0.007553135429474793
660,502,0.0071896469084518294
9980,367,0.007124613523323027
9972,365,0.00706090026478376
9948,368,0.006998654104979811
9960,396,0.00682062941246859
592,3,0.006544502617801047
9952,355,0.006458675424192666
9956,384,0.006355691748950176
9964,360,0.0061156235069278544
9968,399,0.0060526581256935335
720,379,0.0053734551316496505
724,256,0.004668534080298786
9768,118,0.00423728813559322
664,3,0.004232804232804233
616,303,0.003929273084479371
664,551,0.0038644605155625645
596,545,0.003773154444863684
616,725,0.0035335689045936395
592,5,0.002635046113306983
9920,890,0.0024907461860449024
9924,857,0.002279095834111713
9904,913,0.002236763036656206
9928,7,0.002232142857142857
9932,844,0.00220186999393688
9912,839,0.0021758607449123258
9928,906,0.0021575342465753426
592,82,0.0021523970712682586
9944,901,0.0021142890703001118
592,88,0.002098635886673662
9908,891,0.0020500647388864914
592,112,0.0020197939810139365
9916,883,0.0019477134940882781
592,126,0.0018041857108491701
592,1225,0.0017665336985176216
9768,707,0.001697792869269949
596,1452,0.0011025358324145535
684,830,0.0006925207756232687
684,296019,3.387660109285915e-06
bin_width: 236631
assigning lease 2 to address 9780
Average Cache Occupancy Per Bin: [0.0,0.0,0.00,0.0,0.0]
Total cost: 0
assigning lease 1 to address 660
Average Cache Occupancy Per Bin: [0.05,0.08,0.10,0.09,0.11]
Total cost: 13312.0
assigning lease 3 to address 660
Average Cache Occupancy Per Bin: [0.10,0.20,0.25,0.24,0.30]
Total cost: 24064.0
assigning lease 7 to address 684
Average Cache Occupancy Per Bin: [0.76,0.83,0.80,0.81,0.95]
Total cost: 181248.0
assigning lease 13 to address 684
Average Cache Occupancy Per Bin: [0.78,0.84,0.84,0.86,0.97]
Total cost: 185856.0
assigning lease 2 to address 596
Average Cache Occupancy Per Bin: [0.96,1.04,1.10,1.14,1.25]
Total cost: 227328.0
assigning lease 2 to address 592
Average Cache Occupancy Per Bin: [1.45,1.45,1.48,1.45,1.53]
Total cost: 343296.0
assigning lease 2 to address 664
Average Cache Occupancy Per Bin: [1.84,1.90,1.96,1.88,1.96]
Total cost: 435456.0
assigning lease 3 to address 596
Average Cache Occupancy Per Bin: [1.90,1.96,2.07,2.00,2.07]
Total cost: 451072.0
assigning lease 32 to address 684
Average Cache Occupancy Per Bin: [1.92,1.98,2.15,2.06,2.09]
Total cost: 455936.0
assigning lease 40 to address 684
Average Cache Occupancy Per Bin: [1.93,1.99,2.17,2.07,2.10]
Total cost: 457984.0
assigning lease 3 to address 720
Average Cache Occupancy Per Bin: [1.97,2.00,2.17,2.07,2.11]
Total cost: 467200.0
assigning lease 5 to address 660
Average Cache Occupancy Per Bin: [1.98,2.06,2.27,2.17,2.24]
Total cost: 470272.0
assigning lease 6 to address 660
Average Cache Occupancy Per Bin: [1.99,2.10,2.31,2.22,2.31]
Total cost: 471552.0
assigning lease 108 to address 684
Average Cache Occupancy Per Bin: [2.06,2.17,2.34,2.26,2.38]
Total cost: 488960.0
assigning lease 2 to address 9980
Average Cache Occupancy Per Bin: [2.10,2.20,2.36,2.29,2.40]
Total cost: 497664.0
assigning lease 2 to address 9952
Average Cache Occupancy Per Bin: [2.13,2.22,2.38,2.32,2.42]
Total cost: 504832.0
assigning lease 2 to address 9964
Average Cache Occupancy Per Bin: [2.15,2.26,2.41,2.35,2.44]
Total cost: 508928.0
assigning lease 283 to address 9940
Average Cache Occupancy Per Bin: [2.75,5.20,3.24,3.27,3.30]
Total cost: 652032.0
assigning lease 502 to address 660
Average Cache Occupancy Per Bin: [3.16,10.5,8.73,10.2,12.1]
Total cost: 749568.0
assigning lease 367 to address 9980
Average Cache Occupancy Per Bin: [4.58,12.3,10.3,12.4,13.1]
Total cost: 1084672.0
assigning lease 365 to address 9972
Average Cache Occupancy Per Bin: [5.78,14.8,12.2,13.8,16.0]
Total cost: 1369856.0
assigning lease 368 to address 9948
Average Cache Occupancy Per Bin: [6.55,17.0,13.7,15.2,18.1]
Total cost: 1552128.0
assigning lease 396 to address 9960
Average Cache Occupancy Per Bin: [8.49,19.0,15.4,17.6,19.2]
Total cost: 2009600.0
assigning lease 3 to address 592
Average Cache Occupancy Per Bin: [8.71,19.2,15.5,17.8,19.3]
Total cost: 2062080.0
assigning lease 355 to address 9952
Average Cache Occupancy Per Bin: [10.0,21.1,18.2,20.1,20.9]
Total cost: 2385152.0
assigning lease 384 to address 9956
Average Cache Occupancy Per Bin: [11.6,23.0,21.1,21.5,22.6]
Total cost: 2757376.0
assigning lease 360 to address 9964
Average Cache Occupancy Per Bin: [12.6,26.5,23.9,23.6,24.5]
Total cost: 2994944.0
assigning lease 399 to address 9968
Average Cache Occupancy Per Bin: [14.6,29.0,25.4,26.9,25.9]
Total cost: 3461376.0
assigning lease 379 to address 720
Average Cache Occupancy Per Bin: [15.9,29.0,26.3,27.6,27.1]
Total cost: 3765248.0
assigning lease 256 to address 724
Average Cache Occupancy Per Bin: [15.9,29.3,26.6,27.8,27.5]
Total cost: 3765248.0
assigning lease 118 to address 9768
Average Cache Occupancy Per Bin: [15.9,29.3,26.7,27.9,27.5]
Total cost: 3765248.0
assigning lease 3 to address 664
Average Cache Occupancy Per Bin: [16.1,29.5,27.0,28.1,27.7]
Total cost: 3811328.0
assigning lease 303 to address 616
Average Cache Occupancy Per Bin: [17.3,30.1,27.0,28.4,27.7]
Total cost: 4099840.0
assigning lease 551 to address 664
Average Cache Occupancy Per Bin: [36.7,73.4,88.3,95.8,99.8]
Total cost: 8694016.0
assigning lease 545 to address 596
Average Cache Occupancy Per Bin: [44.8,87.7,120.,129.,135.]
Total cost: 10602496.0
assigning lease 725 to address 616
Average Cache Occupancy Per Bin: [44.8,87.8,120.,129.,135.]
Total cost: 10602496.0
assigning lease 5 to address 592
Average Cache Occupancy Per Bin: [45.2,88.2,120.,129.,135.]
Total cost: 10706432.0
assigning lease 890 to address 9920
Average Cache Occupancy Per Bin: [48.0,91.3,126.,135.,149.]
Total cost: 11379968.0
assigning lease 857 to address 9924
Average Cache Occupancy Per Bin: [50.3,94.5,134.,143.,157.]
Total cost: 11918080.0
assigning lease 913 to address 9904
Average Cache Occupancy Per Bin: [53.2,100.,144.,148.,165.]
Total cost: 12609024.0
assigning lease 7 to address 9928
Average Cache Occupancy Per Bin: [53.3,100.,144.,148.,165.]
Total cost: 12625152.0
assigning lease 844 to address 9932
Average Cache Occupancy Per Bin: [55.7,106.,151.,159.,173.]
Total cost: 13197312.0
assigning lease 839 to address 9912
Average Cache Occupancy Per Bin: [58.1,109.,155.,172.,185.]
Total cost: 13762048.0
assigning lease 906 to address 9928
Average Cache Occupancy Per Bin: [60.0,112.,161.,181.,197.]
Total cost: 14220288.0
assigning lease 82 to address 592
Average Cache Occupancy Per Bin: [74.2,125.,173.,191.,206.]
Total cost: 17570304.0
assigning lease 901 to address 9944
Average Cache Occupancy Per Bin: [77.2,132.,179.,205.,213.]
Total cost: 18280448.0
assigning lease 88 to address 592
Average Cache Occupancy Per Bin: [78.1,133.,180.,205.,213.]
Total cost: 18486784.0
assigning lease 891 to address 9908
Average Cache Occupancy Per Bin: [79.1,137.,183.,214.,227.]
Total cost: 18717952.0
assigning lease 112 to address 592
Average Cache Occupancy Per Bin: [82.4,141.,186.,217.,230.]
Total cost: 19504896.0
assigning lease 883 to address 9916
Average Cache Occupancy Per Bin: [84.3,147.,194.,224.,246.]
Total cost: 19968768.0
assigning lease 126 to address 592
Average Cache Occupancy Per Bin: [86.1,149.,196.,226.,247.]
Total cost: 20387840.0
assigning lease 1225 to address 592
Average Cache Occupancy Per Bin: [111.,202.,274.,323.,353.]
Total cost: 26279424.0
assigning lease 707 to address 9768
Average Cache Occupancy Per Bin: [111.,202.,274.,324.,353.]
Total cost: 26279424.0
assigning lease 1452 to address 596
Average Cache Occupancy Per Bin: [112.,202.,274.,324.,353.]
Total cost: 26511616.0
assigning lease 830 to address 684
Average Cache Occupancy Per Bin: [112.,203.,274.,324.,353.]
Total cost: 26696448.0
addr: 684 ri: 296019
bin target: 121155072
	bin: 1.0 current capacity: 203.6296512291289  avg impact: 319.3511585548808
num_full_bins: 0
printing bin ranks sorted:
	bin: 1.0 rank: 0.965615249890748
	selecting this^ bin
acceptable_ratio: 0.965615249890748
Assigning 684 dual lease lease 296019 * 0.965615249890748. Bin saturation: [112.,512.,274.,324.,353.]
Final saturation:
	0.0,26696448.0
	1.0,121155072.0
	2.0,64939264.0
	3.0,76669440.0
	4.0,83548160.0
DUMP LEASES
0, 254, 5ac, 0, 1 
0, 26f4, 16d, 0, 1 
0, 298, 227, 0, 1 
0, 2ac, 33e, 48453, 0.034384750109252016 
0, 250, 4c9, 0, 1 
0, 294, 1f6, 0, 1 
0, 26c0, 37a, 0, 1 
0, 26b0, 391, 0, 1 
0, 2d0, 17b, 0, 1 
0, 26dc, 170, 0, 1 
0, 26e4, 180, 0, 1 
0, 26b8, 347, 0, 1 
0, 26e0, 163, 0, 1 
0, 26c4, 359, 0, 1 
0, 26fc, 16f, 0, 1 
0, 26b4, 37b, 0, 1 
0, 268, 2d5, 0, 1 
0, 26e8, 18c, 0, 1 
0, 26ec, 168, 0, 1 
0, 26f0, 18f, 0, 1 
0, 26bc, 373, 0, 1 
0, 26c8, 38a, 0, 1 
0, 26d4, 11b, 0, 1 
0, 26d8, 385, 0, 1 
0, 26cc, 34c, 0, 1 
0, 2d4, 100, 0, 1 
0, 2634, 2, 0, 1 
0, 2628, 2c3, 0, 1 
Dump dual leases

