sample rate: 0.00390625
1656,
	[2,43]
	[1074,2]
	[504,2]
	[-4370,122]
	[258,1]
	[546,2]
	[163,29]
	[216,2]
	[408,2]
	[2088,2]
	[306,1]
	[2429,2]
	[2284,2]
	[1843,1]
	[834,1]
	[1026,2]
	[263,1]
	[450,1]
	[1218,2]
	[2235,2]
	[498,1]
	[738,1]
	[307,1]
	[119,1]
	[215,1]
	[403,4]
	[1458,1]
	[2234,1]
	[1649,1]
	[1409,1]
	[545,1]
	[1944,3]
	[456,1]
	[1652,1]
	[2091,2]
	[1556,2]
	[72,1]
	[932,2]
	[644,2]
	[1993,2]
	[740,2]
	[2140,4]
	[1604,2]
	[836,1]
	[452,2]
	[312,1]
	[2238,3]
	[1268,3]
	[2527,2]
	[2287,2]
	[692,1]
	[1895,1]
	[1028,2]
	[980,1]
	[451,2]
	[1172,1]
	[121,1]
	[788,1]
	[1846,2]
	[1364,1]
	[457,1]
	[1797,1]
	[2335,1]
	[265,1]
	[1700,1]
	[505,2]
	[739,2]
	[169,1]
	[884,1]
	[1316,1]
	[1124,2]
	[217,1]
	[1508,1]
	[2383,2]
	[211,1]
	[1748,1]
	[691,1]
	[313,1]
	[499,1]
	[361,1]

1680,
	[1,2186353]
	[3,2040491]
	[3630,145483]
	[4,145654]
	[3631,5]
	[5,100]
	[-4370,133]
	[3669,3]
	[3632,3]
	[3664,4]
	[3647,3]
	[3644,3]
	[3646,2]
	[3658,4]
	[3637,3]
	[3635,2]
	[3677,5]
	[3649,5]
	[3654,2]
	[3636,4]
	[3676,5]
	[3674,4]
	[3672,4]
	[3648,1]
	[3662,3]
	[3681,4]
	[3667,1]
	[3655,2]
	[3679,1]
	[3633,1]
	[3668,1]
	[3639,2]
	[3661,3]
	[3640,1]
	[3665,2]
	[3673,2]
	[3660,5]
	[3651,3]
	[3643,1]
	[3650,1]
	[3653,4]
	[3642,1]
	[3659,1]
	[3670,4]
	[3663,3]
	[3678,1]
	[3656,2]
	[3671,1]
	[3645,2]
	[3675,1]
	[3634,1]
	[3641,1]

1688,
	[2,2186248]
	[493,145552]
	[-4370,551]
	[504,68]
	[495,2]
	[2703,2]
	[2699,3]
	[497,2]
	[498,4]
	[2696,2]
	[503,10]
	[496,4]
	[2697,1]
	[2693,1]
	[2698,2]
	[499,2]
	[2694,2]
	[2701,1]
	[2695,2]
	[501,1]
	[494,1]
	[2702,1]
	[2700,2]

1684,
	[-4370,291049]

1756,
	[2,2186852]
	[3,142265]
	[4,1975]
	[3085,1923]

1748,
	[3,2039343]
	[5,3882]
	[1,2187365]
	[4,283617]
	[-4370,1940]
	[2,1954]

1736,
	[3672,1928]
	[-4370,32]
	[3682,1]

1752,
	[-4370,290045]

1816,
	[2,2040004]
	[4,2038776]
	[3,143377]
	[-4370,145738]
	[5,1847]

1836,
	[2,2184458]
	[3379,71759]
	[3381,27835]
	[3380,27510]
	[3382,15094]
	[1102,33]
	[3384,1873]
	[582,35]
	[1427,52]
	[1492,44]
	[3213,2]
	[2012,35]
	[1167,31]
	[1037,35]
	[3117,32]
	[1647,1]
	[972,47]
	[3052,25]
	[1947,43]
	[2662,32]
	[842,33]
	[3369,2]
	[3182,34]
	[1362,31]
	[777,35]
	[712,40]
	[954,5]
	[1882,45]
	[192,36]
	[2272,30]
	[2337,36]
	[127,32]
	[2597,36]
	[3465,3]
	[3352,2]
	[2142,36]
	[2467,33]
	[1269,2]
	[2792,33]
	[3333,3]
	[1297,31]
	[2987,39]
	[517,38]
	[257,28]
	[2857,34]
	[3359,2]
	[3402,1]
	[3361,5]
	[647,37]
	[907,31]
	[3375,2]
	[3312,35]
	[387,35]
	[2922,30]
	[1817,28]
	[62,42]
	[1622,28]
	[3247,33]
	[3346,3]
	[1752,32]
	[1687,27]
	[1232,29]
	[2077,30]
	[1080,2]
	[2529,1]
	[2207,26]
	[3339,8]
	[2532,34]
	[2402,29]
	[3376,2]
	[3353,2]
	[2727,26]
	[2466,1]
	[2735,2]
	[3344,2]
	[3377,23]
	[452,25]
	[3336,3]
	[3343,4]
	[1206,3]
	[3365,2]
	[1143,3]
	[3355,2]
	[2025,1]
	[1584,1]
	[3366,2]
	[2861,3]
	[198,1]
	[1557,30]
	[3356,1]
	[3347,3]
	[3371,1]
	[322,29]
	[3358,2]
	[2672,1]
	[140,3]
	[3335,3]
	[1332,1]
	[3351,3]
	[3345,1]
	[3374,1]
	[3341,2]
	[3342,2]
	[3378,4]
	[702,1]
	[513,4]
	[3349,3]
	[1017,2]
	[1836,1]
	[3348,2]
	[2798,5]
	[3368,2]
	[3334,2]
	[3370,2]
	[891,2]
	[2151,1]
	[1521,4]
	[2483,1]
	[576,3]
	[2231,2]
	[1395,2]
	[3372,2]
	[828,2]
	[3340,4]
	[1899,1]
	[2042,2]
	[2420,1]
	[1819,1]
	[3332,1]
	[3331,1]
	[1710,1]
	[2546,2]
	[2357,1]
	[1853,2]
	[1458,1]
	[3276,2]
	[3362,1]
	[1624,1]
	[1979,1]
	[1538,1]
	[3350,1]
	[1349,1]
	[2168,1]
	[324,1]
	[1727,1]
	[3338,2]
	[1286,1]
	[3360,1]
	[261,1]
	[450,1]
	[1475,1]
	[3367,1]
	[3354,1]
	[1223,1]
	[1412,1]

1828,
	[4,2040633]
	[5,143661]
	[-4370,290023]

1820,
	[7,142275]
	[6,1645]

1824,
	[4874,112638]
	[4873,17422]
	[4875,15548]
	[4824,1]
	[4845,3]
	[-4370,145]
	[4860,4]
	[4834,1]
	[4823,2]
	[4829,3]
	[4864,1]
	[4851,6]
	[4841,3]
	[4849,2]
	[4862,5]
	[4826,3]
	[4866,6]
	[4838,3]
	[4868,3]
	[4832,2]
	[4842,2]
	[4869,4]
	[4848,2]
	[4870,4]
	[4837,1]
	[4859,2]
	[4858,2]
	[4830,1]
	[4871,4]
	[4827,1]
	[4844,1]
	[4854,4]
	[4836,1]
	[4846,2]
	[4840,1]
	[4863,1]
	[4835,1]
	[4843,1]
	[4850,4]
	[4857,2]
	[4867,4]
	[4852,1]
	[4855,1]
	[4828,2]
	[4853,1]
	[4833,1]
	[4839,1]
	[4861,1]
	[4865,1]
	[4847,2]

1876,
	[4872,1937]
	[-4370,1594]

1648,
	[1,43]
	[3,39]
	[-4370,5]
	[117,1]
	[19,1]
	[35,1]

1796,
	[4820,2]

len(carl_order):
33
Printing carl assignment order:
1748,1,0.4841337101583165
1756,4,0.484021585140314
1680,1,0.48388508942793257
1648,1,0.4777777777777778
1748,5,0.47001006503014564
1836,2,0.46867508188294077
1688,2,0.46865632224120074
1680,4,0.44116035640002316
1648,3,0.4148936170212766
1816,4,0.31851914774325657
1828,5,0.2114320151714963
1820,7,0.1430907888784494
1656,2,0.06913183279742766
1816,5,0.012514821967002066
1648,35,0.008333333333333333
1648,117,0.0020325203252032522
1688,504,0.0020285173217504436
1656,163,0.0007446882781410719
1656,169,0.0007062146892655367
1680,5,0.000685715853064807
1656,217,0.00044365572315882877
1656,505,0.0004245149523599887
1656,546,0.0003604902667627974
1756,3085,0.0003245699448231094
1836,3465,0.0002979177718219662
1680,3681,0.00027560512801728536
1736,3682,0.0002678749228245265
1656,2429,0.00024431721375505914
1796,4820,0.0002074688796680498
1824,4875,0.00020496750721617162
1656,2527,0.00016458196181698485
1876,4872,0.00011259643067570879
1688,2703,1.5159554309103312e-05
bin_width: 1221066685
assigning lease 1 to address 1748
Average Cache Occupancy Per Bin: [0.18,0.18,0.18,0.18,0.18]
Total cost: 231383296.0
assigning lease 4 to address 1756
Average Cache Occupancy Per Bin: [0.39,0.39,0.39,0.39,0.39]
Total cost: 477854208.0
assigning lease 1 to address 1680
Average Cache Occupancy Per Bin: [0.58,0.58,0.58,0.58,0.58]
Total cost: 709177344.0
assigning lease 1 to address 1648
Average Cache Occupancy Per Bin: [0.58,0.58,0.58,0.58,0.58]
Total cost: 709185024.0
assigning lease 5 to address 1748
Average Cache Occupancy Per Bin: [0.78,0.78,0.78,0.78,0.78]
Total cost: 963015168.0
assigning lease 2 to address 1836
Average Cache Occupancy Per Bin: [0.98,0.98,0.98,0.98,0.98]
Total cost: 1201665024.0
assigning lease 2 to address 1688
Average Cache Occupancy Per Bin: [1.17,1.17,1.17,1.17,1.17]
Total cost: 1440528896.0
assigning lease 4 to address 1680
Average Cache Occupancy Per Bin: [1.38,1.38,1.38,1.38,1.38]
Total cost: 1694182400.0
assigning lease 3 to address 1648
Average Cache Occupancy Per Bin: [1.38,1.38,1.38,1.38,1.38]
Total cost: 1694192128.0
assigning lease 4 to address 1816
Average Cache Occupancy Per Bin: [1.94,1.94,1.94,1.94,1.94]
Total cost: 2372903680.0
assigning lease 5 to address 1828
Average Cache Occupancy Per Bin: [2.37,2.37,2.37,2.37,2.37]
Total cost: 2901840384.0
assigning lease 7 to address 1820
Average Cache Occupancy Per Bin: [2.41,2.41,2.41,2.41,2.41]
Total cost: 2953176320.0
assigning lease 2 to address 1656
Average Cache Occupancy Per Bin: [2.41,2.41,2.41,2.41,2.41]
Total cost: 2953210624.0
assigning lease 5 to address 1816
Average Cache Occupancy Per Bin: [2.42,2.42,2.42,2.42,2.42]
Total cost: 2960737792.0
assigning lease 35 to address 1648
Average Cache Occupancy Per Bin: [2.42,2.42,2.42,2.42,2.42]
Total cost: 2960762368.0
assigning lease 117 to address 1648
Average Cache Occupancy Per Bin: [2.42,2.42,2.42,2.42,2.42]
Total cost: 2960825344.0
assigning lease 504 to address 1688
Average Cache Occupancy Per Bin: [5.44,5.43,5.43,5.43,5.42]
Total cost: 6650009344.0
assigning lease 163 to address 1656
Average Cache Occupancy Per Bin: [5.44,5.43,5.43,5.43,5.42]
Total cost: 6652317440.0
assigning lease 169 to address 1656
Average Cache Occupancy Per Bin: [5.44,5.43,5.43,5.43,5.42]
Total cost: 6652391168.0
assigning lease 5 to address 1680
Average Cache Occupancy Per Bin: [5.45,5.44,5.44,5.44,5.43]
Total cost: 6659845632.0
assigning lease 217 to address 1656
Average Cache Occupancy Per Bin: [5.45,5.44,5.44,5.44,5.43]
Total cost: 6660435200.0
assigning lease 505 to address 1656
Average Cache Occupancy Per Bin: [5.45,5.44,5.44,5.44,5.43]
Total cost: 6663660032.0
assigning lease 546 to address 1656
Average Cache Occupancy Per Bin: [5.45,5.44,5.44,5.44,5.43]
Total cost: 6664069376.0
assigning lease 3085 to address 1756
Average Cache Occupancy Per Bin: [5.70,5.69,5.69,5.69,5.68]
Total cost: 6970887680.0
assigning lease 3465 to address 1836
Average Cache Occupancy Per Bin: [26.2,26.1,26.2,26.2,26.2]
Total cost: 32047123456.0
assigning lease 3681 to address 1680
Average Cache Occupancy Per Bin: [48.3,48.3,48.4,48.4,48.3]
Total cost: 59047653120.0
assigning lease 3682 to address 1736
Average Cache Occupancy Per Bin: [48.6,48.6,48.7,48.7,48.6]
Total cost: 59407705856.0
assigning lease 2429 to address 1656
Average Cache Occupancy Per Bin: [48.6,48.6,48.7,48.8,48.6]
Total cost: 59423136768.0
assigning lease 4820 to address 1796
Average Cache Occupancy Per Bin: [48.6,48.6,48.7,48.8,48.6]
Total cost: 59423136768.0
assigning lease 4875 to address 1824
Average Cache Occupancy Per Bin: [78.5,78.4,78.5,78.5,78.5]
Total cost: 95888216832.0
assigning lease 2527 to address 1656
Average Cache Occupancy Per Bin: [78.5,78.4,78.5,78.5,78.5]
Total cost: 95888869120.0
assigning lease 4872 to address 1876
Average Cache Occupancy Per Bin: [79.2,79.1,79.3,79.2,79.2]
Total cost: 96773156608.0
assigning lease 2703 to address 1688
Average Cache Occupancy Per Bin: [79.3,79.2,79.3,79.2,79.2]
Total cost: 96864913664.0
Final saturation:
	0.0,96864913664.0
	1.0,96746753024.0
	2.0,96905584128.0
	3.0,96810750464.0
	4.0,96791289088.0
DUMP LEASES
0, 678, 9df, 0, 1 
0, 690, e61, 0, 1 
0, 698, a8f, 0, 1 
0, 694, 1, 0, 1 
0, 6dc, c0d, 0, 1 
0, 6d4, 5, 0, 1 
0, 6c8, e62, 0, 1 
0, 6d8, 1, 0, 1 
0, 718, 5, 0, 1 
0, 72c, d89, 0, 1 
0, 724, 5, 0, 1 
0, 71c, 7, 0, 1 
0, 720, 130b, 0, 1 
0, 754, 1308, 0, 1 
0, 670, 75, 0, 1 
0, 704, 12d4, 0, 1 
Dump dual leases

