sample rate: 0.00390625
1596,
	[1,70391]
	[3,74594]
	[2,73032]
	[4,1627]
	[-4370,320497]
	[103,2]
	[184,3]
	[1708,5]
	[356,9]
	[451,9]
	[692,10]
	[954,10]
	[1549,3]
	[967,12]
	[824,3]
	[512,4]
	[913,4]
	[970,3]
	[1584,6]
	[1165,6]
	[392,10]
	[1353,2]
	[759,8]
	[932,7]
	[418,19]
	[486,3]
	[2067,5]
	[1820,2]
	[310,15]
	[646,5]
	[200,6]
	[782,3]
	[1387,3]
	[1313,4]
	[1048,1]
	[1695,9]
	[807,10]
	[835,5]
	[384,7]
	[749,2]
	[2004,3]
	[1459,12]
	[46,2]
	[659,11]
	[928,9]
	[2426,1]
	[576,2]
	[2686,4]
	[272,21]
	[2386,4]
	[678,2]
	[1782,8]
	[1006,14]
	[1190,5]
	[1309,4]
	[2141,4]
	[767,11]
	[298,18]
	[884,9]
	[2240,3]
	[1627,1]
	[965,5]
	[707,4]
	[1072,7]
	[540,11]
	[992,9]
	[189,7]
	[559,2]
	[2300,4]
	[399,5]
	[1434,8]
	[386,14]
	[859,4]
	[373,8]
	[2053,3]
	[1091,4]
	[127,4]
	[1228,7]
	[1572,2]
	[1822,7]
	[820,3]
	[382,6]
	[14,17]
	[737,6]
	[1105,1]
	[874,4]
	[1732,4]
	[2460,8]
	[2139,2]
	[1856,4]
	[202,2]
	[1239,5]
	[428,5]
	[174,2]
	[2252,4]
	[1509,5]
	[460,3]
	[588,5]
	[1756,1]
	[296,25]
	[476,11]
	[761,2]
	[397,8]
	[1663,1]
	[1745,7]
	[1993,2]
	[1598,3]
	[1534,4]
	[821,1]
	[491,1]
	[1944,3]
	[876,8]
	[1837,5]
	[1084,2]
	[1340,3]
	[425,8]
	[1216,4]
	[959,3]
	[2246,1]
	[581,6]
	[286,18]
	[322,10]
	[26,11]
	[689,1]
	[981,1]
	[2676,1]
	[320,14]
	[498,1]
	[1720,6]
	[1644,1]
	[2598,7]
	[1671,5]
	[503,16]
	[1018,4]
	[1796,9]
	[34,1]
	[1989,1]
	[1323,2]
	[1307,5]
	[757,3]
	[1498,7]
	[385,3]
	[940,9]
	[410,5]
	[842,7]
	[1595,8]
	[280,4]
	[438,6]
	[334,10]
	[1390,1]
	[564,2]
	[1692,1]
	[78,2]
	[507,2]
	[1567,3]
	[568,7]
	[2625,7]
	[1659,7]
	[1734,7]
	[74,1]
	[2201,6]
	[1015,4]
	[1707,3]
	[1893,8]
	[261,4]
	[1120,3]
	[555,4]
	[1195,3]
	[112,3]
	[681,3]
	[2484,1]
	[2225,2]
	[346,15]
	[969,1]
	[442,13]
	[1401,6]
	[274,25]
	[40,3]
	[1115,4]
	[1157,1]
	[23,2]
	[875,4]
	[1046,4]
	[260,18]
	[454,5]
	[1368,1]
	[1811,8]
	[2203,6]
	[1389,2]
	[290,9]
	[529,7]
	[915,11]
	[515,5]
	[224,29]
	[1359,7]
	[694,4]
	[1409,4]
	[416,6]
	[942,7]
	[1284,7]
	[467,7]
	[238,26]
	[1061,11]
	[95,1]
	[1232,5]
	[1215,4]
	[917,3]
	[1759,11]
	[633,6]
	[347,8]
	[624,3]
	[61,2]
	[1017,18]
	[1461,7]
	[96,2]
	[1253,6]
	[2189,3]
	[980,13]
	[853,4]
	[994,4]
	[1234,4]
	[226,24]
	[993,13]
	[1117,8]
	[661,7]
	[69,1]
	[282,2]
	[1229,2]
	[479,4]
	[262,18]
	[1848,4]
	[151,2]
	[951,2]
	[248,15]
	[557,2]
	[738,1]
	[1660,6]
	[1463,4]
	[222,6]
	[530,1]
	[1004,6]
	[1979,4]
	[736,1]
	[284,18]
	[732,5]
	[823,2]
	[758,4]
	[363,1]
	[850,7]
	[883,3]
	[1709,8]
	[2130,2]
	[2463,3]
	[2325,2]
	[1634,10]
	[1920,1]
	[67,2]
	[881,4]
	[2349,3]
	[458,4]
	[1808,8]
	[1382,3]
	[953,4]
	[370,15]
	[753,7]
	[25,3]
	[1317,4]
	[1475,3]
	[1507,3]
	[991,4]
	[647,5]
	[277,2]
	[698,10]
	[587,2]
	[982,3]
	[1106,4]
	[283,5]
	[585,4]
	[244,1]
	[735,7]
	[1557,4]
	[2534,3]
	[619,2]
	[589,5]
	[1967,5]
	[2273,1]
	[2005,1]
	[1315,2]
	[123,2]
	[2648,7]
	[514,4]
	[423,5]
	[1113,1]
	[2016,1]
	[2263,7]
	[562,5]
	[517,10]
	[676,2]
	[2204,2]
	[1785,7]
	[432,3]
	[882,2]
	[332,20]
	[209,1]
	[306,1]
	[1620,2]
	[1128,4]
	[653,5]
	[628,8]
	[178,2]
	[792,4]
	[1009,8]
	[1080,3]
	[38,22]
	[1179,4]
	[1184,6]
	[978,10]
	[1044,6]
	[249,5]
	[1054,5]
	[2152,2]
	[1075,10]
	[772,10]
	[1934,2]
	[817,7]
	[1032,8]
	[1436,3]
	[389,2]
	[693,2]
	[2178,4]
	[1393,1]
	[1260,2]
	[227,4]
	[889,10]
	[867,7]
	[1242,5]
	[1384,4]
	[371,3]
	[657,4]
	[160,2]
	[703,7]
	[1503,1]
	[1512,1]
	[1890,5]
	[798,11]
	[810,4]
	[900,3]
	[890,5]
	[1607,6]
	[536,2]
	[1003,3]
	[1442,4]
	[1670,2]
	[671,6]
	[720,3]
	[813,1]
	[1788,1]
	[15,4]
	[516,10]
	[1420,7]
	[421,1]
	[1334,6]
	[452,3]
	[603,7]
	[192,4]
	[43,2]
	[2275,7]
	[1138,2]
	[1767,1]
	[1770,4]
	[404,7]
	[553,10]
	[580,4]
	[348,4]
	[1041,1]
	[412,5]
	[501,2]
	[1582,3]
	[1718,3]
	[906,8]
	[1047,8]
	[2056,1]
	[642,14]
	[1363,1]
	[2176,1]
	[605,5]
	[490,14]
	[844,6]
	[2090,4]
	[2337,4]
	[1570,6]
	[888,2]
	[2277,5]
	[1864,1]
	[1465,1]
	[696,6]
	[380,2]
	[1609,8]
	[655,3]
	[577,4]
	[1204,4]
	[832,3]
	[1240,3]
	[2491,2]
	[610,7]
	[719,3]
	[22,2]
	[288,7]
	[629,1]
	[551,5]
	[468,2]
	[239,2]
	[634,1]
	[534,3]
	[1093,2]
	[733,12]
	[796,5]
	[1658,1]
	[437,6]
	[2041,2]
	[1278,1]
	[902,10]
	[225,6]
	[773,2]
	[2093,2]
	[1066,6]
	[579,4]
	[2236,2]
	[1617,4]
	[2190,1]
	[241,3]
	[811,4]
	[181,2]
	[5,9]
	[1981,1]
	[1473,3]
	[462,8]
	[1991,1]
	[58,2]
	[2663,5]
	[673,2]
	[1043,8]
	[617,6]
	[2018,2]
	[846,4]
	[644,1]
	[930,2]
	[357,1]
	[895,5]
	[857,3]
	[1892,2]
	[1203,3]
	[2289,5]
	[599,5]
	[2215,5]
	[590,4]
	[188,1]
	[783,5]
	[1282,2]
	[1520,2]
	[2448,6]
	[595,1]
	[2115,1]
	[218,4]
	[161,2]
	[583,2]
	[800,1]
	[1831,2]
	[745,3]
	[766,4]
	[447,5]
	[37,3]
	[509,1]
	[406,8]
	[848,3]
	[640,5]
	[863,6]
	[785,5]
	[268,2]
	[477,6]
	[269,2]
	[1177,3]
	[337,1]
	[654,1]
	[2636,4]
	[711,4]
	[1134,4]
	[1452,1]
	[440,10]
	[194,2]
	[308,4]
	[1792,1]
	[762,4]
	[87,2]
	[2400,6]
	[250,14]
	[526,3]
	[434,5]
	[1684,6]
	[215,3]
	[1510,2]
	[1029,3]
	[390,2]
	[1506,3]
	[1860,4]
	[243,1]
	[1560,3]
	[205,1]
	[1517,4]
	[2629,1]
	[213,2]
	[2474,2]
	[1327,4]
	[358,3]
	[684,4]
	[814,2]
	[1060,2]
	[216,4]
	[1466,1]
	[1919,4]
	[797,3]
	[1827,1]
	[2674,5]
	[193,2]
	[453,7]
	[2437,4]
	[893,5]
	[2691,2]
	[2022,1]
	[1430,1]
	[84,2]
	[1320,4]
	[1746,3]
	[196,2]
	[1863,4]
	[1000,1]
	[670,4]
	[109,1]
	[984,2]
	[667,5]
	[819,1]
	[1877,1]
	[546,5]
	[455,1]
	[130,2]
	[787,2]
	[132,1]
	[554,4]
	[2109,1]
	[124,2]
	[424,3]
	[672,8]
	[837,3]
	[2250,1]
	[706,3]
	[995,4]
	[1078,2]
	[795,3]
	[575,3]
	[1152,2]
	[1180,1]
	[360,9]
	[1350,2]
	[878,4]
	[1079,1]
	[2326,4]
	[1267,6]
	[567,8]
	[2542,1]
	[841,5]
	[114,5]
	[542,11]
	[2610,5]
	[201,2]
	[485,2]
	[996,1]
	[1495,4]
	[1375,2]
	[54,1]
	[746,5]
	[1735,2]
	[1532,4]
	[1757,10]
	[1545,2]
	[398,4]
	[464,9]
	[990,4]
	[855,1]
	[2019,3]
	[1357,3]
	[157,1]
	[1019,6]
	[492,10]
	[1107,3]
	[1007,5]
	[345,3]
	[1740,1]
	[1067,3]
	[179,2]
	[91,1]
	[620,7]
	[374,2]
	[2587,1]
	[1438,1]
	[2312,3]
	[411,2]
	[1561,3]
	[1440,1]
	[715,4]
	[1270,4]
	[1940,1]
	[108,1]
	[1554,1]
	[1145,2]
	[941,12]
	[754,1]
	[2606,1]
	[957,4]
	[744,3]
	[1086,3]
	[756,1]
	[658,3]
	[2560,4]
	[668,4]
	[1413,2]
	[768,2]
	[592,10]
	[631,1]
	[190,2]
	[2368,1]
	[257,1]
	[236,9]
	[1855,1]
	[1159,5]
	[958,1]
	[120,2]
	[926,4]
	[353,1]
	[1167,5]
	[1059,2]
	[582,1]
	[1515,1]
	[101,2]
	[488,3]
	[822,4]
	[450,6]
	[802,2]
	[747,2]
	[2690,3]
	[436,4]
	[1212,1]
	[765,3]
	[1325,3]
	[803,5]
	[1838,2]
	[818,4]
	[1611,3]
	[1621,4]
	[1090,4]
	[19,2]
	[81,1]
	[866,1]
	[1603,1]
	[836,3]
	[111,3]
	[880,3]
	[1592,1]
	[946,1]
	[220,2]
	[264,2]
	[2104,5]
	[1376,6]
	[1880,3]
	[266,2]
	[475,3]
	[251,2]
	[1918,2]
	[1453,1]
	[2338,1]
	[616,5]
	[336,3]
	[1254,2]
	[892,4]
	[1868,4]
	[2078,3]
	[1424,4]
	[1160,1]
	[861,3]
	[690,4]
	[1535,8]
	[1192,4]
	[1056,2]
	[1504,1]
	[601,3]
	[1905,5]
	[770,9]
	[1874,2]
	[195,4]
	[1783,3]
	[1870,2]
	[627,3]
	[2374,4]
	[578,5]
	[721,5]
	[237,3]
	[275,3]
	[831,1]
	[80,1]
	[887,3]
	[793,2]
	[1471,1]
	[2411,1]
	[154,2]
	[1871,2]
	[471,1]
	[869,6]
	[1033,6]
	[489,2]
	[907,4]
	[615,7]
	[1374,2]
	[1857,1]
	[1697,4]
	[197,2]
	[1290,3]
	[1082,1]
	[524,5]
	[219,2]
	[1538,1]
	[1501,1]
	[165,6]
	[865,2]
	[333,2]
	[342,1]
	[1559,6]
	[538,3]
	[449,2]
	[2238,2]
	[2199,2]
	[115,2]
	[1109,7]
	[256,2]
	[16,3]
	[742,7]
	[679,1]
	[2213,3]
	[1485,2]
	[1034,3]
	[1140,5]
	[1931,1]
	[1765,1]
	[858,6]
	[636,4]
	[1088,6]
	[2127,3]
	[527,4]
	[110,1]
	[2226,4]
	[1073,1]
	[420,2]
	[845,4]
	[1131,2]
	[933,1]
	[815,7]
	[1484,4]
	[2572,4]
	[2507,1]
	[1207,1]
	[565,7]
	[1202,5]
	[1209,2]
	[2102,1]
	[683,2]
	[1412,3]
	[270,1]
	[868,1]
	[518,1]
	[1143,1]
	[1265,4]
	[2651,3]
	[65,2]
	[125,1]
	[478,6]
	[1956,3]
	[2522,2]
	[1142,6]
	[1723,1]
	[755,1]
	[299,6]
	[1057,3]
	[2485,5]
	[1523,1]
	[233,1]
	[1454,1]
	[1103,4]
	[573,2]
	[2092,3]
	[2232,1]
	[187,1]
	[528,5]
	[563,2]
	[1310,1]
	[1154,2]
	[1288,2]
	[2123,1]
	[2575,3]
	[1352,1]
	[234,1]
	[1089,1]
	[790,4]
	[1251,1]
	[618,2]
	[1490,2]
	[2702,2]
	[607,2]
	[2363,2]
	[748,3]
	[1445,3]
	[1030,5]
	[923,1]
	[473,2]
	[724,5]
	[1467,2]
	[1342,3]
	[156,2]
	[2314,3]
	[138,2]
	[903,6]
	[784,4]
	[1364,4]
	[952,2]
	[1690,2]
	[1332,3]
	[1476,2]
	[369,2]
	[263,3]
	[1649,2]
	[826,2]
	[934,1]
	[1245,2]
	[1581,1]
	[2653,1]
	[776,2]
	[1126,1]
	[1026,1]
	[129,2]
	[141,2]
	[52,1]
	[1685,3]
	[1153,3]
	[771,1]
	[1343,1]
	[364,1]
	[2121,2]
	[1646,1]
	[1345,2]
	[1063,1]
	[828,3]
	[777,1]
	[1760,1]
	[1686,2]
	[167,1]
	[665,5]
	[1276,3]
	[2497,4]
	[199,3]
	[710,7]
	[834,2]
	[2664,1]
	[326,1]
	[570,1]
	[28,1]
	[1147,1]
	[717,5]
	[465,3]
	[316,1]
	[543,3]
	[1524,1]
	[743,2]
	[1722,4]
	[1392,2]
	[549,3]
	[145,1]
	[645,3]
	[966,5]
	[1597,4]
	[525,1]
	[27,2]
	[1829,2]
	[751,2]
	[1930,2]
	[1064,3]
	[948,2]
	[725,2]
	[1303,4]
	[1218,1]
	[323,1]
	[1339,3]
	[150,2]
	[1845,3]
	[920,2]
	[2129,3]
	[1657,3]
	[1074,2]
	[1295,3]
	[1292,3]
	[1028,2]
	[1418,1]
	[121,1]
	[1596,1]
	[1794,2]
	[1886,5]
	[2079,3]
	[1771,6]
	[2055,3]
	[939,2]
	[614,4]
	[1590,2]
	[497,3]
	[1619,1]
	[116,1]
	[508,1]
	[2503,1]
	[1399,4]
	[2607,1]
	[207,4]
	[1068,3]
	[1338,2]
	[1258,1]
	[459,2]
	[1522,1]
	[1502,1]
	[1688,1]
	[2549,1]
	[39,3]
	[2351,1]
	[2730,1]
	[1633,1]
	[1982,1]
	[344,4]
	[1163,1]
	[285,1]
	[2614,1]
	[1005,5]
	[499,2]
	[232,1]
	[1031,3]
	[368,6]
	[1095,2]
	[1623,5]
	[354,2]
	[1635,3]
	[41,1]
	[1053,1]
	[372,1]
	[162,1]
	[2500,1]
	[1168,1]
	[289,3]
	[1092,5]
	[1973,1]
	[1220,2]
	[1023,1]
	[159,3]
	[470,1]
	[839,1]
	[246,1]
	[1537,2]
	[593,3]
	[532,1]
	[245,1]
	[675,1]
	[1653,1]
	[901,2]
	[2030,1]
	[520,3]
	[1302,3]
	[1286,1]
	[1045,2]
	[1062,1]
	[510,2]
	[2425,1]
	[198,3]
	[1843,3]
	[70,1]
	[170,1]
	[1676,1]
	[709,3]
	[809,3]
	[1191,2]
	[1706,1]
	[827,1]
	[1182,2]
	[1226,1]
	[909,3]
	[1417,3]
	[408,1]
	[1369,1]
	[2576,2]
	[1661,1]
	[1058,4]
	[240,1]
	[1175,1]
	[168,4]
	[569,1]
	[2499,1]
	[1065,2]
	[352,1]
	[1781,1]
	[1448,2]
	[1435,1]
	[2511,1]
	[1683,5]
	[931,1]
	[359,3]
	[2216,1]
	[1367,5]
	[1457,2]
	[804,1]
	[1482,4]
	[1042,5]
	[1790,2]
	[584,2]
	[126,5]
	[1410,1]
	[176,2]
	[1450,1]
	[1894,2]
	[143,2]
	[561,1]
	[1306,1]
	[394,5]
	[2051,1]
	[1496,2]
	[51,1]
	[722,2]
	[1070,2]
	[778,3]
	[214,1]
	[163,2]
	[1797,1]
	[1548,1]
	[375,1]
	[862,4]
	[971,1]
	[1365,3]
	[622,3]
	[77,1]
	[2242,1]
	[1586,1]
	[750,3]
	[1645,2]
	[1486,3]
	[104,1]
	[158,1]
	[281,1]
	[550,1]
	[273,3]
	[1217,2]
	[685,5]
	[1264,1]
	[82,1]
	[852,2]
	[1370,2]
	[1772,1]
	[1615,1]
	[663,2]
	[594,5]
	[1112,1]
	[1682,2]
	[1460,1]
	[204,4]
	[2166,1]
	[191,2]
	[956,1]
	[596,1]
	[1721,1]
	[259,2]
	[840,1]
	[2470,1]
	[927,2]
	[177,4]
	[780,1]
	[731,3]
	[548,4]
	[1403,1]
	[500,5]
	[1241,2]
	[2462,3]
	[1878,1]
	[1628,1]
	[728,2]
	[1518,1]
	[2453,1]
	[99,1]
	[210,1]
	[153,1]
	[1259,3]
	[2389,1]
	[221,2]
	[688,2]
	[1578,2]
	[2683,1]
	[402,1]
	[641,1]
	[147,2]
	[988,1]
	[1879,1]
	[904,2]
	[2241,2]
	[666,1]
	[541,1]
	[2373,1]
	[1648,2]
	[230,1]
	[1568,1]
	[918,2]
	[697,2]
	[142,1]
	[2083,1]
	[1291,1]
	[1132,2]
	[1972,1]
	[50,1]
	[1104,1]
	[788,1]
	[136,1]
	[1717,1]
	[1210,2]
	[443,2]
	[1050,1]
	[1173,1]
	[2146,1]
	[1903,1]
	[1020,1]
	[894,3]
	[1170,2]
	[1272,1]
	[415,1]
	[330,1]
	[206,2]
	[294,1]
	[1834,1]
	[602,2]
	[1542,1]
	[1487,1]
	[362,1]
	[1884,1]
	[1769,2]
	[726,1]
	[598,1]
	[1983,1]
	[1882,1]
	[945,1]
	[1574,1]
	[983,2]
	[1052,1]
	[943,2]
	[2388,2]
	[131,1]
	[960,1]
	[604,1]
	[997,1]
	[1632,2]
	[45,1]
	[2278,1]
	[2301,1]
	[173,2]
	[1642,2]
	[566,1]
	[1917,1]
	[1243,1]
	[1206,1]
	[873,1]
	[1907,1]
	[955,1]
	[1899,1]
	[713,1]
	[1547,1]
	[31,1]
	[2569,1]
	[2164,2]
	[1395,2]
	[1585,1]
	[75,1]
	[760,1]
	[72,1]
	[117,1]
	[1613,1]
	[1001,1]
	[182,1]
	[1178,1]
	[105,1]
	[2613,1]
	[635,2]
	[1257,2]
	[329,1]
	[312,1]
	[128,1]
	[311,1]
	[2521,1]
	[705,1]
	[1819,1]
	[1494,1]
	[2361,1]
	[166,1]
	[343,2]
	[1027,1]
	[1563,1]
	[763,1]
	[242,1]
	[1385,1]
	[1274,1]
	[361,1]
	[905,1]
	[1415,1]
	[446,1]
	[1891,2]
	[1166,1]
	[1809,1]
	[2028,1]
	[1942,2]
	[148,1]
	[1428,1]
	[1521,1]
	[86,1]
	[1214,2]
	[962,1]
	[775,1]
	[223,1]
	[85,1]
	[355,1]
	[2588,1]
	[632,2]
	[429,1]
	[1728,1]
	[1136,1]
	[1011,2]
	[1426,1]
	[899,1]
	[1500,1]
	[1304,1]
	[718,1]
	[597,1]
	[1776,2]
	[419,1]
	[1998,1]
	[1715,1]
	[854,1]
	[2634,1]
	[2050,1]
	[42,1]
	[1478,1]
	[134,1]
	[100,1]
	[1839,1]
	[843,1]
	[1833,1]
	[1432,1]
	[64,1]
	[183,1]
	[155,1]
	[974,1]
	[2423,1]
	[1672,1]
	[180,1]
	[2439,1]
	[502,1]
	[979,1]
	[1667,1]
	[650,1]
	[699,1]
	[2324,1]

1600,
	[2,159543]
	[1,3721]
	[307,144]
	[241,2089]
	[247,2302]
	[220,2081]
	[198,2206]
	[175,2174]
	[99,1619]
	[95,1618]
	[209,1784]
	[269,6454]
	[211,2025]
	[169,2331]
	[14,3926]
	[292,214]
	[133,3039]
	[137,2153]
	[258,2349]
	[35,2966]
	[239,2159]
	[177,2079]
	[66,1386]
	[124,2962]
	[197,1592]
	[22,4523]
	[37,2468]
	[155,2123]
	[166,2434]
	[212,1688]
	[210,2116]
	[391,11]
	[710,11]
	[79,2305]
	[243,2149]
	[142,3057]
	[134,2221]
	[141,2701]
	[272,6593]
	[262,1742]
	[270,5260]
	[92,1703]
	[151,2843]
	[199,2073]
	[32,3055]
	[17,6905]
	[230,2059]
	[25,3093]
	[235,1974]
	[105,1709]
	[191,1602]
	[215,1859]
	[228,2008]
	[76,2306]
	[242,2381]
	[257,2965]
	[234,2005]
	[162,2477]
	[125,2229]
	[186,2185]
	[11,4330]
	[255,2352]
	[34,2634]
	[163,2448]
	[168,2164]
	[131,2216]
	[72,1278]
	[157,2619]
	[130,3109]
	[222,2203]
	[85,2302]
	[23,3590]
	[8,4244]
	[226,1997]
	[224,2102]
	[49,2657]
	[213,2222]
	[158,2180]
	[195,2170]
	[28,3027]
	[88,2173]
	[143,2175]
	[189,2154]
	[205,2241]
	[200,1610]
	[108,1735]
	[172,2161]
	[122,2086]
	[132,2353]
	[128,2159]
	[110,1707]
	[263,2477]
	[233,2077]
	[114,1880]
	[138,2566]
	[13,1008]
	[214,1920]
	[246,2135]
	[181,2127]
	[167,2037]
	[145,3040]
	[2086,4]
	[135,2497]
	[98,1713]
	[50,2629]
	[38,2877]
	[52,2362]
	[111,1807]
	[64,2577]
	[18,3597]
	[16,5619]
	[218,1999]
	[56,2386]
	[46,2488]
	[31,2884]
	[97,2382]
	[47,2831]
	[225,2163]
	[61,2301]
	[36,569]
	[196,2002]
	[154,2760]
	[139,3131]
	[207,2379]
	[77,1987]
	[82,2251]
	[178,2104]
	[201,2334]
	[183,2172]
	[19,6826]
	[223,2248]
	[229,2019]
	[29,3145]
	[249,2295]
	[148,2918]
	[53,2426]
	[93,1472]
	[146,2130]
	[121,2841]
	[106,2598]
	[89,1721]
	[102,1638]
	[117,1949]
	[20,6705]
	[160,2608]
	[261,1798]
	[44,2670]
	[190,2062]
	[219,2134]
	[57,668]
	[100,2439]
	[150,2695]
	[171,2194]
	[1368,10]
	[231,2103]
	[112,2649]
	[126,2279]
	[59,2351]
	[33,545]
	[43,2370]
	[41,2929]
	[156,2511]
	[118,2807]
	[65,2416]
	[266,2274]
	[203,1731]
	[109,2523]
	[80,1901]
	[252,2353]
	[71,2036]
	[244,2173]
	[78,1363]
	[136,3076]
	[253,2410]
	[232,2062]
	[202,2068]
	[103,2455]
	[264,1225]
	[5,4411]
	[73,2339]
	[237,2094]
	[208,2204]
	[180,2186]
	[217,1923]
	[129,2354]
	[69,1218]
	[236,2090]
	[584,25]
	[216,2271]
	[91,2309]
	[74,2017]
	[1112,5]
	[55,2237]
	[42,696]
	[251,2658]
	[240,2144]
	[30,495]
	[101,1692]
	[174,2182]
	[193,1983]
	[96,1522]
	[184,1992]
	[260,2941]
	[583,11]
	[170,2001]
	[116,2001]
	[259,2054]
	[75,1357]
	[63,1215]
	[192,2245]
	[248,2561]
	[250,2281]
	[499,11]
	[730,21]
	[311,124]
	[161,2134]
	[54,713]
	[221,2221]
	[113,1813]
	[115,2732]
	[245,2362]
	[273,4035]
	[123,2125]
	[271,6201]
	[40,2440]
	[60,783]
	[194,1638]
	[86,1743]
	[1713,4]
	[152,2042]
	[284,221]
	[1236,3]
	[26,3374]
	[45,669]
	[62,2232]
	[431,5]
	[176,1905]
	[140,2207]
	[119,2011]
	[182,1735]
	[265,1796]
	[147,2640]
	[27,469]
	[127,3015]
	[277,327]
	[647,14]
	[51,852]
	[107,1801]
	[227,2005]
	[254,2743]
	[164,1951]
	[58,2259]
	[68,2230]
	[94,2333]
	[173,1884]
	[179,1754]
	[67,2400]
	[120,2066]
	[104,1778]
	[87,1379]
	[267,1162]
	[268,1830]
	[860,6]
	[1762,4]
	[39,637]
	[188,1628]
	[84,1434]
	[153,2536]
	[144,2692]
	[149,2112]
	[1773,20]
	[2072,6]
	[2245,58]
	[1006,4]
	[256,2075]
	[613,6]
	[280,309]
	[238,2162]
	[206,1776]
	[1572,7]
	[90,1568]
	[204,2371]
	[165,2300]
	[1528,40]
	[274,1556]
	[283,200]
	[83,1775]
	[48,907]
	[21,1725]
	[278,292]
	[291,262]
	[187,2083]
	[319,18]
	[288,271]
	[7,315]
	[185,1702]
	[1248,13]
	[279,306]
	[70,2332]
	[6,129]
	[2445,5]
	[2568,6]
	[987,4]
	[1042,5]
	[482,21]
	[329,18]
	[81,1394]
	[1613,1]
	[1878,4]
	[1505,65]
	[2169,1]
	[1686,5]
	[285,230]
	[302,140]
	[317,106]
	[312,170]
	[296,141]
	[318,109]
	[275,358]
	[2876,3]
	[766,8]
	[521,5]
	[159,2450]
	[1511,7]
	[1671,5]
	[774,13]
	[-4370,145]
	[15,643]
	[1467,14]
	[332,11]
	[322,17]
	[758,17]
	[682,21]
	[386,7]
	[989,2]
	[306,224]
	[451,9]
	[2234,5]
	[566,10]
	[1111,7]
	[764,50]
	[575,11]
	[24,509]
	[1896,9]
	[2279,40]
	[744,25]
	[326,11]
	[582,22]
	[2496,3]
	[722,22]
	[282,310]
	[309,167]
	[295,181]
	[737,9]
	[621,12]
	[428,27]
	[452,16]
	[476,21]
	[825,13]
	[294,267]
	[281,241]
	[1118,6]
	[670,18]
	[417,7]
	[628,15]
	[524,14]
	[701,12]
	[922,13]
	[1281,13]
	[1729,3]
	[1665,9]
	[303,271]
	[308,133]
	[1864,5]
	[1067,7]
	[549,13]
	[898,8]
	[1442,7]
	[698,22]
	[1514,8]
	[998,6]
	[652,9]
	[321,13]
	[907,6]
	[1978,6]
	[3,372]
	[324,15]
	[742,16]
	[662,17]
	[674,14]
	[1714,5]
	[2182,10]
	[1527,41]
	[668,18]
	[301,190]
	[286,229]
	[300,269]
	[2248,6]
	[2977,10]
	[786,10]
	[518,26]
	[706,9]
	[276,407]
	[532,12]
	[1098,7]
	[371,6]
	[427,15]
	[614,12]
	[935,10]
	[12,155]
	[1147,13]
	[1695,2]
	[1287,9]
	[622,17]
	[815,10]
	[517,6]
	[305,161]
	[1034,8]
	[516,12]
	[1116,10]
	[1424,15]
	[1188,4]
	[2229,3]
	[1481,2]
	[1828,3]
	[562,16]
	[882,16]
	[1114,6]
	[415,17]
	[9,191]
	[2984,40]
	[1578,8]
	[458,12]
	[976,9]
	[293,194]
	[297,251]
	[299,148]
	[1138,8]
	[1402,5]
	[1984,4]
	[1286,9]
	[1775,27]
	[1126,9]
	[671,12]
	[760,18]
	[1462,7]
	[1226,7]
	[885,4]
	[287,172]
	[290,152]
	[1986,4]
	[1166,9]
	[1089,6]
	[2839,3]
	[691,7]
	[388,8]
	[589,6]
	[740,12]
	[787,16]
	[315,179]
	[460,16]
	[1068,10]
	[725,9]
	[538,32]
	[1137,6]
	[585,8]
	[1474,13]
	[1869,3]
	[752,17]
	[1859,7]
	[728,18]
	[790,25]
	[776,46]
	[320,61]
	[1000,12]
	[970,8]
	[645,15]
	[1378,4]
	[1962,9]
	[2042,3]
	[994,6]
	[711,12]
	[560,38]
	[749,5]
	[310,65]
	[1440,13]
	[1392,11]
	[1204,6]
	[591,10]
	[2138,6]
	[576,9]
	[406,12]
	[914,7]
	[304,192]
	[646,13]
	[600,12]
	[694,15]
	[10,99]
	[858,6]
	[1108,3]
	[468,9]
	[578,23]
	[323,11]
	[917,2]
	[884,4]
	[1308,9]
	[2082,7]
	[1005,8]
	[1506,14]
	[557,8]
	[1981,2]
	[677,5]
	[474,10]
	[366,19]
	[819,6]
	[1498,10]
	[762,6]
	[1024,31]
	[632,26]
	[2985,65]
	[361,11]
	[954,7]
	[2224,6]
	[454,19]
	[1011,5]
	[1030,10]
	[2152,11]
	[438,17]
	[2347,8]
	[422,15]
	[1210,16]
	[826,6]
	[541,9]
	[489,10]
	[416,29]
	[548,20]
	[695,15]
	[672,13]
	[298,179]
	[477,10]
	[757,2]
	[631,11]
	[487,7]
	[360,11]
	[692,12]
	[1185,9]
	[733,14]
	[385,4]
	[1162,15]
	[314,114]
	[1003,1]
	[2539,1]
	[712,23]
	[547,9]
	[688,23]
	[593,8]
	[2096,6]
	[353,6]
	[849,6]
	[2387,5]
	[1135,9]
	[502,26]
	[1041,11]
	[3032,32]
	[619,2]
	[732,7]
	[345,9]
	[648,11]
	[2270,5]
	[550,23]
	[390,15]
	[915,7]
	[554,11]
	[2154,1]
	[2754,5]
	[934,14]
	[2452,7]
	[1090,6]
	[1798,5]
	[1198,9]
	[597,13]
	[1737,5]
	[1544,7]
	[594,11]
	[854,10]
	[526,18]
	[2001,6]
	[2123,2]
	[1313,4]
	[2055,2]
	[2243,13]
	[2176,2]
	[1569,7]
	[2575,6]
	[604,19]
	[1342,5]
	[846,8]
	[1728,6]
	[765,52]
	[2121,10]
	[2257,8]
	[381,4]
	[355,13]
	[316,73]
	[1509,10]
	[2788,8]
	[1996,6]
	[2280,41]
	[718,24]
	[433,8]
	[2019,1]
	[1200,7]
	[1296,9]
	[2312,3]
	[2435,1]
	[1115,6]
	[572,20]
	[840,11]
	[1668,7]
	[1485,4]
	[599,7]
	[1163,1]
	[873,13]
	[1053,10]
	[2810,4]
	[498,13]
	[906,8]
	[921,10]
	[2013,6]
	[356,21]
	[1857,3]
	[2529,12]
	[2380,3]
	[408,3]
	[527,10]
	[1965,6]
	[2512,2]
	[2281,5]
	[1393,2]
	[379,19]
	[1598,1]
	[2399,1]
	[2651,5]
	[798,7]
	[2527,28]
	[334,16]
	[1267,7]
	[1182,4]
	[1122,8]
	[824,15]
	[289,175]
	[2360,2]
	[2267,14]
	[630,20]
	[719,6]
	[2983,4]
	[1974,5]
	[1881,3]
	[2241,5]
	[1403,4]
	[1414,4]
	[439,5]
	[606,11]
	[944,20]
	[1450,6]
	[395,14]
	[803,6]
	[3031,44]
	[2408,2]
	[870,12]
	[1022,27]
	[2283,2]
	[743,13]
	[714,17]
	[2505,9]
	[2732,3]
	[552,8]
	[933,9]
	[1319,5]
	[669,11]
	[337,16]
	[895,10]
	[580,4]
	[2247,4]
	[953,2]
	[1461,6]
	[1543,4]
	[707,5]
	[2964,5]
	[2956,4]
	[1311,3]
	[835,5]
	[2493,8]
	[1903,2]
	[1591,4]
	[1303,7]
	[801,13]
	[467,11]
	[2727,2]
	[455,13]
	[799,2]
	[2490,4]
	[932,6]
	[1177,2]
	[510,16]
	[1570,3]
	[2361,3]
	[2657,1]
	[2751,7]
	[1908,4]
	[1245,6]
	[1389,3]
	[1992,3]
	[720,14]
	[609,8]
	[1095,10]
	[735,13]
	[508,12]
	[754,16]
	[1660,8]
	[340,14]
	[358,11]
	[2211,7]
	[864,6]
	[747,12]
	[1202,6]
	[1988,3]
	[1021,16]
	[768,10]
	[1494,16]
	[2311,8]
	[378,13]
	[2418,1]
	[1002,10]
	[472,15]
	[2244,41]
	[988,21]
	[946,8]
	[404,23]
	[1429,9]
	[1230,9]
	[770,9]
	[440,16]
	[413,6]
	[1007,7]
	[528,7]
	[1533,4]
	[2556,7]
	[1500,16]
	[709,10]
	[956,8]
	[700,17]
	[1348,1]
	[327,3]
	[863,4]
	[1250,12]
	[2384,1]
	[1914,2]
	[494,16]
	[813,6]
	[990,10]
	[705,10]
	[1774,24]
	[1606,8]
	[2026,9]
	[1674,4]
	[561,13]
	[1324,5]
	[775,51]
	[1304,5]
	[1029,6]
	[2628,7]
	[507,9]
	[727,19]
	[2022,11]
	[1094,12]
	[1510,5]
	[966,16]
	[457,9]
	[1666,4]
	[401,13]
	[536,10]
	[1268,4]
	[947,9]
	[1082,10]
	[534,18]
	[875,12]
	[1863,6]
	[441,10]
	[2526,20]
	[828,5]
	[975,13]
	[660,2]
	[778,14]
	[1214,7]
	[570,13]
	[1410,10]
	[2913,3]
	[1307,6]
	[330,4]
	[857,1]
	[848,11]
	[1013,4]
	[1632,12]
	[862,7]
	[473,6]
	[2970,1]
	[2385,4]
	[2327,4]
	[1174,15]
	[1060,6]
	[403,14]
	[586,18]
	[1689,3]
	[2003,6]
	[2238,7]
	[667,11]
	[1044,9]
	[1852,5]
	[2776,2]
	[788,11]
	[523,8]
	[382,19]
	[880,16]
	[1127,10]
	[412,9]
	[377,8]
	[655,24]
	[598,15]
	[1023,17]
	[780,7]
	[2783,2]
	[1700,1]
	[2071,1]
	[702,8]
	[978,12]
	[1776,25]
	[1100,4]
	[2054,4]
	[1220,7]
	[716,6]
	[313,71]
	[444,12]
	[831,7]
	[1388,5]
	[1113,5]
	[1620,6]
	[495,13]
	[821,4]
	[1617,4]
	[2040,3]
	[1282,15]
	[436,9]
	[515,13]
	[342,17]
	[450,16]
	[344,10]
	[985,1]
	[734,13]
	[414,14]
	[2419,3]
	[2402,4]
	[1495,8]
	[530,13]
	[595,14]
	[796,18]
	[1128,11]
	[1054,13]
	[2974,4]
	[435,22]
	[2421,4]
	[2135,6]
	[1160,9]
	[592,13]
	[1989,6]
	[1416,16]
	[1641,8]
	[1164,6]
	[2116,4]
	[693,14]
	[2443,2]
	[1066,11]
	[1767,6]
	[481,3]
	[910,10]
	[1608,14]
	[590,19]
	[1028,5]
	[1020,4]
	[750,16]
	[656,17]
	[1078,11]
	[1262,5]
	[445,5]
	[1454,8]
	[950,26]
	[738,12]
	[393,18]
	[1274,3]
	[958,2]
	[426,8]
	[1070,12]
	[1012,9]
	[626,13]
	[676,10]
	[2292,4]
	[2204,4]
	[1038,6]
	[1610,6]
	[488,24]
	[405,7]
	[2122,1]
	[650,13]
	[1154,8]
	[889,1]
	[2487,4]
	[717,19]
	[2009,2]
	[949,1]
	[1797,4]
	[2517,2]
	[1840,3]
	[514,18]
	[555,11]
	[511,6]
	[1110,14]
	[464,32]
	[1032,4]
	[1735,12]
	[847,8]
	[2226,10]
	[1340,9]
	[1522,7]
	[2842,3]
	[872,15]
	[2320,3]
	[369,18]
	[1482,3]
	[784,8]
	[1158,11]
	[558,17]
	[1959,3]
	[900,7]
	[1218,2]
	[1792,3]
	[346,18]
	[1701,3]
	[1886,3]
	[653,14]
	[447,6]
	[1977,5]
	[537,9]
	[2832,7]
	[2023,5]
	[1332,5]
	[739,7]
	[1759,2]
	[1407,10]
	[1658,6]
	[1819,7]
	[1891,2]
	[1015,5]
	[642,16]
	[2018,11]
	[704,17]
	[567,9]
	[539,5]
	[1269,3]
	[1437,3]
	[945,7]
	[967,14]
	[782,10]
	[2469,8]
	[442,16]
	[2397,3]
	[2232,4]
	[625,3]
	[1875,1]
	[469,4]
	[1616,6]
	[912,10]
	[1515,9]
	[2446,4]
	[480,6]
	[658,25]
	[387,5]
	[1266,7]
	[808,20]
	[2289,8]
	[659,5]
	[1730,6]
	[1387,7]
	[1149,3]
	[974,7]
	[908,2]
	[348,12]
	[680,22]
	[678,14]
	[2700,2]
	[2139,1]
	[1346,11]
	[396,9]
	[1208,9]
	[830,7]
	[1536,10]
	[1254,10]
	[726,14]
	[638,13]
	[2683,6]
	[1642,7]
	[2502,2]
	[1101,4]
	[820,11]
	[1519,4]
	[637,4]
	[448,4]
	[1025,21]
	[1359,5]
	[851,3]
	[1634,2]
	[1161,11]
	[3009,3]
	[540,9]
	[370,16]
	[1512,11]
	[2729,2]
	[1898,12]
	[759,8]
	[1288,4]
	[960,9]
	[1426,4]
	[703,6]
	[844,10]
	[2415,1]
	[2716,2]
	[506,10]
	[890,11]
	[690,19]
	[453,9]
	[1453,3]
	[545,8]
	[2132,2]
	[930,9]
	[602,15]
	[546,14]
	[504,8]
	[661,8]
	[1366,6]
	[627,6]
	[397,5]
	[1302,13]
	[398,11]
	[394,14]
	[955,6]
	[2491,6]
	[2214,12]
	[1374,10]
	[618,15]
	[1675,2]
	[928,17]
	[1900,3]
	[1504,52]
	[664,17]
	[818,9]
	[1726,3]
	[1352,7]
	[1749,4]
	[1104,12]
	[1667,4]
	[1579,5]
	[2528,11]
	[2223,7]
	[1247,8]
	[596,21]
	[2145,7]
	[1175,8]
	[1413,12]
	[380,12]
	[493,7]
	[748,11]
	[544,11]
	[1683,3]
	[867,3]
	[543,9]
	[666,8]
	[2106,2]
	[1656,8]
	[1335,7]
	[902,8]
	[1314,7]
	[410,16]
	[399,3]
	[2313,4]
	[1750,7]
	[1233,12]
	[615,10]
	[1508,7]
	[1721,1]
	[1080,7]
	[1212,6]
	[1605,4]
	[535,19]
	[1252,4]
	[795,6]
	[573,18]
	[1328,2]
	[1293,9]
	[992,8]
	[2265,6]
	[1947,5]
	[651,3]
	[663,8]
	[1395,3]
	[1942,9]
	[806,5]
	[418,25]
	[478,19]
	[1814,12]
	[424,5]
	[2181,4]
	[1093,2]
	[325,7]
	[1777,15]
	[2827,3]
	[1549,1]
	[368,7]
	[1195,4]
	[1478,12]
	[982,13]
	[608,22]
	[1050,9]
	[3019,2]
	[2090,4]
	[1270,8]
	[1209,3]
	[1486,10]
	[1930,6]
	[1172,3]
	[1526,9]
	[373,2]
	[1843,4]
	[434,12]
	[375,10]
	[1431,5]
	[681,12]
	[736,17]
	[1644,9]
	[1821,7]
	[341,6]
	[2584,3]
	[1354,10]
	[610,19]
	[1351,2]
	[2228,1]
	[751,15]
	[1063,6]
	[2010,4]
	[2205,5]
	[1046,8]
	[969,5]
	[1228,1]
	[354,14]
	[1184,4]
	[741,13]
	[1428,6]
	[1326,3]
	[713,1]
	[2047,1]
	[2059,6]
	[1655,3]
	[1365,4]
	[1787,2]
	[1619,1]
	[1187,7]
	[1031,2]
	[2192,3]
	[834,16]
	[962,10]
	[986,4]
	[1291,7]
	[866,4]
	[2061,5]
	[1703,2]
	[2795,4]
	[2148,2]
	[1355,4]
	[918,10]
	[2070,2]
	[1590,5]
	[1629,2]
	[1654,10]
	[2035,5]
	[1199,3]
	[1048,5]
	[1786,4]
	[374,9]
	[357,10]
	[1562,1]
	[1924,3]
	[1770,13]
	[1222,9]
	[767,18]
	[1651,4]
	[940,12]
	[2619,2]
	[2151,4]
	[883,3]
	[2050,5]
	[425,5]
	[687,18]
	[800,14]
	[1830,6]
	[964,9]
	[462,6]
	[2622,7]
	[2798,7]
	[1585,3]
	[903,8]
	[367,9]
	[1546,8]
	[2813,1]
	[1560,8]
	[2723,2]
	[1720,3]
	[2934,5]
	[791,3]
	[2503,2]
	[512,23]
	[783,2]
	[500,19]
	[2217,3]
	[1489,6]
	[957,6]
	[1497,6]
	[1334,12]
	[685,4]
	[1017,6]
	[1283,1]
	[993,7]
	[2203,3]
	[338,3]
	[2666,5]
	[999,2]
	[995,6]
	[2199,5]
	[470,19]
	[1853,1]
	[794,8]
	[486,9]
	[1390,7]
	[491,3]
	[1310,8]
	[443,3]
	[519,4]
	[2986,5]
	[1596,7]
	[2426,1]
	[1341,3]
	[641,3]
	[2195,3]
	[1768,1]
	[2276,10]
	[1401,3]
	[2695,11]
	[1919,3]
	[513,18]
	[2944,3]
	[1280,6]
	[1918,5]
	[2427,1]
	[411,6]
	[1294,7]
	[1622,7]
	[471,3]
	[640,8]
	[1588,6]
	[1234,6]
	[850,12]
	[4,9]
	[1783,5]
	[1716,1]
	[1557,6]
	[689,2]
	[1507,4]
	[1582,6]
	[400,3]
	[1842,2]
	[1148,8]
	[349,2]
	[1367,14]
	[639,6]
	[607,4]
	[1939,1]
	[1835,3]
	[1968,4]
	[1347,9]
	[1552,5]
	[856,16]
	[868,21]
	[1520,4]
	[522,8]
	[1568,2]
	[1879,5]
	[392,16]
	[1917,6]
	[483,6]
	[2246,3]
	[1447,19]
	[1016,7]
	[1238,6]
	[891,3]
	[1398,8]
	[1551,4]
	[1496,6]
	[2500,2]
	[1488,9]
	[1322,8]
	[2085,5]
	[430,12]
	[2095,2]
	[1150,4]
	[1344,5]
	[1055,4]
	[2805,1]
	[1969,2]
	[568,6]
	[1008,7]
	[1192,7]
	[350,14]
	[1846,6]
	[2941,2]
	[1047,5]
	[841,3]
	[581,4]
	[853,2]
	[1051,6]
	[1221,4]
	[2084,5]
	[1732,4]
	[1705,2]
	[2302,1]
	[2049,2]
	[362,8]
	[587,7]
	[1850,7]
	[686,12]
	[331,8]
	[2051,2]
	[1704,13]
	[336,4]
	[1329,7]
	[1107,8]
	[1909,3]
	[465,10]
	[1064,7]
	[1010,13]
	[2183,9]
	[916,11]
	[1446,8]
	[407,4]
	[1272,13]
	[2307,1]
	[1330,12]
	[2044,1]
	[1331,3]
	[2215,2]
	[644,14]
	[2424,6]
	[1927,4]
	[2146,1]
	[1874,4]
	[1438,2]
	[1963,5]
	[616,15]
	[1203,6]
	[1836,4]
	[574,17]
	[2578,5]
	[2886,8]
	[1456,9]
	[402,22]
	[1994,10]
	[466,9]
	[1102,7]
	[501,11]
	[1173,7]
	[1860,1]
	[2162,1]
	[1789,2]
	[1301,1]
	[654,14]
	[1179,1]
	[1384,2]
	[1300,6]
	[979,6]
	[531,10]
	[1463,3]
	[1422,1]
	[892,19]
	[2746,1]
	[2652,2]
	[731,3]
	[1142,8]
	[888,8]
	[1979,2]
	[1260,4]
	[755,7]
	[2925,3]
	[1427,6]
	[1595,4]
	[1206,13]
	[746,7]
	[1406,8]
	[1216,1]
	[2062,4]
	[1350,9]
	[1190,11]
	[1808,6]
	[2707,5]
	[1529,6]
	[763,14]
	[620,19]
	[2172,3]
	[729,7]
	[2685,2]
	[878,13]
	[2679,2]
	[925,1]
	[1483,3]
	[1039,3]
	[1290,10]
	[1531,2]
	[2637,1]
	[1318,10]
	[2525,14]
	[1673,1]
	[2097,7]
	[771,4]
	[2087,3]
	[1893,7]
	[1755,4]
	[1415,4]
	[1922,5]
	[2438,1]
	[673,4]
	[1831,5]
	[807,10]
	[1088,7]
	[1784,1]
	[2639,3]
	[2383,3]
	[2463,3]
	[909,3]
	[1106,7]
	[2942,1]
	[1170,5]
	[343,5]
	[724,13]
	[832,13]
	[1124,6]
	[1009,2]
	[812,7]
	[937,1]
	[475,9]
	[1369,3]
	[1386,9]
	[383,5]
	[814,5]
	[2634,3]
	[2712,1]
	[1004,5]
	[2180,1]
	[802,6]
	[2025,8]
	[588,4]
	[1380,3]
	[1205,1]
	[1026,14]
	[1662,1]
	[542,10]
	[1176,14]
	[2094,3]
	[1722,5]
	[896,8]
	[1466,7]
	[459,5]
	[2866,1]
	[1243,8]
	[942,11]
	[364,4]
	[2157,4]
	[484,6]
	[1663,3]
	[2323,1]
	[2012,8]
	[359,3]
	[965,2]
	[1564,4]
	[874,4]
	[1754,4]
	[1688,2]
	[1738,5]
	[2594,1]
	[1583,6]
	[1594,6]
	[2290,3]
	[1809,4]
	[897,7]
	[372,8]
	[2131,5]
	[617,2]
	[1117,1]
	[827,6]
	[1865,1]
	[1609,2]
	[1317,4]
	[1258,11]
	[1370,8]
	[1207,10]
	[1178,7]
	[1845,6]
	[1545,7]
	[1717,2]
	[634,19]
	[1259,2]
	[1593,5]
	[1171,9]
	[1242,5]
	[836,5]
	[419,5]
	[1976,1]
	[633,7]
	[696,5]
	[2820,6]
	[1062,10]
	[1752,8]
	[2064,5]
	[2128,5]
	[991,8]
	[1246,7]
	[1382,8]
	[2891,7]
	[1400,5]
	[2371,1]
	[2558,1]
	[1201,2]
	[996,2]
	[525,12]
	[904,8]
	[2524,3]
	[1441,7]
	[490,19]
	[984,4]
	[2804,5]
	[1638,6]
	[1975,4]
	[1143,5]
	[1076,5]
	[1844,1]
	[1653,1]
	[675,6]
	[1882,3]
	[551,6]
	[2898,1]
	[2220,1]
	[723,4]
	[1487,7]
	[1934,2]
	[927,4]
	[1363,6]
	[1372,5]
	[492,4]
	[1687,2]
	[446,10]
	[2848,4]
	[2864,3]
	[1327,6]
	[1153,4]
	[1227,12]
	[1377,5]
	[2080,1]
	[2358,5]
	[1894,5]
	[1405,1]
	[919,6]
	[1255,6]
	[1550,3]
	[497,3]
	[1709,1]
	[1086,2]
	[968,10]
	[1156,2]
	[2079,4]
	[1479,10]
	[1430,2]
	[2326,4]
	[1680,13]
	[2629,1]
	[2453,2]
	[679,9]
	[1711,7]
	[761,11]
	[333,11]
	[1376,2]
	[2331,2]
	[623,4]
	[2144,3]
	[1196,3]
	[1452,3]
	[2532,2]
	[1503,11]
	[1167,3]
	[2814,1]
	[2367,1]
	[1951,5]
	[563,6]
	[1339,2]
	[838,10]
	[2118,8]
	[1074,9]
	[1146,3]
	[1425,7]
	[565,6]
	[2037,2]
	[1555,3]
	[2920,3]
	[520,6]
	[1448,8]
	[1490,5]
	[973,4]
	[2083,2]
	[1360,3]
	[2111,5]
	[2007,2]
	[887,3]
	[2858,6]
	[2551,2]
	[842,3]
	[1766,2]
	[773,3]
	[1718,5]
	[2696,1]
	[1460,3]
	[1362,6]
	[1795,2]
	[1235,3]
	[1271,3]
	[1159,4]
	[611,9]
	[1315,9]
	[2141,1]
	[2457,5]
	[2333,1]
	[649,6]
	[605,4]
	[859,1]
	[929,1]
	[1834,3]
	[756,5]
	[1491,4]
	[1121,5]
	[1256,7]
	[837,6]
	[1278,5]
	[2436,4]
	[1744,1]
	[1818,6]
	[1231,6]
	[1379,1]
	[1987,4]
	[571,4]
	[2760,3]
	[1946,7]
	[1065,7]
	[1712,1]
	[1232,6]
	[2987,2]
	[2048,1]
	[871,3]
	[1257,5]
	[893,5]
	[624,7]
	[1263,1]
	[810,10]
	[886,10]
	[2336,4]
	[2456,4]
	[1404,4]
	[1764,8]
	[2260,3]
	[959,1]
	[2304,3]
	[1800,1]
	[1320,7]
	[2590,1]
	[1956,2]
	[420,3]
	[2179,5]
	[2000,5]
	[2475,2]
	[1027,11]
	[1397,3]
	[2343,5]
	[1904,3]
	[1690,1]
	[2058,6]
	[1740,5]
	[2109,1]
	[2997,1]
	[2688,2]
	[1872,2]
	[2564,1]
	[1995,3]
	[1418,6]
	[1353,8]
	[1435,6]
	[822,6]
	[2100,5]
	[1105,1]
	[529,4]
	[2930,3]
	[983,7]
	[2288,1]
	[1892,1]
	[1866,4]
	[1043,2]
	[1538,3]
	[920,6]
	[2458,4]
	[612,3]
	[1911,1]
	[1516,3]
	[2440,1]
	[505,4]
	[769,8]
	[777,8]
	[2641,2]
	[2465,2]
	[1349,1]
	[1394,5]
	[1810,1]
	[1134,4]
	[2160,7]
	[2170,6]
	[2074,5]
	[2254,2]
	[1306,5]
	[461,8]
	[2968,1]
	[2474,1]
	[1906,1]
	[1125,3]
	[708,8]
	[2481,4]
	[657,7]
	[1991,6]
	[1155,8]
	[1816,2]
	[1751,2]
	[1383,5]
	[2028,6]
	[1827,2]
	[2356,2]
	[1558,6]
	[2188,4]
	[894,6]
	[2194,2]
	[924,8]
	[1807,4]
	[1702,4]
	[1186,8]
	[2150,6]
	[2073,3]
	[1832,1]
	[1081,2]
	[1771,4]
	[817,1]
	[1130,6]
	[1338,5]
	[1056,5]
	[1623,3]
	[1958,3]
	[938,8]
	[564,5]
	[1072,4]
	[1136,2]
	[1820,3]
	[2364,3]
	[1571,2]
	[1685,1]
	[509,5]
	[1109,2]
	[1139,9]
	[1459,3]
	[409,6]
	[951,3]
	[1587,3]
	[635,7]
	[1264,5]
	[2216,9]
	[881,4]
	[905,1]
	[2352,1]
	[449,5]
	[2431,2]
	[1083,3]
	[2006,6]
	[1058,8]
	[1087,4]
	[559,4]
	[2287,2]
	[2694,1]
	[789,5]
	[2308,1]
	[2024,3]
	[421,3]
	[1273,3]
	[2507,3]
	[2546,1]
	[926,3]
	[1955,2]
	[1670,6]
	[643,6]
	[2480,3]
	[2870,6]
	[1935,3]
	[1887,3]
	[1103,2]
	[569,4]
	[1682,2]
	[1542,3]
	[1333,1]
	[636,10]
	[429,6]
	[1813,1]
	[2190,1]
	[1084,3]
	[496,6]
	[2039,5]
	[1931,2]
	[793,2]
	[1213,3]
	[1672,4]
	[2392,3]
	[1628,3]
	[1858,6]
	[972,5]
	[2250,1]
	[1584,13]
	[952,6]
	[1014,6]
	[1336,2]
	[503,7]
	[1639,7]
	[1739,3]
	[2739,5]
	[1990,6]
	[781,4]
	[804,3]
	[779,2]
	[1391,2]
	[1761,4]
	[1140,4]
	[1224,8]
	[1305,3]
	[2168,1]
	[2595,2]
	[363,2]
	[1183,6]
	[2167,3]
	[2550,1]
	[1736,2]
	[1803,2]
	[1586,3]
	[1548,6]
	[2644,1]
	[1815,2]
	[1534,6]
	[2430,1]
	[463,5]
	[2092,1]
	[2710,4]
	[1772,4]
	[479,9]
	[936,4]
	[351,3]
	[2955,1]
	[1626,3]
	[1075,4]
	[2375,5]
	[2663,4]
	[2479,2]
	[911,1]
	[603,7]
	[1523,3]
	[816,3]
	[772,6]
	[977,2]
	[839,4]
	[2943,2]
	[1180,2]
	[3030,4]
	[861,2]
	[2120,3]
	[1782,7]
	[1677,5]
	[1323,2]
	[1779,2]
	[2429,1]
	[2976,1]
	[1123,3]
	[1706,2]
	[328,2]
	[2952,5]
	[2744,7]
	[2409,1]
	[2255,2]
	[948,1]
	[1530,3]
	[1999,2]
	[1699,3]
	[1396,3]
	[1758,1]
	[1575,4]
	[1535,4]
	[1780,2]
	[1723,1]
	[1664,3]
	[2624,1]
	[2349,6]
	[1524,3]
	[2845,1]
	[1371,1]
	[1576,3]
	[2612,2]
	[384,3]
	[2275,5]
	[2052,1]
	[1604,4]
	[2482,1]
	[1375,6]
	[1953,2]
	[485,3]
	[2607,1]
	[1567,7]
	[2833,1]
	[2114,1]
	[2133,4]
	[2314,2]
	[1476,6]
	[2433,2]
	[2844,2]
	[1277,2]
	[1468,4]
	[1244,2]
	[1419,2]
	[1581,3]
	[1646,3]
	[2471,1]
	[577,3]
	[1715,4]
	[1434,11]
	[1725,5]
	[1890,4]
	[1788,1]
	[2038,3]
	[2815,1]
	[1052,6]
	[1954,3]
	[2912,1]
	[1472,3]
	[1940,3]
	[335,4]
	[1018,4]
	[1465,1]
	[1168,1]
	[1802,7]
	[1035,6]
	[2282,4]
	[1312,1]
	[1615,1]
	[2032,3]
	[1001,4]
	[556,4]
	[1627,1]
	[1902,1]
	[2262,1]
	[2056,4]
	[1633,2]
	[1292,1]
	[2237,1]
	[1092,2]
	[2420,1]
	[1464,6]
	[533,1]
	[2563,1]
	[2069,1]
	[1151,2]
	[1449,6]
	[1799,4]
	[1417,1]
	[601,5]
	[2377,2]
	[1913,1]
	[1131,2]
	[1790,2]
	[1692,4]
	[1451,4]
	[1298,2]
	[943,2]
	[823,3]
	[2540,3]
	[1580,1]
	[2299,3]
	[1648,4]
	[753,3]
	[2164,1]
	[1741,2]
	[2240,1]
	[1132,1]
	[1517,1]
	[1036,3]
	[2534,5]
	[347,2]
	[1152,3]
	[1862,3]
	[2882,2]
	[2678,2]
	[1469,1]
	[1880,4]
	[1223,2]
	[1895,2]
	[2656,2]
	[2272,1]
	[1849,1]
	[2946,1]
	[2468,2]
	[1727,3]
	[2400,1]
	[437,3]
	[1373,4]
	[2531,1]
	[2954,1]
	[2701,1]
	[1747,2]
	[1099,1]
	[2767,1]
	[2119,2]
	[2193,1]
	[1321,1]
	[1574,1]
	[963,3]
	[2492,1]
	[1484,4]
	[2672,5]
	[715,5]
	[2860,3]
	[2107,1]
	[2063,1]
	[2388,1]
	[1612,1]
	[1408,3]
	[2231,3]
	[684,3]
	[1910,3]
	[2966,1]
	[339,4]
	[1432,4]
	[1905,1]
	[2337,1]
	[2227,1]
	[1040,3]
	[1194,8]
	[1096,2]
	[1057,1]
	[852,5]
	[2726,1]
	[1916,2]
	[1929,4]
	[1197,3]
	[1079,3]
	[2066,2]
	[1193,1]
	[2207,2]
	[1343,2]
	[1602,1]
	[1275,2]
	[2253,2]
	[855,2]
	[1295,2]
	[2067,2]
	[1499,1]
	[1458,3]
	[1436,2]
	[2374,2]
	[2197,1]
	[785,1]
	[745,1]
	[2910,1]
	[941,2]
	[981,4]
	[1960,2]
	[2355,3]
	[1899,1]
	[2031,1]
	[1566,1]
	[2004,2]
	[1932,1]
	[2370,2]
	[1073,5]
	[665,1]
	[1941,3]
	[1420,3]
	[2060,2]
	[1804,1]
	[1778,2]
	[1423,3]
	[931,3]
	[1573,1]
	[1698,4]
	[2722,1]
	[1915,4]
	[2277,3]
	[2899,1]
	[1444,1]
	[683,1]
	[1364,2]
	[1215,4]
	[1532,2]
	[1731,2]
	[1854,1]
	[1611,1]
	[2625,1]
	[2213,1]
	[2166,1]
	[2895,1]
	[869,1]
	[721,2]
	[1745,2]
	[1868,1]
	[1473,1]
	[1748,2]
	[1837,2]
	[843,2]
	[2708,1]
	[1826,3]
	[2796,1]
	[456,2]
	[1521,2]
	[2103,2]
	[2348,3]
	[1760,1]
	[2284,1]
	[423,3]
	[1763,1]
	[1952,1]
	[2822,1]
	[876,2]
	[2330,2]
	[1443,2]
	[1928,1]
	[1592,1]
	[811,2]
	[971,1]
	[389,2]
	[1652,1]
	[2206,1]
	[376,3]
	[2350,1]
	[1607,1]
	[1470,2]
	[2363,1]
	[2855,1]
	[1743,1]
	[2359,1]
	[1253,1]
	[2901,1]
	[829,1]
	[1742,2]
	[699,1]
	[1033,2]
	[1676,1]
	[1071,2]
	[1765,1]
	[2142,1]
	[2102,3]
	[1657,1]
	[2338,1]
	[2403,1]
	[1839,1]
	[629,3]
	[2519,2]
	[797,1]
	[1141,1]
	[1097,1]
	[2570,1]
	[1805,1]
	[980,1]
	[1640,1]
	[1888,1]
	[2373,1]
	[1077,2]
	[1181,1]
	[1358,1]
	[1069,2]
	[2278,1]
	[1746,1]
	[1678,1]
	[2782,1]
	[579,1]
	[2002,1]
	[2316,1]
	[1855,2]
	[1279,2]
	[1603,1]
	[1356,1]
	[2592,1]
	[2365,1]
	[1563,1]
	[1471,1]
	[1923,2]
	[939,1]
	[2155,1]
	[432,2]
	[1477,1]
	[1621,1]
	[1299,3]
	[2869,1]
	[2567,2]
	[1556,1]
	[1133,2]
	[1475,1]
	[1980,1]
	[2600,1]
	[2202,1]
	[2286,1]
	[1838,1]
	[1189,1]
	[2635,1]
	[1936,1]
	[2591,1]
	[1681,2]
	[352,1]
	[2504,1]
	[2264,1]
	[2088,1]
	[2147,1]
	[1907,1]
	[2335,1]
	[1412,1]
	[2173,1]
	[961,1]
	[1707,1]
	[1925,1]
	[1129,1]
	[1599,1]
	[2720,1]
	[1276,1]
	[2447,1]
	[1565,1]
	[2924,1]
	[553,1]
	[1794,2]
	[2740,1]
	[2306,1]
	[1559,1]
	[2771,1]
	[1933,1]
	[2811,1]
	[1806,1]

1592,
	[5,3487]
	[1,69868]
	[2,72128]
	[3,77128]
	[1562,1]
	[25,139]
	[22,119]
	[4,1803]
	[153,67]
	[111,40]
	[37,114]
	[183,58]
	[240,1653]
	[78,22]
	[286,243]
	[19,177]
	[138,57]
	[169,45]
	[-4370,284]
	[68,21]
	[242,1745]
	[115,77]
	[74,18]
	[140,53]
	[79,120]
	[76,104]
	[157,46]
	[94,86]
	[45,11]
	[43,113]
	[123,35]
	[124,59]
	[116,33]
	[107,31]
	[40,119]
	[163,49]
	[7,158]
	[100,93]
	[264,35]
	[145,58]
	[56,19]
	[150,68]
	[102,34]
	[151,60]
	[192,40]
	[16,190]
	[46,130]
	[39,18]
	[112,80]
	[133,72]
	[129,51]
	[185,45]
	[846,3]
	[47,13]
	[77,26]
	[236,11]
	[135,51]
	[118,61]
	[18,88]
	[174,61]
	[142,65]
	[171,77]
	[288,273]
	[274,38]
	[226,9]
	[55,119]
	[621,2]
	[184,21]
	[73,101]
	[103,96]
	[15,33]
	[27,6]
	[70,103]
	[189,43]
	[64,116]
	[156,62]
	[219,11]
	[88,77]
	[31,133]
	[12,4]
	[32,14]
	[113,29]
	[180,59]
	[85,77]
	[1070,1]
	[162,59]
	[58,124]
	[158,44]
	[168,74]
	[148,43]
	[28,150]
	[172,41]
	[165,50]
	[241,109]
	[33,11]
	[181,38]
	[65,19]
	[1437,2]
	[290,48]
	[53,16]
	[20,30]
	[1459,1]
	[175,38]
	[127,70]
	[132,52]
	[186,41]
	[13,103]
	[29,11]
	[34,125]
	[197,14]
	[69,25]
	[49,111]
	[159,47]
	[224,13]
	[147,75]
	[125,32]
	[48,13]
	[243,107]
	[131,39]
	[97,76]
	[331,1]
	[95,25]
	[82,114]
	[93,26]
	[9,54]
	[121,58]
	[90,19]
	[229,11]
	[173,39]
	[161,61]
	[218,13]
	[72,28]
	[182,40]
	[84,32]
	[154,48]
	[155,56]
	[170,74]
	[108,51]
	[92,18]
	[139,72]
	[136,45]
	[80,24]
	[137,39]
	[67,94]
	[110,29]
	[179,43]
	[134,37]
	[83,29]
	[10,85]
	[41,13]
	[143,39]
	[109,74]
	[188,34]
	[166,44]
	[21,22]
	[87,24]
	[61,99]
	[152,37]
	[191,27]
	[66,18]
	[146,45]
	[86,34]
	[252,29]
	[117,36]
	[768,2]
	[177,68]
	[75,26]
	[71,24]
	[106,85]
	[89,17]
	[167,40]
	[91,83]
	[413,1]
	[35,10]
	[237,11]
	[1271,1]
	[1960,1]
	[742,1]
	[52,107]
	[1077,2]
	[59,14]
	[289,12]
	[120,41]
	[96,33]
	[105,35]
	[130,72]
	[164,50]
	[122,34]
	[297,2]
	[1317,1]
	[255,22]
	[26,13]
	[349,2]
	[246,3]
	[141,55]
	[119,33]
	[114,34]
	[126,43]
	[591,1]
	[63,14]
	[1039,1]
	[235,8]
	[190,20]
	[2272,1]
	[216,9]
	[609,1]
	[214,6]
	[62,24]
	[273,5]
	[256,4]
	[194,24]
	[81,27]
	[128,44]
	[2395,2]
	[210,6]
	[1302,1]
	[732,1]
	[1361,2]
	[101,22]
	[149,35]
	[23,23]
	[261,5]
	[1366,1]
	[160,58]
	[217,4]
	[295,1]
	[228,11]
	[42,8]
	[397,1]
	[903,1]
	[1892,1]
	[1790,1]
	[1346,2]
	[44,11]
	[287,10]
	[223,6]
	[2451,1]
	[314,1]
	[1655,1]
	[176,47]
	[144,46]
	[99,25]
	[6,6]
	[2039,1]
	[251,8]
	[11,5]
	[612,1]
	[57,22]
	[193,7]
	[366,1]
	[104,34]
	[1313,1]
	[522,2]
	[50,14]
	[98,26]
	[1985,1]
	[292,3]
	[271,5]
	[526,1]
	[207,13]
	[501,1]
	[1069,1]
	[24,8]
	[1434,2]
	[971,1]
	[178,30]
	[1104,1]
	[8,16]
	[244,6]
	[766,2]
	[260,6]
	[220,11]
	[187,27]
	[225,12]
	[649,2]
	[313,2]
	[201,4]
	[948,2]
	[212,8]
	[555,1]
	[1149,1]
	[1276,1]
	[239,6]
	[557,1]
	[222,5]
	[1403,1]
	[265,2]
	[204,6]
	[881,2]
	[471,1]
	[2076,1]
	[1129,1]
	[633,2]
	[791,2]
	[1460,1]
	[51,18]
	[234,8]
	[584,2]
	[17,73]
	[790,2]
	[211,12]
	[1832,2]
	[1615,1]
	[1811,1]
	[461,1]
	[2361,1]
	[254,1]
	[787,1]
	[1632,2]
	[248,2]
	[38,14]
	[329,1]
	[231,14]
	[233,11]
	[1668,1]
	[390,2]
	[14,7]
	[316,6]
	[351,1]
	[657,1]
	[1516,1]
	[227,15]
	[215,7]
	[1296,1]
	[275,2]
	[662,1]
	[213,12]
	[355,1]
	[1122,1]
	[1397,1]
	[253,13]
	[361,2]
	[60,17]
	[1537,1]
	[205,7]
	[2452,1]
	[531,3]
	[634,1]
	[536,1]
	[1363,1]
	[209,11]
	[195,18]
	[807,1]
	[682,1]
	[1430,1]
	[493,1]
	[1225,1]
	[1060,1]
	[583,1]
	[586,1]
	[1889,1]
	[358,2]
	[30,4]
	[238,8]
	[686,2]
	[262,4]
	[36,3]
	[364,1]
	[232,4]
	[726,3]
	[2967,1]
	[465,1]
	[203,4]
	[562,1]
	[198,3]
	[258,3]
	[321,1]
	[263,6]
	[1948,1]
	[1123,1]
	[1141,1]
	[552,2]
	[456,2]
	[852,1]
	[434,1]
	[1057,1]
	[1071,1]
	[54,12]
	[200,3]
	[648,1]
	[1455,1]
	[298,2]
	[2767,1]
	[1419,2]
	[911,1]
	[423,1]
	[2070,1]
	[936,1]
	[623,1]
	[624,1]
	[1968,2]
	[715,1]
	[202,5]
	[259,2]
	[513,1]
	[221,8]
	[315,3]
	[946,1]
	[1898,1]
	[326,2]
	[1389,1]
	[206,6]
	[589,1]
	[491,3]
	[1061,1]
	[438,1]
	[1987,1]
	[1009,1]
	[489,1]
	[430,1]
	[868,1]
	[2199,1]
	[710,1]
	[2304,1]
	[540,1]
	[1082,1]
	[1635,1]
	[625,1]
	[230,13]
	[534,3]
	[1548,1]
	[2404,1]
	[1376,1]
	[257,4]
	[722,1]
	[573,1]
	[923,1]
	[738,1]
	[1823,1]
	[896,1]
	[1328,1]
	[414,1]
	[2167,1]
	[2401,1]
	[949,2]
	[425,2]
	[1312,1]
	[1718,1]
	[733,1]
	[568,1]
	[424,1]
	[558,1]
	[196,3]
	[2231,1]
	[1092,1]
	[532,1]
	[1814,3]
	[855,1]
	[1318,1]
	[250,5]
	[1179,2]
	[1221,1]
	[2282,1]
	[696,2]
	[961,2]
	[1515,1]
	[2347,1]
	[444,1]
	[843,1]
	[291,2]
	[395,1]
	[2373,1]
	[384,2]
	[1286,3]
	[1399,1]
	[199,3]
	[1541,1]
	[2021,1]
	[306,1]
	[1611,1]
	[771,1]
	[1587,1]
	[1236,1]
	[964,1]
	[356,2]
	[592,1]
	[833,1]
	[494,1]
	[1605,1]
	[986,1]
	[352,1]
	[317,1]
	[245,3]
	[1702,1]
	[876,1]
	[247,1]
	[770,1]
	[483,2]
	[1667,1]
	[1278,1]
	[747,1]
	[875,1]
	[1380,2]
	[312,1]
	[320,2]
	[2825,1]
	[638,1]
	[824,1]
	[804,1]
	[3006,1]
	[1177,1]
	[1155,1]
	[841,1]
	[2710,1]
	[1195,2]
	[1256,1]
	[958,2]
	[2066,2]
	[300,1]
	[1404,1]
	[912,1]
	[711,1]
	[1196,2]
	[615,1]
	[1056,1]
	[2601,1]
	[1698,1]
	[428,1]
	[816,2]
	[916,1]
	[1206,3]
	[888,2]
	[674,1]
	[1436,1]
	[1654,1]
	[427,1]
	[2293,1]
	[339,2]
	[922,1]
	[285,1]
	[409,2]
	[1447,1]
	[2032,1]
	[1864,2]
	[604,1]
	[1881,1]
	[2241,1]
	[1194,1]
	[208,3]
	[1124,1]
	[2554,1]
	[1154,1]
	[2765,1]
	[1041,1]
	[502,1]
	[987,1]
	[1301,1]
	[2897,1]
	[2880,1]
	[2040,1]
	[2809,1]
	[2258,1]
	[1642,1]
	[1411,2]
	[500,1]
	[1193,1]
	[856,1]
	[2213,1]
	[1140,1]
	[1943,1]
	[481,1]
	[1824,1]
	[399,1]
	[2352,1]
	[1423,1]
	[2140,1]
	[401,2]
	[593,1]
	[620,1]
	[406,1]
	[730,1]
	[1217,1]
	[919,1]
	[1337,1]
	[1257,1]
	[521,1]
	[398,1]
	[1633,1]
	[1624,1]
	[403,1]
	[467,1]
	[817,1]
	[559,1]
	[1344,1]
	[249,1]
	[578,1]
	[318,1]
	[703,2]
	[1216,1]
	[2705,1]
	[895,1]
	[2823,1]
	[1588,1]
	[1912,1]
	[2885,2]
	[598,1]
	[537,1]
	[1406,1]
	[1847,1]
	[1503,1]
	[1146,1]
	[597,1]
	[1933,1]
	[380,1]
	[1349,1]
	[953,1]
	[1324,1]
	[1456,2]
	[281,1]
	[440,1]
	[829,1]
	[811,1]
	[278,1]
	[535,1]
	[1390,1]
	[2290,1]
	[1115,2]
	[576,1]
	[1880,1]
	[1393,1]
	[2501,1]
	[2647,1]
	[779,1]
	[2769,1]
	[2351,1]
	[507,1]
	[577,1]
	[838,1]
	[706,1]
	[2008,1]
	[2158,1]
	[1752,1]
	[387,1]
	[785,1]
	[1639,1]
	[528,1]
	[2187,1]
	[637,1]
	[323,1]
	[305,1]
	[2092,1]
	[404,1]
	[702,1]
	[603,1]
	[599,1]
	[396,1]
	[2781,1]
	[2384,1]
	[664,1]
	[667,1]
	[393,1]
	[497,1]
	[564,1]
	[801,1]
	[2977,1]
	[1567,1]
	[778,1]
	[2030,1]
	[1030,1]
	[506,1]
	[324,1]
	[1443,1]
	[819,1]
	[2051,1]
	[1705,1]
	[2126,1]
	[872,1]
	[1827,1]
	[687,1]
	[886,1]
	[1924,1]
	[1044,1]
	[1299,1]
	[1801,1]
	[1431,1]
	[2969,1]
	[1098,1]
	[1075,1]
	[956,1]
	[1173,1]
	[1976,1]
	[590,1]
	[1368,1]
	[1249,1]
	[1197,1]

1556,
	[-4370,125]
	[231,1]
	[119,1]
	[225,2]
	[234,2]
	[141,1]
	[40,1]
	[259,1]
	[290,1]
	[273,2]
	[15,13]
	[185,2]
	[235,1]
	[228,2]
	[47,2]
	[87,1]
	[116,2]
	[139,3]
	[209,2]
	[38,1]
	[208,2]
	[262,2]
	[149,4]
	[14,1]
	[254,1]
	[19,3]
	[89,2]
	[198,2]
	[385,1]
	[67,1]
	[80,1]
	[88,1]
	[115,3]
	[136,1]
	[175,2]
	[162,2]
	[229,1]
	[253,4]
	[71,2]
	[68,2]
	[117,3]
	[347,1]
	[205,2]
	[127,3]
	[266,2]
	[91,1]
	[78,1]
	[73,1]
	[125,3]
	[21,5]
	[69,1]
	[224,2]
	[83,1]
	[120,4]
	[210,1]
	[81,2]
	[77,3]
	[243,1]
	[13,5]
	[346,1]
	[238,1]
	[122,2]
	[145,2]
	[133,1]
	[359,1]
	[256,2]
	[233,4]
	[319,1]
	[105,2]
	[142,2]
	[1480,1]
	[219,3]
	[261,1]
	[126,1]
	[201,1]
	[560,1]
	[248,1]
	[158,2]
	[109,1]
	[182,1]
	[113,2]
	[187,2]
	[148,1]
	[245,1]
	[272,2]
	[284,3]
	[188,2]
	[160,2]
	[189,1]
	[23,4]
	[153,1]
	[114,2]
	[124,3]
	[135,2]
	[17,9]
	[93,2]
	[156,4]
	[65,1]
	[368,1]
	[237,3]
	[203,2]
	[232,1]
	[111,4]
	[204,1]
	[90,1]
	[1201,1]
	[285,1]
	[92,1]
	[213,1]
	[241,1]
	[170,2]
	[174,2]
	[274,1]
	[110,1]
	[199,2]
	[102,1]
	[328,3]
	[265,2]
	[96,1]
	[186,2]
	[298,1]
	[76,1]
	[146,1]
	[101,1]
	[249,1]
	[25,1]
	[200,1]
	[343,1]
	[159,1]
	[35,1]
	[43,2]
	[305,1]
	[132,1]
	[257,1]
	[123,1]
	[100,1]
	[190,1]
	[317,1]
	[335,1]
	[53,1]
	[252,1]
	[295,1]
	[104,2]
	[215,1]
	[152,1]
	[97,1]
	[147,1]
	[112,1]
	[2273,1]
	[211,1]
	[227,1]
	[118,2]
	[129,2]
	[324,2]
	[303,1]
	[1015,1]
	[33,1]
	[196,1]
	[297,1]
	[372,1]
	[75,1]
	[222,1]
	[106,1]
	[27,1]
	[352,1]
	[240,1]
	[242,1]
	[191,1]
	[180,1]
	[128,1]
	[207,1]
	[250,1]
	[86,1]

len(carl_order):
49
Printing carl assignment order:
1592,3,0.432541053342203
1596,3,0.15359951415612103
1592,5,0.13590935950466304
1600,2,0.10314109565934833
1600,318,0.00675988291549907
1592,290,0.006377139166935744
1596,4,0.004984941004893024
1556,23,0.004298302170642596
1592,292,0.003234152652005175
1556,274,0.0031782428235567293
1600,320,0.003048780487804878
1556,285,0.002335084646818447
1556,328,0.0020543615676359038
1556,347,0.001524390243902439
1556,352,0.0014814814814814814
1592,321,0.0011796733212341198
1600,322,0.0011646414845296789
1600,3032,0.0011418635417820456
1556,372,0.0011265490048817123
1592,326,0.001078167115902965
1592,638,0.000605115113695457
1556,385,0.0005871990604815032
1592,964,0.0005208446363853382
1592,1460,0.0004823282674510243
1592,2076,0.0003058384561274735
1592,2404,0.00024543120374565777
1592,2452,0.00013573125212080082
1592,2977,0.00012795741577203106
1592,3006,0.00012099213551119177
1556,560,4.3956043956043955e-05
1596,5,2.771311384547168e-05
1556,1480,2.5437525437525436e-05
1556,2273,1.0008206729518205e-05
1596,1019,8.097221558843865e-06
1596,1075,7.874123594794715e-06
1596,1093,5.8672382046941355e-06
1596,1117,4.659779167887702e-06
1596,1242,4.101862929413776e-06
1596,1510,4.003465213821131e-06
1596,1796,3.984218532165778e-06
1596,1811,3.7383138750634736e-06
1596,1894,3.4536217267643148e-06
1596,1905,1.9831067633856166e-06
1596,1920,1.8698322511159782e-06
1596,2278,1.6282778681085e-06
1596,2326,1.4942124603806317e-06
1596,2691,1.427153175264981e-06
1596,2702,5.672954190894909e-07
1596,2730,1.1143372412397493e-07
bin_width: 81103251
assigning lease 3 to address 1592
Average Cache Occupancy Per Bin: [0.31,0.32,0.31,0.31,0.32]
Total cost: 25694464.0
assigning lease 3 to address 1596
Average Cache Occupancy Per Bin: [1.21,1.21,1.21,1.21,1.21]
Total cost: 98550784.0
assigning lease 5 to address 1592
Average Cache Occupancy Per Bin: [1.23,1.23,1.24,1.24,1.24]
Total cost: 100541184.0
assigning lease 2 to address 1600
Average Cache Occupancy Per Bin: [2.23,2.23,2.24,2.24,2.24]
Total cost: 181507328.0
assigning lease 318 to address 1600
Average Cache Occupancy Per Bin: [59.6,60.0,60.1,59.9,59.5]
Total cost: 4838690304.0
assigning lease 290 to address 1592
Average Cache Occupancy Per Bin: [61.1,61.4,61.5,61.3,61.0]
Total cost: 4956240128.0
assigning lease 4 to address 1596
Average Cache Occupancy Per Bin: [61.3,61.6,61.7,61.5,61.2]
Total cost: 4973013248.0
assigning lease 23 to address 1556
Average Cache Occupancy Per Bin: [61.3,61.6,61.7,61.5,61.2]
Total cost: 4973511680.0
assigning lease 292 to address 1592
Average Cache Occupancy Per Bin: [61.3,61.6,61.7,61.5,61.2]
Total cost: 4973598208.0
assigning lease 274 to address 1556
Average Cache Occupancy Per Bin: [61.3,61.7,61.7,61.5,61.2]
Total cost: 4977209600.0
assigning lease 320 to address 1600
Average Cache Occupancy Per Bin: [61.3,61.7,61.7,61.5,61.2]
Total cost: 4978540032.0
assigning lease 285 to address 1556
Average Cache Occupancy Per Bin: [61.3,61.7,61.7,61.5,61.3]
Total cost: 4978618880.0
assigning lease 328 to address 1556
Average Cache Occupancy Per Bin: [61.3,61.7,61.7,61.5,61.3]
Total cost: 4978917376.0
assigning lease 347 to address 1556
Average Cache Occupancy Per Bin: [61.3,61.7,61.8,61.5,61.3]
Total cost: 4979048704.0
assigning lease 352 to address 1556
Average Cache Occupancy Per Bin: [61.3,61.7,61.8,61.5,61.3]
Total cost: 4979081984.0
assigning lease 321 to address 1592
Average Cache Occupancy Per Bin: [61.4,61.7,61.8,61.6,61.3]
Total cost: 4980311296.0
assigning lease 322 to address 1600
Average Cache Occupancy Per Bin: [61.4,61.7,61.8,61.6,61.3]
Total cost: 4981630208.0
assigning lease 3032 to address 1600
Average Cache Occupancy Per Bin: [68.3,69.0,68.6,68.5,68.4]
Total cost: 5546753280.0
assigning lease 372 to address 1556
Average Cache Occupancy Per Bin: [68.3,69.0,68.6,68.5,68.4]
Total cost: 5546886400.0
assigning lease 326 to address 1592
Average Cache Occupancy Per Bin: [68.3,69.0,68.6,68.5,68.4]
Total cost: 5547095040.0
assigning lease 638 to address 1592
Average Cache Occupancy Per Bin: [68.5,69.1,68.7,68.7,68.6]
Total cost: 5558869504.0
assigning lease 385 to address 1556
Average Cache Occupancy Per Bin: [68.5,69.1,68.7,68.7,68.6]
Total cost: 5558956032.0
assigning lease 964 to address 1592
Average Cache Occupancy Per Bin: [68.6,69.2,68.8,68.8,68.7]
Total cost: 5568955136.0
assigning lease 1460 to address 1592
Average Cache Occupancy Per Bin: [68.8,69.4,69.0,68.9,68.9]
Total cost: 5581734144.0
assigning lease 2076 to address 1592
Average Cache Occupancy Per Bin: [68.9,69.5,69.1,69.0,69.0]
Total cost: 5593762816.0
assigning lease 2404 to address 1592
Average Cache Occupancy Per Bin: [69.0,69.6,69.2,69.1,69.1]
Total cost: 5599425536.0
assigning lease 2452 to address 1592
Average Cache Occupancy Per Bin: [69.0,69.6,69.2,69.1,69.1]
Total cost: 5600224000.0
assigning lease 2977 to address 1592
Average Cache Occupancy Per Bin: [69.1,69.7,69.3,69.2,69.2]
Total cost: 5608691200.0
assigning lease 3006 to address 1592
Average Cache Occupancy Per Bin: [69.1,69.7,69.3,69.2,69.2]
Total cost: 5609158912.0
assigning lease 560 to address 1556
Average Cache Occupancy Per Bin: [69.1,69.7,69.3,69.2,69.2]
Total cost: 5610278912.0
assigning lease 5 to address 1596
Average Cache Occupancy Per Bin: [69.3,69.9,69.5,69.4,69.4]
Total cost: 5626970368.0
assigning lease 1480 to address 1556
Average Cache Occupancy Per Bin: [69.4,70.0,69.6,69.5,69.5]
Total cost: 5632858368.0
assigning lease 2273 to address 1556
Average Cache Occupancy Per Bin: [69.5,70.0,69.6,69.6,69.6]
Total cost: 5637933568.0
assigning lease 1019 to address 1596
Average Cache Occupancy Per Bin: [277.,275.,277.,277.,276.]
Total cost: 22500520960.0
assigning lease 1075 to address 1596
Average Cache Occupancy Per Bin: [288.,286.,289.,288.,287.]
Total cost: 23427730688.0
assigning lease 1093 to address 1596
Average Cache Occupancy Per Bin: [292.,290.,292.,292.,291.]
Total cost: 23725692928.0
assigning lease 1117 to address 1596
Average Cache Occupancy Per Bin: [297.,295.,297.,297.,296.]
Total cost: 24122950400.0
assigning lease 1242 to address 1596
Average Cache Occupancy Per Bin: [322.,320.,323.,322.,321.]
Total cost: 26191392768.0
assigning lease 1510 to address 1596
Average Cache Occupancy Per Bin: [377.,374.,377.,376.,375.]
Total cost: 30622706944.0
assigning lease 1796 to address 1596
Average Cache Occupancy Per Bin: [435.,432.,435.,435.,433.]
Total cost: 35346265088.0
assigning lease 1811 to address 1596
Average Cache Occupancy Per Bin: [438.,435.,439.,438.,436.]
Total cost: 35593835264.0
assigning lease 1894 to address 1596
Average Cache Occupancy Per Bin: [455.,451.,455.,454.,453.]
Total cost: 36963436032.0
assigning lease 1905 to address 1596
Average Cache Occupancy Per Bin: [457.,454.,458.,457.,455.]
Total cost: 37144918784.0
assigning lease 1920 to address 1596
Average Cache Occupancy Per Bin: [461.,457.,461.,460.,458.]
Total cost: 37392395008.0
addr: 1596 ri: 2278
bin target: 41524864512
	bin: 0.0 current capacity: 461.04680819761467  avg impact: 72.79817239385386
	bin: 1.0 current capacity: 457.01920895871365  avg impact: 71.95557475248434
	bin: 2.0 current capacity: 461.19188272736443  avg impact: 72.80460843671976
	bin: 3.0 current capacity: 460.1976293157472  avg impact: 72.6320157992187
	bin: 4.0 current capacity: 458.5941992386964  avg impact: 72.31528610363597
num_full_bins: 0
printing bin ranks sorted:
	bin: 2.0 rank: 0.6978695217734321
	selecting this^ bin
	bin: 0.0 rank: 0.6999240520313826
	bin: 3.0 rank: 0.7132167559200536
	bin: 4.0 rank: 0.738513302495507
	bin: 1.0 rank: 0.7640935567593129
acceptable_ratio: 0.6978695217734321
Assigning 1596 dual lease lease 2278 * 0.6978695217734321. Bin saturation: [511.,507.,512.,510.,509.]
addr: 1596 ri: 2326
bin target: 41524864512
	bin: 0.0 current capacity: 511.8504339520933  avg impact: 82.55417805631491
	bin: 1.0 current capacity: 507.2348115001624  avg impact: 81.60014754525685
	bin: 2.0 current capacity: 512.0  avg impact: 82.56319924832606
	bin: 3.0 current capacity: 510.8852994469883  avg impact: 82.36758647319822
	bin: 4.0 current capacity: 509.06083336874974  avg impact: 82.00722173270218
num_full_bins: 1
printing bin ranks sorted:
	bin: 2.0 rank: 0.0
	bin: 0.0 rank: 0.0018117320216633143
	bin: 3.0 rank: 0.013533242877942048
	bin: 4.0 rank: 0.03584033904758199
	bin: 1.0 rank: 0.05839681229981578
acceptable_ratio: 0
addr: 1596 ri: 2691
bin target: 41524864512
	bin: 0.0 current capacity: 511.8504339520933  avg impact: 156.7215104607829
	bin: 1.0 current capacity: 507.2348115001624  avg impact: 154.91625883159728
	bin: 2.0 current capacity: 512.0  avg impact: 156.74718834637096
	bin: 3.0 current capacity: 510.8852994469883  avg impact: 156.3783611091003
	bin: 4.0 current capacity: 509.06083336874974  avg impact: 155.68707833919012
num_full_bins: 1
printing bin ranks sorted:
	bin: 2.0 rank: 0.0
	bin: 0.0 rank: 0.00095434281782364
	bin: 3.0 rank: 0.0071282276211732
	bin: 4.0 rank: 0.018878680636852975
	bin: 1.0 rank: 0.03075977005756166
acceptable_ratio: 0
addr: 1596 ri: 2702
bin target: 41524864512
	bin: 0.0 current capacity: 511.8504339520933  avg impact: 158.9560609845344
	bin: 1.0 current capacity: 507.2348115001624  avg impact: 157.12511568740936
	bin: 2.0 current capacity: 512.0  avg impact: 158.98187775481404
	bin: 3.0 current capacity: 510.8852994469883  avg impact: 158.60839788037597
	bin: 4.0 current capacity: 509.06083336874974  avg impact: 157.90708069150028
num_full_bins: 1
printing bin ranks sorted:
	bin: 2.0 rank: 0.0
	bin: 0.0 rank: 0.0009409269893852782
	bin: 3.0 rank: 0.007028004619606611
	bin: 4.0 rank: 0.01861326685528731
	bin: 1.0 rank: 0.030327350780238616
acceptable_ratio: 0
addr: 1596 ri: 2730
bin target: 41524864512
	bin: 0.0 current capacity: 511.8504339520933  avg impact: 164.6440077722655
	bin: 1.0 current capacity: 507.2348115001624  avg impact: 162.74757203012737
	bin: 2.0 current capacity: 512.0  avg impact: 164.67017806721458
	bin: 3.0 current capacity: 510.8852994469883  avg impact: 164.28476673518304
	bin: 4.0 current capacity: 509.06083336874974  avg impact: 163.5579957701079
num_full_bins: 1
printing bin ranks sorted:
	bin: 2.0 rank: 0.0
	bin: 0.0 rank: 0.0009084208403964473
	bin: 3.0 rank: 0.006785172935775077
	bin: 4.0 rank: 0.017970180041711217
	bin: 1.0 rank: 0.029279628816554753
acceptable_ratio: 0
Final saturation:
	0.0,41512734219.27554
	1.0,41138392233.035355
	2.0,41524864512.0
	3.0,41434458673.259254
	4.0,41286488542.974884
DUMP LEASES
0, 63c, 780, 8e6, 0.3021304782265679 
0, 640, bd8, 0, 1 
0, 638, bbe, 0, 1 
0, 614, 8e1, 0, 1 
Dump dual leases

