sample rate: 0.00390625
1628,
	[7,312]
	[1,257]
	[4,12814]
	[6,1047]
	[8252,38]
	[8253,806]
	[8224,9]
	[8221,38]
	[8251,16]
	[5,19]
	[8190,15]
	[8254,20]
	[8250,15]
	[-4370,859]
	[8175,1]
	[11103,1]
	[11716,1]
	[8158,1]
	[8196,1]
	[8228,1]
	[8229,1]
	[13694,1]
	[8302,1]
	[8210,1]
	[8198,1]
	[10832,1]
	[8240,1]
	[8928,1]
	[12115,1]
	[9513,1]
	[8199,1]
	[8204,1]
	[8247,1]
	[13344,2]
	[8164,1]
	[8219,1]
	[9558,1]
	[8,2]
	[8220,2]
	[8194,1]
	[9078,2]
	[11210,1]
	[8222,1]
	[10653,1]
	[11670,1]
	[11349,1]
	[8206,1]
	[8388,1]
	[9927,1]
	[11011,1]
	[11149,1]
	[8225,1]
	[9063,1]
	[13209,1]
	[10053,1]
	[12943,1]
	[11484,1]
	[10709,1]
	[8237,1]
	[8243,1]
	[8242,1]
	[11609,1]
	[8227,1]
	[8249,1]
	[9603,1]
	[185021,1]

1632,
	[4,260]
	[3663,4]
	[3628,1]
	[3264,2]
	[2671,8]
	[1451,11]
	[1256,3]
	[3727,3]
	[3531,4]
	[3529,3]
	[3102,1]
	[3100,4]
	[4256,9]
	[2309,1]
	[1912,5]
	[1945,8]
	[922,3]
	[923,9]
	[3990,8]
	[3792,10]
	[3594,9]
	[3400,2]
	[3198,4]
	[4257,4]
	[2011,10]
	[1780,5]
	[1219,5]
	[989,8]
	[628,1]
	[3858,6]
	[2638,4]
	[1684,2]
	[1649,1]
	[1253,10]
	[1087,5]
	[860,3]
	[263,10]
	[65,8]
	[3499,4]
	[2341,7]
	[2146,3]
	[1948,1]
	[559,4]
	[3201,2]
	[1615,6]
	[1583,2]
	[1417,5]
	[1187,8]
	[427,4]
	[228,2]
	[197,17]
	[3461,1]
	[3267,5]
	[2641,2]
	[2473,5]
	[2047,3]
	[1680,1]
	[856,3]
	[-4370,195]
	[3925,1]
	[2937,3]
	[2737,4]
	[2537,1]
	[1318,2]
	[1122,1]
	[4151,1]
	[3795,6]
	[3595,1]
	[3002,1]
	[1784,1]
	[988,2]
	[593,8]
	[3232,3]
	[3067,4]
	[2242,4]
	[1652,3]
	[1454,2]
	[1252,3]
	[659,8]
	[3136,3]
	[2935,4]
	[1717,3]
	[1718,1]
	[1551,1]
	[1319,5]
	[1153,3]
	[131,13]
	[3364,3]
	[2805,3]
	[2801,1]
	[1582,2]
	[1388,4]
	[1419,1]
	[3066,4]
	[2869,6]
	[2077,5]
	[1846,5]
	[1483,4]
	[3726,3]
	[3132,2]
	[2112,3]
	[955,2]
	[329,14]
	[3001,6]
	[3000,2]
	[2575,3]
	[2407,8]
	[2374,3]
	[1816,2]
	[792,1]
	[198,2]
	[3861,2]
	[1648,1]
	[1450,6]
	[1054,2]
	[4258,6]
	[461,9]
	[3924,5]
	[2704,5]
	[4154,1]
	[3597,3]
	[2572,7]
	[1386,1]
	[3660,3]
	[2836,2]
	[2639,1]
	[1453,2]
	[462,1]
	[266,1]
	[4078,1]
	[3330,5]
	[2144,3]
	[2110,3]
	[1121,2]
	[926,1]
	[725,8]
	[527,12]
	[2971,3]
	[2276,1]
	[1055,4]
	[3528,4]
	[2902,2]
	[2739,1]
	[3397,3]
	[3003,2]
	[2377,2]
	[2209,5]
	[1978,5]
	[992,2]
	[790,1]
	[3235,1]
	[3265,2]
	[2275,7]
	[1849,2]
	[857,9]
	[662,2]
	[4122,1]
	[3532,1]
	[2540,2]
	[1747,5]
	[724,2]
	[1781,2]
	[1218,1]
	[4058,1]
	[2440,3]
	[1879,8]
	[1681,3]
	[1058,2]
	[3927,9]
	[2340,1]
	[1321,3]
	[4143,1]
	[3562,5]
	[1586,1]
	[1584,1]
	[395,9]
	[3433,2]
	[3035,1]
	[2872,1]
	[691,3]
	[3301,1]
	[2539,6]
	[1714,4]
	[1120,2]
	[3168,2]
	[2176,5]
	[1385,4]
	[3462,7]
	[3135,3]
	[2308,3]
	[3993,4]
	[3958,2]
	[2803,1]
	[2604,1]
	[1618,1]
	[1585,1]
	[1384,4]
	[4024,1]
	[1847,4]
	[2934,1]
	[2113,1]
	[3991,2]
	[3959,1]
	[1255,1]
	[661,1]
	[493,1]
	[2143,3]
	[1715,3]
	[1520,1]
	[1519,1]
	[1549,3]
	[3598,1]
	[3399,2]
	[3396,4]
	[3004,2]
	[2014,1]
	[990,1]
	[199,1]
	[3233,1]
	[3334,1]
	[1352,1]
	[1813,5]
	[791,6]
	[4056,3]
	[3268,1]
	[2868,1]
	[2670,3]
	[2278,2]
	[3729,6]
	[757,5]
	[2080,2]
	[1486,1]
	[265,1]
	[3730,1]
	[3333,4]
	[728,2]
	[2802,2]
	[1186,2]
	[626,1]
	[196,1]
	[3037,2]
	[2674,2]
	[4084,1]
	[2770,3]
	[2605,7]
	[794,1]
	[3069,2]
	[1850,1]
	[460,2]
	[3496,2]
	[2938,1]
	[2538,2]
	[3367,1]
	[2273,1]
	[1088,1]
	[4071,1]
	[1916,1]
	[4170,1]
	[3166,2]
	[3631,2]
	[3697,2]
	[3133,2]
	[2707,1]
	[1516,1]
	[1351,1]
	[526,1]
	[3199,3]
	[4072,1]
	[2773,1]
	[3034,1]
	[2870,1]
	[2245,1]
	[1651,2]
	[4107,1]
	[2509,1]
	[1946,1]
	[690,1]
	[2541,1]
	[1322,1]
	[3197,1]
	[2968,1]
	[592,1]
	[2045,1]
	[1285,1]
	[2179,2]
	[398,1]
	[1056,1]
	[658,1]
	[3103,3]
	[1517,3]
	[3793,1]
	[3169,1]
	[2606,1]
	[2406,1]
	[991,1]
	[3266,1]
	[4255,1]
	[1057,1]
	[4064,1]
	[530,1]
	[2871,1]
	[2506,1]
	[2608,1]
	[1981,1]
	[596,1]
	[394,1]
	[2839,1]
	[3794,1]
	[2012,1]
	[1913,1]
	[2576,1]
	[2476,1]
	[4109,1]
	[2905,1]
	[133,1]
	[4136,1]
	[3263,1]
	[2044,1]
	[1878,1]

1636,
	[7,236]
	[4,14004]
	[6,1169]
	[3,238]
	[5,66]
	[8,18]
	[-4370,36]
	[9,1]

1640,
	[7,222]
	[4,14502]
	[6,213]
	[8255,752]
	[8192,15]
	[8221,1]
	[8223,44]
	[8252,9]
	[8248,1]
	[8199,1]
	[11626,1]
	[12339,1]
	[8225,19]
	[8208,1]
	[8227,1]
	[12868,1]
	[8204,1]
	[8253,14]
	[12744,2]
	[8194,1]
	[8251,1]
	[8254,13]
	[8249,1]
	[8243,2]
	[8247,1]
	[8479,1]
	[8219,1]
	[12163,1]
	[12269,1]
	[8239,1]
	[9709,1]
	[8578,1]
	[10967,1]
	[11059,1]
	[8212,1]
	[8256,1]
	[13119,1]
	[8234,1]
	[8524,1]
	[8210,1]
	[9973,1]
	[8206,1]
	[12439,1]
	[11589,1]
	[8220,1]
	[8250,1]
	[8246,1]
	[10708,1]
	[10159,1]
	[9889,1]
	[10519,1]
	[13006,1]
	[8764,1]
	[11381,1]
	[12776,1]
	[11889,1]
	[12984,1]
	[8245,1]
	[9379,1]
	[12117,1]
	[8241,1]
	[8207,1]
	[13650,1]
	[8213,1]
	[9145,1]
	[8961,1]
	[11979,1]
	[8236,1]
	[10525,1]
	[8166,1]

1644,
	[7,246]
	[4,14087]
	[6,1181]
	[8,18]
	[5,25]
	[9,1]

1668,
	[2,226]
	[3,214]
	[5,16]
	[7056,1]
	[7031,1]
	[6265,1]
	[5989,1]
	[7022,1]
	[4272,1]
	[7046,1]
	[5054,1]
	[7017,1]
	[6173,1]
	[7029,1]
	[5099,1]
	[7044,1]
	[5759,1]
	[7027,1]
	[7011,1]
	[4134,1]

1760,
	[2,270]
	[1,253]
	[11,14]
	[2309,99]
	[4,258]
	[2298,15]
	[14,16]
	[2296,12]
	[2303,14]
	[5,21]
	[2313,315]
	[17,3]
	[2302,13]
	[9,22]
	[2311,68]
	[7,18]
	[2306,45]
	[12,20]
	[8,15]
	[2314,12]
	[2255,1]
	[16,19]
	[3,17]
	[2301,15]
	[2307,27]
	[10,14]
	[2304,10]
	[2253,7]
	[13,21]
	[6,19]
	[2295,4]
	[2250,2]
	[2312,119]
	[2316,1]
	[15,9]
	[2310,51]
	[2249,3]
	[2299,16]
	[-4370,1]
	[2305,15]
	[2300,12]
	[2308,40]
	[2297,8]
	[2292,2]
	[2252,3]
	[2294,5]
	[2251,2]
	[2266,13]
	[2264,6]
	[2257,1]
	[2293,2]
	[2247,1]

1756,
	[2309,2347]
	[2313,6279]
	[2311,1643]
	[2312,1883]
	[-4370,959]
	[2307,474]
	[2314,9]
	[2308,425]
	[2306,475]
	[2310,700]
	[2266,217]
	[2267,3]
	[2264,111]
	[144730,1]

1780,
	[68,124]
	[3,225]
	[69,43]
	[70,46]
	[35,5]
	[71,32]
	[19,3]
	[55,3]
	[56,4]
	[2,3]
	[18,4]
	[17,2]
	[36,2]

1744,
	[3,2]

1816,
	[3,5]
	[1,9]
	[3009,1]

1832,
	[2,4]
	[2673,1]

1876,
	[2,230]
	[1,205]
	[3,224]
	[4,14]
	[-4370,889]

1880,
	[2,234]
	[438,830]
	[1,236]
	[3,214]
	[440,23]
	[346,1]
	[391,52]
	[439,20]
	[437,12]
	[1908,1]
	[2358,1]
	[468,1]
	[393,17]
	[394,2]
	[392,14]
	[3855,2]
	[1936,1]
	[3795,1]
	[3165,1]
	[1279,1]
	[3765,1]
	[499,1]
	[3766,1]
	[2328,1]
	[3345,1]
	[2086,1]
	[2868,1]
	[1426,1]
	[4,6]
	[2013,1]
	[3977,1]
	[1098,1]
	[3016,1]
	[2266,1]
	[3436,1]
	[1906,2]
	[1158,1]
	[2176,1]
	[3256,1]
	[649,1]
	[1336,1]

1900,
	[2,483]
	[86,2]
	[77,1]
	[8,1]
	[117,1]
	[101,2]
	[37,1]
	[82,1]
	[105,1]
	[59,2]
	[79,1]
	[113,1]
	[30,1]
	[89,1]
	[73,1]
	[65,1]
	[121,1]
	[1923,1]
	[33,1]
	[74,1]
	[94,1]
	[78,1]
	[102,2]
	[91,1]
	[9,1]
	[112,1]
	[20,2]
	[111,1]

len(carl_order):
53
Printing carl assignment order:
1816,1,0.6
1900,2,0.46893203883495144
1816,3,0.4166666666666667
1832,2,0.4
1668,3,0.3688181056160939
1744,3,0.3333333333333333
1668,5,0.24242424242424243
1644,9,0.23776629886603295
1636,8,0.2377505063023305
1640,4,0.22852190356129845
1628,4,0.20261032660084013
1628,6,0.16448079000154298
1876,3,0.16287691547207117
1880,3,0.1566292649416075
1780,3,0.15353535353535352
1628,7,0.14285714285714285
1760,2,0.14192672998643147
1640,7,0.11222910216718267
1760,4,0.09565217391304348
1632,4,0.04716981132075472
1636,9,0.02702702702702703
1760,5,0.017933390264730998
1760,6,0.01652173913043478
1760,9,0.016457211250748054
1760,13,0.016373991457047935
1760,14,0.015888778550148957
1780,71,0.01587113585218524
1876,4,0.015503875968992248
1760,16,0.01419158641662443
1900,121,0.012965286491007947
1880,4,0.005958291956305859
1760,17,0.003115264797507788
1880,440,0.0022554382541839424
1880,468,0.0011904761904761906
1880,499,0.0011123470522803114
1628,8,0.0010683760683760685
1900,1923,0.0005549389567147614
1880,3977,0.0005003931660590464
1760,2316,0.00043616523885845685
1756,2314,0.0004060562200810217
1832,2673,0.00037439161362785476
1816,3009,0.00033266799733865603
1632,4258,0.0003324566275570885
1668,7056,0.00016046364554524604
1640,13650,0.00011976207096496353
1628,8254,6.363682715731763e-05
1628,8302,2.3434570678665168e-05
1628,8388,1.3094489838675884e-05
1628,11716,7.179006124717797e-06
1628,13344,3.5509270405224694e-06
1628,13694,3.318400530944085e-06
1756,144730,7.314253080178257e-09
1628,185021,6.7869670143901344e-09
bin_width: 4483057
assigning lease 1 to address 1816
Average Cache Occupancy Per Bin: [0.0,0.0,0.0,0.0,0.00]
Total cost: 0
assigning lease 2 to address 1900
Average Cache Occupancy Per Bin: [0.0,0.0,0.0,0.0,0.05]
Total cost: 0
assigning lease 3 to address 1816
Average Cache Occupancy Per Bin: [0.0,0.0,0.0,0.0,0.06]
Total cost: 0
assigning lease 2 to address 1832
Average Cache Occupancy Per Bin: [0.0,0.0,0.0,0.0,0.06]
Total cost: 0
assigning lease 3 to address 1668
Average Cache Occupancy Per Bin: [0.01,0.01,0.02,0.01,0.06]
Total cost: 74752.0
assigning lease 3 to address 1744
Average Cache Occupancy Per Bin: [0.01,0.01,0.02,0.01,0.06]
Total cost: 74752.0
assigning lease 5 to address 1668
Average Cache Occupancy Per Bin: [0.01,0.01,0.02,0.01,0.06]
Total cost: 77312.0
assigning lease 9 to address 1644
Average Cache Occupancy Per Bin: [1.00,1.02,1.01,0.76,0.06]
Total cost: 4502016.0
assigning lease 8 to address 1636
Average Cache Occupancy Per Bin: [2.03,2.02,2.01,1.50,0.06]
Total cost: 9101312.0
assigning lease 4 to address 1640
Average Cache Occupancy Per Bin: [3.00,2.98,2.99,2.22,0.06]
Total cost: 13462528.0
assigning lease 4 to address 1628
Average Cache Occupancy Per Bin: [3.96,3.97,3.97,2.98,0.06]
Total cost: 17761024.0
assigning lease 6 to address 1628
Average Cache Occupancy Per Bin: [4.05,4.07,4.07,3.06,0.06]
Total cost: 18157824.0
assigning lease 3 to address 1876
Average Cache Occupancy Per Bin: [4.05,4.07,4.07,3.06,0.29]
Total cost: 18157824.0
assigning lease 3 to address 1880
Average Cache Occupancy Per Bin: [4.05,4.07,4.07,3.06,0.54]
Total cost: 18157824.0
assigning lease 3 to address 1780
Average Cache Occupancy Per Bin: [4.05,4.07,4.07,3.08,0.60]
Total cost: 18157824.0
assigning lease 7 to address 1628
Average Cache Occupancy Per Bin: [4.07,4.11,4.10,3.10,0.60]
Total cost: 18285824.0
assigning lease 2 to address 1760
Average Cache Occupancy Per Bin: [4.07,4.11,4.10,3.16,0.76]
Total cost: 18285824.0
assigning lease 7 to address 1640
Average Cache Occupancy Per Bin: [4.13,4.17,4.16,3.20,0.76]
Total cost: 18542080.0
assigning lease 4 to address 1760
Average Cache Occupancy Per Bin: [4.13,4.17,4.16,3.24,0.88]
Total cost: 18542080.0
assigning lease 4 to address 1632
Average Cache Occupancy Per Bin: [4.22,4.25,4.24,3.31,0.88]
Total cost: 18925056.0
assigning lease 9 to address 1636
Average Cache Occupancy Per Bin: [4.22,4.25,4.24,3.31,0.88]
Total cost: 18926080.0
assigning lease 5 to address 1760
Average Cache Occupancy Per Bin: [4.22,4.25,4.24,3.33,0.93]
Total cost: 18926080.0
assigning lease 6 to address 1760
Average Cache Occupancy Per Bin: [4.22,4.25,4.24,3.34,0.98]
Total cost: 18926080.0
assigning lease 9 to address 1760
Average Cache Occupancy Per Bin: [4.22,4.25,4.24,3.39,1.13]
Total cost: 18926080.0
assigning lease 13 to address 1760
Average Cache Occupancy Per Bin: [4.22,4.25,4.24,3.45,1.31]
Total cost: 18926080.0
assigning lease 14 to address 1760
Average Cache Occupancy Per Bin: [4.22,4.25,4.24,3.46,1.35]
Total cost: 18926080.0
assigning lease 71 to address 1780
Average Cache Occupancy Per Bin: [4.22,4.25,4.24,3.63,2.15]
Total cost: 18926080.0
assigning lease 4 to address 1876
Average Cache Occupancy Per Bin: [4.22,4.25,4.24,3.63,2.20]
Total cost: 18926080.0
assigning lease 16 to address 1760
Average Cache Occupancy Per Bin: [4.22,4.25,4.24,3.66,2.28]
Total cost: 18926080.0
assigning lease 121 to address 1900
Average Cache Occupancy Per Bin: [4.22,4.25,4.24,3.66,2.42]
Total cost: 18926080.0
assigning lease 4 to address 1880
Average Cache Occupancy Per Bin: [4.22,4.25,4.24,3.66,2.48]
Total cost: 18926080.0
assigning lease 17 to address 1760
Average Cache Occupancy Per Bin: [4.22,4.25,4.24,3.67,2.52]
Total cost: 18926080.0
assigning lease 440 to address 1880
Average Cache Occupancy Per Bin: [4.22,4.25,4.24,3.67,27.1]
Total cost: 18926080.0
assigning lease 468 to address 1880
Average Cache Occupancy Per Bin: [4.22,4.25,4.24,3.67,27.1]
Total cost: 18926080.0
assigning lease 499 to address 1880
Average Cache Occupancy Per Bin: [4.22,4.25,4.24,3.67,27.2]
Total cost: 18926080.0
assigning lease 8 to address 1628
Average Cache Occupancy Per Bin: [4.24,4.28,4.27,3.70,27.2]
Total cost: 19034368.0
assigning lease 1923 to address 1900
Average Cache Occupancy Per Bin: [4.24,4.28,4.27,3.70,27.3]
Total cost: 19034368.0
assigning lease 3977 to address 1880
Average Cache Occupancy Per Bin: [4.24,4.28,4.27,3.70,30.5]
Total cost: 19034368.0
assigning lease 2316 to address 1760
Average Cache Occupancy Per Bin: [4.24,4.28,4.27,35.3,124.]
Total cost: 19034368.0
addr: 1756 ri: 2314
bin target: 2295325184
	bin: 3.0 current capacity: 35.35147735128061  avg impact: 492.47857789896494
	bin: 4.0 current capacity: 124.41070635506084  avg impact: 1555.945361390676
num_full_bins: 0
printing bin ranks sorted:
	bin: 4.0 rank: 0.24910212354662556
	selecting this^ bin
	bin: 3.0 rank: 0.9678563576962464
acceptable_ratio: 0.24910212354662556
Assigning 1756 dual lease lease 2314 * 0.24910212354662556. Bin saturation: [4.24,4.28,4.27,158.,512.]
addr: 1832 ri: 2673
bin target: 2295325184
	bin: 4.0 current capacity: 512.0  avg impact: 0.15252449388887984
num_full_bins: 1
printing bin ranks sorted:
	bin: 4.0 rank: 0.0
acceptable_ratio: 0
addr: 1816 ri: 3009
bin target: 2295325184
	bin: 4.0 current capacity: 512.0  avg impact: 0.17165429750279776
num_full_bins: 1
printing bin ranks sorted:
	bin: 4.0 rank: 0.0
acceptable_ratio: 0
assigning lease 4258 to address 1632
Average Cache Occupancy Per Bin: [46.2,43.4,44.1,195.,512.]
Total cost: 207465472.0
assigning lease 7056 to address 1668
Average Cache Occupancy Per Bin: [47.4,44.8,45.9,197.,512.]
Total cost: 212671744.0
assigning lease 13650 to address 1640
Average Cache Occupancy Per Bin: [158.,167.,160.,291.,512.]
Total cost: 711085824.0
assigning lease 8254 to address 1628
Average Cache Occupancy Per Bin: [357.,412.,398.,489.,512.]
Total cost: 1603676416.0
assigning lease 8302 to address 1628
Average Cache Occupancy Per Bin: [358.,412.,399.,490.,512.]
Total cost: 1605789952.0
assigning lease 8388 to address 1628
Average Cache Occupancy Per Bin: [359.,413.,400.,491.,512.]
Total cost: 1609554688.0
addr: 1628 ri: 11716
bin target: 2295325184
	bin: 3.0 current capacity: 491.55552111072643  avg impact: 41.51669898464374
	bin: 4.0 current capacity: 512.0  avg impact: 0.0
num_full_bins: 1
printing bin ranks sorted:
	bin: 3.0 rank: 0.4924398950127412
acceptable_ratio: 0
addr: 1628 ri: 13344
bin target: 2295325184
	bin: 3.0 current capacity: 491.55552111072643  avg impact: 61.47359536137952
	bin: 4.0 current capacity: 512.0  avg impact: 0.0
num_full_bins: 1
printing bin ranks sorted:
	bin: 3.0 rank: 0.3325733393189116
acceptable_ratio: 0
addr: 1628 ri: 13694
bin target: 2295325184
	bin: 3.0 current capacity: 491.55552111072643  avg impact: 65.73069046411857
	bin: 4.0 current capacity: 512.0  avg impact: 0.0
num_full_bins: 1
printing bin ranks sorted:
	bin: 3.0 rank: 0.311033989524785
acceptable_ratio: 0
addr: 1756 ri: 144730
bin target: 2295325184
	bin: 3.0 current capacity: 491.55552111072643  avg impact: 1915.667442104796
	bin: 4.0 current capacity: 512.0  avg impact: 7939.963980828261
num_full_bins: 1
printing bin ranks sorted:
	bin: 4.0 rank: 0.0
	bin: 3.0 rank: 0.010672248449767793
acceptable_ratio: 0
addr: 1628 ri: 185021
bin target: 2295325184
	bin: 0.0 current capacity: 359.030609693341  avg impact: 1695.168588755396
	bin: 1.0 current capacity: 413.86433587616665  avg impact: 2381.1951532179937
	bin: 2.0 current capacity: 400.5438824445016  avg impact: 2452.4455629272616
	bin: 3.0 current capacity: 491.55552111072643  avg impact: 2149.6030695126115
	bin: 4.0 current capacity: 512.0  avg impact: 0.0
num_full_bins: 1
printing bin ranks sorted:
	bin: 3.0 rank: 0.009510815824201909
	bin: 1.0 rank: 0.04121277669795812
	bin: 2.0 rank: 0.04544692825820091
	bin: 0.0 rank: 0.09023845257713876
acceptable_ratio: 0
Final saturation:
	0.0,1609554688.0
	1.0,1855377408.0
	2.0,1795661056.0
	3.0,2203671419.80409
	4.0,2295325184.0
DUMP LEASES
0, 65c, 20c4, 0, 1 
0, 660, 10a2, 0, 1 
0, 664, 9, 0, 1 
0, 668, 3552, 0, 1 
0, 66c, 9, 0, 1 
0, 684, 1b90, 0, 1 
0, 6e0, 90c, 0, 1 
0, 6dc, 1, 90a, 0.7508978764533745 
0, 6f4, 47, 0, 1 
0, 6d0, 3, 0, 1 
0, 718, 3, 0, 1 
0, 728, 2, 0, 1 
0, 754, 4, 0, 1 
0, 758, f89, 0, 1 
0, 76c, 783, 0, 1 
Dump dual leases

