Dump predicted miss count (no contention misses): 405537673
Dump formated leases
0, 5b0, 1, 0, 1
0, 5c8, 1, 0, 1
0, 5cc, 1, 0, 1
0, 5d0, 3b1, 0, 1
0, 5f8, 6, 0, 1
0, 5fc, 344, 0, 1
0, 604, a, 1b3dc, 0.7704984571353257
0, 60c, a, 0, 1
0, 614, a, 0, 1
0, 618, 3, 0, 1
0, 62c, 1b3dc, 0, 1
0, 650, a, 0, 1
0, 678, 1, 0, 1
0, 690, 1, 0, 1
0, 694, 1, 0, 1
0, 698, 3b1, 0, 1
0, 6c0, 6, 0, 1
0, 6c4, 344, 0, 1
0, 6cc, a, 0, 1
0, 6d4, a, 0, 1
0, 6dc, a, 0, 1
0, 6e0, 3, 0, 1
0, 6f4, 1b3dc, 0, 1
0, 718, a, 0, 1
