sample rate: 0.00390625
5672,
	[70,13]
	[68,1]
	[69,151]
	[71,10]
	[91724,1]
	[32,1600]
	[30,3475]
	[33,312]
	[31,2171]
	[835,34]
	[1200,28]
	[618,23]
	[1144,15]
	[1231,30]
	[279,48]
	[280,3]
	[462,38]
	[12,50]
	[1201,24]
	[816,1]
	[796,18]
	[897,2]
	[34,100]
	[1106,21]
	[22,8]
	[1234,1]
	[797,32]
	[92,36]
	[93,19]
	[1228,2]
	[1105,21]
	[495,2]
	[463,5]
	[35,27]
	[20,33]
	[836,19]
	[21,13]
	[892,3]
	[1145,35]
	[1230,20]
	[13,12]
	[619,23]
	[809,1]
	[1107,15]
	[36,37]
	[23,1]
	[889,2]
	[1221,1]
	[895,1]
	[820,1]
	[1198,1]
	[97,1]
	[817,1]
	[1229,1]
	[887,1]
	[15572,5]
	[1108,1]
	[1227,1]
	[1142,2]
	[1253,1]
	[14752,1]
	[622,1]
	[812,1]
	[1267,1]
	[840,1]
	[894,1]
	[1181,1]
	[1239,1]
	[1199,3]
	[798,6]
	[14,2]
	[855,1]
	[1176,1]
	[2124,1]
	[461,6]
	[1116,1]
	[37,5]
	[1265,1]
	[888,1]
	[1163,2]
	[15566,1]
	[617,1]
	[799,1]
	[1143,1]
	[29,3]
	[1135,1]
	[2038,1]
	[1166,1]
	[805,1]
	[1210,2]
	[287,1]
	[1232,1]
	[1938,1]
	[822,1]
	[854,1]
	[1134,2]
	[1168,2]
	[898,1]
	[15569,1]
	[806,2]
	[478,1]
	[1154,1]
	[1203,1]
	[2121,1]
	[295,1]
	[1258,1]
	[471,1]
	[625,1]
	[623,1]
	[833,1]
	[1269,1]
	[477,1]
	[475,1]
	[826,1]
	[896,1]
	[845,1]
	[872,1]
	[837,2]
	[95,1]
	[14757,1]
	[1240,1]
	[2123,1]
	[1259,1]
	[1249,1]
	[1172,1]
	[483,1]
	[15560,1]
	[815,1]
	[843,1]

5852,
	[69,137]
	[15,59]
	[68,3]
	[24,101]
	[45,2]
	[71,6]
	[54,7]
	[70,9]
	[72,1]
	[55,1]
	[32,2811]
	[20,103]
	[17,2170]
	[1940,26]
	[14,595]
	[30,5869]
	[31,8160]
	[1979,9]
	[622,1]
	[29,1217]
	[13,3155]
	[462,45]
	[33,1162]
	[18,877]
	[1937,4]
	[1941,164]
	[1960,6]
	[38,43]
	[23,651]
	[19,737]
	[35,114]
	[216,10]
	[796,17]
	[34,214]
	[1184,1]
	[279,98]
	[805,75]
	[1950,9]
	[1942,137]
	[1938,2]
	[787,1]
	[1187,1]
	[806,36]
	[619,25]
	[39,64]
	[16,14]
	[1981,6]
	[288,2]
	[36,30]
	[769,22]
	[1323,22]
	[894,45]
	[1136,38]
	[577,1]
	[217,102]
	[1968,2]
	[768,26]
	[1966,1]
	[893,36]
	[1201,21]
	[1145,39]
	[554,82]
	[1200,24]
	[220,2]
	[1049,6]
	[889,2]
	[555,30]
	[579,2]
	[618,27]
	[277,2]
	[1147,3]
	[280,12]
	[2025,1]
	[1969,23]
	[1048,26]
	[1227,2]
	[1171,33]
	[1970,17]
	[1939,2]
	[1977,2]
	[1182,3]
	[1137,31]
	[6,33]
	[570,1]
	[778,3]
	[287,1]
	[1170,34]
	[1044,1]
	[461,9]
	[1980,3]
	[896,6]
	[1967,2]
	[797,24]
	[30898,2]
	[1135,15]
	[1965,3]
	[1144,20]
	[1018,1]
	[1209,3]
	[1964,2]
	[814,1]
	[471,2]
	[433,2]
	[27,3]
	[842,3]
	[1324,9]
	[683,1]
	[2835,2]
	[1944,3]
	[43,1]
	[892,6]
	[798,8]
	[1350,2]
	[1169,10]
	[1954,1]
	[3175,1]
	[21,11]
	[1156,1]
	[2839,4]
	[40,21]
	[1174,2]
	[895,4]
	[808,2]
	[564,2]
	[488,1]
	[1322,12]
	[1229,1]
	[815,1]
	[3879,1]
	[1963,5]
	[477,3]
	[1978,5]
	[2213,2]
	[795,1]
	[828,1]
	[2831,2]
	[230,1]
	[1949,2]
	[1232,2]
	[246,1]
	[1961,4]
	[93,1]
	[1159,1]
	[1047,16]
	[915,1]
	[615,1]
	[898,6]
	[917,1]
	[25,2]
	[803,3]
	[1948,3]
	[779,3]
	[1943,3]
	[1199,10]
	[2092,1]
	[1231,2]
	[1234,3]
	[30892,1]
	[569,1]
	[809,1]
	[890,7]
	[1075,1]
	[226,1]
	[2088,1]
	[1179,2]
	[3169,3]
	[897,2]
	[1194,1]
	[813,1]
	[37,17]
	[628,2]
	[1138,2]
	[1183,1]
	[3178,1]
	[824,3]
	[1192,1]
	[1958,1]
	[2062,1]
	[229,2]
	[2554,1]
	[1236,5]
	[811,2]
	[30900,1]
	[1946,1]
	[1951,4]
	[30895,1]
	[122,1]
	[1132,1]
	[22,1]
	[931,1]
	[1154,2]
	[812,1]
	[1956,2]
	[617,2]
	[902,1]
	[818,1]
	[28,3]
	[553,1]
	[891,1]
	[1220,1]
	[1945,1]
	[790,1]
	[41,2]
	[914,1]
	[227,1]
	[1143,1]
	[2215,1]
	[1148,1]
	[623,2]
	[899,3]
	[1189,2]
	[1204,2]
	[616,2]
	[1066,1]
	[92,1]
	[888,1]
	[478,1]
	[2832,3]
	[1345,1]
	[2042,1]
	[1149,1]
	[432,1]
	[804,1]
	[1021,1]
	[1230,1]
	[1957,1]
	[637,1]
	[563,2]
	[770,3]
	[640,1]
	[2836,2]
	[2840,1]
	[285,1]
	[1955,1]
	[625,2]
	[1067,2]
	[1019,1]
	[26,1]
	[2833,1]
	[343,1]
	[1172,1]
	[807,1]
	[833,1]
	[1161,2]
	[900,1]
	[816,1]
	[219,1]
	[1165,1]
	[620,1]
	[1953,1]
	[2838,2]
	[223,2]
	[2830,1]
	[1233,1]
	[1157,1]
	[591,1]
	[1167,1]
	[1188,1]
	[1237,2]
	[932,2]
	[1153,1]
	[1084,1]
	[843,1]
	[572,2]
	[2829,2]
	[1212,1]
	[905,1]
	[94,1]
	[460,1]
	[791,1]
	[1327,2]
	[299,1]
	[1238,1]
	[560,1]
	[830,1]
	[1071,2]
	[844,1]
	[3176,1]
	[1207,1]
	[1962,1]
	[1085,1]
	[831,1]
	[1329,1]
	[1050,1]
	[903,1]
	[429,1]
	[908,1]
	[1196,1]
	[2837,1]
	[222,1]
	[1340,1]
	[957,1]
	[1208,1]
	[1070,1]
	[1974,1]
	[1069,1]
	[1331,1]

9188,
	[68,1]
	[69,29]
	[70,3]
	[15582,1]
	[34,4]
	[31,30]
	[32,16]
	[33,13]
	[15590,2]
	[56583,2]
	[56575,1]
	[5169,1]
	[14781,1]
	[5171,1]
	[4918,1]
	[4919,1]
	[56585,1]
	[56579,1]
	[56589,1]

7644,
	[71,3]
	[69,60]
	[70,6]
	[35,16]
	[32,608]
	[17,1076]
	[31,1379]
	[30,1053]
	[33,250]
	[8,75]
	[14,2892]
	[18,633]
	[16,1236]
	[19,196]
	[7,655]
	[15,181]
	[34,36]
	[22,120]
	[29,238]
	[20,19]
	[1499,2]
	[1476,20]
	[1942,15]
	[1475,30]
	[466,43]
	[37,4]
	[1941,21]
	[1937,1]
	[1504,3]
	[474,1]
	[9,4]
	[2834,1]
	[465,9]
	[3169,1]
	[1514,1]
	[36,4]
	[772,1]
	[2707,1]
	[1981,2]
	[1938,1]
	[1969,3]
	[1491,1]
	[1972,1]
	[468,1]
	[24,2]
	[464,1]
	[1950,2]
	[892,1]
	[1960,1]
	[1483,1]
	[3171,1]
	[2364,2]
	[1939,1]
	[430,1]
	[1968,2]
	[2369,1]
	[3175,1]
	[2365,1]
	[1485,1]
	[1473,2]
	[1513,1]
	[890,1]
	[1232,1]
	[23,3]
	[1979,2]
	[1497,1]
	[891,1]
	[38,1]
	[1964,1]
	[1471,1]
	[1484,2]
	[1967,1]
	[1980,1]

7740,
	[67,1]
	[69,8]
	[71,1]
	[16,910]
	[14,1747]
	[30883,2]
	[17,596]
	[18,352]
	[15,140]
	[19,77]
	[20,14]
	[21,2]
	[22,1]
	[30881,1]

1368,
	[66,9]
	[69,5]
	[10,374]
	[17,860]
	[15,515]
	[16,618]
	[4,3]
	[11,1245]
	[13,915]
	[14,2148]
	[12,304]
	[18,276]
	[21,2]
	[19,56]
	[30672,1]
	[20,2]
	[30669,1]

1376,
	[69,8]
	[70,1]
	[32,395]
	[30,1014]
	[31,550]
	[34,22]
	[33,105]
	[29,83]
	[35,12]
	[28,20]
	[36,4]
	[9,1]
	[38,1]
	[1,1]
	[14,1]
	[37,1]

5480,
	[69,36]
	[71,2]
	[70,2]
	[17,3898]
	[19,1167]
	[30,4973]
	[33,637]
	[13,5298]
	[32,1972]
	[31,3872]
	[14,3948]
	[18,2543]
	[16,1824]
	[15,370]
	[34,147]
	[20,279]
	[36,19]
	[21,20]
	[37,7]
	[35,38]
	[22,2]
	[29,3]
	[28,1]
	[30884,1]

1416,
	[3,3871]
	[69,4]
	[71,1]
	[70,2]
	[4,48]
	[17,1001]
	[14,1192]
	[18,299]
	[15,303]
	[16,578]
	[13,384]
	[30885,2]
	[20,2]
	[19,69]
	[21,2]
	[5,23]
	[30883,2]
	[30887,1]
	[14791,1]

1480,
	[3,3870]
	[16,687]
	[14,1230]
	[17,984]
	[5,20]
	[13,370]
	[18,234]
	[15,275]
	[19,69]
	[4,54]
	[20,5]
	[14799,1]
	[21,2]

1432,
	[11,1209]
	[17,884]
	[14,2146]
	[16,637]
	[13,989]
	[10,352]
	[15,519]
	[12,299]
	[18,216]
	[20,3]
	[19,78]
	[21,1]
	[30693,1]
	[30689,1]
	[4,1]

1440,
	[31,580]
	[32,362]
	[30,981]
	[33,104]
	[29,85]
	[35,9]
	[34,25]
	[1,1]
	[15,2]
	[14,3]
	[28,19]
	[15838,2]
	[36,1]
	[8,1]
	[9,1]
	[15841,1]
	[15835,1]
	[15837,1]

1436,
	[30647,22]
	[30649,15]
	[30619,13]
	[30623,12]
	[30612,9]
	[30654,13]
	[30646,18]
	[30642,15]
	[30641,5]
	[30634,5]
	[30622,13]
	[30644,15]
	[30657,8]
	[30611,9]
	[30645,14]
	[30620,16]
	[30616,14]
	[30632,1]
	[30615,12]
	[30650,11]
	[30624,11]
	[30636,4]
	[30613,9]
	[30614,13]
	[30626,8]
	[30652,4]
	[30618,7]
	[30648,16]
	[30627,7]
	[30643,11]
	[30658,4]
	[30640,7]
	[30621,6]
	[30617,12]
	[30653,10]
	[30629,5]
	[30638,4]
	[30628,6]
	[30607,6]
	[30659,5]
	[30651,7]
	[30631,2]
	[30609,5]
	[30610,5]
	[30596,1]
	[30661,2]
	[30656,6]
	[30625,19]
	[30604,2]
	[30662,2]
	[30592,2]
	[30639,6]
	[30635,3]
	[30637,6]
	[30608,2]
	[30655,8]
	[30633,1]
	[30660,1]
	[30603,1]
	[30598,1]
	[30589,1]
	[30591,1]
	[30630,1]

1372,
	[30648,10]
	[30620,7]
	[30646,10]
	[30606,5]
	[30613,4]
	[30641,5]
	[30622,12]
	[30612,9]
	[30647,19]
	[30626,8]
	[30628,2]
	[30652,13]
	[30616,8]
	[30657,3]
	[30635,5]
	[30633,6]
	[30632,6]
	[30603,2]
	[30655,9]
	[30651,10]
	[30638,11]
	[30608,12]
	[30619,18]
	[30637,7]
	[30649,9]
	[30656,3]
	[30660,2]
	[30629,5]
	[30631,6]
	[30665,1]
	[30630,8]
	[30617,9]
	[30576,1]
	[30643,11]
	[30642,12]
	[30621,7]
	[30624,6]
	[30639,8]
	[30610,10]
	[30618,13]
	[30634,4]
	[30615,16]
	[30650,8]
	[30614,9]
	[30640,11]
	[30645,13]
	[30653,3]
	[30611,10]
	[30623,12]
	[30644,6]
	[30636,9]
	[30654,6]
	[30579,2]
	[30588,1]
	[30605,7]
	[30659,1]
	[30607,5]
	[30627,3]
	[30598,1]
	[30602,3]
	[30609,5]
	[30601,3]
	[30600,2]
	[30658,2]
	[30625,3]
	[30590,1]
	[30604,2]
	[30582,1]
	[30669,1]

7636,
	[11,10]
	[14,18]
	[12,27]
	[13,18]
	[30582,3]
	[15,5]

len(carl_order):
48
Printing carl assignment order:
1416,3,0.16574609291372297
1480,3,0.16536341494680168
1480,21,0.08173196905415522
1416,21,0.08109681308858076
7636,15,0.075
1432,21,0.072036145761713
1368,21,0.0719249103150032
7740,22,0.06432748538011696
7644,35,0.04745367797130191
5480,37,0.046898411973625126
5852,35,0.03432031396183588
1440,36,0.03249917780368942
1376,38,0.03235961637015887
1376,70,0.03214285714285714
5480,71,0.030303030303030304
5672,36,0.02908729525977951
1368,69,0.018893387314439947
9188,70,0.018230155715913406
5852,39,0.01795499591931911
7740,71,0.01620745542949757
7644,37,0.0149812734082397
1416,71,0.0109375
5852,40,0.01033464566929134
7644,71,0.008032128514056224
5672,71,0.006509474902357876
5672,93,0.004016944200993281
5852,71,0.002719590766341827
5672,1269,0.0012307569043681855
5852,3178,0.0009509974860948327
7644,3175,0.0007746844479055128
5672,2124,0.00037302297821545805
5852,3879,0.00023775558725630053
5672,15572,6.83657842922774e-05
1480,14799,6.766815536608472e-05
1440,15841,6.328392967889734e-05
9188,5171,5.641191983866191e-05
9188,15590,3.8694823599972915e-05
5852,30900,3.701291010304394e-05
1416,30887,3.554755077375169e-05
7636,30582,3.271501946543658e-05
1368,30672,3.267813669264578e-05
1372,30669,3.2647864794309264e-05
1436,30662,3.264438936459396e-05
1432,30693,3.2605151613955e-05
7740,30883,3.245558993443971e-05
5480,30884,3.2453834420536785e-05
9188,56589,2.4394805532741893e-05
5672,91724,1.3131631473894317e-05
bin_width: 6197028
assigning lease 3 to address 1416
Average Cache Occupancy Per Bin: [0.19,0.18,0.19,0.19,0.19]
Total cost: 1201920.0
assigning lease 3 to address 1480
Average Cache Occupancy Per Bin: [0.38,0.38,0.38,0.38,0.39]
Total cost: 2391552.0
assigning lease 21 to address 1480
Average Cache Occupancy Per Bin: [0.80,0.77,0.75,0.78,0.80]
Total cost: 4971008.0
assigning lease 21 to address 1416
Average Cache Occupancy Per Bin: [1.19,1.16,1.15,1.18,1.21]
Total cost: 7427840.0
assigning lease 15 to address 7636
Average Cache Occupancy Per Bin: [1.20,1.16,1.15,1.19,1.22]
Total cost: 7486464.0
assigning lease 21 to address 1432
Average Cache Occupancy Per Bin: [2.08,2.03,1.99,2.02,2.02]
Total cost: 12916480.0
assigning lease 21 to address 1368
Average Cache Occupancy Per Bin: [2.90,2.87,2.81,2.88,2.88]
Total cost: 17996032.0
assigning lease 22 to address 7740
Average Cache Occupancy Per Bin: [3.39,3.37,3.33,3.34,3.38]
Total cost: 21037824.0
assigning lease 35 to address 7644
Average Cache Occupancy Per Bin: [5.28,5.21,5.16,5.19,5.25]
Total cost: 32762624.0
assigning lease 37 to address 5480
Average Cache Occupancy Per Bin: [10.6,10.7,10.5,10.7,10.7]
Total cost: 65741568.0
assigning lease 35 to address 5852
Average Cache Occupancy Per Bin: [17.3,17.5,17.3,17.4,17.4]
Total cost: 107540224.0
assigning lease 36 to address 1440
Average Cache Occupancy Per Bin: [17.9,18.0,17.9,17.9,18.0]
Total cost: 111203584.0
assigning lease 38 to address 1376
Average Cache Occupancy Per Bin: [18.5,18.5,18.4,18.5,18.6]
Total cost: 114646016.0
assigning lease 70 to address 1376
Average Cache Occupancy Per Bin: [18.5,18.5,18.4,18.5,18.6]
Total cost: 114717696.0
assigning lease 71 to address 5480
Average Cache Occupancy Per Bin: [18.5,18.5,18.4,18.5,18.6]
Total cost: 115046912.0
assigning lease 36 to address 5672
Average Cache Occupancy Per Bin: [20.9,20.7,20.7,20.7,20.7]
Total cost: 130127360.0
assigning lease 69 to address 1368
Average Cache Occupancy Per Bin: [21.0,20.7,20.7,20.7,20.7]
Total cost: 130292480.0
assigning lease 70 to address 9188
Average Cache Occupancy Per Bin: [21.1,20.7,20.7,20.8,20.7]
Total cost: 131034880.0
assigning lease 39 to address 5852
Average Cache Occupancy Per Bin: [21.2,20.8,20.8,20.8,20.7]
Total cost: 131606528.0
assigning lease 71 to address 7740
Average Cache Occupancy Per Bin: [21.2,20.8,20.8,20.8,20.7]
Total cost: 131751936.0
assigning lease 37 to address 7644
Average Cache Occupancy Per Bin: [21.2,20.8,20.8,20.8,20.8]
Total cost: 131805696.0
assigning lease 71 to address 1416
Average Cache Occupancy Per Bin: [21.2,20.8,20.8,20.8,20.8]
Total cost: 131905536.0
assigning lease 40 to address 5852
Average Cache Occupancy Per Bin: [21.3,20.8,20.8,20.9,20.8]
Total cost: 132043520.0
assigning lease 71 to address 7644
Average Cache Occupancy Per Bin: [21.4,20.9,20.9,20.9,20.8]
Total cost: 132907776.0
assigning lease 71 to address 5672
Average Cache Occupancy Per Bin: [21.8,21.1,21.0,21.1,21.0]
Total cost: 135639808.0
assigning lease 93 to address 5672
Average Cache Occupancy Per Bin: [22.0,21.2,21.2,21.2,21.1]
Total cost: 136419840.0
assigning lease 71 to address 5852
Average Cache Occupancy Per Bin: [22.6,21.7,21.6,21.7,21.5]
Total cost: 140559616.0
assigning lease 1269 to address 5672
Average Cache Occupancy Per Bin: [26.5,26.0,25.3,25.0,24.9]
Total cost: 164295936.0
assigning lease 3178 to address 5852
Average Cache Occupancy Per Bin: [43.2,43.1,40.6,41.7,38.9]
Total cost: 268212992.0
assigning lease 3175 to address 7644
Average Cache Occupancy Per Bin: [45.0,45.4,42.8,43.7,40.7]
Total cost: 279121408.0
assigning lease 2124 to address 5672
Average Cache Occupancy Per Bin: [45.1,45.7,43.0,43.7,40.8]
Total cost: 279559168.0
assigning lease 3879 to address 5852
Average Cache Occupancy Per Bin: [45.1,45.8,43.0,43.7,40.8]
Total cost: 279918080.0
assigning lease 15572 to address 5672
Average Cache Occupancy Per Bin: [46.2,49.1,43.5,43.7,41.9]
Total cost: 286803456.0
assigning lease 14799 to address 1480
Average Cache Occupancy Per Bin: [46.2,49.7,43.5,43.7,41.9]
Total cost: 286803456.0
assigning lease 15841 to address 1440
Average Cache Occupancy Per Bin: [46.2,50.3,43.5,45.7,42.6]
Total cost: 286803456.0
assigning lease 5171 to address 9188
Average Cache Occupancy Per Bin: [46.7,50.8,44.3,46.1,43.4]
Total cost: 289415168.0
assigning lease 15590 to address 9188
Average Cache Occupancy Per Bin: [47.5,51.6,45.2,46.1,45.1]
Total cost: 294747648.0
assigning lease 30900 to address 5852
Average Cache Occupancy Per Bin: [48.6,55.0,45.2,47.2,45.1]
Total cost: 301664512.0
assigning lease 30887 to address 1416
Average Cache Occupancy Per Bin: [49.9,56.2,49.0,47.8,45.1]
Total cost: 309552896.0
assigning lease 30582 to address 7636
Average Cache Occupancy Per Bin: [51.2,56.2,50.3,47.8,46.4]
Total cost: 317378048.0
assigning lease 30672 to address 1368
Average Cache Occupancy Per Bin: [51.2,57.5,50.3,49.1,46.4]
Total cost: 317378048.0
assigning lease 30669 to address 1372
Average Cache Occupancy Per Bin: [168.,170.,176.,169.,153.]
Total cost: 1046691328.0
assigning lease 30662 to address 1436
Average Cache Occupancy Per Bin: [299.,280.,284.,299.,283.]
Total cost: 1854470912.0
assigning lease 30693 to address 1432
Average Cache Occupancy Per Bin: [299.,280.,285.,300.,283.]
Total cost: 1854470912.0
assigning lease 30883 to address 7740
Average Cache Occupancy Per Bin: [301.,280.,285.,300.,284.]
Total cost: 1870246656.0
assigning lease 30884 to address 5480
Average Cache Occupancy Per Bin: [301.,280.,285.,302.,284.]
Total cost: 1870246656.0
assigning lease 56589 to address 9188
Average Cache Occupancy Per Bin: [301.,283.,285.,302.,291.]
Total cost: 1870246656.0
assigning lease 91724 to address 5672
Average Cache Occupancy Per Bin: [304.,283.,285.,302.,291.]
Total cost: 1889741568.0
Final saturation:
	0.0,1889741568.0
	1.0,1757792256.0
	2.0,1770333184.0
	3.0,1872614912.0
	4.0,1804105472.0
DUMP LEASES
0, 1628, 1664c, 0, 1 
0, 16dc, 78b4, 0, 1 
0, 23e4, dd0d, 0, 1 
0, 1ddc, c67, 0, 1 
0, 1e3c, 78a3, 0, 1 
0, 558, 77d0, 0, 1 
0, 560, 46, 0, 1 
0, 1568, 78a4, 0, 1 
0, 588, 78a7, 0, 1 
0, 5c8, 39cf, 0, 1 
0, 598, 77e5, 0, 1 
0, 5a0, 3de1, 0, 1 
0, 59c, 77c6, 0, 1 
0, 55c, 77cd, 0, 1 
0, 1dd4, 7776, 0, 1 
Dump dual leases

