sample rate: 0.00390625
1436,
	[6,1]
	[37,1]
	[53,1]
	[24,1]
	[100,1]
	[9,1]
	[56,1]
	[81,1]
	[40,1]
	[3,2]
	[60,1]
	[87,1]
	[93,1]
	[44,1]

1424,
	[7,1]
	[1,7]
	[8,1]
	[64,1]
	[19,1]
	[80,1]
	[126,1]
	[171,1]
	[175,1]
	[268,1]
	[290,1]
	[310,1]

1448,
	[1,114]
	[2,112]
	[3,111]
	[4,8]
	[-4370,420]

1452,
	[2,107]
	[290,7]
	[72,1]
	[28,1]
	[29,1]
	[94,1]
	[636,1]
	[92,2]
	[670,1]
	[96,1]
	[58,1]
	[114,1]
	[69,1]
	[780,1]
	[74,1]
	[65,1]
	[99,1]
	[118,1]
	[59,1]
	[121,2]
	[77,2]
	[107,1]
	[117,1]
	[1151,1]
	[112,2]
	[85,1]
	[123,1]
	[120,1]
	[134,1]
	[90,1]
	[-4370,1]
	[93,1]
	[126,1]
	[141,4]
	[665,1]
	[135,1]
	[142,1]
	[146,1]
	[475,1]
	[564,1]
	[144,1]
	[147,2]
	[153,3]
	[156,4]
	[103,1]
	[150,1]
	[159,2]
	[165,3]
	[164,1]
	[168,5]
	[1518,1]
	[1818,1]
	[171,3]
	[173,4]
	[285,1]
	[175,3]
	[177,4]
	[226,4]
	[3,54]
	[181,1]
	[228,2]
	[1,51]
	[227,1]
	[230,5]
	[232,3]
	[234,3]
	[236,7]
	[235,2]
	[238,5]
	[193,3]
	[240,2]
	[287,2]
	[4,3]
	[2081,1]
	[242,4]
	[484,1]
	[244,1]
	[246,2]
	[293,1]
	[248,8]
	[202,1]
	[250,3]
	[252,3]
	[205,1]
	[254,5]
	[301,1]
	[509,1]
	[256,1]
	[303,1]
	[452,1]
	[258,9]
	[307,3]
	[260,4]
	[214,1]
	[262,2]
	[309,3]
	[261,1]
	[264,4]
	[1239,1]
	[266,3]
	[268,6]
	[270,4]
	[317,3]
	[272,6]
	[319,4]
	[274,3]
	[320,3]
	[321,3]
	[323,5]
	[276,3]
	[275,1]
	[291,1]
	[278,3]
	[277,2]
	[280,2]
	[327,3]
	[282,1]
	[331,4]
	[284,6]
	[333,2]
	[286,5]
	[288,2]
	[335,5]
	[336,1]
	[340,1]
	[339,2]
	[292,7]
	[341,5]
	[294,2]
	[609,1]
	[296,2]
	[343,3]
	[298,2]
	[345,3]
	[347,1]
	[624,1]
	[300,2]
	[349,3]
	[348,1]
	[302,2]
	[304,3]
	[351,7]
	[306,1]
	[353,4]
	[355,4]
	[308,2]
	[357,2]
	[649,1]
	[310,1]
	[312,1]
	[359,5]
	[314,2]
	[361,7]
	[360,1]
	[363,7]
	[316,3]
	[365,5]
	[367,4]
	[322,3]
	[369,3]
	[368,2]
	[324,1]
	[371,1]
	[373,4]
	[326,1]
	[279,1]
	[375,8]
	[329,1]
	[1842,1]
	[377,8]
	[376,1]
	[379,4]
	[378,1]
	[325,1]
	[332,1]
	[381,10]
	[328,1]
	[334,3]
	[383,8]
	[382,1]
	[936,1]
	[385,10]
	[387,5]
	[389,8]
	[344,1]
	[391,8]
	[468,1]
	[393,9]

1468,
	[2,148]
	[77,1]
	[48,1]
	[28,1]
	[101,1]
	[108,1]
	[91,1]
	[44,1]

1476,
	[1,1]

len(carl_order):
18
Printing carl assignment order:
1476,1,1.0
1468,2,0.4774193548387097
1424,1,0.3888888888888889
1448,3,0.1723785166240409
1452,2,0.11747211895910781
1452,3,0.1
1436,3,0.044444444444444446
1436,9,0.02666666666666667
1424,8,0.02631578947368421
1436,100,0.019097222222222224
1448,4,0.018691588785046728
1468,108,0.014492753623188406
1424,19,0.010101010101010102
1452,4,0.006172839506172839
1424,310,0.006006006006006006
1452,393,0.0033365591553161066
1452,670,0.0026189436927106066
1452,2081,0.0010787486515641855
bin_width: 87895
assigning lease 1 to address 1476
Average Cache Occupancy Per Bin: [0.0,0.0,0.0,0.00,0.0]
Total cost: 0
assigning lease 2 to address 1468
Average Cache Occupancy Per Bin: [0.11,0.26,0.18,0.21,0.12]
Total cost: 10240.0
assigning lease 1 to address 1424
Average Cache Occupancy Per Bin: [0.14,0.27,0.18,0.21,0.12]
Total cost: 12800.0
assigning lease 3 to address 1448
Average Cache Occupancy Per Bin: [1.09,1.40,1.30,1.40,1.44]
Total cost: 96000.0
assigning lease 2 to address 1452
Average Cache Occupancy Per Bin: [1.68,2.24,2.17,2.16,2.30]
Total cost: 147712.0
assigning lease 3 to address 1452
Average Cache Occupancy Per Bin: [1.89,2.59,2.53,2.44,2.67]
Total cost: 166656.0
assigning lease 3 to address 1436
Average Cache Occupancy Per Bin: [1.97,2.60,2.53,2.47,2.67]
Total cost: 173568.0
assigning lease 9 to address 1436
Average Cache Occupancy Per Bin: [2.12,2.60,2.53,2.52,2.69]
Total cost: 186624.0
assigning lease 8 to address 1424
Average Cache Occupancy Per Bin: [2.26,2.63,2.57,2.54,2.69]
Total cost: 198912.0
assigning lease 100 to address 1436
Average Cache Occupancy Per Bin: [3.21,2.63,2.57,3.16,2.79]
Total cost: 282880.0
assigning lease 4 to address 1448
Average Cache Occupancy Per Bin: [3.36,2.88,2.85,3.42,3.11]
Total cost: 295680.0
assigning lease 108 to address 1468
Average Cache Occupancy Per Bin: [3.36,3.09,3.06,3.71,3.80]
Total cost: 295680.0
assigning lease 19 to address 1424
Average Cache Occupancy Per Bin: [3.52,3.13,3.12,3.74,3.80]
Total cost: 309760.0
assigning lease 4 to address 1452
Average Cache Occupancy Per Bin: [3.73,3.41,3.43,4.01,4.13]
Total cost: 328704.0
assigning lease 310 to address 1424
Average Cache Occupancy Per Bin: [4.80,3.87,4.94,4.86,4.13]
Total cost: 422144.0
assigning lease 393 to address 1452
Average Cache Occupancy Per Bin: [39.1,72.0,93.8,95.2,125.]
Total cost: 3440128.0
assigning lease 670 to address 1452
Average Cache Occupancy Per Bin: [46.2,73.5,94.6,97.2,127.]
Total cost: 4062208.0
assigning lease 2081 to address 1452
Average Cache Occupancy Per Bin: [57.8,77.7,96.3,97.2,131.]
Total cost: 5085696.0
Final saturation:
	0.0,5085696.0
	1.0,6830080.0
	2.0,8469248.0
	3.0,8551680.0
	4.0,11570944.0
DUMP LEASES
0, 59c, 64, 0, 1 
0, 590, 136, 0, 1 
0, 5a8, 4, 0, 1 
0, 5ac, 821, 0, 1 
0, 5bc, 6c, 0, 1 
0, 5c4, 1, 0, 1 
Dump dual leases

